4.207   
6.082   
5.635   
5.846   
5.842   
5.633   
5.813   
4.768   
5.657   
6.494   
6.810   
7.089   
5.922   
6.386   
7.022   
6.612   
7.137   
7.169   
7.114   
7.152   
7.234   
7.172   
7.383   
7.256   
7.294   
6.455   
5.500   
3.961   
6.949   
7.273   
7.839   
7.668   
7.571   
7.911   
5.919   
7.204   
7.973   
7.742   
7.891   
6.703   
7.721   
7.794   
7.688   
7.971   
7.820   
7.808   
7.842   
7.329   
6.672   
7.723   
7.783   
7.838   
8.097   
8.064   
7.829   
7.450   
8.139   
7.809   
7.428   
7.950   
8.105   
8.021   
7.985   
6.672   
7.837   
7.221   
7.873   
7.605   
7.933   
8.407   
7.950   
7.960   
7.149   
6.371   
6.750   
6.233   
6.008   
6.270   
6.403   
4.653   
4.902   
5.591   
5.139   
4.946   
5.336   
5.149   
4.998   
6.347   
5.763   
5.788   
6.359   
6.474   
6.401   
6.530   
4.877   
4.963   
6.698   
6.947   
7.140   
7.204   
7.097   
6.877   
6.493   
7.129   
7.326   
7.334   
7.481   
7.455   
6.566   
7.370   
7.484   
6.658   
6.786   
7.613   
7.658   
8.014   
7.100   
5.739   
7.413   
7.880   
7.191   
8.089   
7.123   
7.455   
7.712   
7.768   
7.879   
7.619   
7.740   
7.711   
6.896   
7.554   
7.606   
7.608   
7.898   
7.610   
7.970   
7.570   
7.940   
8.038   
8.087   
7.928   
8.068   
7.899   
8.038   
7.918   
7.924   
8.348   
7.954   
7.961   
8.712   
8.600   
8.074   
6.089   
7.485   
7.171   
7.502   
7.760   
7.499   
8.269   
7.953   
7.995   
8.528   
8.433   
7.470   
5.932   
4.533   
4.247   
4.865   
5.689   
6.275   
5.948   
5.789   
5.973   
6.258   
6.094   
5.936   
6.809   
7.612   
7.355   
6.399   
7.253   
7.277   
7.247   
7.019   
7.033   
7.433   
7.565   
6.260   
7.212   
7.619   
7.366   
7.409   
7.434   
3.782   
5.635   
7.645   
7.563   
7.271   
7.410   
7.635   
7.715   
7.946   
7.044   
7.666   
7.394   
7.837   
7.768   
7.811   
7.315   
7.265   
7.734   
7.855   
7.726   
8.028   
7.470   
6.896   
7.409   
7.998   
8.140   
7.976   
6.860   
7.679   
7.980   
7.706   
7.992   
7.898   
7.838   
6.710   
6.721   
7.571   
7.740   
5.576   
6.924   
8.285   
7.829   
8.721   
8.816   
7.714   
8.271   
8.367   
8.235   
7.225   
5.196   
7.343   
8.522   
7.656   
6.538   
6.602   
6.324   
6.323   
6.660   
5.835   
6.315   
5.842   
5.538   
5.428   
5.901   
5.555   
5.642   
6.832   
7.659   
7.063   
6.702   
6.478   
6.860   
6.990   
6.946   
7.085   
7.278   
7.714   
5.848   
6.332   
7.662   
7.492   
5.787   
6.689   
6.680   
6.663   
7.214   
7.755   
7.820   
7.543   
7.849   
7.544   
7.414   
7.227   
7.752   
7.702   
7.839   
7.776   
7.845   
7.466   
7.644   
7.877   
7.563   
7.331   
7.625   
6.289   
7.079   
7.376   
7.802   
7.871   
7.628   
7.852   
7.908   
7.768   
7.357   
7.798   
8.052   
7.709   
8.100   
6.061   
4.343   
5.706   
7.741   
5.934   
8.386   
8.433   
3.923   
6.023   
7.685   
7.545   
6.408   
7.713   
7.324   
7.545   
8.445   
5.742   
6.468   
6.947   
5.808   
5.939   
5.716   
6.067   
5.345   
5.118   
4.858   
5.315   
5.911   
5.817   
5.610   
5.357   
5.384   
6.522   
6.616   
7.071   
6.185   
5.241   
6.785   
6.905   
6.933   
7.074   
7.041   
6.670   
6.701   
6.836   
7.014   
7.509   
6.952   
7.050   
7.832   
6.632   
6.487   
7.002   
7.902   
7.294   
7.415   
7.072   
7.600   
7.798   
7.654   
7.774   
7.855   
7.921   
7.597   
7.723   
7.494   
7.405   
7.804   
7.643   
7.574   
7.739   
7.628   
7.639   
7.473   
7.772   
8.059   
7.962   
8.000   
6.872   
7.505   
7.508   
5.858   
7.784   
6.684   
4.910   
4.835   
6.002   
7.474   
6.852   
6.383   
6.243   
7.849   
7.545   
7.098   
7.849   
7.559   
7.668   
6.774   
7.649   
8.446   
7.177   
5.810   
7.911   
6.076   
6.246   
6.464   
6.449   
6.264   
6.488   
5.886   
5.958   
6.110   
5.738   
6.209   
6.939   
7.274   
7.069   
7.034   
6.960   
6.904   
6.905   
6.838   
6.892   
7.130   
7.260   
7.102   
7.298   
6.884   
7.358   
7.546   
7.664   
7.237   
5.953   
6.733   
7.716   
7.231   
6.759   
6.357   
7.576   
7.273   
7.657   
7.697   
7.722   
7.800   
7.676   
7.686   
7.781   
6.388   
7.357   
7.709   
7.798   
7.718   
7.709   
7.713   
7.799   
7.687   
6.377   
6.730   
8.178   
8.024   
7.877   
7.709   
8.104   
6.914   
4.496   
7.199   
6.978   
7.440   
8.149   
5.970   
7.268   
7.852   
8.356   
8.447   
8.532   
8.109   
6.762   
7.108   
6.599   
6.016   
6.293   
6.765   
5.859   
8.358   
7.920   
8.232   
5.560   
6.211   
6.328   
6.068   
5.648   
6.207   
6.247   
5.376   
5.704   
6.460   
6.492   
6.812   
7.099   
6.953   
6.366   
6.573   
7.003   
6.952   
6.643   
7.013   
7.256   
7.317   
6.608   
4.919   
7.386   
7.399   
7.636   
7.656   
7.838   
7.472   
7.465   
6.655   
4.904   
4.571   
6.798   
7.644   
6.889   
7.283   
7.605   
7.838   
7.329   
7.459   
7.439   
6.393   
6.060   
6.915   
7.502   
7.473   
7.508   
7.685   
7.853   
7.736   
8.123   
7.335   
7.474   
8.202   
7.381   
6.992   
7.434   
7.878   
8.009   
8.271   
6.990   
4.204   
5.857   
6.049   
8.370   
7.387   
8.088   
8.262   
8.616   
7.188   
6.674   
7.881   
5.581   
5.598   
5.283   
7.191   
7.790   
6.871   
7.312   
7.731   
7.372   
5.467   
6.303   
6.540   
5.264   
4.762   
5.401   
5.215   
4.986   
6.031   
5.920   
6.785   
7.020   
6.563   
6.425   
6.325   
7.178   
6.862   
6.808   
5.602   
5.506   
5.318   
6.648   
7.293   
5.764   
3.881   
6.353   
6.942   
6.547   
7.243   
7.107   
7.474   
7.086   
6.731   
5.964   
7.330   
5.871   
7.424   
7.663   
7.649   
7.522   
7.659   
7.259   
6.479   
6.337   
5.653   
6.942   
7.462   
7.366   
6.963   
4.274   
5.564   
8.581   
7.824   
7.605   
7.773   
8.270   
7.938   
8.020   
8.203   
7.728   
8.133   
8.425   
7.634   
7.663   
8.587   
7.806   
8.378   
5.990   
7.262   
8.493   
8.028   
8.114   
7.158   
7.347   
8.318   
7.200   
7.185   
7.498   
6.250   
7.234   
5.662   
4.811   
5.018   
5.471   
5.881   
6.012   
6.058   
6.244   
5.929   
6.032   
5.659   
5.692   
6.345   
6.906   
6.844   
6.631   
6.052   
6.647   
6.508   
6.125   
5.739   
6.616   
5.015   
4.947   
7.311   
6.407   
7.071   
4.847   
5.564   
7.101   
7.115   
6.156   
7.566   
6.719   
6.352   
7.023   
7.227   
7.614   
7.414   
7.552   
6.180   
6.992   
7.580   
7.160   
6.165   
5.594   
5.854   
7.162   
7.518   
7.348   
6.007   
5.848   
5.853   
5.407   
6.815   
7.614   
7.561   
8.129   
6.143   
5.478   
6.625   
6.153   
6.891   
5.855   
7.868   
6.931   
8.378   
8.044   
8.026   
8.065   
8.295   
8.290   
6.892   
6.900   
5.721   
5.252   
4.313   
7.898   
6.619   
4.917   
6.012   
5.210   
3.865   
6.733   
6.415   
6.074   
5.131   
5.492   
5.621   
5.761   
6.307   
6.135   
5.757   
6.021   
6.518   
6.162   
6.832   
6.455   
6.435   
6.112   
5.915   
5.138   
5.813   
6.342   
7.186   
5.580   
6.071   
6.941   
5.371   
4.605   
7.325   
7.381   
7.136   
7.315   
7.594   
7.135   
5.342   
7.085   
7.065   
6.901   
7.621   
7.452   
6.960   
7.076   
7.429   
7.533   
7.645   
7.652   
7.263   
6.747   
7.247   
7.449   
6.817   
5.010   
7.169   
7.880   
7.520   
7.909   
4.771   
6.973   
7.930   
5.543   
5.656   
5.550   
4.373   
7.758   
7.177   
5.146   
6.221   
7.543   
8.538   
8.355   
8.076   
8.592   
8.338   
7.089   
7.590   
6.664   
6.575   
7.164   
4.646   
3.715   
3.764   
3.767   
3.583   
5.519   
7.065   
7.053   
6.741   
5.773   
6.102   
5.980   
5.921   
5.798   
6.170   
5.808   
5.523   
6.483   
6.111   
6.558   
6.886   
6.317   
6.655   
4.490   
3.448   
4.354   
5.410   
6.806   
6.099   
6.852   
6.532   
5.588   
6.588   
7.494   
6.327   
6.267   
5.909   
5.825   
6.426   
7.217   
7.406   
7.180   
7.369   
7.367   
6.703   
6.820   
6.391   
7.238   
7.387   
7.259   
7.034   
6.847   
7.007   
5.127   
6.936   
6.348   
5.408   
6.966   
7.252   
7.520   
6.787   
7.454   
8.140   
6.391   
8.205   
6.771   
5.653   
7.342   
8.028   
7.975   
8.339   
8.037   
6.150   
5.623   
7.506   
8.129   
7.728   
7.731   
7.571   
7.318   
7.973   
8.155   
6.053   
3.746   
4.297   
4.843   
4.964   
4.099   
3.348   
4.747   
4.502   
6.939   
6.153   
6.081   
5.799   
5.865   
5.547   
5.891   
5.360   
5.584   
6.781   
7.105   
6.572   
6.296   
5.054   
4.459   
5.972   
3.798   
5.313   
5.832   
5.443   
6.541   
5.622   
5.243   
6.154   
6.137   
5.362   
5.361   
7.126   
6.600   
6.385   
7.097   
7.094   
7.020   
7.193   
7.194   
7.146   
5.760   
6.379   
6.964   
7.271   
7.050   
6.999   
6.255   
6.844   
4.825   
2.883   
999.990 
999.990 
999.990 
999.990 
999.990 
5.006   
6.959   
7.396   
4.634   
2.972   
6.570   
8.089   
7.440   
4.920   
5.281   
7.382   
5.958   
5.988   
8.027   
8.278   
8.335   
7.637   
8.071   
7.698   
7.121   
6.223   
5.496   
4.409   
5.061   
4.688   
4.214   
4.289   
5.571   
6.236   
6.606   
3.852   
4.443   
7.133   
5.294   
4.601   
5.206   
4.467   
5.161   
5.485   
5.882   
6.642   
6.944   
7.111   
6.265   
4.761   
3.704   
5.000   
6.195   
6.003   
4.701   
6.244   
5.696   
7.016   
6.504   
5.096   
6.606   
6.940   
6.586   
6.497   
6.608   
6.788   
6.942   
6.881   
6.828   
6.738   
6.035   
6.925   
7.127   
6.882   
6.894   
7.099   
6.964   
6.914   
7.189   
999.990 
999.990 
999.990 
999.990 
999.990 
999.990 
999.990 
999.990 
999.990 
999.990 
4.351   
5.836   
5.305   
4.436   
4.301   
6.193   
4.741   
6.882   
7.080   
5.094   
5.416   
4.264   
7.681   
6.903   
3.990   
3.639   
6.394   
7.507   
5.440   
5.362   
6.676   
5.780   
7.109   
7.976   
7.707   
7.682   
7.642   
5.299   
4.511   
4.485   
4.329   
5.287   
5.408   
5.447   
5.307   
5.120   
5.282   
6.366   
6.680   
6.772   
6.522   
4.958   
2.869   
5.480   
5.404   
5.126   
4.767   
2.451   
3.191   
5.450   
7.183   
6.224   
6.351   
5.655   
6.720   
6.647   
5.923   
6.578   
6.482   
6.644   
6.752   
6.627   
6.622   
6.829   
6.875   
6.969   
7.010   
6.810   
6.918   
6.823   
6.715   
6.874   
999.990 
999.990 
999.990 
999.990 
999.990 
999.990 
999.990 
999.990 
999.990 
999.990 
999.990 
999.990 
6.049   
5.580   
5.926   
4.804   
6.437   
6.282   
6.773   
6.349   
6.983   
7.907   
7.821   
5.761   
4.448   
3.929   
5.556   
8.171   
7.895   
7.283   
6.967   
4.845   
5.174   
6.026   
6.895   
6.622   
4.581   
3.891   
3.788   
6.869   
5.936   
6.204   
7.213   
5.860   
5.676   
5.604   
5.892   
6.198   
6.099   
6.310   
6.766   
4.934   
4.616   
3.840   
5.417   
4.499   
6.351   
6.418   
4.537   
4.997   
6.524   
7.043   
5.471   
6.195   
5.278   
6.429   
6.813   
6.575   
6.637   
5.531   
6.544   
5.560   
4.489   
6.567   
6.371   
6.659   
6.731   
6.627   
6.642   
6.604   
6.542   
6.769   
999.990 
999.990 
999.990 
999.990 
999.990 
999.990 
999.990 
999.990 
999.990 
999.990 
999.990 
999.990 
999.990 
999.990 
999.990 
999.990 
999.990 
4.900   
7.085   
6.909   
6.336   
7.809   
6.897   
4.571   
4.643   
3.537   
3.913   
3.079   
5.993   
8.831   
5.502   
3.274   
5.052   
5.052   
6.747   
4.328   
5.616   
2.944   
4.456   
7.987   
6.394   
5.128   
6.055   
7.111   
5.795   
5.945   
5.890   
5.691   
6.409   
6.272   
6.790   
6.092   
3.580   
4.803   
3.197   
4.795   
4.632   
6.552   
6.383   
6.125   
5.809   
7.108   
6.442   
5.899   
6.737   
6.648   
6.689   
6.584   
6.568   
6.844   
6.500   
6.475   
6.453   
6.436   
6.286   
999.990 
999.990 
999.990 
999.990 
999.990 
999.990 
999.990 
999.990 
999.990 
999.990 
999.990 
999.990 
999.990 
999.990 
999.990 
999.990 
999.990 
999.990 
999.990 
999.990 
999.990 
999.990 
999.990 
999.990 
999.990 
999.990 
3.313   
3.986   
3.898   
6.104   
7.752   
6.340   
4.610   
4.003   
6.674   
6.523   
6.528   
7.853   
5.038   
6.001   
4.252   
3.286   
4.954   
3.280   
2.899   
6.374   
6.727   
5.155   
5.838   
4.044   
4.426   
6.937   
5.674   
5.776   
5.936   
6.081   
6.204   
6.483   
5.810   
3.937   
2.921   
3.104   
4.855   
6.135   
5.312   
6.981   
6.735   
4.771   
4.130   
6.959   
6.028   
6.396   
5.785   
6.438   
6.671   
5.818   
6.466   
6.621   
6.483   
6.340   
6.380   
6.393   
6.226   
999.990 
999.990 
999.990 
999.990 
999.990 
999.990 
999.990 
999.990 
999.990 
999.990 
999.990 
999.990 
999.990 
999.990 
999.990 
999.990 
999.990 
999.990 
999.990 
999.990 
999.990 
999.990 
999.990 
999.990 
999.990 
999.990 
999.990 
5.269   
3.933   
6.437   
7.637   
4.163   
5.555   
4.787   
4.336   
4.098   
4.184   
7.407   
7.792   
8.070   
7.886   
7.844   
7.202   
6.333   
6.435   
7.234   
5.943   
4.112   
3.224   
5.206   
6.131   
3.805   
5.709   
5.909   
5.512   
5.419   
6.094   
5.725   
4.217   
2.591   
2.850   
4.494   
5.898   
4.931   
3.884   
4.835   
6.596   
6.583   
3.768   
4.819   
6.329   
6.638   
6.592   
6.405   
6.633   
6.464   
6.646   
6.664   
6.446   
6.537   
6.354   
6.332   
6.241   
999.990 
999.990 
4.359   
999.990 
999.990 
999.990 
999.990 
999.990 
999.990 
999.990 
999.990 
999.990 
999.990 
999.990 
999.990 
999.990 
999.990 
999.990 
999.990 
999.990 
999.990 
999.990 
999.990 
999.990 
999.990 
999.990 
999.990 
999.990 
3.130   
4.031   
4.604   
3.345   
3.368   
4.073   
5.177   
7.269   
6.694   
6.447   
7.657   
7.541   
7.128   
4.677   
6.045   
7.128   
6.747   
7.318   
3.358   
4.234   
7.615   
6.993   
3.687   
3.795   
5.000   
5.420   
5.643   
6.115   
6.388   
4.933   
2.264   
2.496   
3.008   
4.976   
4.872   
3.822   
4.271   
4.290   
4.593   
3.568   
3.578   
5.273   
6.421   
4.767   
6.557   
6.815   
6.479   
6.474   
6.393   
6.451   
6.482   
6.300   
6.312   
6.299   
5.999   
5.741   
5.120   
3.645   
999.990 
999.990 
999.990 
999.990 
999.990 
999.990 
999.990 
999.990 
999.990 
999.990 
999.990 
999.990 
999.990 
999.990 
999.990 
999.990 
999.990 
999.990 
999.990 
999.990 
999.990 
999.990 
999.990 
999.990 
999.990 
999.990 
999.990 
999.990 
999.990 
3.691   
3.802   
3.715   
6.166   
5.358   
4.591   
5.874   
5.112   
3.713   
6.982   
5.523   
4.059   
6.993   
4.410   
5.516   
7.796   
7.511   
7.315   
7.007   
5.565   
5.551   
5.607   
5.742   
6.143   
5.620   
2.508   
2.784   
2.438   
4.094   
3.565   
2.193   
3.413   
4.382   
5.422   
5.590   
3.930   
3.833   
6.232   
6.410   
6.031   
6.500   
6.765   
6.442   
5.529   
5.468   
6.252   
6.148   
6.254   
6.290   
6.230   
6.087   
5.677   
5.410   
3.692   
999.990 
999.990 
999.990 
999.990 
999.990 
999.990 
999.990 
999.990 
999.990 
999.990 
999.990 
999.990 
999.990 
999.990 
999.990 
999.990 
999.990 
999.990 
999.990 
999.990 
999.990 
999.990 
999.990 
999.990 
999.990 
999.990 
999.990 
999.990 
999.990 
999.990 
999.990 
3.630   
3.505   
3.256   
4.303   
4.791   
4.995   
5.258   
5.208   
6.778   
2.097   
3.777   
4.967   
6.726   
4.653   
7.038   
5.549   
6.433   
7.421   
5.738   
6.223   
6.215   
5.745   
3.258   
3.388   
2.767   
2.641   
5.930   
5.031   
3.764   
2.394   
6.379   
6.941   
6.041   
3.743   
5.440   
5.576   
6.815   
6.680   
6.731   
6.487   
5.900   
6.242   
6.418   
6.240   
6.172   
6.280   
6.209   
6.081   
6.046   
5.557   
3.217   
999.990 
999.990 
999.990 
999.990 
999.990 
999.990 
999.990 
999.990 
999.990 
999.990 
999.990 
999.990 
999.990 
999.990 
999.990 
999.990 
999.990 
999.990 
999.990 
999.990 
999.990 
999.990 
999.990 
999.990 
999.990 
999.990 
999.990 
999.990 
999.990 
999.990 
999.990 
999.990 
3.005   
3.543   
4.436   
4.798   
3.610   
4.855   
5.406   
4.010   
4.167   
5.120   
3.771   
2.671   
2.699   
2.933   
6.213   
6.686   
5.975   
6.796   
2.803   
3.013   
3.235   
4.685   
1.779   
1.574   
2.209   
2.716   
4.059   
4.673   
4.418   
3.570   
6.558   
6.638   
6.368   
5.258   
5.384   
5.784   
3.761   
4.094   
4.859   
4.530   
5.467   
5.615   
6.077   
6.224   
6.087   
5.943   
5.924   
5.788   
5.361   
3.996   
2.318   
999.990 
999.990 
999.990 
999.990 
999.990 
999.990 
999.990 
999.990 
999.990 
999.990 
999.990 
999.990 
999.990 
999.990 
999.990 
999.990 
999.990 
999.990 
999.990 
999.990 
999.990 
999.990 
999.990 
999.990 
999.990 
999.990 
999.990 
999.990 
999.990 
999.990 
999.990 
999.990 
999.990 
3.250   
4.135   
3.660   
3.374   
2.990   
3.944   
3.359   
2.465   
3.542   
3.260   
3.020   
3.068   
3.153   
4.612   
6.588   
6.696   
4.715   
5.235   
5.642   
5.096   
2.555   
2.730   
3.095   
2.038   
3.510   
4.358   
2.561   
2.590   
3.575   
3.994   
5.009   
3.983   
4.964   
6.237   
2.952   
4.430   
4.243   
4.790   
5.572   
5.379   
5.647   
6.098   
6.279   
999.990 
999.990 
999.990 
999.990 
999.990 
999.990 
999.990 
999.990 
999.990 
999.990 
999.990 
999.990 
999.990 
999.990 
999.990 
999.990 
999.990 
999.990 
999.990 
999.990 
999.990 
999.990 
999.990 
999.990 
999.990 
999.990 
999.990 
999.990 
999.990 
999.990 
999.990 
999.990 
999.990 
999.990 
999.990 
999.990 
999.990 
999.990 
999.990 
999.990 
999.990 
3.332   
3.055   
2.219   
2.660   
3.270   
2.429   
2.956   
2.611   
3.011   
3.394   
4.433   
5.322   
2.299   
3.306   
1.817   
3.490   
5.231   
4.562   
4.340   
2.413   
3.469   
6.493   
4.018   
4.214   
4.013   
1.784   
3.836   
6.316   
3.851   
4.323   
4.954   
4.692   
5.245   
5.589   
4.178   
5.131   
5.188   
5.286   
5.668   
5.653   
5.913   
6.011   
999.990 
999.990 
999.990 
999.990 
999.990 
999.990 
999.990 
999.990 
999.990 
999.990 
999.990 
999.990 
999.990 
999.990 
999.990 
999.990 
999.990 
999.990 
999.990 
999.990 
999.990 
999.990 
999.990 
999.990 
999.990 
999.990 
999.990 
999.990 
999.990 
999.990 
999.990 
999.990 
999.990 
999.990 
999.990 
999.990 
999.990 
999.990 
999.990 
999.990 
999.990 
999.990 
3.315   
3.409   
2.857   
3.530   
2.309   
2.318   
2.502   
2.509   
2.314   
2.228   
2.216   
4.898   
5.386   
2.548   
3.176   
3.778   
4.287   
3.517   
1.900   
1.097   
4.133   
2.307   
2.216   
1.871   
3.860   
4.631   
2.749   
5.040   
6.717   
5.855   
3.172   
5.340   
5.870   
5.615   
5.589   
5.529   
5.293   
5.299   
5.420   
5.212   
4.803   
4.169   
4.120   
999.990 
999.990 
999.990 
999.990 
999.990 
999.990 
999.990 
999.990 
999.990 
999.990 
999.990 
999.990 
999.990 
999.990 
999.990 
999.990 
999.990 
999.990 
999.990 
999.990 
999.990 
999.990 
999.990 
999.990 
999.990 
999.990 
999.990 
999.990 
999.990 
999.990 
999.990 
999.990 
999.990 
999.990 
999.990 
999.990 
999.990 
999.990 
999.990 
999.990 
999.990 
1.885   
1.994   
2.501   
2.580   
2.627   
2.769   
1.979   
2.221   
1.948   
1.118   
2.066   
3.209   
3.133   
3.180   
1.466   
0.858   
3.429   
2.993   
2.156   
2.144   
1.104   
4.768   
5.132   
2.813   
3.516   
4.472   
3.852   
5.462   
6.943   
5.745   
5.163   
5.725   
5.514   
5.449   
5.431   
5.380   
5.179   
5.039   
4.911   
4.735   
4.573   
4.493   
4.400   
4.416   
3.988   
2.363   
999.990 
999.990 
999.990 
999.990 
999.990 
999.990 
999.990 
999.990 
999.990 
999.990 
999.990 
999.990 
999.990 
999.990 
999.990 
999.990 
999.990 
999.990 
999.990 
999.990 
999.990 
999.990 
999.990 
999.990 
999.990 
999.990 
999.990 
999.990 
999.990 
999.990 
999.990 
999.990 
999.990 
999.990 
999.990 
999.990 
999.990 
3.169   
3.469   
2.323   
2.519   
2.696   
1.624   
1.907   
2.099   
1.807   
1.370   
1.304   
2.251   
2.428   
2.537   
1.308   
2.096   
1.507   
1.347   
2.770   
2.014   
1.904   
3.651   
4.442   
5.702   
5.212   
5.328   
6.540   
5.294   
5.458   
6.507   
6.067   
5.906   
5.806   
5.721   
5.634   
5.464   
5.069   
4.769   
4.439   
4.343   
4.468   
4.128   
4.056   
4.304   
3.700   
2.771   
999.990 
999.990 
999.990 
999.990 
999.990 
999.990 
999.990 
999.990 
999.990 
999.990 
999.990 
999.990 
999.990 
999.990 
999.990 
999.990 
999.990 
999.990 
999.990 
999.990 
999.990 
999.990 
999.990 
999.990 
999.990 
999.990 
999.990 
999.990 
999.990 
999.990 
999.990 
999.990 
999.990 
999.990 
999.990 
999.990 
999.990 
2.931   
3.539   
2.612   
2.048   
3.391   
2.925   
2.222   
2.564   
1.466   
2.165   
2.846   
3.028   
3.144   
3.308   
1.523   
2.873   
1.386   
4.269   
6.748   
3.791   
4.434   
5.945   
6.539   
6.468   
6.608   
6.729   
6.309   
6.532   
6.413   
6.278   
6.095   
5.902   
5.677   
5.627   
5.592   
5.351   
4.818   
4.308   
3.828   
3.647   
999.990 
999.990 
2.761   
2.585   
2.502   
2.161   
1.528   
1.124   
999.990 
999.990 
999.990 
999.990 
999.990 
999.990 
999.990 
999.990 
999.990 
999.990 
999.990 
999.990 
999.990 
999.990 
999.990 
999.990 
999.990 
999.990 
999.990 
999.990 
999.990 
999.990 
999.990 
999.990 
999.990 
999.990 
999.990 
999.990 
999.990 
999.990 
999.990 
999.990 
999.990 
999.990 
999.990 
2.545   
3.428   
1.485   
1.862   
3.542   
3.392   
3.157   
2.671   
1.561   
0.973   
1.481   
2.987   
2.773   
1.881   
0.038   
-0.126  
-0.188  
0.359   
1.537   
2.894   
2.877   
4.233   
6.220   
6.185   
6.499   
6.593   
6.604   
6.556   
6.470   
6.340   
6.154   
5.942   
5.678   
5.406   
5.299   
5.346   
5.070   
3.951   
2.426   
999.990 
999.990 
999.990 
999.990 
999.990 
999.990 
0.882   
999.990 
999.990 
999.990 
999.990 
999.990 
999.990 
999.990 
999.990 
999.990 
999.990 
999.990 
999.990 
999.990 
999.990 
999.990 
999.990 
999.990 
999.990 
999.990 
999.990 
999.990 
999.990 
999.990 
999.990 
999.990 
999.990 
999.990 
999.990 
999.990 
999.990 
999.990 
999.990 
999.990 
999.990 
999.990 
999.990 
999.990 
3.079   
2.641   
1.036   
2.183   
3.476   
2.996   
3.125   
3.293   
2.017   
0.741   
2.267   
2.925   
2.174   
1.549   
-0.263  
0.832   
2.138   
0.167   
0.083   
0.810   
6.177   
4.557   
6.971   
6.622   
6.401   
6.577   
6.576   
6.569   
6.640   
6.519   
6.179   
5.995   
5.893   
5.554   
5.325   
5.218   
5.086   
4.522   
3.174   
999.990 
999.990 
999.990 
999.990 
999.990 
999.990 
999.990 
999.990 
999.990 
999.990 
999.990 
999.990 
999.990 
999.990 
999.990 
999.990 
999.990 
999.990 
999.990 
999.990 
999.990 
999.990 
999.990 
999.990 
999.990 
999.990 
999.990 
999.990 
999.990 
999.990 
999.990 
999.990 
999.990 
999.990 
999.990 
999.990 
999.990 
999.990 
999.990 
999.990 
999.990 
999.990 
999.990 
1.898   
3.112   
1.713   
1.629   
3.512   
3.517   
3.012   
1.017   
2.265   
2.419   
1.328   
1.725   
2.972   
2.732   
3.076   
-0.181  
0.460   
1.477   
0.674   
1.072   
5.507   
3.313   
1.077   
4.296   
6.855   
6.460   
6.460   
6.559   
6.502   
6.370   
6.256   
6.314   
6.032   
5.993   
5.847   
5.623   
5.158   
4.876   
4.762   
3.626   
3.234   
999.990 
999.990 
999.990 
999.990 
999.990 
999.990 
999.990 
999.990 
999.990 
999.990 
999.990 
3.021   
2.942   
2.260   
2.209   
999.990 
999.990 
999.990 
999.990 
999.990 
999.990 
999.990 
999.990 
999.990 
999.990 
999.990 
999.990 
999.990 
999.990 
999.990 
999.990 
999.990 
999.990 
999.990 
999.990 
999.990 
999.990 
999.990 
999.990 
1.447   
1.771   
2.134   
1.728   
3.081   
3.462   
3.391   
3.542   
3.490   
3.040   
1.740   
1.124   
0.250   
2.510   
2.925   
3.077   
2.683   
2.676   
-0.140  
0.921   
-0.522  
1.833   
2.378   
2.756   
2.973   
2.127   
2.207   
3.400   
6.548   
6.165   
5.749   
6.718   
6.352   
6.619   
6.476   
6.339   
6.305   
6.083   
5.893   
5.473   
5.058   
4.735   
4.444   
4.191   
3.303   
999.990 
999.990 
999.990 
999.990 
999.990 
999.990 
999.990 
999.990 
999.990 
999.990 
999.990 
3.321   
3.217   
999.990 
999.990 
999.990 
999.990 
999.990 
999.990 
999.990 
999.990 
999.990 
999.990 
999.990 
999.990 
999.990 
999.990 
999.990 
999.990 
999.990 
999.990 
999.990 
999.990 
999.990 
999.990 
999.990 
999.990 
999.990 
3.435   
2.275   
1.818   
1.707   
0.712   
1.444   
2.829   
2.775   
1.998   
3.447   
3.507   
3.087   
3.022   
3.299   
3.092   
2.998   
2.630   
2.675   
0.410   
1.440   
1.793   
1.380   
1.458   
1.508   
0.395   
0.845   
3.326   
6.497   
6.198   
4.571   
2.495   
4.438   
6.850   
6.284   
6.253   
6.016   
5.814   
5.753   
5.344   
5.058   
5.027   
4.980   
4.633   
4.191   
999.990 
999.990 
999.990 
999.990 
999.990 
999.990 
999.990 
999.990 
999.990 
999.990 
999.990 
999.990 
3.403   
3.479   
999.990 
999.990 
999.990 
3.075   
999.990 
999.990 
999.990 
999.990 
999.990 
999.990 
999.990 
999.990 
999.990 
999.990 
999.990 
999.990 
999.990 
999.990 
999.990 
999.990 
999.990 
999.990 
999.990 
999.990 
999.990 
3.516   
2.381   
2.467   
1.657   
0.972   
0.633   
1.299   
1.547   
2.145   
3.142   
3.036   
3.270   
3.244   
2.950   
2.764   
2.028   
2.705   
2.926   
1.220   
1.502   
0.434   
0.408   
0.568   
-0.302  
-0.650  
-1.772  
0.776   
1.733   
6.731   
5.222   
4.935   
6.490   
5.752   
6.236   
6.246   
6.233   
6.072   
5.514   
5.360   
5.133   
4.869   
4.750   
4.780   
4.313   
4.440   
999.990 
999.990 
999.990 
2.488   
999.990 
999.990 
999.990 
999.990 
999.990 
2.791   
3.228   
3.668   
3.696   
2.636   
999.990 
999.990 
3.108   
2.835   
999.990 
999.990 
999.990 
999.990 
999.990 
999.990 
999.990 
3.587   
999.990 
999.990 
999.990 
999.990 
999.990 
999.990 
999.990 
999.990 
999.990 
999.990 
3.554   
3.408   
3.692   
3.336   
0.882   
0.804   
1.460   
1.182   
0.456   
1.220   
1.144   
2.384   
2.214   
2.020   
2.518   
2.846   
2.719   
2.433   
2.816   
3.056   
0.817   
0.548   
0.225   
0.248   
0.696   
-1.056  
-1.571  
-1.638  
-1.022  
-1.856  
2.444   
5.894   
6.365   
6.228   
5.522   
5.525   
4.711   
6.148   
5.845   
5.866   
5.681   
5.284   
4.839   
4.557   
4.533   
4.502   
4.171   
3.943   
999.990 
3.067   
999.990 
999.990 
999.990 
999.990 
999.990 
2.485   
2.840   
3.536   
3.798   
3.843   
3.306   
3.041   
3.231   
3.256   
3.084   
2.877   
2.788   
2.934   
3.136   
3.078   
3.194   
3.454   
3.405   
999.990 
999.990 
3.426   
999.990 
999.990 
999.990 
999.990 
999.990 
999.990 
999.990 
999.990 
3.483   
3.563   
3.682   
3.046   
1.412   
2.992   
2.742   
2.408   
1.794   
1.899   
2.461   
2.674   
2.206   
0.653   
2.067   
2.425   
2.471   
2.495   
2.620   
-1.695  
-0.360  
1.181   
2.191   
0.359   
-0.391  
-0.975  
-1.208  
-1.493  
-1.499  
-1.338  
0.178   
3.112   
5.480   
6.297   
5.511   
4.625   
5.946   
5.268   
5.746   
5.847   
5.762   
5.352   
5.145   
5.069   
4.969   
5.049   
5.003   
4.707   
2.537   
999.990 
999.990 
999.990 
999.990 
2.566   
2.853   
3.317   
3.745   
3.983   
3.902   
3.655   
3.281   
3.237   
3.398   
3.344   
3.304   
3.301   
3.271   
3.234   
3.285   
3.468   
3.353   
3.312   
3.475   
3.634   
3.744   
999.990 
999.990 
999.990 
999.990 
3.173   
3.042   
999.990 
999.990 
3.450   
3.597   
3.551   
3.571   
3.612   
2.880   
1.828   
2.593   
2.619   
0.924   
1.248   
2.274   
0.176   
-0.824  
-0.653  
-0.373  
1.283   
2.292   
2.604   
-0.410  
0.934   
-0.294  
0.494   
1.199   
0.771   
-0.572  
-1.536  
-1.584  
-1.835  
-1.757  
-1.045  
0.020   
0.994   
1.721   
0.947   
3.429   
3.001   
0.169   
4.554   
5.501   
6.169   
5.698   
5.469   
5.261   
5.396   
5.301   
5.141   
4.663   
3.465   
999.990 
999.990 
999.990 
2.771   
3.105   
3.364   
3.756   
4.371   
4.097   
3.966   
3.708   
3.349   
3.244   
3.402   
3.736   
3.695   
3.456   
3.320   
3.306   
3.241   
3.454   
3.543   
3.538   
3.615   
3.640   
3.194   
999.990 
999.990 
999.990 
3.322   
3.227   
3.088   
3.185   
3.297   
3.362   
3.543   
3.604   
3.572   
3.502   
3.463   
3.149   
3.058   
1.112   
-0.617  
1.438   
1.354   
-1.040  
-0.756  
1.193   
-0.249  
0.678   
1.368   
0.456   
-0.104  
1.442   
-0.826  
-1.521  
-1.176  
-1.582  
-2.166  
-2.157  
-1.823  
-1.890  
-1.645  
-1.194  
-1.109  
-1.105  
-1.229  
0.005   
0.707   
0.921   
-0.359  
2.533   
4.641   
5.676   
6.168   
5.721   
5.419   
5.530   
5.170   
4.766   
4.689   
3.875   
3.357   
3.550   
3.470   
3.411   
3.350   
3.488   
3.970   
4.467   
4.267   
4.099   
3.948   
3.538   
3.354   
3.384   
3.437   
3.506   
3.470   
3.361   
3.269   
3.241   
3.499   
3.538   
3.596   
3.640   
3.292   
3.579   
3.433   
3.180   
3.402   
3.301   
3.207   
3.259   
3.414   
3.477   
3.619   
3.545   
3.554   
3.558   
3.494   
3.165   
2.870   
1.149   
2.655   
2.687   
1.856   
-0.123  
-1.919  
-1.163  
-0.653  
-0.684  
2.069   
2.675   
2.500   
-1.675  
-1.319  
-1.576  
-1.527  
-1.572  
-1.706  
-1.883  
-1.813  
-1.912  
-1.769  
-1.779  
-1.712  
-1.520  
-1.328  
-0.895  
-0.963  
0.365   
-0.217  
-0.927  
-1.331  
0.497   
-0.728  
1.554   
6.262   
5.772   
5.603   
4.778   
4.725   
4.683   
4.671   
4.590   
4.204   
4.404   
4.477   
4.534   
3.975   
3.546   
4.110   
4.674   
4.636   
4.181   
3.869   
3.609   
3.620   
3.556   
3.510   
3.541   
3.421   
3.406   
3.482   
3.448   
3.585   
3.647   
3.588   
3.252   
3.418   
3.055   
3.439   
3.370   
3.341   
3.394   
3.130   
3.378   
3.487   
3.275   
3.569   
3.503   
3.384   
3.237   
3.314   
3.366   
2.787   
2.882   
2.329   
2.553   
0.074   
-0.995  
-0.158  
0.897   
1.244   
0.700   
2.049   
3.672   
-1.757  
-1.713  
-1.559  
-1.409  
-1.551  
-1.778  
-1.828  
-1.870  
-1.884  
-1.826  
-1.807  
-1.801  
-1.645  
-1.132  
-1.012  
-0.929  
-0.062  
-0.792  
-1.229  
-1.232  
-1.333  
-1.310  
-1.340  
3.421   
6.221   
5.827   
5.737   
5.560   
5.323   
5.100   
4.905   
4.694   
4.793   
4.696   
4.692   
4.357   
3.958   
3.935   
4.270   
4.515   
4.441   
3.977   
3.688   
3.673   
3.649   
3.672   
3.415   
3.425   
3.465   
3.462   
3.548   
3.639   
3.579   
3.512   
3.319   
3.349   
3.318   
3.391   
3.323   
3.368   
3.404   
3.234   
3.166   
2.942   
3.024   
2.909   
2.756   
2.618   
2.973   
3.045   
2.739   
2.637   
1.734   
0.708   
1.346   
2.264   
0.738   
0.504   
-0.631  
-0.445  
0.971   
1.647   
1.886   
-1.883  
-1.923  
-1.868  
-1.872  
-2.069  
-2.050  
-1.627  
-1.377  
-1.673  
-1.980  
-2.069  
-1.886  
-1.841  
-1.519  
-1.260  
-1.269  
-1.269  
-0.631  
-0.721  
-1.387  
-1.248  
-1.489  
-1.354  
0.423   
0.683   
2.126   
4.646   
4.874   
4.483   
5.384   
5.052   
5.009   
4.805   
4.936   
4.934   
4.852   
4.841   
4.405   
4.494   
4.298   
4.518   
4.563   
3.989   
4.351   
3.373   
3.301   
3.375   
3.380   
3.293   
3.240   
3.126   
3.206   
3.023   
3.111   
3.205   
3.439   
3.578   
2.998   
3.211   
3.365   
2.895   
2.680   
2.766   
2.720   
2.622   
2.975   
2.604   
2.515   
2.659   
2.466   
2.491   
2.843   
2.726   
0.066   
1.001   
0.055   
-2.818  
-1.904  
-0.411  
0.639   
1.138   
1.270   
1.894   
-4.000 
-4.000 
-4.000 
-1.763  
-1.944  
-2.045  
-2.138  
-2.098  
-1.767  
-1.434  
-1.353  
-1.678  
-1.263  
-1.287  
-1.497  
-1.363  
-1.164  
-1.054  
-0.693  
-0.947  
-1.336  
-1.332  
-1.379  
-0.976  
1.090   
2.596   
4.292   
3.434   
4.554   
5.583   
5.288   
5.120   
4.888   
4.694   
4.779   
4.837   
4.684   
4.602   
4.560   
4.592   
3.775   
3.877   
4.404   
4.327   
3.413   
3.408   
3.462   
3.350   
3.262   
3.170   
2.969   
2.973   
3.174   
2.734   
2.839   
2.998   
3.083   
3.094   
3.217   
3.326   
3.058   
2.882   
3.048   
2.753   
2.474   
2.380   
2.624   
2.881   
2.695   
1.896   
1.363   
1.632   
2.199   
0.849   
0.035   
-0.286  
-0.759  
-0.709  
-0.402  
-0.235  
0.441   
0.621   
1.610   
-4.000 
-4.000 
-4.000 
-4.000 
-4.000 
-4.000 
-4.000 
-4.000 
-1.655  
-1.709  
-1.830  
-1.811  
-1.488  
-1.365  
-1.324  
-1.368  
-1.462  
-1.389  
-1.113  
-0.887  
-1.182  
-1.455  
-1.440  
-1.424  
0.051   
1.701   
4.793   
3.410   
4.155   
5.424   
5.126   
4.992   
4.870   
4.949   
4.985   
4.860   
4.648   
4.698   
4.663   
4.258   
4.421   
3.442   
4.076   
3.670   
3.493   
3.399   
3.390   
3.300   
3.340   
3.114   
3.241   
3.278   
3.141   
2.970   
2.633   
3.351   
2.802   
2.541   
2.911   
2.758   
2.477   
2.976   
2.791   
2.700   
2.422   
2.291   
2.353   
2.534   
2.170   
2.261   
0.606   
-0.066  
0.712   
0.467   
0.821   
0.007   
-0.412  
-1.425  
-1.745  
-0.955  
-1.278  
-1.323  
-0.073  
-4.000 
-4.000 
-4.000 
-4.000 
-4.000 
-4.000 
-4.000 
-4.000 
-4.000 
-4.000 
-1.783  
-1.901  
-1.882  
-1.748  
-1.633  
-1.570  
-1.596  
-1.614  
-1.306  
-1.191  
-1.047  
-1.240  
-1.205  
-1.255  
-0.801  
0.755   
2.950   
4.667   
4.555   
4.281   
4.499   
4.576   
4.647   
4.549   
4.648   
4.598   
4.721   
3.652   
3.908   
4.337   
4.144   
3.772   
3.575   
3.305   
3.426   
3.284   
3.066   
3.335   
3.116   
2.637   
1.400   
0.564   
2.175   
3.305   
2.730   
2.867   
2.589   
2.573   
2.531   
2.434   
2.554   
2.651   
2.082   
2.316   
2.207   
1.673   
1.657   
1.564   
1.418   
1.276   
0.837   
0.022   
-0.363  
-0.973  
0.773   
1.040   
0.802   
-0.664  
-2.223  
-1.368  
-0.817  
-1.115  
-0.321  
-4.000 
-4.000 
-4.000 
-4.000 
-4.000 
-4.000 
-4.000 
-4.000 
-4.000 
-4.000 
-4.000 
-4.000 
-1.916  
-2.010  
-1.915  
-1.942  
-1.800  
-1.698  
-1.549  
-1.339  
-1.184  
-0.839  
-0.974  
-1.097  
-0.870  
-0.686  
1.422   
3.410   
3.716   
4.203   
4.334   
4.158   
4.583   
4.348   
4.498   
4.679   
4.744   
3.462   
3.539   
4.431   
4.352   
4.011   
4.121   
3.955   
3.547   
2.844   
2.924   
3.060   
3.212   
2.366   
1.184   
1.506   
2.053   
2.674   
3.095   
2.516   
2.705   
2.525   
1.754   
1.949   
2.351   
2.485   
2.236   
1.628   
1.664   
1.253   
0.486   
0.719   
0.772   
-0.376  
-0.283  
0.347   
-0.103  
-0.028  
1.165   
0.823   
0.895   
0.690   
-0.148  
-0.634  
-1.300  
-1.168  
-1.171  
-4.000 
-4.000 
-4.000 
-4.000 
-4.000 
-4.000 
-4.000 
-4.000 
-4.000 
-4.000 
-4.000 
-4.000 
-4.000 
-1.697  
-1.853  
-1.904  
-1.976  
-1.904  
-1.721  
-1.611  
-1.330  
-1.091  
-1.224  
-1.030  
-0.681  
-0.342  
-0.883  
1.030   
2.456   
3.334   
3.998   
4.150   
3.596   
2.908   
3.035   
3.758   
3.776   
3.479   
4.081   
4.193   
3.962   
3.923   
3.389   
3.488   
3.643   
2.859   
2.813   
2.896   
2.904   
2.686   
2.805   
1.745   
2.111   
2.673   
2.547   
2.383   
2.292   
2.200   
1.670   
0.852   
1.106   
0.171   
1.627   
0.764   
0.152   
-0.116  
0.123   
0.211   
-0.358  
0.192   
0.466   
0.401   
0.205   
0.309   
1.155   
0.826   
0.963   
0.767   
-0.339  
-0.331  
0.444   
0.805   
0.774   
-4.000 
-4.000 
-4.000 
-4.000 
-4.000 
-4.000 
-4.000 
-4.000 
-4.000 
-4.000 
-4.000 
-4.000 
-4.000 
-4.000 
-4.000 
-4.000 
-1.688  
-1.899  
-1.958  
-1.781  
-1.667  
-1.241  
-0.978  
-0.975  
-0.910  
-1.179  
-0.527  
0.561   
0.714   
2.069   
3.450   
3.848   
2.635   
2.555   
4.205   
4.068   
2.827   
2.735   
2.872   
3.820   
3.842   
3.053   
3.018   
2.927   
2.998   
2.627   
1.008   
1.660   
1.320   
1.049   
2.139   
2.756   
1.737   
0.974   
0.834   
1.063   
-0.096  
0.157   
-1.727  
-1.567  
-1.189  
-1.283  
-0.534  
-0.015  
-0.229  
-0.256  
-0.373  
0.036   
0.015   
0.086   
0.840   
0.298   
-0.249  
0.927   
1.087   
1.049   
1.205   
0.416   
0.256   
0.622   
0.614   
0.670   
0.796   
-4.000 
-4.000 
-4.000 
-4.000 
-4.000 
-4.000 
-4.000 
-4.000 
-4.000 
-4.000 
-4.000 
-4.000 
-4.000 
-4.000 
-4.000 
-4.000 
-4.000 
-4.000 
-1.731  
-1.899  
-1.957  
-1.662  
-1.232  
-0.911  
-0.882  
-1.169  
-1.423  
-1.061  
0.224   
1.617   
1.772   
2.122   
1.810   
2.683   
3.019   
2.542   
2.287   
2.109   
2.261   
2.587   
2.299   
2.413   
3.176   
2.081   
1.864   
2.317   
1.700   
0.060   
0.160   
0.417   
1.281   
1.114   
-0.447  
-0.272  
-0.750  
-0.288  
-0.025  
-0.508  
-1.368  
-1.087  
-1.157  
-0.763  
-0.968  
-0.259  
0.599   
-0.097  
-0.784  
0.027   
-0.308  
-0.540  
-0.306  
-0.574  
-0.513  
0.227   
0.867   
0.407   
-0.015  
0.221   
0.438   
0.373   
0.227   
-0.033  
0.110   
-4.000 
-4.000 
-4.000 
-4.000 
-4.000 
-4.000 
-4.000 
-4.000 
-4.000 
-4.000 
-4.000 
-4.000 
-4.000 
-4.000 
-4.000 
-4.000 
-4.000 
-4.000 
-4.000 
-1.624  
-1.844  
-1.948  
-1.728  
-1.239  
-1.016  
-1.063  
-1.149  
-1.256  
-0.801  
0.340   
0.982   
0.150   
0.437   
0.926   
1.575   
1.492   
1.038   
1.170   
1.498   
1.852   
1.259   
1.733   
2.167   
1.014   
1.793   
2.251   
1.882   
0.856   
-0.514  
1.038   
0.572   
1.044   
0.375   
0.005   
-1.694  
-1.530  
-1.476  
-1.573  
-1.690  
-0.430  
-0.689  
-1.298  
-1.114  
-0.759  
-0.112  
1.403   
-0.153  
0.145   
0.330   
-0.214  
-0.177  
-0.017  
-0.109  
-0.908  
-0.637  
0.224   
0.622   
-0.252  
-0.309  
-0.110  
-0.624  
0.040   
0.018   
-4.000 
-4.000 
-4.000 
-4.000 
-4.000 
-4.000 
-4.000 
-4.000 
-4.000 
-4.000 
-4.000 
-4.000 
-4.000 
-4.000 
-4.000 
-4.000 
-4.000 
-4.000 
-4.000 
-4.000 
-4.000 
-1.824  
-1.943  
-1.854  
-1.624  
-1.328  
-1.091  
-1.099  
-0.698  
-0.616  
0.413   
-0.179  
-0.673  
0.914   
1.465   
1.197   
1.010   
0.986   
1.185   
1.468   
0.978   
0.947   
0.976   
0.731   
0.156   
0.347   
1.505   
0.800   
-0.858  
-0.147  
0.326   
0.242   
-0.468  
-0.282  
-1.035  
-1.812  
-1.409  
-1.472  
-1.688  
-0.867  
-0.303  
-0.910  
-0.834  
-0.612  
-0.416  
-0.566  
0.063   
-0.318  
-0.293  
-0.821  
-0.646  
-0.605  
-1.014  
-1.308  
-0.892  
-0.989  
-0.871  
-0.785  
-0.728  
-0.400  
-0.118  
0.795   
1.237   
-4.000 
-4.000 
-4.000 
-4.000 
-4.000 
-4.000 
-4.000 
-4.000 
-4.000 
-4.000 
-4.000 
-4.000 
-4.000 
-4.000 
-4.000 
-4.000 
-4.000 
-4.000 
-4.000 
-4.000 
-4.000 
-4.000 
-1.644  
-1.876  
-2.015  
-1.838  
-1.503  
-1.277  
-1.077  
-0.919  
-0.463  
-0.459  
-0.523  
-0.688  
0.014   
0.339   
0.359   
1.040   
0.884   
0.818   
0.439   
0.310   
0.681   
0.714   
0.429   
0.271   
-0.360  
0.219   
-0.418  
0.065   
0.238   
-0.200  
-0.434  
-0.423  
-0.840  
-1.327  
-1.619  
-1.772  
-1.685  
-1.226  
-0.107  
-0.246  
-1.241  
-1.411  
-0.124  
-0.458  
-0.453  
-0.553  
-0.405  
-0.930  
-1.021  
-0.794  
-0.803  
-0.672  
-1.141  
-1.239  
-0.755  
-0.493  
-0.118  
0.210   
0.212   
0.083   
-1.241  
-4.000 
-4.000 
-4.000 
-4.000 
-4.000 
-4.000 
-4.000 
-4.000 
-4.000 
-4.000 
-4.000 
-4.000 
-4.000 
-4.000 
-4.000 
-4.000 
-4.000 
-4.000 
-4.000 
-4.000 
-4.000 
-4.000 
-4.000 
-4.000 
-1.737  
-2.006  
-2.028  
-1.646  
-1.199  
-1.167  
-1.296  
-1.042  
-0.677  
-0.443  
-0.903  
-1.270  
0.037   
0.599   
0.534   
-0.205  
-0.377  
0.149   
0.149   
0.079   
0.331   
-0.120  
-0.282  
-0.030  
-0.995  
-1.535  
-0.455  
-0.186  
-0.721  
-0.667  
-0.698  
-1.017  
-1.504  
-1.780  
-1.406  
-0.606  
-0.546  
-0.957  
-0.944  
-1.136  
-0.719  
-0.445  
-0.088  
-0.543  
-0.614  
-0.693  
-0.699  
-0.147  
-0.504  
-1.349  
-1.573  
-1.067  
-1.202  
-1.347  
-1.106  
-0.745  
-0.637  
-1.174  
-1.256  
-4.000 
-4.000 
-4.000 
-4.000 
-4.000 
-4.000 
-4.000 
-4.000 
-4.000 
-4.000 
-4.000 
-4.000 
-4.000 
-4.000 
-4.000 
-4.000 
-4.000 
-4.000 
-4.000 
-4.000 
-4.000 
-4.000 
-4.000 
-4.000 
-4.000 
-4.000 
-1.956  
-2.063  
-1.912  
-1.680  
-1.651  
-1.501  
-1.543  
-1.333  
-1.069  
-1.222  
-0.952  
-0.825  
-1.172  
-1.577  
-1.092  
-0.816  
-0.244  
0.138   
-0.044  
-0.204  
-0.309  
-1.018  
-1.716  
-1.710  
-1.330  
-0.975  
-0.601  
-0.272  
-0.246  
-0.723  
-1.652  
-1.825  
-0.972  
-1.044  
-1.994  
-1.760  
-1.793  
-1.384  
-0.662  
-0.602  
0.090   
-0.087  
-0.083  
-1.125  
-0.797  
-0.361  
-0.571  
-1.555  
-1.628  
-1.882  
-1.788  
-1.547  
-1.819  
-1.823  
-1.172  
-1.591  
-1.731  
-4.000 
-4.000 
-4.000 
-4.000 
-4.000 
-4.000 
-4.000 
-4.000 
-4.000 
-4.000 
-4.000 
-4.000 
-4.000 
-4.000 
-4.000 
-4.000 
-4.000 
-4.000 
-4.000 
-4.000 
-4.000 
-4.000 
-4.000 
-4.000 
-4.000 
-4.000 
-4.000 
-4.000 
-1.879  
-1.948  
-1.813  
-1.631  
-1.657  
-1.636  
-1.619  
-1.564  
-1.190  
-1.317  
-1.600  
-1.667  
-1.534  
-1.600  
-1.068  
-0.462  
-0.316  
0.057   
-0.644  
-1.314  
-0.607  
-2.042  
-2.420  
-1.991  
-0.956  
-0.136  
0.187   
0.176   
-0.387  
-0.144  
-1.355  
-1.654  
-1.608  
-1.637  
-2.003  
-1.651  
-0.606  
-0.135  
-1.357  
-0.652  
-0.254  
-1.109  
-0.887  
-1.069  
-1.860  
-2.087  
-2.082  
-1.991  
-1.982  
-1.996  
-1.963  
-1.737  
-1.672  
-1.764  
-1.349  
-4.000 
-4.000 
-4.000 
-4.000 
-4.000 
-4.000 
-4.000 
-4.000 
-4.000 
-4.000 
-4.000 
-4.000 
-4.000 
-4.000 
-4.000 
-4.000 
-4.000 
-4.000 
-4.000 
-4.000 
-4.000 
-4.000 
-4.000 
-4.000 
-4.000 
-4.000 
-4.000 
-4.000 
-4.000 
-1.716  
-1.924  
-1.933  
-1.791  
-1.781  
-1.813  
-1.895  
-1.897  
-1.638  
-1.785  
-1.973  
-1.874  
-1.860  
-1.409  
-1.194  
-1.230  
-0.881  
-1.149  
-1.367  
-1.281  
-1.664  
-1.236  
-0.440  
-0.460  
-0.309  
-0.377  
-1.025  
-1.182  
-1.361  
-1.817  
-2.094  
-1.962  
-1.538  
-1.191  
-1.332  
-1.017  
-0.589  
-1.642  
-1.166  
-1.216  
-1.677  
-1.637  
-1.561  
-1.737  
-1.912  
-1.899  
-1.789  
-1.600  
-1.377  
-0.977  
-0.823  
-0.927  
-0.444  
-0.468  
-4.000 
-4.000 
-4.000 
-4.000 
-4.000 
-4.000 
-4.000 
-4.000 
-4.000 
-4.000 
-4.000 
-4.000 
-4.000 
-4.000 
-4.000 
-4.000 
-4.000 
-4.000 
-4.000 
-4.000 
-4.000 
-4.000 
-4.000 
-4.000 
-4.000 
-4.000 
-4.000 
-4.000 
-4.000 
-4.000 
-4.000 
-1.682  
-1.881  
-1.988  
-1.871  
-1.720  
-1.818  
-1.927  
-1.864  
-1.789  
-1.840  
-1.870  
-1.902  
-1.866  
-1.797  
-1.731  
-1.293  
-1.197  
-1.491  
-1.392  
-0.985  
-0.816  
-0.536  
-0.355  
-0.824  
-1.032  
-1.029  
-1.759  
-1.728  
-1.668  
-1.689  
-1.613  
-1.553  
-1.577  
-1.430  
-1.386  
-1.558  
-1.641  
-1.835  
-1.476  
-1.662  
-2.176  
-2.053  
-1.861  
-1.693  
-1.442  
-1.093  
-0.653  
-0.608  
-1.292  
-1.808  
-1.524  
-0.873  
-4.000 
-4.000 
-4.000 
-4.000 
-4.000 
-4.000 
-4.000 
-4.000 
-4.000 
-4.000 
-4.000 
-4.000 
-4.000 
-4.000 
-4.000 
-4.000 
-4.000 
-4.000 
-4.000 
-4.000 
-4.000 
-4.000 
-4.000 
-4.000 
-4.000 
-4.000 
-4.000 
-4.000 
-4.000 
-4.000 
-4.000 
-4.000 
-1.436  
-1.639  
-1.715  
-1.898  
-1.940  
-1.904  
-1.854  
-1.810  
-1.792  
-1.798  
-1.797  
-1.755  
-1.648  
-1.484  
-1.291  
-1.383  
-1.602  
-1.131  
-0.581  
-0.959  
-1.695  
-1.300  
-0.593  
-0.591  
-0.773  
-1.304  
-1.548  
-1.624  
-1.750  
-1.736  
-1.769  
-1.879  
-1.630  
-1.265  
-1.331  
-1.469  
-1.327  
-1.372  
-1.388  
-1.305  
-1.449  
-1.716  
-1.887  
-1.937  
-1.735  
-1.020  
-1.050  
-0.953  
-0.530  
-1.709  
-1.548  
