999.99
999.99
999.99
999.99
999.99
999.99
999.99
999.99
999.99
999.99
999.99
999.99
999.99
999.99
999.99
999.99
999.99
999.99
999.99
999.99
999.99
999.99
999.99
999.99
999.99
999.99
999.99
999.99
999.99
999.99
999.99
999.99
999.99
999.99
999.99
999.99
999.99
999.99
999.99
999.99
999.99
999.99
999.99
999.99
999.99
999.99
999.99
999.99
999.99
999.99
999.99
999.99
999.99
999.99
999.99
999.99
999.99
999.99
999.99
999.99
999.99
999.99
999.99
999.99
999.99
999.99
999.99
999.99
999.99
999.99
999.99
999.99
999.99
999.99
999.99
999.99
999.99
999.99
999.99
999.99
999.99
999.99
999.99
999.99
999.99
999.99
999.99
999.99
999.99
999.99
999.99
999.99
999.99
999.99
999.99
999.99
999.99
999.99
999.99
999.99
999.99
999.99
999.99
999.99
999.99
999.99
999.99
999.99
999.99
999.99
999.99
999.99
999.99
999.99
999.99
999.99
999.99
999.99
999.99
999.99
999.99
999.99
999.99
999.99
999.99
999.99
999.99
999.99
999.99
999.99
999.99
999.99
999.99
999.99
19.0916194442084
19.2892059148466
19.3911951219512
19.4429199456105
18.8713902439023
18.984936092462
18.9146097560976
19.0753621143876
19.4108327526132
19.1650327186199
19.0760975609756
19.0622097391009
19.0765818815331
18.6855823064502
18.6818780487805
18.1836768080223
18.1424390243902
18.2605693039857
18.446693379791
18.3281219512195
17.8831219512195
999.99
999.99
999.99
999.99
999.99
999.99
999.99
999.99
999.99
999.99
999.99
999.99
999.99
999.99
999.99
999.99
999.99
999.99
999.99
999.99
999.99
999.99
999.99
999.99
999.99
999.99
999.99
999.99
999.99
999.99
999.99
999.99
999.99
999.99
999.99
999.99
999.99
999.99
999.99
999.99
999.99
999.99
999.99
999.99
999.99
999.99
999.99
999.99
999.99
999.99
999.99
999.99
999.99
999.99
999.99
999.99
999.99
999.99
999.99
999.99
999.99
999.99
19.362296306863
19.3486613653195
19.3560828770532
18.9555945865555
18.423775261324
18.6288522441695
19.310631906421
19.6434077201374
19.3716567944251
19.0057106617781
19.1702675460429
19.3436445810924
19.473449726232
19.3759198970486
19.1958459432553
18.7448469387755
18.6598076157292
18.6426984666561
18.4292939273271
18.1844940208088
17.7240318566451
999.99
999.99
999.99
999.99
999.99
999.99
999.99
999.99
999.99
999.99
999.99
999.99
999.99
999.99
999.99
999.99
999.99
999.99
999.99
999.99
999.99
999.99
999.99
999.99
999.99
999.99
999.99
999.99
999.99
999.99
999.99
999.99
999.99
999.99
999.99
999.99
999.99
999.99
999.99
999.99
999.99
999.99
999.99
999.99
999.99
999.99
999.99
999.99
999.99
999.99
999.99
999.99
999.99
999.99
999.99
999.99
999.99
999.99
999.99
999.99
999.99
999.99
20.9031478711651
39.2211152375295
30.2267456445929
18.6323990821789
18.451393728223
18.3593517464095
19.0542926829266
19.3633834452282
19.0645644599303
18.9238334324807
19.4770592334495
19.6698153310105
19.6629930313589
19.6665102405031
19.3355296167247
19.1464732727118
18.725275261324
18.7069121271352
18.4733937282231
17.7838681057194
17.5149268292683
999.99
999.99
999.99
999.99
999.99
999.99
999.99
999.99
999.99
999.99
999.99
999.99
999.99
999.99
999.99
999.99
999.99
999.99
999.99
999.99
999.99
999.99
999.99
999.99
999.99
999.99
999.99
999.99
999.99
999.99
999.99
999.99
999.99
999.99
999.99
999.99
999.99
999.99
999.99
999.99
999.99
999.99
999.99
999.99
999.99
999.99
999.99
999.99
999.99
999.99
999.99
999.99
999.99
999.99
999.99
999.99
999.99
999.99
999.99
999.99
999.99
999.99
18.8328699753548
18.8622830797994
18.8877212543554
19.0255005523923
19.1577421602789
19.6376666100111
19.3953135888503
19.1134124245773
19.0959024390244
19.4066048270587
19.2951010452962
19.3590034843206
19.5083240418118
19.4689619274241
19.1084843205575
19.031711651228
18.7117421602788
18.3073859097476
17.8485540069688
17.1454181184669
38.934885017423
999.99
999.99
999.99
999.99
999.99
999.99
999.99
999.99
999.99
999.99
999.99
999.99
999.99
999.99
999.99
999.99
999.99
999.99
999.99
999.99
999.99
999.99
999.99
999.99
999.99
999.99
999.99
999.99
999.99
999.99
999.99
999.99
999.99
999.99
999.99
999.99
999.99
999.99
999.99
999.99
999.99
999.99
999.99
999.99
999.99
999.99
999.99
999.99
999.99
999.99
999.99
999.99
999.99
999.99
999.99
999.99
999.99
999.99
999.99
999.99
999.99
999.99
999.99
18.6994175235829
18.9587700348432
18.9941489759497
19.278787456446
19.4304371547548
19.8153101045296
19.7370923769865
19.7622996515679
19.3487164103
19.1676864111498
19.2923851448967
19.254149825784
19.511001784652
19.471362369338
19.2111672473868
18.9298571428571
18.2013067051926
17.6768327526133
17.4839821534801
17.3854006968641
20.8818110298036
999.99
999.99
999.99
999.99
999.99
999.99
999.99
999.99
999.99
999.99
999.99
999.99
999.99
999.99
999.99
999.99
999.99
999.99
999.99
999.99
999.99
999.99
999.99
999.99
999.99
999.99
999.99
999.99
999.99
999.99
999.99
999.99
999.99
999.99
999.99
999.99
999.99
999.99
999.99
999.99
999.99
999.99
999.99
999.99
999.99
999.99
999.99
999.99
999.99
999.99
999.99
999.99
999.99
999.99
999.99
999.99
999.99
999.99
999.99
999.99
999.99
18.8690844735277
18.8364361349537
18.786212543554
18.869939661766
19.453205574913
19.8336540324637
19.9666898954704
19.9993896490184
19.8244738675958
19.998811676723
19.6525400696864
19.2861391178721
18.8882682926829
18.8755585110903
18.587094076655
18.7262692275007
18.7655226480836
18.7089323531912
18.2409686411151
17.5177708846775
17.0545087108014
999.99
999.99
999.99
999.99
999.99
999.99
999.99
999.99
999.99
999.99
999.99
999.99
999.99
999.99
999.99
999.99
999.99
999.99
999.99
999.99
999.99
999.99
999.99
999.99
999.99
999.99
999.99
999.99
999.99
999.99
999.99
999.99
999.99
999.99
999.99
999.99
999.99
999.99
999.99
999.99
999.99
999.99
999.99
999.99
999.99
999.99
999.99
999.99
999.99
999.99
999.99
999.99
999.99
999.99
999.99
999.99
999.99
999.99
999.99
999.99
999.99
999.99
999.99
999.99
19.3487711962834
19.4289834565593
19.6354274099884
20.0226954193932
20.0214773519164
20.0169523809524
19.9390836236934
19.9696024475227
19.5880150987224
19.4811909294354
19.3348141695703
19.0636647403756
19.0378652729384
18.9501071357752
18.88
18.8740475057364
18.5621324041812
18.1241975298151
17.2667595818815
17.0605568397496
20.8818110298036
999.99
999.99
999.99
999.99
999.99
999.99
999.99
999.99
999.99
999.99
999.99
999.99
999.99
999.99
999.99
999.99
999.99
999.99
999.99
999.99
999.99
999.99
999.99
999.99
999.99
999.99
999.99
999.99
999.99
999.99
999.99
999.99
999.99
999.99
999.99
999.99
999.99
999.99
999.99
999.99
999.99
999.99
999.99
999.99
999.99
999.99
999.99
999.99
999.99
999.99
999.99
999.99
999.99
999.99
999.99
999.99
999.99
999.99
999.99
999.99
999.99
999.99
999.99
19.3145226480836
19.4106411149826
19.800569558936
19.9662264808362
20.1373927934053
20.1933275261324
20.15442984618
19.7873937282229
19.062146851364
19.2408989547038
19.1632744114897
19.1759477351916
18.9960847284779
19.2484425087108
19.1605184838957
19.0879965156795
18.837458230645
18.3682160278745
18.028425087108
17.4840766550522
17.1547456445993
999.99
999.99
999.99
999.99
999.99
999.99
999.99
999.99
999.99
999.99
999.99
999.99
999.99
999.99
999.99
999.99
999.99
999.99
999.99
999.99
999.99
999.99
999.99
999.99
999.99
999.99
999.99
999.99
999.99
999.99
999.99
999.99
999.99
999.99
999.99
999.99
999.99
999.99
999.99
999.99
999.99
999.99
999.99
999.99
999.99
999.99
999.99
999.99
999.99
999.99
999.99
999.99
999.99
999.99
999.99
999.99
999.99
999.99
19.7263207234113
19.6318074396921
19.687127458955
19.6325397378463
19.9271007417839
20.0296406172226
20.0538202721898
20.1148536585366
20.0820028489683
19.8819387755102
20.1312715787088
20.1690552513688
19.5737836686133
19.4415316077651
19.4116835864625
19.2760597312095
19.2154211900108
19.121487638958
19.204074829932
19.3513474365356
19.3171305385926
999.99
999.99
999.99
999.99
999.99
999.99
999.99
999.99
999.99
999.99
999.99
999.99
999.99
999.99
999.99
999.99
999.99
999.99
999.99
999.99
999.99
999.99
999.99
999.99
999.99
999.99
999.99
999.99
999.99
999.99
999.99
999.99
999.99
999.99
999.99
999.99
999.99
999.99
999.99
999.99
999.99
999.99
999.99
999.99
999.99
999.99
999.99
999.99
999.99
999.99
999.99
999.99
999.99
999.99
999.99
999.99
999.99
999.99
999.99
999.99
999.99
999.99
999.99
19.4845017421603
19.5713544658791
19.5543275261324
19.7129219002295
20.0644634146342
20.1005048015637
19.9408710801394
19.9893258264639
19.8195505226481
19.7766564119997
20.1669825783973
20.2585721084389
20.178668989547
19.789451686921
19.635212543554
19.4204719979603
19.3786202090592
19.3215779722954
19.3597142857143
19.5524855953089
19.6250766550523
999.99
999.99
999.99
999.99
999.99
999.99
999.99
999.99
999.99
999.99
999.99
999.99
999.99
999.99
999.99
999.99
999.99
999.99
999.99
999.99
999.99
999.99
999.99
999.99
999.99
999.99
999.99
999.99
999.99
999.99
999.99
999.99
999.99
999.99
999.99
999.99
999.99
999.99
999.99
999.99
999.99
999.99
999.99
999.99
999.99
999.99
999.99
999.99
999.99
999.99
999.99
999.99
999.99
999.99
999.99
999.99
999.99
999.99
999.99
999.99
999.99
999.99
19.8193590792652
20.0852575240685
20.0590914219346
20.0296411433104
20.1456759581882
20.1222079625425
20.0409751119961
19.8854428284104
19.8583962170234
19.5595306122449
19.9815418948067
20.0703885078124
20.1903539074166
20.2269642017426
20.2511352248216
20.2035443917007
20.0861984403518
20.0335650224397
20.1026140700183
20.146122797007
19.9886830927493
999.99
999.99
999.99
999.99
999.99
999.99
999.99
999.99
999.99
999.99
999.99
999.99
999.99
999.99
999.99
999.99
999.99
999.99
999.99
999.99
999.99
999.99
999.99
999.99
999.99
999.99
999.99
999.99
999.99
999.99
999.99
999.99
999.99
999.99
999.99
999.99
999.99
999.99
999.99
999.99
999.99
999.99
999.99
999.99
999.99
999.99
999.99
999.99
999.99
999.99
999.99
999.99
999.99
999.99
999.99
999.99
999.99
999.99
999.99
999.99
999.99
999.99
999.99
999.99
999.99
999.99
20.213606271777
20.0683048355571
20.0845052264808
20.2241648678508
20.1608048780488
20.0157100365429
19.9912891986063
20.0426711991162
20.1727142857143
20.5027604317158
20.5397770034843
20.4229400866831
20.1655052264808
20.1765789071131
20.1696898954704
20.2754354550862
20.5910174216028
20.1817015382
19.9993973825104
19.9547090592335
19.8889032888587
999.99
999.99
999.99
999.99
999.99
999.99
999.99
999.99
999.99
999.99
999.99
999.99
999.99
999.99
999.99
999.99
999.99
999.99
999.99
999.99
999.99
999.99
999.99
999.99
999.99
999.99
999.99
999.99
999.99
999.99
999.99
999.99
999.99
999.99
999.99
999.99
999.99
999.99
999.99
999.99
999.99
999.99
999.99
999.99
999.99
999.99
999.99
999.99
999.99
999.99
999.99
999.99
999.99
999.99
999.99
999.99
999.99
999.99
999.99
999.99
999.99
999.99
20.3116271777003
20.1260276196142
20.2125331010453
20.3073945780573
20.4495644599303
20.4457566074615
20.369968641115
20.2962739865726
20.2937526132404
20.3545633551457
20.2754425087108
20.2574748024135
20.1943344947735
20.1841216962692
20.3965261324042
20.4254122546103
20.5031149825784
20.4439076230135
20.1378399762046
19.9613588850174
19.5429717855018
999.99
999.99
999.99
999.99
999.99
999.99
999.99
999.99
999.99
999.99
999.99
999.99
999.99
999.99
999.99
999.99
999.99
999.99
999.99
999.99
999.99
999.99
999.99
999.99
999.99
999.99
999.99
999.99
999.99
999.99
999.99
999.99
999.99
999.99
999.99
999.99
999.99
999.99
999.99
999.99
999.99
999.99
999.99
999.99
999.99
999.99
999.99
999.99
999.99
999.99
999.99
999.99
999.99
999.99
999.99
999.99
999.99
999.99
999.99
999.99
999.99
999.99
19.9592439024391
20.2761267102915
20.6733902439024
20.7664818560381
20.7572682926829
20.6075770374777
20.5865365853659
20.5102795954789
20.3562682926829
20.3614765020821
20.2841951219512
20.4377067221891
20.2893414634146
20.2092195121951
20.4341463414634
20.5679744199881
20.2922682926829
20.1439161213563
20.0047775133848
19.7093292682927
19.2137584770969
999.99
999.99
999.99
999.99
999.99
999.99
999.99
999.99
999.99
999.99
999.99
999.99
999.99
999.99
999.99
999.99
999.99
999.99
999.99
999.99
999.99
999.99
999.99
999.99
999.99
999.99
999.99
999.99
999.99
999.99
999.99
999.99
999.99
999.99
999.99
999.99
999.99
999.99
999.99
999.99
999.99
999.99
999.99
999.99
999.99
999.99
999.99
999.99
999.99
999.99
999.99
999.99
999.99
999.99
999.99
999.99
999.99
999.99
999.99
999.99
999.99
999.99
999.99
20.8043188578228
21.0113832752614
21.0084822809552
20.9456794425087
20.9292321747259
20.9328815331011
21.0138562930229
20.6384181184669
20.4343024560211
20.3954111498258
20.3595741480411
20.4291184668989
20.428255800119
20.4106585365854
20.4928897764936
20.011031358885
19.4000064587405
19.0058380215858
19.0127229965157
18.8097574572958
18.6755017421603
999.99
999.99
999.99
999.99
999.99
999.99
999.99
999.99
999.99
999.99
999.99
999.99
999.99
999.99
999.99
999.99
999.99
999.99
999.99
999.99
999.99
999.99
999.99
999.99
999.99
999.99
999.99
999.99
999.99
999.99
999.99
999.99
999.99
999.99
999.99
999.99
999.99
999.99
999.99
999.99
999.99
999.99
999.99
999.99
999.99
999.99
999.99
999.99
999.99
999.99
999.99
999.99
999.99
999.99
999.99
999.99
999.99
999.99
999.99
999.99
999.99
999.99
20.5903876154864
20.7358549858968
20.8305766995674
20.8897198440352
20.9402021512948
20.9362721088435
20.9597513243251
20.5430847851336
20.3597863961766
20.4404131408661
20.7058605442177
20.8529440849511
20.9481555520483
20.5847912726066
20.492646388002
20.5819138875062
20.7319831105553
20.3877598793235
19.5620159283226
19.2552967762953
19.07431275925
999.99
999.99
999.99
999.99
999.99
999.99
999.99
999.99
999.99
999.99
999.99
999.99
999.99
999.99
999.99
999.99
999.99
999.99
999.99
999.99
999.99
999.99
999.99
999.99
999.99
999.99
999.99
999.99
999.99
999.99
999.99
999.99
999.99
999.99
999.99
999.99
999.99
999.99
999.99
999.99
999.99
999.99
999.99
999.99
999.99
999.99
999.99
999.99
999.99
999.99
999.99
999.99
999.99
999.99
999.99
999.99
999.99
999.99
999.99
999.99
999.99
999.99
999.99
999.99
20.9781686071216
20.8433170731708
20.4074342653183
20.114912891986
19.9470914421688
20.1953484320557
20.4949430611031
20.4121080139373
20.6169615025071
20.6243484320557
20.5966405200986
20.568
20.5139688110818
20.7470174216028
20.8858255290218
20.7819813886292
20.0322648083624
19.3166170646724
18.7976010452961
18.5740387524433
18.2471045296167
999.99
999.99
999.99
999.99
999.99
999.99
999.99
999.99
999.99
999.99
999.99
999.99
999.99
999.99
999.99
999.99
999.99
999.99
999.99
999.99
999.99
999.99
999.99
999.99
999.99
999.99
999.99
999.99
999.99
999.99
999.99
999.99
999.99
999.99
999.99
999.99
999.99
999.99
999.99
999.99
999.99
999.99
999.99
999.99
999.99
999.99
999.99
999.99
999.99
999.99
999.99
999.99
999.99
999.99
999.99
999.99
999.99
999.99
999.99
999.99
999.99
999.99
21.3070676973942
21.2514503899121
21.1532653000522
20.8599175377468
20.7583104505336
20.6359950223992
20.6653605442177
20.714712626514
20.6700596482495
20.8825111166418
20.8779919872768
20.9203469387755
20.8964187882173
20.9881507383441
21.0120208856892
20.9016659847758
20.7634947735192
20.3739006806768
19.8721811017089
19.3296542489691
18.6289610087938
999.99
999.99
999.99
999.99
999.99
999.99
999.99
999.99
999.99
999.99
999.99
999.99
999.99
999.99
999.99
999.99
999.99
999.99
999.99
999.99
999.99
999.99
999.99
999.99
999.99
999.99
999.99
999.99
999.99
999.99
999.99
999.99
999.99
999.99
999.99
999.99
999.99
999.99
999.99
999.99
999.99
999.99
999.99
999.99
999.99
999.99
999.99
999.99
999.99
999.99
999.99
999.99
999.99
999.99
999.99
999.99
999.99
999.99
999.99
999.99
999.99
21.2253588850174
21.2114348602023
21.0964912891986
20.9785354805813
21.1096306620209
21.2074887396957
20.9124634146341
20.65771046146
20.7622473867596
20.7880904223676
21.155275261324
21.1122820599983
21.0500592334495
20.7624368998046
20.955724738676
21.1907196396703
20.9283182629387
20.6108832752613
20.1412020905923
19.8711602787456
19.2232549502848
999.99
999.99
999.99
999.99
999.99
999.99
999.99
999.99
999.99
999.99
999.99
999.99
999.99
999.99
999.99
999.99
999.99
999.99
999.99
999.99
999.99
999.99
999.99
999.99
999.99
999.99
999.99
999.99
999.99
999.99
999.99
999.99
999.99
999.99
999.99
999.99
999.99
999.99
999.99
999.99
999.99
999.99
999.99
999.99
999.99
999.99
999.99
999.99
999.99
999.99
999.99
999.99
999.99
999.99
999.99
999.99
999.99
999.99
999.99
999.99
999.99
999.99
999.99
999.99
999.99
21.7108548422343
21.1967805707649
21.1073741496599
21.1619555334329
21.1945479488643
21.1596989381118
21.2294115646258
21.1594384436701
20.9475339448094
20.4414803384769
20.3187747554703
20.153318732371
20.2277482993197
20.2607286297029
20.0472458105193
19.7041277725843
19.2039727891156
18.6124353741497
18.3515755765721
18.0313143456074
20.8818110298036
999.99
999.99
999.99
999.99
999.99
999.99
999.99
999.99
999.99
999.99
999.99
999.99
999.99
999.99
999.99
999.99
999.99
999.99
999.99
999.99
999.99
999.99
999.99
999.99
999.99
999.99
999.99
999.99
999.99
999.99
999.99
999.99
999.99
999.99
999.99
999.99
999.99
999.99
999.99
999.99
999.99
999.99
999.99
999.99
999.99
999.99
999.99
999.99
999.99
999.99
999.99
999.99
999.99
999.99
999.99
999.99
999.99
999.99
999.99
999.99
999.99
21.3849512195122
21.1304301011303
21.176
20.9896775728733
20.5292195121951
20.1985925044616
20.6223414634148
21.7574889946461
21.350243902439
20.9389054134445
20.8985609756099
20.5331808447353
19.7372195121951
19.093739440809
19.3068786436644
18.8964268292683
18.7640458060678
18.541487804878
18.2177293277811
17.7667073170732
999.99
999.99
999.99
999.99
999.99
999.99
999.99
999.99
999.99
999.99
999.99
999.99
999.99
999.99
999.99
999.99
999.99
999.99
999.99
999.99
999.99
999.99
999.99
999.99
999.99
999.99
999.99
999.99
999.99
999.99
999.99
999.99
999.99
999.99
999.99
999.99
999.99
999.99
999.99
999.99
999.99
999.99
999.99
999.99
999.99
999.99
999.99
999.99
999.99
999.99
999.99
999.99
999.99
999.99
999.99
999.99
999.99
999.99
999.99
999.99
999.99
999.99
21.4033347497238
21.2250836236934
19.8318751593439
20.29187456446
21.3528433755417
20.9695470383276
20.6852975269822
21.2314320557492
21.9308405710887
22.1928850174216
22.1267675703238
21.6646167247387
21.1254463329651
20.4351777003484
20.3692818900314
19.8178244242372
19.2803466898955
18.8972754312909
18.357074912892
18.188875159344
999.99
999.99
999.99
999.99
999.99
999.99
999.99
999.99
999.99
999.99
999.99
999.99
999.99
999.99
999.99
999.99
999.99
999.99
999.99
999.99
999.99
999.99
999.99
999.99
999.99
999.99
999.99
999.99
999.99
999.99
999.99
999.99
999.99
999.99
999.99
999.99
999.99
999.99
999.99
999.99
999.99
999.99
999.99
999.99
999.99
999.99
999.99
999.99
999.99
999.99
999.99
999.99
999.99
999.99
999.99
999.99
999.99
999.99
999.99
999.99
999.99
999.99
999.99
999.99
20.6035296167247
20.4808415059064
20.7614738675958
20.7521097136058
21.1106585365854
20.9358944505821
21.6204320557493
22.2248957253337
22.1996411149826
21.7321463414635
21.2976376306621
20.8888524687687
20.6211637630662
20.8531731962267
20.7870101130278
20.3510696864112
19.1462458570578
18.3972543554006
17.8128365768675
20.8818110298036
999.99
999.99
999.99
999.99
999.99
999.99
999.99
999.99
999.99
999.99
999.99
999.99
999.99
999.99
999.99
999.99
999.99
999.99
999.99
999.99
999.99
999.99
999.99
999.99
999.99
999.99
999.99
999.99
999.99
999.99
999.99
999.99
999.99
999.99
999.99
999.99
999.99
999.99
999.99
999.99
999.99
999.99
999.99
999.99
999.99
999.99
999.99
999.99
999.99
999.99
999.99
999.99
999.99
999.99
999.99
999.99
999.99
999.99
999.99
999.99
999.99
21.3075993031359
21.469325656497
21.6061289198607
21.5964573808108
21.4166167247387
21.779676128155
22.0304285714286
22.1887306025325
21.579818815331
21.6332597943401
21.5897839721254
21.6836359309934
21.5509128919861
21.1163593099346
21.0764703832752
21.0004773519164
20.7546236083963
20.3368954703833
19.911837681652
18.5654965156794
999.99
999.99
999.99
999.99
999.99
999.99
999.99
999.99
999.99
999.99
999.99
999.99
999.99
999.99
999.99
999.99
999.99
999.99
999.99
999.99
999.99
999.99
999.99
999.99
999.99
999.99
999.99
999.99
999.99
999.99
999.99
999.99
999.99
999.99
999.99
999.99
999.99
999.99
999.99
999.99
999.99
999.99
999.99
999.99
999.99
999.99
999.99
999.99
999.99
999.99
999.99
999.99
999.99
999.99
999.99
999.99
999.99
999.99
999.99
999.99
999.99
999.99
999.99
999.99
21.8811681822045
21.6423867595819
21.6756419648169
21.8851742160279
21.8943077249936
22.0257526132404
21.9742993966176
21.8295226480836
21.8624524517719
21.4978362369338
21.5283460525197
21.4916411149826
21.357901759157
21.1167247386759
20.8222471318093
20.8008675958188
20.6667317073171
19.9487645959037
18.8517020905922
18.4866048270587
999.99
999.99
999.99
999.99
999.99
999.99
999.99
999.99
999.99
999.99
999.99
999.99
999.99
999.99
999.99
999.99
999.99
999.99
999.99
999.99
999.99
999.99
999.99
999.99
999.99
999.99
999.99
999.99
999.99
999.99
999.99
999.99
999.99
999.99
999.99
999.99
999.99
999.99
999.99
999.99
999.99
999.99
999.99
999.99
999.99
999.99
999.99
999.99
999.99
999.99
999.99
999.99
999.99
999.99
999.99
999.99
999.99
999.99
999.99
999.99
999.99
999.99
21.5551742160278
21.6542696524178
21.6948885017422
21.8826195291918
21.9934181184669
22.1595454236424
22.2201045296167
22.4361888331775
22.4368710801393
22.2237355315713
22.4721742160279
22.2760217557577
21.3811324041812
21.1038571428571
20.9571428571429
20.7487668904564
20.6503746069516
20.2996986062718
19.7545462734766
19.0463780487805
999.99
999.99
999.99
999.99
999.99
999.99
999.99
999.99
999.99
999.99
999.99
999.99
999.99
999.99
999.99
999.99
999.99
999.99
999.99
999.99
999.99
999.99
999.99
999.99
999.99
999.99
999.99
999.99
999.99
999.99
999.99
999.99
999.99
999.99
999.99
999.99
999.99
999.99
999.99
999.99
999.99
999.99
999.99
999.99
999.99
999.99
999.99
999.99
999.99
999.99
999.99
999.99
999.99
999.99
999.99
999.99
999.99
999.99
999.99
999.99
999.99
999.99
999.99
999.99
999.99
21.9252707814833
22.064550644053
22.1897142857143
22.3575952360718
22.3523703334993
22.5576541538686
22.5381358885018
22.3118007260013
21.9558919860627
21.4986770386918
21.1220846192135
21.0600951450182
20.8508292682927
20.867993431995
20.6582653061224
20.4785960676954
20.0756131190132
19.6689074166252
19.2996289987738
18.9310408163265
999.99
999.99
999.99
999.99
999.99
999.99
999.99
999.99
999.99
999.99
999.99
999.99
999.99
999.99
999.99
999.99
999.99
999.99
999.99
999.99
999.99
999.99
999.99
999.99
999.99
999.99
999.99
999.99
999.99
999.99
999.99
999.99
999.99
999.99
999.99
999.99
999.99
999.99
999.99
999.99
999.99
999.99
999.99
999.99
999.99
999.99
999.99
999.99
999.99
999.99
999.99
999.99
999.99
999.99
999.99
999.99
999.99
999.99
999.99
999.99
999.99
999.99
999.99
21.787
22.1227174301011
21.9996341463415
22.4800029744199
22.6279024390244
22.7114384295062
22.242463414634
21.3477483640689
21.3848780487805
21.1684830458062
20.7104146341463
20.8416841165972
20.9193170731707
20.8601261154075
20.3498810232005
20.2399268292683
20.0051380130874
19.8134512195122
19.594742415229
19.4210731707317
999.99
999.99
999.99
999.99
999.99
999.99
999.99
999.99
999.99
999.99
999.99
999.99
999.99
999.99
999.99
999.99
999.99
999.99
999.99
999.99
999.99
999.99
999.99
999.99
999.99
999.99
999.99
999.99
999.99
999.99
999.99
999.99
999.99
999.99
999.99
999.99
999.99
999.99
999.99
999.99
999.99
999.99
999.99
999.99
999.99
999.99
999.99
999.99
999.99
999.99
999.99
999.99
999.99
999.99
999.99
999.99
999.99
999.99
999.99
999.99
999.99
999.99
22.2671405383093
22.263537580886
22.343998883075
22.6613210552514
22.5571142541491
22.60681284221
22.723331532494
22.5400910900945
22.4953575010016
22.3832488800398
21.8548139591353
21.296918865107
21.4783802401388
21.51393777999
20.7464490888562
20.3104146462868
20.1862344449975
19.8172999550802
19.6119367844699
19.5281240515243
999.99
999.99
999.99
999.99
999.99
999.99
999.99
999.99
999.99
999.99
999.99
999.99
999.99
999.99
999.99
999.99
999.99
999.99
999.99
999.99
999.99
999.99
999.99
999.99
999.99
999.99
999.99
999.99
999.99
999.99
999.99
999.99
999.99
999.99
999.99
999.99
999.99
999.99
999.99
999.99
999.99
999.99
999.99
999.99
999.99
999.99
999.99
999.99
999.99
999.99
999.99
999.99
999.99
999.99
999.99
999.99
999.99
999.99
999.99
999.99
999.99
999.99
999.99
22.4308674258519
22.7594041811847
22.9117655307215
22.7817038327526
22.5095903798759
22.6057630662021
22.6217663805558
22.4852857142857
22.1530334834707
22.1869790940767
22.2516684796465
21.9657909407666
21.6781601087788
21.4537177700348
21.2855942041302
20.0239592079543
19.5118693379791
19.1888104869551
19.1056114982578
19.0190878728648
999.99
999.99
999.99
999.99
999.99
999.99
999.99
999.99
999.99
999.99
999.99
999.99
999.99
999.99
999.99
999.99
999.99
999.99
999.99
999.99
999.99
999.99
999.99
999.99
999.99
999.99
999.99
999.99
999.99
999.99
999.99
999.99
999.99
999.99
999.99
999.99
999.99
999.99
999.99
999.99
999.99
999.99
999.99
999.99
999.99
999.99
999.99
999.99
999.99
999.99
999.99
999.99
999.99
999.99
999.99
999.99
999.99
999.99
999.99
999.99
999.99
22.031419138268
22.1103519163763
22.2080469108524
22.353512195122
22.4966192742415
22.6923832752614
22.9446111158324
22.5939895470383
22.4364924789666
22.54706271777
22.3909429761196
22.0707595818815
21.9112290303391
21.9400278745645
21.8210654372397
21.6671672473868
21.251603892241
20.5816012577547
20.0927857142857
19.4612508710801
999.99
999.99
999.99
999.99
999.99
999.99
999.99
999.99
999.99
999.99
999.99
999.99
999.99
999.99
999.99
999.99
999.99
999.99
999.99
999.99
999.99
999.99
999.99
999.99
999.99
999.99
999.99
999.99
999.99
999.99
999.99
999.99
999.99
999.99
999.99
999.99
999.99
999.99
999.99
999.99
999.99
999.99
999.99
999.99
999.99
999.99
999.99
999.99
999.99
999.99
999.99
999.99
999.99
999.99
999.99
999.99
999.99
999.99
999.99
999.99
999.99
999.99
999.99
999.99
21.7696794425087
21.836172856293
22.3447700348432
22.5611951219512
22.6056097560976
22.6372096541175
22.5114529616725
22.5838782187473
22.2775087108014
22.3981254355401
22.2999268292683
22.375583241268
22.2452055749129
22.241465964137
22.0534320557491
21.755204810062
21.5564470978159
20.7730940766551
19.6406416248831
18.8099181184668
999.99
999.99
999.99
999.99
999.99
999.99
999.99
999.99
999.99
999.99
999.99
999.99
999.99
999.99
999.99
999.99
999.99
999.99
999.99
999.99
999.99
999.99
999.99
999.99
999.99
999.99
999.99
999.99
999.99
999.99
999.99
999.99
999.99
999.99
999.99
999.99
999.99
999.99
999.99
999.99
999.99
999.99
999.99
999.99
999.99
999.99
999.99
999.99
999.99
999.99
999.99
999.99
999.99
999.99
999.99
999.99
999.99
999.99
999.99
999.99
999.99
999.99
999.99
22.3605470383275
22.3272050650124
22.336149825784
22.6850978159259
22.7850383275261
22.8062187473443
22.5666236933798
22.4778453301606
22.3266898954704
22.3417730092632
22.3518327526132
22.317387354466
22.3227456445993
22.3116864111498
22.2018571428571
21.8125578312229
21.4740921220361
20.8208675958188
19.9447249086428
19.3765871080139
999.99
999.99
999.99
999.99
999.99
999.99
999.99
999.99
999.99
999.99
999.99
999.99
999.99
999.99
999.99
999.99
999.99
999.99
999.99
999.99
999.99
999.99
999.99
999.99
999.99
999.99
999.99
999.99
999.99
999.99
999.99
999.99
999.99
999.99
999.99
999.99
999.99
999.99
999.99
999.99
999.99
999.99
999.99
999.99
999.99
999.99
999.99
999.99
999.99
999.99
999.99
999.99
999.99
999.99
999.99
999.99
999.99
999.99
999.99
999.99
999.99
999.99
22.2533612645534
22.4354250871079
22.6103421432821
22.8209094076655
23.0168319877624
22.9677456445993
22.8681618084473
22.6480871080139
22.3860854933288
22.4507317073171
22.5236383105295
22.4478954703833
22.4990474207529
22.4463031358885
22.324502676978
22.052756097561
21.7856635506076
21.3795990481856
20.6146672473868
20.1127724993626
999.99
999.99
999.99
999.99
999.99
999.99
999.99
999.99
999.99
999.99
999.99
999.99
999.99
999.99
999.99
999.99
999.99
999.99
999.99
999.99
999.99
999.99
999.99
999.99
999.99
999.99
999.99
999.99
999.99
999.99
999.99
999.99
999.99
999.99
999.99
999.99
999.99
999.99
999.99
999.99
999.99
999.99
999.99
999.99
999.99
999.99
999.99
999.99
999.99
999.99
999.99
999.99
999.99
999.99
999.99
999.99
999.99
999.99
999.99
999.99
999.99
999.99
21.8450975609757
22.254253420583
22.6148780487804
22.7726198691256
22.7270731707317
22.7604247471743
22.7103902439024
22.57349851279
22.1420487804878
22.1475240928019
22.3261219512195
22.43899107674
22.1736097560976
22.2379202855443
22.2327804878049
22.1823599048186
22.1893170731707
22.0202926829268
21.5450464009518
20.9317195121952
999.99
999.99
999.99
999.99
999.99
999.99
999.99
999.99
999.99
999.99
999.99
999.99
999.99
999.99
999.99
999.99
999.99
999.99
999.99
999.99
999.99
999.99
999.99
999.99
999.99
999.99
999.99
999.99
999.99
999.99
999.99
999.99
999.99
999.99
999.99
999.99
999.99
999.99
999.99
999.99
999.99
999.99
999.99
999.99
999.99
999.99
999.99
999.99
999.99
999.99
999.99
999.99
999.99
999.99
999.99
999.99
999.99
999.99
999.99
999.99
999.99
999.99
999.99
22.2864246723082
22.7459077909569
22.7535442176871
22.6075055987892
22.6963962170234
22.7639350746842
22.637975194956
22.4120421962955
22.080537166086
22.1442505493572
22.206543636967
22.3240633227711
22.3415721752115
22.1334710914705
21.9543832752613
22.0347936420255
22.2025944084951
21.930503116059
21.3352955460589
20.4402955865273
999.99
999.99
999.99
999.99
999.99
999.99
999.99
999.99
999.99
999.99
999.99
999.99
999.99
999.99
999.99
999.99
999.99
999.99
999.99
999.99
999.99
999.99
999.99
999.99
999.99
999.99
999.99
999.99
999.99
999.99
999.99
999.99
999.99
999.99
999.99
999.99
999.99
999.99
999.99
999.99
999.99
999.99
999.99
999.99
999.99
999.99
999.99
999.99
999.99
999.99
999.99
999.99
999.99
999.99
999.99
999.99
999.99
999.99
999.99
999.99
999.99
999.99
999.99
999.99
22.9543969575933
22.8988815331011
22.8930700263449
22.6844425087108
22.6972747514235
22.6029616724738
22.5345296167247
22.4595644599303
22.261176425597
22.4496585365854
22.2782245262173
22.1267700348432
22.2183460525197
21.9371881533101
21.8187514234724
21.6584425087108
21.1287284779468
20.5582106739185
19.6751097560976
20.8189922665057
999.99
999.99
999.99
999.99
999.99
999.99
999.99
999.99
999.99
999.99
999.99
999.99
999.99
999.99
999.99
999.99
999.99
999.99
999.99
999.99
999.99
999.99
999.99
999.99
999.99
999.99
999.99
999.99
999.99
999.99
999.99
999.99
999.99
999.99
999.99
999.99
999.99
999.99
999.99
999.99
999.99
999.99
999.99
999.99
999.99
999.99
999.99
999.99
999.99
999.99
999.99
999.99
999.99
999.99
999.99
999.99
999.99
999.99
23.1476385391753
23.0077701420842
22.7477078148332
22.7284659863946
22.8170095404016
23.123028515987
22.8857702837233
22.9565796719639
23.0807925170068
23.0662767788853
22.9520572424092
22.8433514388504
22.8171080139373
22.7733699854719
22.3738776339803
21.634247267378
21.2847823129252
21.73077879623
21.4541510701842
21.3695852889639
999.99
999.99
999.99
999.99
999.99
999.99
999.99
999.99
999.99
999.99
999.99
999.99
999.99
999.99
999.99
999.99
999.99
999.99
999.99
999.99
999.99
999.99
999.99
999.99
999.99
999.99
999.99
999.99
999.99
999.99
999.99
999.99
999.99
999.99
999.99
999.99
999.99
999.99
999.99
999.99
999.99
999.99
999.99
999.99
999.99
999.99
999.99
999.99
999.99
999.99
999.99
999.99
999.99
999.99
999.99
999.99
999.99
999.99
999.99
999.99
22.4292090592334
23.0104094501572
23.1849965156794
22.9882667629812
22.942042066797
23.0999024390244
22.9753667884761
22.4669686411149
22.4049016741735
22.2212822299652
22.5709306535225
22.5740104529617
22.6604616299821
22.4460452961672
22.6091182969321
22.7737386759582
22.1934410639925
21.9079303135888
21.4261143027109
20.6412996515679
999.99
999.99
999.99
999.99
999.99
999.99
999.99
999.99
999.99
999.99
999.99
999.99
999.99
999.99
999.99
999.99
999.99
999.99
999.99
999.99
999.99
999.99
999.99
999.99
999.99
999.99
999.99
999.99
999.99
999.99
999.99
999.99
999.99
999.99
999.99
999.99
999.99
999.99
999.99
999.99
999.99
999.99
999.99
999.99
999.99
999.99
999.99
999.99
999.99
999.99
999.99
999.99
999.99
999.99
999.99
999.99
999.99
999.99
999.99
21.0592465571595
21.0752668196369
21.2475070516011
20.932807156414
21.4596369669819
21.4976530612245
21.3645021569603
22.0447899634571
22.4559379054418
22.2817028372325
21.9324072183305
21.8545042309607
21.8680605021307
21.7542797411648
21.664435473297
21.5138889165422
21.3644017449931
21.2054670648747
21.1777845224943
21.1565357557657
999.99
999.99
999.99
999.99
999.99
999.99
999.99
999.99
999.99
999.99
999.99
999.99
999.99
999.99
999.99
999.99
999.99
999.99
999.99
999.99
999.99
999.99
999.99
999.99
999.99
999.99
999.99
999.99
999.99
999.99
999.99
999.99
999.99
999.99
999.99
999.99
999.99
999.99
999.99
999.99
999.99
999.99
999.99
999.99
999.99
999.99
999.99
999.99
999.99
999.99
999.99
999.99
999.99
999.99
999.99
999.99
999.99
22.5197299651568
22.4009107674005
22.3180296167246
22.7647944250871
22.5843571428571
22.1885836661851
21.6856986062717
21.9529010792896
21.8979599303136
21.8598885017422
21.5349128919861
21.6063571853489
22.0551585365853
22.0939468853574
21.9882210418968
21.8836341463414
21.3997178550182
21.1682822299651
21.1851956318518
21.3071846689895
999.99
999.99
999.99
999.99
999.99
999.99
999.99
999.99
999.99
999.99
999.99
999.99
999.99
999.99
999.99
999.99
999.99
999.99
999.99
999.99
999.99
999.99
999.99
999.99
999.99
999.99
999.99
999.99
999.99
999.99
999.99
999.99
999.99
999.99
999.99
999.99
999.99
999.99
999.99
999.99
999.99
999.99
999.99
999.99
999.99
999.99
999.99
999.99
999.99
999.99
999.99
999.99
999.99
999.99
999.99
999.99
999.99
999.99
999.99
999.99
21.894240333135
21.9962560975609
22.1704765020821
22.086243902439
22.0300428316477
22.5485121951219
22.476756097561
22.3613658536585
22.1109071980964
21.8144024390244
21.4434759071981
21.1586463414634
21.0744366448543
20.6165731707317
21.5267352766211
21.8398902439024
21.6679262343843
21.4760856632957
21.6497073170732
21.5904229625222
20.8048292682924
20.2499333729923
20.4622195121951
20.5397906008329
999.99
999.99
999.99
999.99
999.99
999.99
999.99
999.99
999.99
999.99
999.99
999.99
999.99
999.99
999.99
999.99
999.99
999.99
999.99
999.99
999.99
999.99
999.99
999.99
999.99
999.99
999.99
999.99
999.99
999.99
999.99
999.99
999.99
999.99
999.99
999.99
999.99
999.99
999.99
999.99
999.99
999.99
999.99
999.99
999.99
999.99
999.99
999.99
999.99
999.99
999.99
22.20912543554
22.3548314778618
22.3494529616725
22.2295816265828
22.1863792810402
21.9874634146341
21.9226100110478
21.9704512195122
21.6514674938386
21.0495278745645
21.1473040707062
21.5964895470383
21.9744099600578
22.1184808362369
22.2531219512195
22.2713797909408
21.9887407155605
21.7257578397213
21.631520948415
21.586137630662
21.3787156454491
21.2594024390244
21.2008649613325
21.1573240418119
21.1191454916291
21.0114895045466
20.6881916376307
19.9077891561146
19.9523658536586
19.5873602447523
999.99
999.99
999.99
999.99
999.99
999.99
999.99
999.99
999.99
999.99
999.99
999.99
999.99
999.99
999.99
999.99
999.99
999.99
999.99
999.99
999.99
999.99
999.99
999.99
999.99
999.99
999.99
999.99
999.99
999.99
999.99
999.99
999.99
999.99
999.99
999.99
999.99
999.99
999.99
999.99
999.99
999.99
999.99
999.99
999.99
999.99
20.7994662190873
20.9098606271777
999.99
20.7434181184669
20.6671304495623
20.7743170731708
21.0671648678508
21.4615993031358
21.8344977479391
21.9592613240418
22.0275470383275
22.0277532081245
22.2528484320558
21.963576697544
21.0491620209058
20.6715366703492
31.1398536585323
21.7520278745644
22.2808240418119
22.2126673748619
22.0932073170732
22.1055052264808
21.9281341463414
21.8069198606272
21.9685418118467
21.9126683096796
21.7803379790941
21.4277444548313
21.080637630662
20.7100087532931
20.7726742160279
999.99
999.99
999.99
999.99
999.99
999.99
999.99
999.99
999.99
999.99
999.99
999.99
999.99
999.99
999.99
999.99
999.99
999.99
999.99
999.99
999.99
999.99
999.99
999.99
999.99
999.99
999.99
999.99
999.99
999.99
999.99
999.99
999.99
999.99
999.99
999.99
999.99
999.99
999.99
999.99
999.99
999.99
999.99
999.99
999.99
999.99
999.99
999.99
20.7022080151514
20.5376713124274
20.3376630164261
20.4048772191804
20.3007074829932
20.2974098224656
20.4069303985723
20.7796017919363
20.783822145872
20.932574581052
20.957380952381
21.0855647917704
21.1766071297049
21.4405754106521
21.2992200301894
21.2222999793612
21.2637942591671
21.6819804821393
22.0193617056578
22.2360952380952
22.0817733532438
21.8423996325479
21.7207030031525
21.661002594018
21.6397443172391
21.8550272108844
21.6828444499751
21.8953595041824
21.8829968475195
999.99
999.99
999.99
999.99
999.99
999.99
999.99
999.99
999.99
999.99
999.99
999.99
999.99
999.99
999.99
999.99
999.99
999.99
999.99
999.99
999.99
999.99
999.99
999.99
999.99
999.99
999.99
999.99
999.99
999.99
999.99
999.99
999.99
999.99
999.99
999.99
999.99
999.99
999.99
999.99
999.99
999.99
999.99
999.99
999.99
999.99
999.99
999.99
999.99
999.99
999.99
20.5970487804878
20.5915324211779
20.4962578397213
20.3306256479986
20.3071149825784
20.0677456445993
20.1561707317073
20.2682042151781
20.2694076655052
20.3947132659131
20.5731533101045
20.675078779638
20.7402578397212
20.7987264383445
20.792243902439
20.7057694399592
20.7311777003484
20.971604487125
21.1783321152376
21.2853205574913
21.332629302286
21.9033937282231
21.6121129429761
21.6781916376307
21.6744333305005
21.7364860627178
21.5845917396107
21.7916637630662
22.0006202090592
999.99
999.99
999.99
999.99
999.99
999.99
999.99
999.99
999.99
999.99
999.99
999.99
999.99
999.99
999.99
999.99
999.99
999.99
999.99
999.99
999.99
999.99
999.99
999.99
999.99
999.99
999.99
999.99
999.99
999.99
999.99
999.99
999.99
999.99
999.99
999.99
999.99
999.99
999.99
999.99
999.99
999.99
21.0529497181383
999.99
999.99
20.5796429401029
20.3362452864548
20.2644590177534
20.2978582314544
20.3131924672308
20.0247973468984
19.819619047619
19.9867930977269
20.132600917821
20.1659075825452
20.141260296147
20.0388866766219
19.8484803627578
20.1408740666999
19.9820796699406
20.143868591339
20.2556523247014
20.3057464741994
20.4722319966654
20.6244629168741
20.6541209111842
20.6447619047619
20.6472178165734
20.5858201426912
20.7279163358383
21.0101703998673
21.2534461549046
21.3570056777024
21.5238506719761
21.5567252485765
21.6202037497926
999.99
999.99
999.99
999.99
999.99
999.99
999.99
999.99
999.99
999.99
999.99
999.99
999.99
999.99
999.99
999.99
999.99
999.99
999.99
999.99
999.99
999.99
999.99
999.99
999.99
999.99
999.99
999.99
999.99
999.99
999.99
999.99
999.99
999.99
999.99
999.99
999.99
999.99
999.99
999.99
999.99
999.99
999.99
999.99
999.99
999.99
999.99
999.99
999.99
20.4166162998215
20.3367787456446
20.2949696609161
20.091543554007
20.0052124585706
19.9673919860627
19.8096943146087
19.7562648083624
19.7951405625903
19.9473675533271
20.0533240418118
20.0529874224526
20.0369303135889
20.1070953514064
19.9838083623693
20.0370797994391
20.383519163763
20.7165425342058
20.6259512195122
20.2955458485596
20.691456445993
21.1076327016232
21.1893031358885
21.1441932523158
21.0028222996516
21.0335769524943
999.99
999.99
999.99
999.99
999.99
999.99
999.99
999.99
999.99
999.99
999.99
999.99
999.99
999.99
999.99
999.99
999.99
999.99
999.99
999.99
999.99
999.99
999.99
999.99
999.99
999.99
999.99
999.99
999.99
999.99
999.99
999.99
999.99
999.99
999.99
999.99
999.99
999.99
999.99
999.99
999.99
999.99
999.99
999.99
999.99
999.99
999.99
999.99
999.99
999.99
999.99
999.99
999.99
999.99
999.99
999.99
999.99
20.0477054474377
19.8848855981417
19.7840105946007
19.7675104529617
19.7133285742613
19.7108519163763
19.7434456814254
19.8812218350755
19.9479444774936
20.0299353559389
20.0326550522648
20.144616526444
20.113724738676
20.1020139372823
20.3328037166086
20.5129352992833
20.2928815331011
20.8197348233761
20.8854494773519
999.99
999.99
21.0346657601768
999.99
999.99
999.99
999.99
999.99
999.99
999.99
999.99
999.99
999.99
999.99
999.99
999.99
999.99
999.99
999.99
999.99
999.99
999.99
999.99
999.99
999.99
999.99
999.99
999.99
999.99
999.99
999.99
999.99
999.99
999.99
999.99
999.99
999.99
999.99
999.99
999.99
999.99
999.99
999.99
999.99
999.99
999.99
999.99
999.99
999.99
999.99
999.99
999.99
999.99
999.99
999.99
999.99
999.99
999.99
999.99
999.99
999.99
999.99
999.99
999.99
19.6905060763151
19.5508379790941
19.5266867510835
19.4834808362369
19.5858514489674
19.6091898954704
19.7741396277726
19.7827351916376
19.758061528002
19.9737337469193
20.1769512195122
20.2424810911872
20.3154738675958
20.3057703747769
20.465756097561
999.99
999.99
999.99
999.99
999.99
999.99
999.99
999.99
999.99
999.99
999.99
999.99
999.99
999.99
999.99
999.99
999.99
999.99
999.99
999.99
999.99
999.99
999.99
999.99
999.99
999.99
999.99
999.99
999.99
999.99
999.99
999.99
999.99
999.99
999.99
999.99
999.99
999.99
999.99
999.99
999.99
999.99
999.99
999.99
999.99
999.99
999.99
999.99
999.99
999.99
999.99
999.99
999.99
999.99
999.99
999.99
999.99
999.99
999.99
999.99
999.99
999.99
999.99
999.99
999.99
999.99
999.99
999.99
19.6135219682162
19.5456463414634
19.453316138353
19.4032020905923
19.3710662020906
19.501543554007
19.5145644599303
19.5280888501742
19.7279725503527
19.9598070876179
20.0428745644599
20.1580439364324
999.99
999.99
999.99
999.99
999.99
999.99
999.99
999.99
999.99
999.99
999.99
999.99
999.99
999.99
999.99
999.99
999.99
999.99
999.99
999.99
999.99
999.99
999.99
999.99
999.99
999.99
999.99
999.99
999.99
999.99
999.99
999.99
999.99
999.99
999.99
999.99
999.99
999.99
999.99
999.99
999.99
999.99
999.99
999.99
999.99
999.99
999.99
999.99
999.99
999.99
999.99
999.99
999.99
999.99
999.99
999.99
999.99
999.99
999.99
999.99
999.99
999.99
999.99
999.99
999.99
999.99
999.99
999.99
999.99
999.99
999.99
999.99
19.0981550522648
19.0710034843206
999.99
999.99
999.99
999.99
999.99
999.99
999.99
999.99
999.99
999.99
999.99
999.99
999.99
999.99
999.99
999.99
999.99
999.99
999.99
999.99
999.99
999.99
999.99
999.99
999.99
999.99
999.99
999.99
999.99
999.99
999.99
999.99
999.99
999.99
999.99
999.99
999.99
999.99
999.99
999.99
999.99
999.99
999.99
999.99
999.99
999.99
999.99
999.99
999.99
999.99
999.99
999.99
999.99
999.99
999.99
999.99
999.99
999.99
999.99
999.99
999.99
999.99
999.99
999.99
999.99
999.99
999.99
999.99
999.99
999.99
999.99
999.99
999.99
999.99
999.99
999.99
999.99
999.99
999.99
999.99
999.99
999.99
999.99
999.99
999.99
999.99
999.99
999.99
999.99
999.99
999.99
999.99
999.99
999.99
999.99
999.99
999.99
999.99
999.99
999.99
999.99
999.99
999.99
999.99
999.99
999.99
999.99
999.99
999.99
999.99
999.99
999.99
999.99
999.99
999.99
999.99
999.99
999.99
999.99
999.99
999.99
999.99
999.99
999.99
999.99
999.99
999.99
999.99
999.99
999.99
999.99
999.99
999.99
999.99
999.99
999.99
999.99
999.99
999.99
999.99
999.99
999.99
999.99
999.99
999.99
999.99
999.99
999.99
999.99
999.99
999.99
999.99
999.99
999.99
999.99
999.99
999.99
999.99
999.99
999.99
999.99
999.99
999.99
999.99
999.99
999.99
999.99
999.99
999.99
999.99
999.99
999.99
999.99
999.99
999.99
999.99
999.99
999.99
999.99
999.99
999.99
999.99
999.99
999.99
999.99
999.99
999.99
999.99
999.99
999.99
999.99
999.99
999.99
999.99
999.99
999.99
999.99
999.99
999.99
999.99
999.99
999.99
999.99
999.99
999.99
999.99
999.99
999.99
999.99
999.99
999.99
999.99
999.99
999.99
999.99
999.99
999.99
999.99
999.99
999.99
999.99
999.99
999.99
999.99
999.99
999.99
999.99
999.99
999.99
999.99
999.99
999.99
999.99
999.99
999.99
999.99
999.99
999.99
999.99
999.99
999.99
999.99
999.99
999.99
999.99
999.99
999.99
999.99
999.99
999.99
999.99
999.99
999.99
999.99
999.99
999.99
999.99
999.99
999.99
999.99
999.99
999.99
999.99
999.99
999.99
999.99
999.99
999.99
999.99
999.99
999.99
999.99
999.99
999.99
999.99
999.99
999.99
999.99
999.99
999.99
999.99
999.99
999.99
999.99
999.99
999.99
999.99
999.99
999.99
999.99
999.99
999.99
999.99
999.99
999.99
999.99
999.99
999.99
999.99
999.99
999.99
999.99
999.99
999.99
999.99
999.99
999.99
999.99
999.99
999.99
999.99
999.99
999.99
999.99
999.99
999.99
999.99
999.99
999.99
999.99
999.99
999.99
999.99
999.99
999.99
999.99
999.99
999.99
999.99
999.99
999.99
999.99
999.99
999.99
999.99
999.99
999.99
999.99
999.99
999.99
999.99
999.99
999.99
999.99
999.99
999.99
999.99
999.99
999.99
999.99
999.99
999.99
999.99
999.99
999.99
999.99
999.99
999.99
999.99
999.99
999.99
999.99
999.99
999.99
999.99
999.99
999.99
999.99
999.99
999.99
999.99
999.99
999.99
999.99
999.99
999.99
999.99
999.99
999.99
999.99
999.99
999.99
999.99
999.99
999.99
999.99
999.99
999.99
999.99
999.99
999.99
999.99
999.99
999.99
999.99
999.99
999.99
999.99
999.99
999.99
999.99
999.99
999.99
999.99
999.99
999.99
999.99
999.99
999.99
999.99
999.99
