999.99
999.99
999.99
999.99
999.99
999.99
999.99
999.99
999.99
999.99
999.99
999.99
999.99
999.99
999.99
999.99
999.99
999.99
999.99
999.99
999.99
999.99
999.99
999.99
999.99
999.99
999.99
999.99
999.99
999.99
999.99
999.99
999.99
999.99
999.99
999.99
999.99
999.99
999.99
999.99
999.99
999.99
999.99
999.99
999.99
999.99
999.99
999.99
999.99
999.99
999.99
999.99
999.99
999.99
999.99
999.99
999.99
999.99
999.99
999.99
999.99
999.99
999.99
999.99
999.99
999.99
999.99
999.99
999.99
999.99
999.99
999.99
999.99
999.99
999.99
999.99
999.99
999.99
999.99
999.99
999.99
999.99
999.99
999.99
999.99
999.99
999.99
999.99
999.99
999.99
999.99
999.99
999.99
999.99
999.99
999.99
999.99
999.99
999.99
999.99
999.99
999.99
999.99
999.99
999.99
999.99
999.99
999.99
999.99
999.99
999.99
999.99
999.99
999.99
999.99
999.99
999.99
999.99
999.99
999.99
999.99
999.99
999.99
999.99
999.99
999.99
999.99
999.99
999.99
999.99
999.99
999.99
999.99
999.99
16.6106451092037
16.9686337214243
17.6961881533102
18.0729865726184
18.037700348432
18.0779663465624
18.5575070872115
15.3382388034334
20.0164738675959
15.8203839551288
16.3522299651567
16.0857237188748
15.9853519163763
16.0983977224441
16.2278641114983
16.339327441149
16.3459547038328
16.2437660406221
16.2368118466899
16.1129059233449
16.0443797909408
999.99
999.99
999.99
999.99
999.99
999.99
999.99
999.99
999.99
999.99
999.99
999.99
999.99
999.99
999.99
999.99
999.99
999.99
999.99
999.99
999.99
999.99
999.99
999.99
999.99
999.99
999.99
999.99
999.99
999.99
999.99
999.99
999.99
999.99
999.99
999.99
999.99
999.99
999.99
999.99
999.99
999.99
999.99
999.99
999.99
999.99
999.99
999.99
999.99
999.99
999.99
999.99
999.99
999.99
999.99
999.99
999.99
999.99
999.99
999.99
999.99
999.99
16.6494593657808
16.9472125556945
17.2739133897462
17.8747778593889
17.9432035838726
17.7287254003326
15.6217720258835
15.7124705107503
15.9082742658039
16.944407932596
16.6668422100547
16.0121122995303
16.079712294674
16.3130966018769
16.3109828272772
16.1955612244898
16.2692528621205
16.341012765725
16.2815744151319
16.2417633939953
16.0546475858636
999.99
999.99
999.99
999.99
999.99
999.99
999.99
999.99
999.99
999.99
999.99
999.99
999.99
999.99
999.99
999.99
999.99
999.99
999.99
999.99
999.99
999.99
999.99
999.99
999.99
999.99
999.99
999.99
999.99
999.99
999.99
999.99
999.99
999.99
999.99
999.99
999.99
999.99
999.99
999.99
999.99
999.99
999.99
999.99
999.99
999.99
999.99
999.99
999.99
999.99
999.99
999.99
999.99
999.99
999.99
999.99
999.99
999.99
999.99
999.99
999.99
999.99
17.2637153904988
17.5510684116597
17.6279547038328
17.4207954448878
15.9372473867596
28.7712476417103
15.7952299651567
15.9847686751083
16.0125958188153
16.1380753803009
16.3665923344948
16.3615644599303
16.4761567944251
16.3468166057619
16.2612473867596
16.3206798674258
16.3072648083624
16.1565556216538
16.1682996515679
15.9602314948585
15.6647351916376
999.99
999.99
999.99
999.99
999.99
999.99
999.99
999.99
999.99
999.99
999.99
999.99
999.99
999.99
999.99
999.99
999.99
999.99
999.99
999.99
999.99
999.99
999.99
999.99
999.99
999.99
999.99
999.99
999.99
999.99
999.99
999.99
999.99
999.99
999.99
999.99
999.99
999.99
999.99
999.99
999.99
999.99
999.99
999.99
999.99
999.99
999.99
999.99
999.99
999.99
999.99
999.99
999.99
999.99
999.99
999.99
999.99
999.99
999.99
999.99
999.99
999.99
17.7228096371207
18.0713598198351
18.0883170731707
17.4192862241862
16.276662020906
16.357242712671
16.3110139372822
16.2241222911532
16.1740975609756
16.0274512620039
16.4473066202091
16.4512787456446
16.4556864111498
16.412175235829
16.3999442508711
16.4463350046741
16.2790905923345
16.0631509305686
15.3643728222998
14.900275261324
37.5640940766565
999.99
999.99
999.99
999.99
999.99
999.99
999.99
999.99
999.99
999.99
999.99
999.99
999.99
999.99
999.99
999.99
999.99
999.99
999.99
999.99
999.99
999.99
999.99
999.99
999.99
999.99
999.99
999.99
999.99
999.99
999.99
999.99
999.99
999.99
999.99
999.99
999.99
999.99
999.99
999.99
999.99
999.99
999.99
999.99
999.99
999.99
999.99
999.99
999.99
999.99
999.99
999.99
999.99
999.99
999.99
999.99
999.99
999.99
999.99
999.99
999.99
999.99
999.99
17.1844966431546
16.8885261324042
16.2006185093907
16.2320278745645
16.2296508030934
16.3453344947735
16.2559756947395
16.341668989547
16.4961085238378
16.4625470383275
16.466827143707
16.4388850174216
16.4019943061103
16.3098885017422
16.1461149825784
16.0919233449477
16.0112500212459
15.6833449477353
15.2436506331266
37.8464808362383
18.5575070872115
999.99
999.99
999.99
999.99
999.99
999.99
999.99
999.99
999.99
999.99
999.99
999.99
999.99
999.99
999.99
999.99
999.99
999.99
999.99
999.99
999.99
999.99
999.99
999.99
999.99
999.99
999.99
999.99
999.99
999.99
999.99
999.99
999.99
999.99
999.99
999.99
999.99
999.99
999.99
999.99
999.99
999.99
999.99
999.99
999.99
999.99
999.99
999.99
999.99
999.99
999.99
999.99
999.99
999.99
999.99
999.99
999.99
999.99
999.99
999.99
999.99
18.8450297441999
37.9812480666279
18.5575070872115
16.3071653777513
16.2938850174216
16.1573511515255
30.734679442508
16.1230860882128
16.1941463414634
16.0818799184159
16.489637630662
16.5325338658961
16.5391114982578
16.5253630492054
16.2816271777003
16.1185461884932
16.077331010453
16.1060788646214
16.1187909407666
15.9278687006034
15.5146341463415
999.99
999.99
999.99
999.99
999.99
999.99
999.99
999.99
999.99
999.99
999.99
999.99
999.99
999.99
999.99
999.99
999.99
999.99
999.99
999.99
999.99
999.99
999.99
999.99
999.99
999.99
999.99
999.99
999.99
999.99
999.99
999.99
999.99
999.99
999.99
999.99
999.99
999.99
999.99
999.99
999.99
999.99
999.99
999.99
999.99
999.99
999.99
999.99
999.99
999.99
999.99
999.99
999.99
999.99
999.99
999.99
999.99
999.99
999.99
999.99
999.99
999.99
999.99
999.99
18.5575070872115
15.8646670632561
16.1668954703833
16.1111954618849
18.5575070872115
16.0464761904762
16.0096492450639
16.1678751876717
16.3754529616725
16.4772473584318
16.448406504065
16.2565085974901
16.3011300813008
16.3167737174584
16.3799523809524
16.4358336591031
16.4479465737515
16.1486091895414
15.5331022067364
15.1957158720716
18.5575070872115
999.99
999.99
999.99
999.99
999.99
999.99
999.99
999.99
999.99
999.99
999.99
999.99
999.99
999.99
999.99
999.99
999.99
999.99
999.99
999.99
999.99
999.99
999.99
999.99
999.99
999.99
999.99
999.99
999.99
999.99
999.99
999.99
999.99
999.99
999.99
999.99
999.99
999.99
999.99
999.99
999.99
999.99
999.99
999.99
999.99
999.99
999.99
999.99
999.99
999.99
999.99
999.99
999.99
999.99
999.99
999.99
999.99
999.99
999.99
999.99
999.99
999.99
999.99
16.1601602787456
16.341299651568
16.6518828928359
16.5435052264808
16.3167402906434
15.8974041811847
15.9880650123226
16.5477351916376
16.3056496983088
16.4429094076655
16.4068771139628
16.4774808362369
16.5102150930569
16.397724738676
16.4195574912892
16.5256306620209
16.5763266762981
16.3848327526132
16.164031358885
15.74899702558
15.5890505226481
999.99
999.99
999.99
999.99
999.99
999.99
999.99
999.99
999.99
999.99
999.99
999.99
999.99
999.99
999.99
999.99
999.99
999.99
999.99
999.99
999.99
999.99
999.99
999.99
999.99
999.99
999.99
999.99
999.99
999.99
999.99
999.99
999.99
999.99
999.99
999.99
999.99
999.99
999.99
999.99
999.99
999.99
999.99
999.99
999.99
999.99
999.99
999.99
999.99
999.99
999.99
999.99
999.99
999.99
999.99
999.99
999.99
999.99
18.5575070872115
18.5575070872115
18.5575070872115
18.5575070872115
16.5607034402102
16.7383792931807
16.8037047716171
16.8032147005144
16.4159274889015
16.5977551020408
16.6694757089034
16.8910706819313
16.5424045615867
16.5363666832587
16.5853543687552
16.5316706487473
16.5571422177438
16.6348274431724
16.629306122449
16.5528256180521
16.5786258139187
999.99
999.99
999.99
999.99
999.99
999.99
999.99
999.99
999.99
999.99
999.99
999.99
999.99
999.99
999.99
999.99
999.99
999.99
999.99
999.99
999.99
999.99
999.99
999.99
999.99
999.99
999.99
999.99
999.99
999.99
999.99
999.99
999.99
999.99
999.99
999.99
999.99
999.99
999.99
999.99
999.99
999.99
999.99
999.99
999.99
999.99
999.99
999.99
999.99
999.99
999.99
999.99
999.99
999.99
999.99
999.99
999.99
999.99
999.99
999.99
999.99
999.99
999.99
18.5575070872115
18.5575070872115
18.5575070872115
20.021426191895
17.0884355400698
17.0809201155775
17.0836132404181
16.7573948330077
16.4924320557491
16.6252420328036
16.6604599303137
16.8028945355656
17.0187665505226
17.0676005778873
16.9373240418118
16.9650723208974
16.9925714285714
16.9475545168692
16.9251637630662
16.7694005268973
16.6900592334495
999.99
999.99
999.99
999.99
999.99
999.99
999.99
999.99
999.99
999.99
999.99
999.99
999.99
999.99
999.99
999.99
999.99
999.99
999.99
999.99
999.99
999.99
999.99
999.99
999.99
999.99
999.99
999.99
999.99
999.99
999.99
999.99
999.99
999.99
999.99
999.99
999.99
999.99
999.99
999.99
999.99
999.99
999.99
999.99
999.99
999.99
999.99
999.99
999.99
999.99
999.99
999.99
999.99
999.99
999.99
999.99
999.99
999.99
999.99
999.99
999.99
999.99
18.5575070872115
18.5575070872115
18.5575070872115
18.5575070872115
18.5575070872115
18.5575070872115
17.1183446158951
18.5575070872115
18.5575070872115
18.5575070872115
16.9559371163099
18.5575070872115
18.5575070872115
17.0466861116844
17.0521755433881
17.013587118131
16.9920884353741
16.8654777525526
16.7903547370168
16.7621523267249
16.7958865107018
999.99
999.99
999.99
999.99
999.99
999.99
999.99
999.99
999.99
999.99
999.99
999.99
999.99
999.99
999.99
999.99
999.99
999.99
999.99
999.99
999.99
999.99
999.99
999.99
999.99
999.99
999.99
999.99
999.99
999.99
999.99
999.99
999.99
999.99
999.99
999.99
999.99
999.99
999.99
999.99
999.99
999.99
999.99
999.99
999.99
999.99
999.99
999.99
999.99
999.99
999.99
999.99
999.99
999.99
999.99
999.99
999.99
999.99
999.99
999.99
999.99
999.99
999.99
999.99
999.99
999.99
17.2806933797909
17.3452562250361
16.7668989547038
18.5575070872115
18.5575070872115
16.2500933118042
17.1716271777004
17.1499884422538
17.503968641115
22.7272104189681
17.1275470383276
17.3045428741396
17.3251114982578
17.3041945270672
17.1850522648084
17.1116262428827
17.0431602787456
16.9037390158919
16.7468521288349
16.6229651567944
16.4678030933968
999.99
999.99
999.99
999.99
999.99
999.99
999.99
999.99
999.99
999.99
999.99
999.99
999.99
999.99
999.99
999.99
999.99
999.99
999.99
999.99
999.99
999.99
999.99
999.99
999.99
999.99
999.99
999.99
999.99
999.99
999.99
999.99
999.99
999.99
999.99
999.99
999.99
999.99
999.99
999.99
999.99
999.99
999.99
999.99
999.99
999.99
999.99
999.99
999.99
999.99
999.99
999.99
999.99
999.99
999.99
999.99
999.99
999.99
999.99
999.99
999.99
999.99
18.5575070872115
17.2949120421518
16.8816236933797
17.1163438429506
17.2550801393728
17.2631210164018
17.0237351916376
18.5575070872115
18.5575070872115
17.3044693634741
17.221393728223
17.4143488569729
17.3430557491289
17.2446413699329
17.1753101045296
17.064620548993
17.046456445993
17.0207136058469
16.8929163763066
16.887968641115
16.6670528596923
999.99
999.99
999.99
999.99
999.99
999.99
999.99
999.99
999.99
999.99
999.99
999.99
999.99
999.99
999.99
999.99
999.99
999.99
999.99
999.99
999.99
999.99
999.99
999.99
999.99
999.99
999.99
999.99
999.99
999.99
999.99
999.99
999.99
999.99
999.99
999.99
999.99
999.99
999.99
999.99
999.99
999.99
999.99
999.99
999.99
999.99
999.99
999.99
999.99
999.99
999.99
999.99
999.99
999.99
999.99
999.99
999.99
999.99
999.99
999.99
999.99
999.99
17.1639756097561
17.2690761451517
17.1656585365854
17.213246876859
17.2056097560976
17.3056531826294
17.2221707317073
17.2015782272457
17.3599268292683
17.3220761451517
17.1870487804878
17.3855342058299
17.3531707317073
17.2858536585366
17.4896829268293
17.5130630577037
17.3737804878049
17.1605681142177
17.1558471148126
17.2303292682927
17.2388602022606
999.99
999.99
999.99
999.99
999.99
999.99
999.99
999.99
999.99
999.99
999.99
999.99
999.99
999.99
999.99
999.99
999.99
999.99
999.99
999.99
999.99
999.99
999.99
999.99
999.99
999.99
999.99
999.99
999.99
999.99
999.99
999.99
999.99
999.99
999.99
999.99
999.99
999.99
999.99
999.99
999.99
999.99
999.99
999.99
999.99
999.99
999.99
999.99
999.99
999.99
999.99
999.99
999.99
999.99
999.99
999.99
999.99
999.99
999.99
999.99
999.99
999.99
999.99
17.6680815840911
17.6715087108014
17.7014312908983
17.6910766550523
17.617927764086
17.5456585365854
17.8072664230475
17.6107526132404
17.344451686921
17.3470069686411
17.4041958018186
17.5733170731707
17.6302767060424
17.5472160278746
17.5739453556556
17.391181184669
17.3147266932948
17.4350249001444
17.3230871080139
17.1016921900229
16.7362404181184
999.99
999.99
999.99
999.99
999.99
999.99
999.99
999.99
999.99
999.99
999.99
999.99
999.99
999.99
999.99
999.99
999.99
999.99
999.99
999.99
999.99
999.99
999.99
999.99
999.99
999.99
999.99
999.99
999.99
999.99
999.99
999.99
999.99
999.99
999.99
999.99
999.99
999.99
999.99
999.99
999.99
999.99
999.99
999.99
999.99
999.99
999.99
999.99
999.99
999.99
999.99
999.99
999.99
999.99
999.99
999.99
999.99
999.99
999.99
999.99
999.99
999.99
17.8055977228488
17.6948070350092
17.7460487238322
17.7821390409823
17.6809245428094
17.6654761904762
17.61920740408
17.524493612079
17.4208639516485
17.6285365853659
17.8824693877551
17.7590049776008
17.6605115091843
17.6405511863282
17.5327380203718
17.563487390078
17.6548924615652
17.7606742787537
17.6807610751618
17.4824829810568
17.3890554172888
999.99
999.99
999.99
999.99
999.99
999.99
999.99
999.99
999.99
999.99
999.99
999.99
999.99
999.99
999.99
999.99
999.99
999.99
999.99
999.99
999.99
999.99
999.99
999.99
999.99
999.99
999.99
999.99
999.99
999.99
999.99
999.99
999.99
999.99
999.99
999.99
999.99
999.99
999.99
999.99
999.99
999.99
999.99
999.99
999.99
999.99
999.99
999.99
999.99
999.99
999.99
999.99
999.99
999.99
999.99
999.99
999.99
999.99
999.99
999.99
999.99
999.99
999.99
999.99
17.6093559105974
17.739912891986
17.7479199456106
17.6746968641115
17.810213138438
17.6420383275261
17.6413634741225
17.8690034843206
17.9363181779553
17.9577595818815
17.8494278915612
17.8063414634146
17.9231900229455
17.7838850174216
17.8253390838786
17.7587663805558
17.7582630662021
17.7605295317413
17.5933048780487
17.4306254780318
16.7912526132404
999.99
999.99
999.99
999.99
999.99
999.99
999.99
999.99
999.99
999.99
999.99
999.99
999.99
999.99
999.99
999.99
999.99
999.99
999.99
999.99
999.99
999.99
999.99
999.99
999.99
999.99
999.99
999.99
999.99
999.99
999.99
999.99
999.99
999.99
999.99
999.99
999.99
999.99
999.99
999.99
999.99
999.99
999.99
999.99
999.99
999.99
999.99
999.99
999.99
999.99
999.99
999.99
999.99
999.99
999.99
999.99
999.99
999.99
999.99
999.99
999.99
999.99
17.9486490063009
17.9380387423262
17.8997677807589
17.7926709805873
17.8532415107625
18.0178739007798
17.8493333333333
17.6303617886178
17.4194319363677
17.8338218848515
17.9242915639784
17.8136734693877
17.9134808443306
17.9012699518832
17.7999306373353
17.9923688240317
18.1021349759416
18.2499510738263
18.2222239090758
18.0489396597426
17.4071319064211
999.99
999.99
999.99
999.99
999.99
999.99
999.99
999.99
999.99
999.99
999.99
999.99
999.99
999.99
999.99
999.99
999.99
999.99
999.99
999.99
999.99
999.99
999.99
999.99
999.99
999.99
999.99
999.99
999.99
999.99
999.99
999.99
999.99
999.99
999.99
999.99
999.99
999.99
999.99
999.99
999.99
999.99
999.99
999.99
999.99
999.99
999.99
999.99
999.99
999.99
999.99
999.99
999.99
999.99
999.99
999.99
999.99
999.99
999.99
999.99
999.99
18.5086202090592
18.6062123735871
18.5998850174216
18.4537883912637
18.3399512195122
18.4297266083114
18.2224181184669
18.3745864706382
18.3028780487805
18.4249945610606
17.8411672473868
17.5156896405201
17.4857874564459
17.9379572533356
18.0150104529617
18.0196046570919
18.3002627687601
18.4464181184669
18.3445226480836
18.234649825784
18.0414667289879
999.99
999.99
999.99
999.99
999.99
999.99
999.99
999.99
999.99
999.99
999.99
999.99
999.99
999.99
999.99
999.99
999.99
999.99
999.99
999.99
999.99
999.99
999.99
999.99
999.99
999.99
999.99
999.99
999.99
999.99
999.99
999.99
999.99
999.99
999.99
999.99
999.99
999.99
999.99
999.99
999.99
999.99
999.99
999.99
999.99
999.99
999.99
999.99
999.99
999.99
999.99
999.99
999.99
999.99
999.99
999.99
999.99
999.99
999.99
999.99
999.99
999.99
999.99
999.99
999.99
18.2380278239791
18.2944785133566
18.23
18.20781251037
18.0799284358598
17.9913784635805
18.3161680223547
18.3001744649079
18.1176710696176
18.3055342624855
18.3410961789832
18.5761197942592
18.6103197278912
18.5598615802061
18.4243425418948
18.3224923231636
18.2646441015431
17.9502891156463
17.5108734030198
23.4114359973656
18.5575070872115
999.99
999.99
999.99
999.99
999.99
999.99
999.99
999.99
999.99
999.99
999.99
999.99
999.99
999.99
999.99
999.99
999.99
999.99
999.99
999.99
999.99
999.99
999.99
999.99
999.99
999.99
999.99
999.99
999.99
999.99
999.99
999.99
999.99
999.99
999.99
999.99
999.99
999.99
999.99
999.99
999.99
999.99
999.99
999.99
999.99
999.99
999.99
999.99
999.99
999.99
999.99
999.99
999.99
999.99
999.99
999.99
999.99
999.99
999.99
999.99
999.99
18.349243902439
18.3780933967876
18.4579756097561
18.4684045211184
18.4320975609756
18.5946757882213
18.5666585365854
18.5199815585961
18.6580243902439
18.7456751933373
18.5782682926829
18.4197715645449
18.4412195121951
18.5751130279595
18.5350446162998
17.962756097561
17.8456103509816
17.8254634146341
16.9628976799525
18.5575070872115
999.99
999.99
999.99
999.99
999.99
999.99
999.99
999.99
999.99
999.99
999.99
999.99
999.99
999.99
999.99
999.99
999.99
999.99
999.99
999.99
999.99
999.99
999.99
999.99
999.99
999.99
999.99
999.99
999.99
999.99
999.99
999.99
999.99
999.99
999.99
999.99
999.99
999.99
999.99
999.99
999.99
999.99
999.99
999.99
999.99
999.99
999.99
999.99
999.99
999.99
999.99
999.99
999.99
999.99
999.99
999.99
999.99
999.99
999.99
999.99
999.99
999.99
17.4444165887652
18.1242508710801
17.8828948754993
18.5575070872115
18.5575070872115
18.5474912891986
18.762014277216
18.7209198606272
18.7090082433925
18.7279930313589
18.7427165802667
18.6798222996517
17.8665924194782
17.8423344947735
17.7498647913657
18.1621254355402
18.2206567944251
17.8196640605082
17.2707804878048
17.0040084133594
999.99
999.99
999.99
999.99
999.99
999.99
999.99
999.99
999.99
999.99
999.99
999.99
999.99
999.99
999.99
999.99
999.99
999.99
999.99
999.99
999.99
999.99
999.99
999.99
999.99
999.99
999.99
999.99
999.99
999.99
999.99
999.99
999.99
999.99
999.99
999.99
999.99
999.99
999.99
999.99
999.99
999.99
999.99
999.99
999.99
999.99
999.99
999.99
999.99
999.99
999.99
999.99
999.99
999.99
999.99
999.99
999.99
999.99
999.99
999.99
999.99
999.99
999.99
999.99
18.0382229965157
36.9410781847592
17.5479163763067
18.1619865726184
18.7182787456446
30.4615628452548
18.6485783972126
18.6350318687856
17.8968118466899
17.7973763066202
18.5575070872115
17.6259724653692
17.8593588850174
17.5652193422282
17.4926466389054
17.4718362369338
17.3230664570408
17.1110400696864
16.8594415738931
18.5575070872115
999.99
999.99
999.99
999.99
999.99
999.99
999.99
999.99
999.99
999.99
999.99
999.99
999.99
999.99
999.99
999.99
999.99
999.99
999.99
999.99
999.99
999.99
999.99
999.99
999.99
999.99
999.99
999.99
999.99
999.99
999.99
999.99
999.99
999.99
999.99
999.99
999.99
999.99
999.99
999.99
999.99
999.99
999.99
999.99
999.99
999.99
999.99
999.99
999.99
999.99
999.99
999.99
999.99
999.99
999.99
999.99
999.99
999.99
999.99
999.99
999.99
17.4882369337979
18.3974326506331
18.4608432055749
18.5151522053199
18.2906550522648
18.5086885357355
35.5028362369287
18.2272023455426
18.1974425087108
18.0846932948075
18.1480592334495
18.1437789581032
17.9209895470383
17.984007138608
17.9310662020906
17.9273626242883
18.1751286649103
17.9263257839721
17.5821975864706
17.2389599303136
999.99
999.99
999.99
999.99
999.99
999.99
999.99
999.99
999.99
999.99
999.99
999.99
999.99
999.99
999.99
999.99
999.99
999.99
999.99
999.99
999.99
999.99
999.99
999.99
999.99
999.99
999.99
999.99
999.99
999.99
999.99
999.99
999.99
999.99
999.99
999.99
999.99
999.99
999.99
999.99
999.99
999.99
999.99
999.99
999.99
999.99
999.99
999.99
999.99
999.99
999.99
999.99
999.99
999.99
999.99
999.99
999.99
999.99
999.99
999.99
999.99
999.99
999.99
999.99
18.7584034163338
18.7895121951219
18.6902719469703
18.7059825783972
18.4307340868531
18.2867839721254
17.8026400101979
18.3208466898955
18.2644107249086
18.4042578397213
18.2042433075551
18.1311114982578
18.1760586385654
18.2633170731707
18.5137232089742
18.6348954703833
18.598893728223
18.6849808787286
18.1633222996515
17.7201944420838
999.99
999.99
999.99
999.99
999.99
999.99
999.99
999.99
999.99
999.99
999.99
999.99
999.99
999.99
999.99
999.99
999.99
999.99
999.99
999.99
999.99
999.99
999.99
999.99
999.99
999.99
999.99
999.99
999.99
999.99
999.99
999.99
999.99
999.99
999.99
999.99
999.99
999.99
999.99
999.99
999.99
999.99
999.99
999.99
999.99
999.99
999.99
999.99
999.99
999.99
999.99
999.99
999.99
999.99
999.99
999.99
999.99
999.99
999.99
999.99
999.99
999.99
18.6667038327526
18.7174755672644
18.2725923344948
18.4072295402397
18.5913693379791
18.3357816775729
18.2351393728223
18.1245817115662
17.8934076655053
18.2092499362625
18.7009581881533
18.8697956148551
18.4142891986063
18.4013414634146
18.7254738675958
18.9299320982409
19.0410531146426
18.9960522648084
18.7172950624628
18.3775522648083
999.99
999.99
999.99
999.99
999.99
999.99
999.99
999.99
999.99
999.99
999.99
999.99
999.99
999.99
999.99
999.99
999.99
999.99
999.99
999.99
999.99
999.99
999.99
999.99
999.99
999.99
999.99
999.99
999.99
999.99
999.99
999.99
999.99
999.99
999.99
999.99
999.99
999.99
999.99
999.99
999.99
999.99
999.99
999.99
999.99
999.99
999.99
999.99
999.99
999.99
999.99
999.99
999.99
999.99
999.99
999.99
999.99
999.99
999.99
999.99
999.99
999.99
999.99
999.99
999.99
18.3301791936287
18.6805275042795
18.1495460428073
17.8818788864743
17.619300149328
17.2173916279183
18.3784733698359
19.0672548167394
19.0530233947237
18.8519083028809
18.6787446490792
18.587638796149
18.7368680935789
18.7015576005536
18.963693877551
18.9871485813838
18.7998522988017
18.5583713290194
18.0997365149511
17.284693877551
999.99
999.99
999.99
999.99
999.99
999.99
999.99
999.99
999.99
999.99
999.99
999.99
999.99
999.99
999.99
999.99
999.99
999.99
999.99
999.99
999.99
999.99
999.99
999.99
999.99
999.99
999.99
999.99
999.99
999.99
999.99
999.99
999.99
999.99
999.99
999.99
999.99
999.99
999.99
999.99
999.99
999.99
999.99
999.99
999.99
999.99
999.99
999.99
999.99
999.99
999.99
999.99
999.99
999.99
999.99
999.99
999.99
999.99
999.99
999.99
999.99
999.99
999.99
18.457
18.1131397977394
18.0708536585366
17.9808239143367
18.2368048780488
18.2381255205235
18.3417804878049
18.5575070872115
18.5575070872115
18.5575070872115
18.4039268292683
18.3763813206425
18.405243902439
18.5936793575253
18.8129601427722
18.7919512195122
18.8125229030339
18.4784634146341
18.2018905413445
17.9419146341463
999.99
999.99
999.99
999.99
999.99
999.99
999.99
999.99
999.99
999.99
999.99
999.99
999.99
999.99
999.99
999.99
999.99
999.99
999.99
999.99
999.99
999.99
999.99
999.99
999.99
999.99
999.99
999.99
999.99
999.99
999.99
999.99
999.99
999.99
999.99
999.99
999.99
999.99
999.99
999.99
999.99
999.99
999.99
999.99
999.99
999.99
999.99
999.99
999.99
999.99
999.99
999.99
999.99
999.99
999.99
999.99
999.99
999.99
999.99
999.99
999.99
999.99
17.9890356687589
18.1793056246889
18.3163780669912
18.217787456446
18.1613544780196
18.1310846192135
18.0400932753827
18.07056246889
18.4131944420838
18.4844823295172
18.6680545593609
18.5575070872115
18.5575070872115
18.4124275759084
18.408514501815
18.6395925408831
18.6968987058238
18.456860857847
18.3673695868591
18.1293242724812
999.99
999.99
999.99
999.99
999.99
999.99
999.99
999.99
999.99
999.99
999.99
999.99
999.99
999.99
999.99
999.99
999.99
999.99
999.99
999.99
999.99
999.99
999.99
999.99
999.99
999.99
999.99
999.99
999.99
999.99
999.99
999.99
999.99
999.99
999.99
999.99
999.99
999.99
999.99
999.99
999.99
999.99
999.99
999.99
999.99
999.99
999.99
999.99
999.99
999.99
999.99
999.99
999.99
999.99
999.99
999.99
999.99
999.99
999.99
999.99
999.99
999.99
999.99
18.6501717515085
18.3907979094077
18.4183164782867
17.7934320557491
18.0959415314014
17.8759895470383
17.937965666695
18.0555191637631
18.4396160448713
18.6901742160279
18.9810155519673
18.3733066202091
18.4120026344862
17.1697386759582
18.1679795189939
18.6857782782357
18.3982421602788
17.9751144726778
17.9391585365854
17.5800218407411
999.99
999.99
999.99
999.99
999.99
999.99
999.99
999.99
999.99
999.99
999.99
999.99
999.99
999.99
999.99
999.99
999.99
999.99
999.99
999.99
999.99
999.99
999.99
999.99
999.99
999.99
999.99
999.99
999.99
999.99
999.99
999.99
999.99
999.99
999.99
999.99
999.99
999.99
999.99
999.99
999.99
999.99
999.99
999.99
999.99
999.99
999.99
999.99
999.99
999.99
999.99
999.99
999.99
999.99
999.99
999.99
999.99
999.99
999.99
999.99
999.99
17.8598974250022
18.4528083623693
18.2741351236509
18.0684320557491
17.9326232684626
18.1508571428571
18.3120545593609
18.4107595818815
18.5908565479732
18.553700348432
18.4754981728563
18.4987317073171
18.6903674683437
18.6525783972126
18.669381830543
18.1406829268293
17.9800450412169
18.0999848729498
18.2367299651568
18.044425087108
999.99
999.99
999.99
999.99
999.99
999.99
999.99
999.99
999.99
999.99
999.99
999.99
999.99
999.99
999.99
999.99
999.99
999.99
999.99
999.99
999.99
999.99
999.99
999.99
999.99
999.99
999.99
999.99
999.99
999.99
999.99
999.99
999.99
999.99
999.99
999.99
999.99
999.99
999.99
999.99
999.99
999.99
999.99
999.99
999.99
999.99
999.99
999.99
999.99
999.99
999.99
999.99
999.99
999.99
999.99
999.99
999.99
999.99
999.99
999.99
999.99
999.99
999.99
999.99
18.2004773519164
18.1870069686411
18.4256167247387
18.7433240418118
18.7700940766551
18.8127566074615
18.6209163763066
18.5555500127475
18.5186794425087
18.6271219512195
18.6395818815331
18.6095262173876
18.5244041811847
18.6332169626923
18.7241393728223
18.7082542704173
18.6802571598538
18.4038850174216
18.0525082858842
17.3162857142856
999.99
999.99
999.99
999.99
999.99
999.99
999.99
999.99
999.99
999.99
999.99
999.99
999.99
999.99
999.99
999.99
999.99
999.99
999.99
999.99
999.99
999.99
999.99
999.99
999.99
999.99
999.99
999.99
999.99
999.99
999.99
999.99
999.99
999.99
999.99
999.99
999.99
999.99
999.99
999.99
999.99
999.99
999.99
999.99
999.99
999.99
999.99
999.99
999.99
999.99
999.99
999.99
999.99
999.99
999.99
999.99
999.99
999.99
999.99
999.99
999.99
999.99
999.99
18.6157665505226
18.6906455341208
18.8547839721254
18.7593235319113
18.6434529616725
18.5922695674343
18.6243519163763
18.7649574233025
18.8127909407665
18.759651312994
18.6351219512195
18.3479054984279
18.3764146341464
18.307181184669
18.4388048780488
18.6511308744795
18.3730665420243
18.183362369338
17.4915795019971
16.9979407665505
999.99
999.99
999.99
999.99
999.99
999.99
999.99
999.99
999.99
999.99
999.99
999.99
999.99
999.99
999.99
999.99
999.99
999.99
999.99
999.99
999.99
999.99
999.99
999.99
999.99
999.99
999.99
999.99
999.99
999.99
999.99
999.99
999.99
999.99
999.99
999.99
999.99
999.99
999.99
999.99
999.99
999.99
999.99
999.99
999.99
999.99
999.99
999.99
999.99
999.99
999.99
999.99
999.99
999.99
999.99
999.99
999.99
999.99
999.99
999.99
999.99
999.99
18.5990215008073
18.6176864111498
18.8102548653013
18.7456655052265
18.7790357780233
18.7347979094077
18.7365906348262
18.6953797909408
18.6080433415484
18.6061602787456
18.6518157559276
18.7201358885017
18.6091484660491
18.3940975609756
18.3079968556132
18.275968641115
18.2610069686411
18.2236256479986
17.8623867595819
17.4907386759582
999.99
999.99
999.99
999.99
999.99
999.99
999.99
999.99
999.99
999.99
999.99
999.99
999.99
999.99
999.99
999.99
999.99
999.99
999.99
999.99
999.99
999.99
999.99
999.99
999.99
999.99
999.99
999.99
999.99
999.99
999.99
999.99
999.99
999.99
999.99
999.99
999.99
999.99
999.99
999.99
999.99
999.99
999.99
999.99
999.99
999.99
999.99
999.99
999.99
999.99
999.99
999.99
999.99
999.99
999.99
999.99
999.99
999.99
999.99
999.99
999.99
999.99
18.5720487804878
18.8216966091612
18.8744390243902
18.9658494943486
18.9752195121951
18.9289351576443
18.7789268292683
18.7147715645449
18.6745609756098
18.7506157049375
18.7669268292683
18.6325776323617
18.5115121951219
18.4828292682927
18.4616829268293
18.060516954194
18.5575070872115
18.5575070872115
18.3133349196906
17.7785853658537
999.99
999.99
999.99
999.99
999.99
999.99
999.99
999.99
999.99
999.99
999.99
999.99
999.99
999.99
999.99
999.99
999.99
999.99
999.99
999.99
999.99
999.99
999.99
999.99
999.99
999.99
999.99
999.99
999.99
999.99
999.99
999.99
999.99
999.99
999.99
999.99
999.99
999.99
999.99
999.99
999.99
999.99
999.99
999.99
999.99
999.99
999.99
999.99
999.99
999.99
999.99
999.99
999.99
999.99
999.99
999.99
999.99
999.99
999.99
999.99
999.99
999.99
999.99
18.9360816326531
18.8733120409377
18.8417414965986
18.8603122817241
18.8130493612079
18.8393449376181
18.5331031192964
18.3744276345875
18.5630243072839
18.3534028639415
18.3434727061557
18.6035496768608
18.2868145014103
18.0961217569718
18.1117289696366
18.4542182070924
18.2628854322217
18.232694199274
17.8421167813943
17.4980827940933
999.99
999.99
999.99
999.99
999.99
999.99
999.99
999.99
999.99
999.99
999.99
999.99
999.99
999.99
999.99
999.99
999.99
999.99
999.99
999.99
999.99
999.99
999.99
999.99
999.99
999.99
999.99
999.99
999.99
999.99
999.99
999.99
999.99
999.99
999.99
999.99
999.99
999.99
999.99
999.99
999.99
999.99
999.99
999.99
999.99
999.99
999.99
999.99
999.99
999.99
999.99
999.99
999.99
999.99
999.99
999.99
999.99
999.99
999.99
999.99
999.99
999.99
999.99
999.99
18.8038064077505
18.8237979094076
18.915094841506
18.5074947735192
18.5435161043596
18.4898362369339
18.683756097561
18.4348850174216
18.1182973570154
18.1863344947735
18.2635854508371
19.4376097560952
18.6715113452855
18.5575070872115
18.3594669839381
18.1602648083624
18.1253366193592
17.813373502167
17.3337804878049
18.6674193082325
999.99
999.99
999.99
999.99
999.99
999.99
999.99
999.99
999.99
999.99
999.99
999.99
999.99
999.99
999.99
999.99
999.99
999.99
999.99
999.99
999.99
999.99
999.99
999.99
999.99
999.99
999.99
999.99
999.99
999.99
999.99
999.99
999.99
999.99
999.99
999.99
999.99
999.99
999.99
999.99
999.99
999.99
999.99
999.99
999.99
999.99
999.99
999.99
999.99
999.99
999.99
999.99
999.99
999.99
999.99
999.99
999.99
999.99
18.5389151076254
18.5762961065449
18.6274337149494
18.7086224489796
18.4857384270781
18.3874763523494
18.6088915712627
18.2546132282776
18.4233979591837
18.5355086521223
17.8502739339638
17.500632968714
17.6035572424091
17.5211671199116
18.5575070872115
18.5575070872115
18.5575070872115
18.5575070872115
18.5575070872115
18.0062594746406
999.99
999.99
999.99
999.99
999.99
999.99
999.99
999.99
999.99
999.99
999.99
999.99
999.99
999.99
999.99
999.99
999.99
999.99
999.99
999.99
999.99
999.99
999.99
999.99
999.99
999.99
999.99
999.99
999.99
999.99
999.99
999.99
999.99
999.99
999.99
999.99
999.99
999.99
999.99
999.99
999.99
999.99
999.99
999.99
999.99
999.99
999.99
999.99
999.99
999.99
999.99
999.99
999.99
999.99
999.99
999.99
999.99
999.99
999.99
999.99
18.3211219512195
18.2775437239738
18.4715923344948
18.4781479561486
18.5298697204045
18.3956027874564
18.3862405031019
18.243975609756
18.0856805472933
18.1473275261325
18.4001793150336
18.5159094076655
18.0457311974165
17.9492229965157
18.2685070111328
18.3489790940767
18.6523306705192
18.5844041811846
18.5645057363814
18.5575070872115
999.99
999.99
999.99
999.99
999.99
999.99
999.99
999.99
999.99
999.99
999.99
999.99
999.99
999.99
999.99
999.99
999.99
999.99
999.99
999.99
999.99
999.99
999.99
999.99
999.99
999.99
999.99
999.99
999.99
999.99
999.99
999.99
999.99
999.99
999.99
999.99
999.99
999.99
999.99
999.99
999.99
999.99
999.99
999.99
999.99
999.99
999.99
999.99
999.99
999.99
999.99
999.99
999.99
999.99
999.99
999.99
999.99
999.99
999.99
18.0645418948067
18.216710724504
18.0317641446822
17.806376573711
17.8592978264477
18.0012585034014
17.8740850340136
18.00175029036
17.9894295608785
18.0818593827775
18.4632019833513
18.8514139704663
19.0621130158191
19.1099868093579
19.0965162358816
19.0111395387423
19.0494307041079
18.8921804380288
18.6855641402308
18.7145360876058
999.99
999.99
999.99
999.99
999.99
999.99
999.99
999.99
999.99
999.99
999.99
999.99
999.99
999.99
999.99
999.99
999.99
999.99
999.99
999.99
999.99
999.99
999.99
999.99
999.99
999.99
999.99
999.99
999.99
999.99
999.99
999.99
999.99
999.99
999.99
999.99
999.99
999.99
999.99
999.99
999.99
999.99
999.99
999.99
999.99
999.99
999.99
999.99
999.99
999.99
999.99
999.99
999.99
999.99
999.99
999.99
999.99
18.4123710801394
18.4193729922665
18.3594163763066
18.3355087108014
18.2924216027875
18.3683084898445
18.2998257839721
18.3027639160364
18.2207003484321
18.2245679442509
18.0743710801394
18.073459420413
18.0672160278745
18.3192954023965
18.4733983173281
18.7996829268293
18.9353398487295
19.0152299651568
19.0844499022691
19.3190139372823
999.99
999.99
999.99
999.99
999.99
999.99
999.99
999.99
999.99
999.99
999.99
999.99
999.99
999.99
999.99
999.99
999.99
999.99
999.99
999.99
999.99
999.99
999.99
999.99
999.99
999.99
999.99
999.99
999.99
999.99
999.99
999.99
999.99
999.99
999.99
999.99
999.99
999.99
999.99
999.99
999.99
999.99
999.99
999.99
999.99
999.99
999.99
999.99
999.99
999.99
999.99
999.99
999.99
999.99
999.99
999.99
999.99
999.99
999.99
999.99
18.57499702558
18.5953658536586
18.572762641285
18.5440853658537
18.5104533016062
18.3742317073171
18.3263902439024
18.289256097561
18.0654396192742
18.0769390243903
18.0925359904819
17.8271707317073
17.6416139202856
18.5990609756097
18.7903622843545
18.9189146341463
19.1226591314694
19.0651076740036
19.0315365853658
19.0201558596074
19.1209024390244
19.2047227840571
19.2964878048781
19.1733825104105
999.99
999.99
999.99
999.99
999.99
999.99
999.99
999.99
999.99
999.99
999.99
999.99
999.99
999.99
999.99
999.99
999.99
999.99
999.99
999.99
999.99
999.99
999.99
999.99
999.99
999.99
999.99
999.99
999.99
999.99
999.99
999.99
999.99
999.99
999.99
999.99
999.99
999.99
999.99
999.99
999.99
999.99
999.99
999.99
999.99
999.99
999.99
999.99
999.99
999.99
999.99
18.4886689895471
18.5250847284779
18.6306306620209
18.7110404521118
18.7820264298462
18.8893153310105
18.8816656751933
18.9957665505227
18.9210458060678
18.8124529616725
18.8352989717005
18.748712543554
18.5438817030679
18.3091620209059
18.2325087108014
18.0640017421603
18.1266830118127
18.0221724738676
17.9947139457806
18.5945557491289
18.9143002464519
18.9410069686411
18.9158943655987
19.046831010453
19.1787635761027
19.1659081329141
19.0548989547038
19.0759752698224
19.1043275261324
18.9890219257245
999.99
999.99
999.99
999.99
999.99
999.99
999.99
999.99
999.99
999.99
999.99
999.99
999.99
999.99
999.99
999.99
999.99
999.99
999.99
999.99
999.99
999.99
999.99
999.99
999.99
999.99
999.99
999.99
999.99
999.99
999.99
999.99
999.99
999.99
999.99
999.99
999.99
999.99
999.99
999.99
999.99
999.99
999.99
999.99
999.99
999.99
18.5366935497579
18.4624773519164
999.99
18.4833240418119
18.0978992946375
18.3485958188153
18.1150384125095
18.3204425087106
18.9685457635761
19.0953205574913
19.1098032633636
19.0783861646979
19.1451393728223
19.1118160958613
18.9901480836237
18.8805473782612
18.5369459930314
18.1088606271777
18.113925087108
18.1386875159344
18.0587595818815
18.0079825783972
18.5575070872115
18.5575070872115
18.5575070872115
26.5469649868235
19.0557473867596
19.0042096541174
18.9485696864112
18.7929843630492
18.8098641114982
999.99
999.99
999.99
999.99
999.99
999.99
999.99
999.99
999.99
999.99
999.99
999.99
999.99
999.99
999.99
999.99
999.99
999.99
999.99
999.99
999.99
999.99
999.99
999.99
999.99
999.99
999.99
999.99
999.99
999.99
999.99
999.99
999.99
999.99
999.99
999.99
999.99
999.99
999.99
999.99
999.99
999.99
999.99
999.99
999.99
999.99
999.99
999.99
17.8487928791981
17.7602009291521
17.7449262950867
17.8259294839887
18.2127959183673
18.410787622366
18.3553080527869
18.6107607433218
18.382104355603
18.6880831259334
18.7027959183674
18.8504818317571
18.9404997834946
18.8594644101543
18.9033910492216
19.0628822089217
19.0898738178198
18.8600356606652
18.5653243736519
18.1705578231293
18.3472991538078
17.6880429773337
17.4064092417455
18.5575070872115
18.5575070872115
18.5575070872115
18.5575070872115
18.5575070872115
18.5575070872115
999.99
999.99
999.99
999.99
999.99
999.99
999.99
999.99
999.99
999.99
999.99
999.99
999.99
999.99
999.99
999.99
999.99
999.99
999.99
999.99
999.99
999.99
999.99
999.99
999.99
999.99
999.99
999.99
999.99
999.99
999.99
999.99
999.99
999.99
999.99
999.99
999.99
999.99
999.99
999.99
999.99
999.99
999.99
999.99
999.99
999.99
999.99
999.99
999.99
999.99
999.99
17.0872229965157
17.4173532761112
17.7811567944251
17.9302944675788
18.0218013937283
18.2576027874565
18.218850174216
18.1232200220957
18.027425087108
18.1845968386165
18.6176167247387
18.6003009263194
18.369818815331
18.3849819835132
18.7780975609756
18.8658264638396
18.7180313588851
18.6890950964562
18.1028239143367
18.0667055749129
17.9817410554942
20.4709477351869
29.6848691255331
18.5575070872115
20.1986310869334
18.5575070872115
18.5575070872115
18.5575070872115
18.5575070872115
999.99
999.99
999.99
999.99
999.99
999.99
999.99
999.99
999.99
999.99
999.99
999.99
999.99
999.99
999.99
999.99
999.99
999.99
999.99
999.99
999.99
999.99
999.99
999.99
999.99
999.99
999.99
999.99
999.99
999.99
999.99
999.99
999.99
999.99
999.99
999.99
999.99
999.99
999.99
999.99
999.99
999.99
17.9202097512414
999.99
999.99
20.7448071561309
21.3990043724381
19.1045145296178
18.1202784947411
17.992762900282
17.513051965343
17.4235850340136
17.350675128588
17.6332927557698
17.6269283225486
17.8704124043431
17.8719978430397
17.8324187902406
18.0969852331175
17.9940995803437
18.1670348432056
17.6166419769573
17.3793504230961
17.4525264116354
17.9042414136386
18.079881605944
18.0036870748299
17.6693064947573
18.5575070872115
18.5575070872115
17.8408159946905
18.2809941927991
18.4776090883706
18.5575070872115
18.5575070872115
18.5575070872115
999.99
999.99
999.99
999.99
999.99
999.99
999.99
999.99
999.99
999.99
999.99
999.99
999.99
999.99
999.99
999.99
999.99
999.99
999.99
999.99
999.99
999.99
999.99
999.99
999.99
999.99
999.99
999.99
999.99
999.99
999.99
999.99
999.99
999.99
999.99
999.99
999.99
999.99
999.99
999.99
999.99
999.99
999.99
999.99
999.99
999.99
999.99
999.99
999.99
18.0652031953769
18.0407804878049
18.2332560550693
18.3311080139373
18.2470208209399
17.7322543554007
17.7690984108099
17.7731585365854
17.6227075720235
17.6655204385145
17.6864773519164
17.7036822469618
17.7236271777004
17.6445923344947
17.3903763066202
18.1765204878032
20.3538492682938
17.3859140817541
17.0537386759582
17.4298720149571
17.8048222996516
17.7736355060763
17.7068153310105
24.0456690303401
18.5575070872115
18.5575070872115
999.99
999.99
999.99
999.99
999.99
999.99
999.99
999.99
999.99
999.99
999.99
999.99
999.99
999.99
999.99
999.99
999.99
999.99
999.99
999.99
999.99
999.99
999.99
999.99
999.99
999.99
999.99
999.99
999.99
999.99
999.99
999.99
999.99
999.99
999.99
999.99
999.99
999.99
999.99
999.99
999.99
999.99
999.99
999.99
999.99
999.99
999.99
999.99
999.99
999.99
999.99
999.99
999.99
999.99
999.99
999.99
999.99
17.7065553100479
17.7596097560975
17.9707520183564
17.6231544715447
17.5189186708592
17.5247462253194
17.539818078808
17.4978193960511
17.4504206679697
17.4163101611852
17.4824041811847
17.6447131242741
17.6113542392567
17.5294179485
17.5990754936121
17.5512499079346
17.6885865272938
17.6683776096994
17.3445725900116
999.99
999.99
19.6989614078922
999.99
999.99
999.99
999.99
999.99
999.99
999.99
999.99
999.99
999.99
999.99
999.99
999.99
999.99
999.99
999.99
999.99
999.99
999.99
999.99
999.99
999.99
999.99
999.99
999.99
999.99
999.99
999.99
999.99
999.99
999.99
999.99
999.99
999.99
999.99
999.99
999.99
999.99
999.99
999.99
999.99
999.99
999.99
999.99
999.99
999.99
999.99
999.99
999.99
999.99
999.99
999.99
999.99
999.99
999.99
999.99
999.99
999.99
999.99
999.99
999.99
17.813359394918
17.7218118466898
17.5394174385995
17.4135662020906
17.4956405200986
17.5745836236934
17.5718286734087
17.6516585365854
17.7120864281465
17.6893718874819
17.6584285714286
17.6514467578822
17.5808850174216
17.833467748789
17.7236759581882
999.99
999.99
999.99
999.99
999.99
999.99
999.99
999.99
999.99
999.99
999.99
999.99
999.99
999.99
999.99
999.99
999.99
999.99
999.99
999.99
999.99
999.99
999.99
999.99
999.99
999.99
999.99
999.99
999.99
999.99
999.99
999.99
999.99
999.99
999.99
999.99
999.99
999.99
999.99
999.99
999.99
999.99
999.99
999.99
999.99
999.99
999.99
999.99
999.99
999.99
999.99
999.99
999.99
999.99
999.99
999.99
999.99
999.99
999.99
999.99
999.99
999.99
999.99
999.99
999.99
999.99
999.99
999.99
17.6005853658537
17.6080592334495
17.5477996940597
17.5269721254355
17.5468035183139
17.6032508710801
17.6267534630747
17.7108344947735
17.7148794934988
17.5544259369423
17.5044773519164
17.6331687770884
999.99
999.99
999.99
999.99
999.99
999.99
999.99
999.99
999.99
999.99
999.99
999.99
999.99
999.99
999.99
999.99
999.99
999.99
999.99
999.99
999.99
999.99
999.99
999.99
999.99
999.99
999.99
999.99
999.99
999.99
999.99
999.99
999.99
999.99
999.99
999.99
999.99
999.99
999.99
999.99
999.99
999.99
999.99
999.99
999.99
999.99
999.99
999.99
999.99
999.99
999.99
999.99
999.99
999.99
999.99
999.99
999.99
999.99
999.99
999.99
999.99
999.99
999.99
999.99
999.99
999.99
999.99
999.99
999.99
999.99
999.99
999.99
17.4513780487805
17.4418222996516
999.99
999.99
999.99
999.99
999.99
999.99
999.99
999.99
999.99
999.99
999.99
999.99
999.99
999.99
999.99
999.99
999.99
999.99
999.99
999.99
999.99
999.99
999.99
999.99
999.99
999.99
999.99
999.99
999.99
999.99
999.99
999.99
999.99
999.99
999.99
999.99
999.99
999.99
999.99
999.99
999.99
999.99
999.99
999.99
999.99
999.99
999.99
999.99
999.99
999.99
999.99
999.99
999.99
999.99
999.99
999.99
999.99
999.99
999.99
999.99
999.99
999.99
999.99
999.99
999.99
999.99
999.99
999.99
999.99
999.99
999.99
999.99
999.99
999.99
999.99
999.99
999.99
999.99
999.99
999.99
999.99
999.99
999.99
999.99
999.99
999.99
999.99
999.99
999.99
999.99
999.99
999.99
999.99
999.99
999.99
999.99
999.99
999.99
999.99
999.99
999.99
999.99
999.99
999.99
999.99
999.99
999.99
999.99
999.99
999.99
999.99
999.99
999.99
999.99
999.99
999.99
999.99
999.99
999.99
999.99
999.99
999.99
999.99
999.99
999.99
999.99
999.99
999.99
999.99
999.99
999.99
999.99
999.99
999.99
999.99
999.99
999.99
999.99
999.99
999.99
999.99
999.99
999.99
999.99
999.99
999.99
999.99
999.99
999.99
999.99
999.99
999.99
999.99
999.99
999.99
999.99
999.99
999.99
999.99
999.99
999.99
999.99
999.99
999.99
999.99
999.99
999.99
999.99
999.99
999.99
999.99
999.99
999.99
999.99
999.99
999.99
999.99
999.99
999.99
999.99
999.99
999.99
999.99
999.99
999.99
999.99
999.99
999.99
999.99
999.99
999.99
999.99
999.99
999.99
999.99
999.99
999.99
999.99
999.99
999.99
999.99
999.99
999.99
999.99
999.99
999.99
999.99
999.99
999.99
999.99
999.99
999.99
999.99
999.99
999.99
999.99
999.99
999.99
999.99
999.99
999.99
999.99
999.99
999.99
999.99
999.99
999.99
999.99
999.99
999.99
999.99
999.99
999.99
999.99
999.99
999.99
999.99
999.99
999.99
999.99
999.99
999.99
999.99
999.99
999.99
999.99
999.99
999.99
999.99
999.99
999.99
999.99
999.99
999.99
999.99
999.99
999.99
999.99
999.99
999.99
999.99
999.99
999.99
999.99
999.99
999.99
999.99
999.99
999.99
999.99
999.99
999.99
999.99
999.99
999.99
999.99
999.99
999.99
999.99
999.99
999.99
999.99
999.99
999.99
999.99
999.99
999.99
999.99
999.99
999.99
999.99
999.99
999.99
999.99
999.99
999.99
999.99
999.99
999.99
999.99
999.99
999.99
999.99
999.99
999.99
999.99
999.99
999.99
999.99
999.99
999.99
999.99
999.99
999.99
999.99
999.99
999.99
999.99
999.99
999.99
999.99
999.99
999.99
999.99
999.99
999.99
999.99
999.99
999.99
999.99
999.99
999.99
999.99
999.99
999.99
999.99
999.99
999.99
999.99
999.99
999.99
999.99
999.99
999.99
999.99
999.99
999.99
999.99
999.99
999.99
999.99
999.99
999.99
999.99
999.99
999.99
999.99
999.99
999.99
999.99
999.99
999.99
999.99
999.99
999.99
999.99
999.99
999.99
999.99
999.99
999.99
999.99
999.99
999.99
999.99
999.99
999.99
999.99
999.99
999.99
999.99
999.99
999.99
999.99
999.99
999.99
999.99
999.99
999.99
999.99
999.99
999.99
999.99
999.99
999.99
999.99
999.99
999.99
999.99
999.99
999.99
999.99
999.99
999.99
999.99
999.99
999.99
999.99
999.99
999.99
999.99
