999.99
999.99
999.99
999.99
999.99
999.99
999.99
999.99
999.99
999.99
999.99
999.99
999.99
999.99
999.99
999.99
999.99
999.99
999.99
999.99
999.99
999.99
999.99
999.99
999.99
999.99
999.99
999.99
999.99
999.99
999.99
999.99
999.99
999.99
999.99
999.99
999.99
999.99
999.99
999.99
999.99
999.99
999.99
999.99
999.99
999.99
999.99
999.99
999.99
999.99
999.99
999.99
999.99
999.99
999.99
999.99
999.99
999.99
999.99
999.99
999.99
999.99
999.99
999.99
999.99
999.99
999.99
999.99
999.99
999.99
999.99
999.99
999.99
999.99
999.99
999.99
999.99
999.99
999.99
999.99
999.99
999.99
999.99
999.99
999.99
999.99
999.99
999.99
999.99
999.99
999.99
999.99
999.99
999.99
999.99
999.99
999.99
999.99
999.99
999.99
999.99
999.99
999.99
999.99
999.99
999.99
999.99
999.99
999.99
999.99
999.99
999.99
999.99
999.99
999.99
999.99
999.99
999.99
999.99
999.99
999.99
999.99
999.99
999.99
999.99
999.99
999.99
999.99
999.99
999.99
999.99
999.99
999.99
999.99
22.2843236168947
22.3053573553157
22.2387038327526
22.2332713520864
22.2810871080139
22.3731380980709
22.3782961672474
22.444562420328
22.5652787456446
22.5016884507521
22.5674425087108
22.5730786946546
22.2555191637631
22.1882679527492
22.0353449477352
21.8661575592759
21.3639094076655
20.5140650973062
19.7159128919861
19.5035574912892
19.1948745644599
999.99
999.99
999.99
999.99
999.99
999.99
999.99
999.99
999.99
999.99
999.99
999.99
999.99
999.99
999.99
999.99
999.99
999.99
999.99
999.99
999.99
999.99
999.99
999.99
999.99
999.99
999.99
999.99
999.99
999.99
999.99
999.99
999.99
999.99
999.99
999.99
999.99
999.99
999.99
999.99
999.99
999.99
999.99
999.99
999.99
999.99
999.99
999.99
999.99
999.99
999.99
999.99
999.99
999.99
999.99
999.99
999.99
999.99
999.99
999.99
999.99
999.99
22.2762729364203
22.2990976884508
22.3490711796914
22.3979549648533
22.5306570433051
22.5304595236072
22.604918616227
22.6587362296495
22.716756097561
22.841783365101
22.92812518666
22.8498712986682
22.621424838228
22.3584845937185
22.1017008461921
21.8642244897959
21.5278083623693
20.9260715985384
20.1849728720757
19.7027945161408
19.159237431558
999.99
999.99
999.99
999.99
999.99
999.99
999.99
999.99
999.99
999.99
999.99
999.99
999.99
999.99
999.99
999.99
999.99
999.99
999.99
999.99
999.99
999.99
999.99
999.99
999.99
999.99
999.99
999.99
999.99
999.99
999.99
999.99
999.99
999.99
999.99
999.99
999.99
999.99
999.99
999.99
999.99
999.99
999.99
999.99
999.99
999.99
999.99
999.99
999.99
999.99
999.99
999.99
999.99
999.99
999.99
999.99
999.99
999.99
999.99
999.99
999.99
999.99
22.3279434860202
22.3896677147956
22.4948989547038
22.5128177955299
22.5138606271777
22.6974150590635
22.6929547038328
22.6918652162828
22.8995818815331
22.8644783717175
22.9121045296167
22.9494006968641
22.9895783972125
22.9365051414974
22.6055540069686
22.4865944590804
21.9342996515679
21.0225393898191
20.1038013937283
19.7383847199796
19.6902787456446
999.99
999.99
999.99
999.99
999.99
999.99
999.99
999.99
999.99
999.99
999.99
999.99
999.99
999.99
999.99
999.99
999.99
999.99
999.99
999.99
999.99
999.99
999.99
999.99
999.99
999.99
999.99
999.99
999.99
999.99
999.99
999.99
999.99
999.99
999.99
999.99
999.99
999.99
999.99
999.99
999.99
999.99
999.99
999.99
999.99
999.99
999.99
999.99
999.99
999.99
999.99
999.99
999.99
999.99
999.99
999.99
999.99
999.99
999.99
999.99
999.99
999.99
22.4415023370443
22.4784288263789
22.9396898954704
22.9940351831393
22.6967735191637
22.5944697034078
22.7361742160279
22.8902660831138
23.0610034843205
23.0753016061868
22.9265609756098
23.107606271777
23.1715052264808
23.1389094926489
22.9446097560975
22.6597313673833
21.9376167247387
20.7427288178807
20.111944250871
20.2711219512195
23.6800800218893
999.99
999.99
999.99
999.99
999.99
999.99
999.99
999.99
999.99
999.99
999.99
999.99
999.99
999.99
999.99
999.99
999.99
999.99
999.99
999.99
999.99
999.99
999.99
999.99
999.99
999.99
999.99
999.99
999.99
999.99
999.99
999.99
999.99
999.99
999.99
999.99
999.99
999.99
999.99
999.99
999.99
999.99
999.99
999.99
999.99
999.99
999.99
999.99
999.99
999.99
999.99
999.99
999.99
999.99
999.99
999.99
999.99
999.99
999.99
999.99
999.99
999.99
999.99
22.6128452451772
22.6644006968641
22.7481011302796
22.7980383275261
22.6928423557406
22.8660662020906
22.8827781932523
22.7448118466899
22.6730305940342
22.7643240418119
22.8890706212288
22.9008013937282
23.0080568539135
22.6567700348432
22.2977003484321
21.4592229965157
20.532116852214
19.8652020905924
19.6447549927764
23.6800800218893
23.6800800218893
999.99
999.99
999.99
999.99
999.99
999.99
999.99
999.99
999.99
999.99
999.99
999.99
999.99
999.99
999.99
999.99
999.99
999.99
999.99
999.99
999.99
999.99
999.99
999.99
999.99
999.99
999.99
999.99
999.99
999.99
999.99
999.99
999.99
999.99
999.99
999.99
999.99
999.99
999.99
999.99
999.99
999.99
999.99
999.99
999.99
999.99
999.99
999.99
999.99
999.99
999.99
999.99
999.99
999.99
999.99
999.99
999.99
999.99
999.99
999.99
999.99
22.9405391348687
22.9727930653523
22.8543379790941
22.9831470213308
22.8644111498258
22.8421144726778
22.842818815331
22.8199373672134
22.8567282229965
22.7133751168522
22.5001358885017
22.44056420498
22.381850174216
22.3805754227926
22.1643519163763
21.7726762131384
21.481149825784
20.7256619359227
20.0735505226481
19.7891092886887
19.9105679442509
999.99
999.99
999.99
999.99
999.99
999.99
999.99
999.99
999.99
999.99
999.99
999.99
999.99
999.99
999.99
999.99
999.99
999.99
999.99
999.99
999.99
999.99
999.99
999.99
999.99
999.99
999.99
999.99
999.99
999.99
999.99
999.99
999.99
999.99
999.99
999.99
999.99
999.99
999.99
999.99
999.99
999.99
999.99
999.99
999.99
999.99
999.99
999.99
999.99
999.99
999.99
999.99
999.99
999.99
999.99
999.99
999.99
999.99
999.99
999.99
999.99
999.99
999.99
999.99
22.880081300813
22.8826172629671
23.0377212543555
22.9761988895499
22.7813716608595
22.846619047619
23.0581684088269
22.6991283816322
22.4452787456446
22.3459213620011
22.2029895470383
22.0796582249795
21.8050394889663
21.5268993796209
21.0543333333333
20.6044456530977
20.0197142857144
19.8224591654627
19.4842915214866
19.0739162346675
23.6800800218893
999.99
999.99
999.99
999.99
999.99
999.99
999.99
999.99
999.99
999.99
999.99
999.99
999.99
999.99
999.99
999.99
999.99
999.99
999.99
999.99
999.99
999.99
999.99
999.99
999.99
999.99
999.99
999.99
999.99
999.99
999.99
999.99
999.99
999.99
999.99
999.99
999.99
999.99
999.99
999.99
999.99
999.99
999.99
999.99
999.99
999.99
999.99
999.99
999.99
999.99
999.99
999.99
999.99
999.99
999.99
999.99
999.99
999.99
999.99
999.99
999.99
999.99
999.99
23.0670592334495
23.0275296167247
23.0681283249766
22.938574912892
22.8658943655987
22.8324111498258
22.7260031443868
22.6665052264808
22.5961763406136
22.4504947735192
22.1071471063143
21.726487804878
21.3894037562674
20.7901463414634
20.260503271862
20.1220383275261
19.9530141072491
19.4146027874564
19.2967282229965
19.2827119061783
19.1927142857143
999.99
999.99
999.99
999.99
999.99
999.99
999.99
999.99
999.99
999.99
999.99
999.99
999.99
999.99
999.99
999.99
999.99
999.99
999.99
999.99
999.99
999.99
999.99
999.99
999.99
999.99
999.99
999.99
999.99
999.99
999.99
999.99
999.99
999.99
999.99
999.99
999.99
999.99
999.99
999.99
999.99
999.99
999.99
999.99
999.99
999.99
999.99
999.99
999.99
999.99
999.99
999.99
999.99
999.99
999.99
999.99
999.99
999.99
23.2803870914219
23.3440908796594
23.1832821126071
23.2531840053095
23.4240630577037
23.3775707648913
23.3569588761144
23.3142171893147
23.2949009052759
22.8022653061225
22.903976657885
22.760956363033
22.4676608230443
21.8155692716111
21.6181688499314
21.0416090924174
20.9111074554747
21.0861358885017
21.0791088435374
20.7832010950722
20.5030201127447
999.99
999.99
999.99
999.99
999.99
999.99
999.99
999.99
999.99
999.99
999.99
999.99
999.99
999.99
999.99
999.99
999.99
999.99
999.99
999.99
999.99
999.99
999.99
999.99
999.99
999.99
999.99
999.99
999.99
999.99
999.99
999.99
999.99
999.99
999.99
999.99
999.99
999.99
999.99
999.99
999.99
999.99
999.99
999.99
999.99
999.99
999.99
999.99
999.99
999.99
999.99
999.99
999.99
999.99
999.99
999.99
999.99
999.99
999.99
999.99
999.99
999.99
999.99
23.5636341463415
23.4368924109799
23.2720592334495
23.2580383275262
23.3158641114982
23.1613588850174
23.3174390243903
23.2554959632872
23.0899233449477
23.0143050905073
22.9083519163763
22.7588635166143
22.1827108013937
21.5489433160533
21.3151114982578
21.1147365513724
21.2310418118467
21.0863116342314
21.0450487804878
21.0003920285544
20.784456445993
999.99
999.99
999.99
999.99
999.99
999.99
999.99
999.99
999.99
999.99
999.99
999.99
999.99
999.99
999.99
999.99
999.99
999.99
999.99
999.99
999.99
999.99
999.99
999.99
999.99
999.99
999.99
999.99
999.99
999.99
999.99
999.99
999.99
999.99
999.99
999.99
999.99
999.99
999.99
999.99
999.99
999.99
999.99
999.99
999.99
999.99
999.99
999.99
999.99
999.99
999.99
999.99
999.99
999.99
999.99
999.99
999.99
999.99
999.99
999.99
999.99
999.99
23.5921277907951
23.5453670393797
23.4982271445164
23.3216591355162
23.3338480172557
23.3316985354523
23.3979593495935
23.281828499395
23.0709407665505
22.9574285714286
22.8733174050108
22.6638871460542
22.1818446988552
21.9329259268252
21.9187400033184
21.702565584949
21.574281566285
21.3653340334349
21.1858096897296
21.000883176114
20.7762113821138
999.99
999.99
999.99
999.99
999.99
999.99
999.99
999.99
999.99
999.99
999.99
999.99
999.99
999.99
999.99
999.99
999.99
999.99
999.99
999.99
999.99
999.99
999.99
999.99
999.99
999.99
999.99
999.99
999.99
999.99
999.99
999.99
999.99
999.99
999.99
999.99
999.99
999.99
999.99
999.99
999.99
999.99
999.99
999.99
999.99
999.99
999.99
999.99
999.99
999.99
999.99
999.99
999.99
999.99
999.99
999.99
999.99
999.99
999.99
999.99
999.99
999.99
999.99
999.99
999.99
999.99
23.4301254355401
23.4248049630322
23.3737282229965
23.3299156964392
23.2422473867596
23.1293572703323
22.8585052264808
22.7925846010028
22.4381010452962
22.0816723039007
21.6232055749128
21.4490802243562
21.2885400696864
21.0414223676384
20.9603728222997
20.7673074700434
20.5766550522648
20.2870816690745
20.0067562675278
19.8763641114983
19.73242687176
999.99
999.99
999.99
999.99
999.99
999.99
999.99
999.99
999.99
999.99
999.99
999.99
999.99
999.99
999.99
999.99
999.99
999.99
999.99
999.99
999.99
999.99
999.99
999.99
999.99
999.99
999.99
999.99
999.99
999.99
999.99
999.99
999.99
999.99
999.99
999.99
999.99
999.99
999.99
999.99
999.99
999.99
999.99
999.99
999.99
999.99
999.99
999.99
999.99
999.99
999.99
999.99
999.99
999.99
999.99
999.99
999.99
999.99
999.99
999.99
999.99
999.99
23.3580592334494
23.2266796124756
23.2238850174216
23.2574107249086
23.3451045296167
23.3605514574658
23.071362369338
22.8440019546189
22.6144773519164
22.1668439704257
21.8036759581881
21.3514642644684
21.0803972125436
20.8433419733152
20.6793728222997
20.6354559360925
20.6526341463415
20.5438192402481
20.3578432055749
20.2295348432056
19.9072613240418
999.99
999.99
999.99
999.99
999.99
999.99
999.99
999.99
999.99
999.99
999.99
999.99
999.99
999.99
999.99
999.99
999.99
999.99
999.99
999.99
999.99
999.99
999.99
999.99
999.99
999.99
999.99
999.99
999.99
999.99
999.99
999.99
999.99
999.99
999.99
999.99
999.99
999.99
999.99
999.99
999.99
999.99
999.99
999.99
999.99
999.99
999.99
999.99
999.99
999.99
999.99
999.99
999.99
999.99
999.99
999.99
999.99
999.99
999.99
999.99
999.99
999.99
23.4233902439024
23.5616740035693
23.4414390243902
23.256500892326
23.1442926829268
23.0057798929209
22.8772195121951
22.9263111243308
22.7959268292683
22.4859464604402
21.8913414634146
21.4111653777512
21.1018780487805
21.0195365853658
21.0910487804878
21.0940267697799
20.9968292682927
20.8108804283165
20.7727792980369
20.5948048780488
20.380238548483
999.99
999.99
999.99
999.99
999.99
999.99
999.99
999.99
999.99
999.99
999.99
999.99
999.99
999.99
999.99
999.99
999.99
999.99
999.99
999.99
999.99
999.99
999.99
999.99
999.99
999.99
999.99
999.99
999.99
999.99
999.99
999.99
999.99
999.99
999.99
999.99
999.99
999.99
999.99
999.99
999.99
999.99
999.99
999.99
999.99
999.99
999.99
999.99
999.99
999.99
999.99
999.99
999.99
999.99
999.99
999.99
999.99
999.99
999.99
999.99
999.99
999.99
999.99
23.2527848219597
23.3854668989547
23.4387696949095
23.2305609756098
23.0489452706722
22.8553867595819
22.7726515679443
22.4054425087108
21.8556921050395
21.6407665505226
21.6783156284525
21.6225714285714
21.5191046146002
21.3288641114983
21.2567225291068
21.204275261324
21.0507752188323
20.8552560550692
20.6277229965157
20.3292783207274
19.9949198606271
999.99
999.99
999.99
999.99
999.99
999.99
999.99
999.99
999.99
999.99
999.99
999.99
999.99
999.99
999.99
999.99
999.99
999.99
999.99
999.99
999.99
999.99
999.99
999.99
999.99
999.99
999.99
999.99
999.99
999.99
999.99
999.99
999.99
999.99
999.99
999.99
999.99
999.99
999.99
999.99
999.99
999.99
999.99
999.99
999.99
999.99
999.99
999.99
999.99
999.99
999.99
999.99
999.99
999.99
999.99
999.99
999.99
999.99
999.99
999.99
999.99
999.99
22.9379934886507
22.9767731873237
23.1178411356214
23.1476290857807
22.8565310938177
22.6603911564626
22.4599376322808
22.4793984569438
22.4166665958471
22.2085167579226
22.1182040816327
22.0110678612909
21.9958416961073
21.7816084287374
21.6097412011801
21.6081955367513
21.4471903952539
21.2772155139272
21.1139512195122
20.7383542493737
20.3791776173884
999.99
999.99
999.99
999.99
999.99
999.99
999.99
999.99
999.99
999.99
999.99
999.99
999.99
999.99
999.99
999.99
999.99
999.99
999.99
999.99
999.99
999.99
999.99
999.99
999.99
999.99
999.99
999.99
999.99
999.99
999.99
999.99
999.99
999.99
999.99
999.99
999.99
999.99
999.99
999.99
999.99
999.99
999.99
999.99
999.99
999.99
999.99
999.99
999.99
999.99
999.99
999.99
999.99
999.99
999.99
999.99
999.99
999.99
999.99
999.99
999.99
999.99
999.99
999.99
22.8365969235999
22.8594459930314
22.7214406390754
22.7030592334495
22.5920398572278
22.4676445993031
22.3858927509136
22.3537073170732
22.3229256395003
22.2158083623693
22.155172856293
22.0997073170732
22.0934096201241
21.8604425087108
21.6609137418203
21.432132574148
21.1645888501742
20.6485014022265
20.2606829268292
20.0967721594289
19.8775052264808
999.99
999.99
999.99
999.99
999.99
999.99
999.99
999.99
999.99
999.99
999.99
999.99
999.99
999.99
999.99
999.99
999.99
999.99
999.99
999.99
999.99
999.99
999.99
999.99
999.99
999.99
999.99
999.99
999.99
999.99
999.99
999.99
999.99
999.99
999.99
999.99
999.99
999.99
999.99
999.99
999.99
999.99
999.99
999.99
999.99
999.99
999.99
999.99
999.99
999.99
999.99
999.99
999.99
999.99
999.99
999.99
999.99
999.99
999.99
999.99
999.99
999.99
23.0786753147422
22.8462989878878
22.9080114585989
22.765518997843
22.5485346408641
22.4558641114983
22.3369421768707
22.2939587688734
22.2623799406735
22.1436421105027
22.1021763345433
21.9952993197279
21.9221487209994
21.7805389082462
21.7122781568308
21.5401652320655
21.4504723743156
21.1015153374854
20.8058996183839
20.5580539685238
20.3901792765887
999.99
999.99
999.99
999.99
999.99
999.99
999.99
999.99
999.99
999.99
999.99
999.99
999.99
999.99
999.99
999.99
999.99
999.99
999.99
999.99
999.99
999.99
999.99
999.99
999.99
999.99
999.99
999.99
999.99
999.99
999.99
999.99
999.99
999.99
999.99
999.99
999.99
999.99
999.99
999.99
999.99
999.99
999.99
999.99
999.99
999.99
999.99
999.99
999.99
999.99
999.99
999.99
999.99
999.99
999.99
999.99
999.99
999.99
999.99
999.99
999.99
23.5675609756097
23.6599507945951
23.5046898954704
23.4495846010028
23.2696933797909
23.0430987507436
22.9012578397213
22.6538184753973
22.4779268292683
22.3816514829608
22.1976759581882
22.1563873544659
22.0550522648084
21.9342642134784
21.7506132404181
21.6273273561655
21.4519620124076
21.218149825784
20.958212543554
20.8888536585366
20.7035437239738
999.99
999.99
999.99
999.99
999.99
999.99
999.99
999.99
999.99
999.99
999.99
999.99
999.99
999.99
999.99
999.99
999.99
999.99
999.99
999.99
999.99
999.99
999.99
999.99
999.99
999.99
999.99
999.99
999.99
999.99
999.99
999.99
999.99
999.99
999.99
999.99
999.99
999.99
999.99
999.99
999.99
999.99
999.99
999.99
999.99
999.99
999.99
999.99
999.99
999.99
999.99
999.99
999.99
999.99
999.99
999.99
999.99
999.99
999.99
999.99
999.99
999.99
999.99
999.99
999.99
23.8208259316814
23.7234478181516
23.6218843537415
23.5531481665837
23.5969054599829
23.580493777999
23.3067992954469
22.9048281898125
22.6597759553554
22.3482989049279
22.0816834508938
21.8242203417953
21.6753333333333
21.598887101539
21.3984321387092
21.1040802931524
20.9548177368508
20.738268707483
20.4472463912394
20.5429255241657
23.6800800218893
999.99
999.99
999.99
999.99
999.99
999.99
999.99
999.99
999.99
999.99
999.99
999.99
999.99
999.99
999.99
999.99
999.99
999.99
999.99
999.99
999.99
999.99
999.99
999.99
999.99
999.99
999.99
999.99
999.99
999.99
999.99
999.99
999.99
999.99
999.99
999.99
999.99
999.99
999.99
999.99
999.99
999.99
999.99
999.99
999.99
999.99
999.99
999.99
999.99
999.99
999.99
999.99
999.99
999.99
999.99
999.99
999.99
999.99
999.99
999.99
999.99
23.7438780487805
23.6329054134444
23.5738536585366
23.6032843545509
23.6029268292683
23.4161737061273
23.4100487804878
23.2887721594289
23.3352682926829
23.0603896490185
22.8490731707317
22.5454473527662
22.2649512195122
21.927241522903
21.5873355145746
21.3921219512195
21.2634306960143
20.8188170731707
20.4532088042832
23.6800800218893
999.99
999.99
999.99
999.99
999.99
999.99
999.99
999.99
999.99
999.99
999.99
999.99
999.99
999.99
999.99
999.99
999.99
999.99
999.99
999.99
999.99
999.99
999.99
999.99
999.99
999.99
999.99
999.99
999.99
999.99
999.99
999.99
999.99
999.99
999.99
999.99
999.99
999.99
999.99
999.99
999.99
999.99
999.99
999.99
999.99
999.99
999.99
999.99
999.99
999.99
999.99
999.99
999.99
999.99
999.99
999.99
999.99
999.99
999.99
999.99
999.99
999.99
23.9598622418628
23.9829407665505
23.9320690915272
23.9366620209059
23.971274071556
24.0078222996516
23.8885925894451
23.7556202090592
23.6619363474122
23.7303135888502
23.5401364833858
23.2554390243903
23.0388936007479
22.7246480836237
22.564272881788
22.0189986402651
21.7067613240418
21.3294839806237
20.8007090592334
20.4726794425087
999.99
999.99
999.99
999.99
999.99
999.99
999.99
999.99
999.99
999.99
999.99
999.99
999.99
999.99
999.99
999.99
999.99
999.99
999.99
999.99
999.99
999.99
999.99
999.99
999.99
999.99
999.99
999.99
999.99
999.99
999.99
999.99
999.99
999.99
999.99
999.99
999.99
999.99
999.99
999.99
999.99
999.99
999.99
999.99
999.99
999.99
999.99
999.99
999.99
999.99
999.99
999.99
999.99
999.99
999.99
999.99
999.99
999.99
999.99
999.99
999.99
999.99
999.99
999.99
24.036637630662
24.0867071471063
24.1282090592335
24.1982879238548
24.2592020905923
24.2196858162658
24.1828013937282
24.1847475992181
24.0636236933798
23.692393728223
23.3355853658537
23.0423123140988
22.8638257839721
22.4507799779043
22.0915238378516
21.8914181184669
21.4536042321747
20.8503867595819
21.4372578397213
23.6800800218893
999.99
999.99
999.99
999.99
999.99
999.99
999.99
999.99
999.99
999.99
999.99
999.99
999.99
999.99
999.99
999.99
999.99
999.99
999.99
999.99
999.99
999.99
999.99
999.99
999.99
999.99
999.99
999.99
999.99
999.99
999.99
999.99
999.99
999.99
999.99
999.99
999.99
999.99
999.99
999.99
999.99
999.99
999.99
999.99
999.99
999.99
999.99
999.99
999.99
999.99
999.99
999.99
999.99
999.99
999.99
999.99
999.99
999.99
999.99
999.99
999.99
24.2194773519164
24.1820945865556
24.1350836236934
24.1310074785417
24.1285400696864
24.034511005354
23.9914773519164
24.0192827398657
24.1490627177701
24.2210368828079
24.170818815331
23.9370613580352
23.8790452961673
23.6371018951305
23.4301428571429
23.1072823149486
22.9390121526302
22.3049320557491
21.3555873204725
20.7081097560976
999.99
999.99
999.99
999.99
999.99
999.99
999.99
999.99
999.99
999.99
999.99
999.99
999.99
999.99
999.99
999.99
999.99
999.99
999.99
999.99
999.99
999.99
999.99
999.99
999.99
999.99
999.99
999.99
999.99
999.99
999.99
999.99
999.99
999.99
999.99
999.99
999.99
999.99
999.99
999.99
999.99
999.99
999.99
999.99
999.99
999.99
999.99
999.99
999.99
999.99
999.99
999.99
999.99
999.99
999.99
999.99
999.99
999.99
999.99
999.99
999.99
999.99
999.99
999.99
24.2900264298462
24.2992334494774
24.3101850939067
24.3989616724739
24.2983156284525
24.1836759581882
24.1808971700518
24.1667421602787
24.225508625818
24.1566445993031
24.1732637885612
24.1988606271777
24.0186909152715
23.6303240418119
23.2985974335005
22.9645017421603
22.6036219512195
22.074198266338
21.4015139372821
20.3734084303561
999.99
999.99
999.99
999.99
999.99
999.99
999.99
999.99
999.99
999.99
999.99
999.99
999.99
999.99
999.99
999.99
999.99
999.99
999.99
999.99
999.99
999.99
999.99
999.99
999.99
999.99
999.99
999.99
999.99
999.99
999.99
999.99
999.99
999.99
999.99
999.99
999.99
999.99
999.99
999.99
999.99
999.99
999.99
999.99
999.99
999.99
999.99
999.99
999.99
999.99
999.99
999.99
999.99
999.99
999.99
999.99
999.99
999.99
999.99
999.99
999.99
999.99
24.5367108013937
24.3711743010113
24.4065818815331
24.476828333475
24.4079233449477
24.3905663295657
24.2998083623693
24.332689810487
24.2954634146342
24.2956981388629
24.3455365853659
24.3149649868276
24.2749790940767
24.2174947735192
24.0509407665505
23.6815526472338
23.0895412594544
22.5006306620209
21.4967570323786
20.7272177700348
999.99
999.99
999.99
999.99
999.99
999.99
999.99
999.99
999.99
999.99
999.99
999.99
999.99
999.99
999.99
999.99
999.99
999.99
999.99
999.99
999.99
999.99
999.99
999.99
999.99
999.99
999.99
999.99
999.99
999.99
999.99
999.99
999.99
999.99
999.99
999.99
999.99
999.99
999.99
999.99
999.99
999.99
999.99
999.99
999.99
999.99
999.99
999.99
999.99
999.99
999.99
999.99
999.99
999.99
999.99
999.99
999.99
999.99
999.99
999.99
999.99
999.99
999.99
999.99
999.99
24.6354614235938
24.501345712586
24.4997351916376
24.3744130073207
24.3913787954206
24.3842294431157
24.4055584868094
24.3606108851631
24.3621702339472
24.310949726232
24.3348372324539
24.2844420109507
24.132662518666
23.9119519600821
23.6383265306122
23.1664805873569
22.2877905401303
21.2215520159282
20.4422544161032
20.4601224489796
999.99
999.99
999.99
999.99
999.99
999.99
999.99
999.99
999.99
999.99
999.99
999.99
999.99
999.99
999.99
999.99
999.99
999.99
999.99
999.99
999.99
999.99
999.99
999.99
999.99
999.99
999.99
999.99
999.99
999.99
999.99
999.99
999.99
999.99
999.99
999.99
999.99
999.99
999.99
999.99
999.99
999.99
999.99
999.99
999.99
999.99
999.99
999.99
999.99
999.99
999.99
999.99
999.99
999.99
999.99
999.99
999.99
999.99
999.99
999.99
999.99
999.99
999.99
24.56
24.6299149315883
24.5024634146341
24.4345871505057
24.4463170731707
24.3726228435455
24.4081951219512
24.3761070791196
24.4037317073171
24.4308274836407
24.4566829268293
24.3421487209994
24.3053170731707
24.2001356335515
23.9360880428316
23.3450853658537
22.6234598453301
21.6194268292682
21.058240928019
21.0938902439024
999.99
999.99
999.99
999.99
999.99
999.99
999.99
999.99
999.99
999.99
999.99
999.99
999.99
999.99
999.99
999.99
999.99
999.99
999.99
999.99
999.99
999.99
999.99
999.99
999.99
999.99
999.99
999.99
999.99
999.99
999.99
999.99
999.99
999.99
999.99
999.99
999.99
999.99
999.99
999.99
999.99
999.99
999.99
999.99
999.99
999.99
999.99
999.99
999.99
999.99
999.99
999.99
999.99
999.99
999.99
999.99
999.99
999.99
999.99
999.99
999.99
999.99
24.3389189258094
24.4188745644599
24.502960361301
24.5169024390244
24.6100045284027
24.6150044798407
24.6440420060945
24.607474863116
24.6062708057643
24.5414664011946
24.4318241571465
24.4143529118965
24.3368366982724
24.2722692882031
24.151029647076
23.7209664315458
23.2093581383773
22.4658114339132
21.740787954206
21.1699678155617
999.99
999.99
999.99
999.99
999.99
999.99
999.99
999.99
999.99
999.99
999.99
999.99
999.99
999.99
999.99
999.99
999.99
999.99
999.99
999.99
999.99
999.99
999.99
999.99
999.99
999.99
999.99
999.99
999.99
999.99
999.99
999.99
999.99
999.99
999.99
999.99
999.99
999.99
999.99
999.99
999.99
999.99
999.99
999.99
999.99
999.99
999.99
999.99
999.99
999.99
999.99
999.99
999.99
999.99
999.99
999.99
999.99
999.99
999.99
999.99
999.99
999.99
999.99
24.6066107758987
24.7170766550523
24.7115903798759
24.5324808362369
24.5250653522563
24.6388397212544
24.5539395767825
24.5515888501742
24.5490330585536
24.4128641114983
24.3866113707827
24.3136724738676
24.3114800713861
24.1037839721254
23.9917222741565
23.4774099600577
22.7106289198606
21.9326445143197
21.8708693379791
21.3174023965327
999.99
999.99
999.99
999.99
999.99
999.99
999.99
999.99
999.99
999.99
999.99
999.99
999.99
999.99
999.99
999.99
999.99
999.99
999.99
999.99
999.99
999.99
999.99
999.99
999.99
999.99
999.99
999.99
999.99
999.99
999.99
999.99
999.99
999.99
999.99
999.99
999.99
999.99
999.99
999.99
999.99
999.99
999.99
999.99
999.99
999.99
999.99
999.99
999.99
999.99
999.99
999.99
999.99
999.99
999.99
999.99
999.99
999.99
999.99
999.99
999.99
24.4338387014532
24.3250418118467
24.5429202855443
24.5340557491289
24.4043638990397
24.5046445993031
24.595574318008
24.5545400696864
24.6242917481091
24.70806271777
24.563134953684
24.4775400696864
24.4168788986148
24.3660418118467
24.2277105464435
23.9182613240418
23.3664255970086
22.7584976629557
22.1731533101046
21.7744773519164
999.99
999.99
999.99
999.99
999.99
999.99
999.99
999.99
999.99
999.99
999.99
999.99
999.99
999.99
999.99
999.99
999.99
999.99
999.99
999.99
999.99
999.99
999.99
999.99
999.99
999.99
999.99
999.99
999.99
999.99
999.99
999.99
999.99
999.99
999.99
999.99
999.99
999.99
999.99
999.99
999.99
999.99
999.99
999.99
999.99
999.99
999.99
999.99
999.99
999.99
999.99
999.99
999.99
999.99
999.99
999.99
999.99
999.99
999.99
999.99
999.99
999.99
999.99
999.99
24.6117038327526
24.4790372227416
24.5517944250871
24.512543554007
24.4996341463415
24.5155902948925
24.7177735191638
24.7223613495368
24.6722926829268
24.6885400696864
24.6290696864111
24.297104189683
24.0901289198606
23.5261799099176
22.9218327526132
22.3820511600238
22.2590871080139
21.7209494773519
21.6179755247727
21.2645348432055
999.99
999.99
999.99
999.99
999.99
999.99
999.99
999.99
999.99
999.99
999.99
999.99
999.99
999.99
999.99
999.99
999.99
999.99
999.99
999.99
999.99
999.99
999.99
999.99
999.99
999.99
999.99
999.99
999.99
999.99
999.99
999.99
999.99
999.99
999.99
999.99
999.99
999.99
999.99
999.99
999.99
999.99
999.99
999.99
999.99
999.99
999.99
999.99
999.99
999.99
999.99
999.99
999.99
999.99
999.99
999.99
999.99
999.99
999.99
999.99
999.99
999.99
999.99
24.4339372822299
24.4709473952579
24.4622404181185
24.5469124670689
24.500574912892
24.6256016826718
24.6642717770035
24.7209657516784
24.7058222996516
24.5857614515169
24.386212543554
23.766771564545
23.1373275261324
22.7593972125435
22.2813519163763
21.9954073255715
21.5453930483555
21.0103083623693
20.4627338319028
23.6800800218893
999.99
999.99
999.99
999.99
999.99
999.99
999.99
999.99
999.99
999.99
999.99
999.99
999.99
999.99
999.99
999.99
999.99
999.99
999.99
999.99
999.99
999.99
999.99
999.99
999.99
999.99
999.99
999.99
999.99
999.99
999.99
999.99
999.99
999.99
999.99
999.99
999.99
999.99
999.99
999.99
999.99
999.99
999.99
999.99
999.99
999.99
999.99
999.99
999.99
999.99
999.99
999.99
999.99
999.99
999.99
999.99
999.99
999.99
999.99
999.99
999.99
999.99
23.9649677062973
23.8230836236934
23.8084027364663
23.9177386759582
23.9781043596499
24.1979930313589
24.2186213988272
24.287574912892
24.383397892411
24.4236620209059
23.9345132999063
23.2647421602787
22.6692585195888
22.2149407665506
21.9072230814991
21.6733379790941
21.4334218577377
21.4142783207274
20.7493362369338
20.6961307894961
999.99
999.99
999.99
999.99
999.99
999.99
999.99
999.99
999.99
999.99
999.99
999.99
999.99
999.99
999.99
999.99
999.99
999.99
999.99
999.99
999.99
999.99
999.99
999.99
999.99
999.99
999.99
999.99
999.99
999.99
999.99
999.99
999.99
999.99
999.99
999.99
999.99
999.99
999.99
999.99
999.99
999.99
999.99
999.99
999.99
999.99
999.99
999.99
999.99
999.99
999.99
999.99
999.99
999.99
999.99
999.99
999.99
999.99
999.99
999.99
999.99
999.99
23.8986585365854
23.8707679952409
23.9488048780488
23.9245330160619
24.0772926829268
24.1795139797739
23.949243902439
23.6987114812612
23.3829512195122
23.2262688875669
23.1133658536585
22.7429583581201
22.542487804878
22.2880160618679
22.2629268292683
22.1804634146341
22.0958536585366
21.9101219512195
21.4616805472933
21.0726097560976
999.99
999.99
999.99
999.99
999.99
999.99
999.99
999.99
999.99
999.99
999.99
999.99
999.99
999.99
999.99
999.99
999.99
999.99
999.99
999.99
999.99
999.99
999.99
999.99
999.99
999.99
999.99
999.99
999.99
999.99
999.99
999.99
999.99
999.99
999.99
999.99
999.99
999.99
999.99
999.99
999.99
999.99
999.99
999.99
999.99
999.99
999.99
999.99
999.99
999.99
999.99
999.99
999.99
999.99
999.99
999.99
999.99
999.99
999.99
999.99
999.99
999.99
999.99
24.0828314252529
23.8799109879526
24.0033707482993
23.9353845864342
24.0766297494608
24.1345021124452
23.9693241247718
24.0395607388702
23.7943532437365
23.6364294192394
23.4076458437033
23.2597019266957
23.1683622034179
23.1876929933187
23.0422666334827
22.9256157191014
22.6087992367679
22.0804278349055
21.5369692784906
20.9057834743654
999.99
999.99
999.99
999.99
999.99
999.99
999.99
999.99
999.99
999.99
999.99
999.99
999.99
999.99
999.99
999.99
999.99
999.99
999.99
999.99
999.99
999.99
999.99
999.99
999.99
999.99
999.99
999.99
999.99
999.99
999.99
999.99
999.99
999.99
999.99
999.99
999.99
999.99
999.99
999.99
999.99
999.99
999.99
999.99
999.99
999.99
999.99
999.99
999.99
999.99
999.99
999.99
999.99
999.99
999.99
999.99
999.99
999.99
999.99
999.99
999.99
999.99
999.99
999.99
24.5825885952239
24.2851393728223
24.2203204725079
24.0278153310104
24.0879748449052
24.0980940766551
24.145149825784
24.1568292682927
24.0075834112348
23.9796898954704
23.9258048780488
23.7255017421603
23.7486203790261
23.3878501742161
23.0239158664061
22.7533275261324
22.1234363049205
21.5137425851958
21.0884059233449
22.4785028469426
999.99
999.99
999.99
999.99
999.99
999.99
999.99
999.99
999.99
999.99
999.99
999.99
999.99
999.99
999.99
999.99
999.99
999.99
999.99
999.99
999.99
999.99
999.99
999.99
999.99
999.99
999.99
999.99
999.99
999.99
999.99
999.99
999.99
999.99
999.99
999.99
999.99
999.99
999.99
999.99
999.99
999.99
999.99
999.99
999.99
999.99
999.99
999.99
999.99
999.99
999.99
999.99
999.99
999.99
999.99
999.99
999.99
999.99
25.090515428539
25.0563597955542
25.0092931806869
25.0252619047619
25.0536886510702
24.9787054393441
24.8426702339472
24.7866100454459
24.5367551020408
24.4373684901682
24.5122617388419
24.3137044276366
24.123156130745
23.9748708292359
23.799013024722
23.7031291808811
23.5921632653061
23.6650227593714
23.620543471047
23.1182448757017
999.99
999.99
999.99
999.99
999.99
999.99
999.99
999.99
999.99
999.99
999.99
999.99
999.99
999.99
999.99
999.99
999.99
999.99
999.99
999.99
999.99
999.99
999.99
999.99
999.99
999.99
999.99
999.99
999.99
999.99
999.99
999.99
999.99
999.99
999.99
999.99
999.99
999.99
999.99
999.99
999.99
999.99
999.99
999.99
999.99
999.99
999.99
999.99
999.99
999.99
999.99
999.99
999.99
999.99
999.99
999.99
999.99
999.99
999.99
999.99
25.0327108013937
24.9550584685986
24.9110783972125
25.0888121016402
25.0728788136313
25.0262090592335
24.9981317243138
25.0450836236934
24.9648822129685
24.8214599303136
24.8642183224272
24.6437770034843
24.2663338149061
24.0636794425087
23.9529700858333
23.8139337979094
23.7071168522138
23.6640871080139
23.5525365853658
23.4805365853659
999.99
999.99
999.99
999.99
999.99
999.99
999.99
999.99
999.99
999.99
999.99
999.99
999.99
999.99
999.99
999.99
999.99
999.99
999.99
999.99
999.99
999.99
999.99
999.99
999.99
999.99
999.99
999.99
999.99
999.99
999.99
999.99
999.99
999.99
999.99
999.99
999.99
999.99
999.99
999.99
999.99
999.99
999.99
999.99
999.99
999.99
999.99
999.99
999.99
999.99
999.99
999.99
999.99
999.99
999.99
999.99
999.99
999.99
999.99
24.8261708976273
24.8471190658298
24.6021466733035
24.8016184365477
24.8441214534594
24.9798095238095
24.8226768707483
24.874958445127
24.8752894636736
24.8934511365522
24.8970004107532
24.8956647585864
24.8579733172269
24.8026402853825
24.6954334964206
24.4262110502738
24.0622127944575
23.9206204579393
23.7388875527606
23.6442932636469
999.99
999.99
999.99
999.99
999.99
999.99
999.99
999.99
999.99
999.99
999.99
999.99
999.99
999.99
999.99
999.99
999.99
999.99
999.99
999.99
999.99
999.99
999.99
999.99
999.99
999.99
999.99
999.99
999.99
999.99
999.99
999.99
999.99
999.99
999.99
999.99
999.99
999.99
999.99
999.99
999.99
999.99
999.99
999.99
999.99
999.99
999.99
999.99
999.99
999.99
999.99
999.99
999.99
999.99
999.99
999.99
999.99
24.438243902439
24.8107209144217
24.6007595818815
24.5221986062718
24.453649825784
24.3531470213308
24.4076132404181
24.4462293702728
24.321543554007
24.2003344947735
24.450893728223
24.4571470213308
24.5114895470383
24.4802268207699
24.6836778278236
24.7714006968641
24.684585450837
24.538181184669
24.2402709271692
24.1372752613241
999.99
999.99
999.99
999.99
999.99
999.99
999.99
999.99
999.99
999.99
999.99
999.99
999.99
999.99
999.99
999.99
999.99
999.99
999.99
999.99
999.99
999.99
999.99
999.99
999.99
999.99
999.99
999.99
999.99
999.99
999.99
999.99
999.99
999.99
999.99
999.99
999.99
999.99
999.99
999.99
999.99
999.99
999.99
999.99
999.99
999.99
999.99
999.99
999.99
999.99
999.99
999.99
999.99
999.99
999.99
999.99
999.99
999.99
999.99
999.99
24.6651635930993
24.6706585365854
24.6323807257585
24.6580243902439
24.6624318857823
24.4657926829268
24.4326829268293
24.473
24.6051035098156
24.6479634146341
24.5192790005949
24.4674390243902
24.2632117787032
24.3669390243903
24.0802807852469
23.7908170731707
23.735496728138
23.6944092801904
23.8387317073171
23.8231403926234
23.7371219512195
23.8177852468768
23.7399024390244
23.4694342653183
999.99
999.99
999.99
999.99
999.99
999.99
999.99
999.99
999.99
999.99
999.99
999.99
999.99
999.99
999.99
999.99
999.99
999.99
999.99
999.99
999.99
999.99
999.99
999.99
999.99
999.99
999.99
999.99
999.99
999.99
999.99
999.99
999.99
999.99
999.99
999.99
999.99
999.99
999.99
999.99
999.99
999.99
999.99
999.99
999.99
999.99
999.99
999.99
999.99
999.99
999.99
24.6459163763066
24.6155629302286
24.3415888501742
24.2929256395003
24.2784142092292
24.2815853658537
24.4058398062378
24.5933432055749
24.6578756692445
24.6500174216028
24.6930389224101
24.7665679442509
24.7016858162659
24.6211585365854
24.4076341463415
24.4293536585366
24.5095554516869
24.4961620209059
24.4896634656242
24.18862543554
23.9087290728308
23.8541149825784
23.7986696694145
23.5938536585366
23.3294397042577
23.1909575082859
23.2187247386759
23.065141497408
23.4772125435541
23.3285711736211
999.99
999.99
999.99
999.99
999.99
999.99
999.99
999.99
999.99
999.99
999.99
999.99
999.99
999.99
999.99
999.99
999.99
999.99
999.99
999.99
999.99
999.99
999.99
999.99
999.99
999.99
999.99
999.99
999.99
999.99
999.99
999.99
999.99
999.99
999.99
999.99
999.99
999.99
999.99
999.99
999.99
999.99
999.99
999.99
999.99
999.99
23.9605496728138
24.0945818815331
999.99
24.245724738676
24.3924433585451
24.4835679442509
24.5594908642815
24.5970801393728
24.4626329565735
24.3786655052265
24.2691342738166
24.3873872694825
24.348362369338
24.3049043936432
24.4698780487805
24.5715455936093
24.6191777003484
24.5188362369338
24.4545452961673
24.7064920540495
24.6581550522648
24.5816515679443
24.4200174216028
24.3672822299652
24.2955243902439
24.2202552902184
24.121043554007
23.9540440214159
23.5454895470383
23.0250979858927
22.8952909407665
999.99
999.99
999.99
999.99
999.99
999.99
999.99
999.99
999.99
999.99
999.99
999.99
999.99
999.99
999.99
999.99
999.99
999.99
999.99
999.99
999.99
999.99
999.99
999.99
999.99
999.99
999.99
999.99
999.99
999.99
999.99
999.99
999.99
999.99
999.99
999.99
999.99
999.99
999.99
999.99
999.99
999.99
999.99
999.99
999.99
999.99
999.99
999.99
23.4924035620197
23.4821486643438
23.6084250344992
23.8871773685084
24.0548571428571
24.2783293512527
24.4665177878409
24.4936719761075
24.5931181633867
24.5785070516011
24.4808095238095
24.5422684586029
24.4390550530742
24.3480288700846
24.3534208824517
24.3967545719061
24.419256014601
24.5873273844933
24.62206255185
24.5160136054422
24.6793851833416
24.630817459643
24.6129102372656
24.5185223971802
24.4020018251203
24.483
24.4658377302141
24.4648866685282
24.2809965156794
999.99
999.99
999.99
999.99
999.99
999.99
999.99
999.99
999.99
999.99
999.99
999.99
999.99
999.99
999.99
999.99
999.99
999.99
999.99
999.99
999.99
999.99
999.99
999.99
999.99
999.99
999.99
999.99
999.99
999.99
999.99
999.99
999.99
999.99
999.99
999.99
999.99
999.99
999.99
999.99
999.99
999.99
999.99
999.99
999.99
999.99
999.99
999.99
999.99
999.99
999.99
23.8386236933797
23.5740311039347
23.5512822299652
23.3495773774114
23.4439825783972
23.6680452961672
23.8295017421603
24.1376380555792
24.3715156794425
24.4951152375287
24.5578083623693
24.6799950709612
24.6508641114983
24.6081459165463
24.5532404181185
24.470261748959
24.478425087108
24.4262694824509
24.4457524432736
24.4715226480836
24.4794685136398
24.6051515679443
24.7270961162573
24.7959320557491
24.6547666355061
24.4716219512195
24.5652554601853
24.3909459930314
24.4401986062718
999.99
999.99
999.99
999.99
999.99
999.99
999.99
999.99
999.99
999.99
999.99
999.99
999.99
999.99
999.99
999.99
999.99
999.99
999.99
999.99
999.99
999.99
999.99
999.99
999.99
999.99
999.99
999.99
999.99
999.99
999.99
999.99
999.99
999.99
999.99
999.99
999.99
999.99
999.99
999.99
999.99
999.99
24.3018980239329
999.99
999.99
24.365806039489
24.4131629739344
24.6266228637797
24.7236844201095
24.7524406006305
24.6140630577038
24.3035306122449
24.280549858968
24.1168318825448
23.5933265306123
23.3856240575945
23.2696981914717
23.2863282707491
23.2891662518666
23.3998200738951
23.6111224489796
23.9291150189999
24.3015944914551
24.5183932547439
24.7328347436536
24.7190900824339
24.6118775510204
24.6982756821943
24.7095246391239
24.695422400013
24.6042631491621
24.6896940515647
24.6640845666047
24.6648879210221
24.6299579979523
24.6463220507715
999.99
999.99
999.99
999.99
999.99
999.99
999.99
999.99
999.99
999.99
999.99
999.99
999.99
999.99
999.99
999.99
999.99
999.99
999.99
999.99
999.99
999.99
999.99
999.99
999.99
999.99
999.99
999.99
999.99
999.99
999.99
999.99
999.99
999.99
999.99
999.99
999.99
999.99
999.99
999.99
999.99
999.99
999.99
999.99
999.99
999.99
999.99
999.99
999.99
24.4468013087448
24.5750087108014
24.6343243817456
24.6593885017422
24.7120417268633
24.7395400696864
24.6003234469279
24.5055574912892
24.2102870740206
24.074258774539
23.9511254355401
23.5951371632531
23.2044703832752
23.1639045636102
23.4893902439024
23.6368222146682
23.2811672473868
23.4017906858163
23.6924216027875
24.0558725248577
24.5297282229965
24.8878245092207
24.8146271777003
24.7377006883658
24.7977979094077
24.9014284014617
999.99
999.99
999.99
999.99
999.99
999.99
999.99
999.99
999.99
999.99
999.99
999.99
999.99
999.99
999.99
999.99
999.99
999.99
999.99
999.99
999.99
999.99
999.99
999.99
999.99
999.99
999.99
999.99
999.99
999.99
999.99
999.99
999.99
999.99
999.99
999.99
999.99
999.99
999.99
999.99
999.99
999.99
999.99
999.99
999.99
999.99
999.99
999.99
999.99
999.99
999.99
999.99
999.99
999.99
999.99
999.99
999.99
24.6614009518144
24.7393507549361
24.6143244950568
24.5855389082462
24.5501207614515
24.3822740998839
24.2211415823915
24.1624320557491
24.0536745134699
24.1347253618878
23.7997015098722
23.6571706183961
23.5707653890824
23.4928361519504
23.4869488966318
23.6254263052039
22.9105098722416
22.9021562561967
23.3732566782811
999.99
999.99
23.9231354352568
999.99
999.99
999.99
999.99
999.99
999.99
999.99
999.99
999.99
999.99
999.99
999.99
999.99
999.99
999.99
999.99
999.99
999.99
999.99
999.99
999.99
999.99
999.99
999.99
999.99
999.99
999.99
999.99
999.99
999.99
999.99
999.99
999.99
999.99
999.99
999.99
999.99
999.99
999.99
999.99
999.99
999.99
999.99
999.99
999.99
999.99
999.99
999.99
999.99
999.99
999.99
999.99
999.99
999.99
999.99
999.99
999.99
999.99
999.99
999.99
999.99
24.5445933542959
24.3554459930313
24.4094206679697
24.1347665505226
24.0147581371632
23.9412090592335
23.9590682416929
23.9382177700348
23.7504053709527
23.9215907198096
23.9843832752613
23.8215523922835
23.5555296167247
23.3865336959293
23.2455331010453
999.99
999.99
999.99
999.99
999.99
999.99
999.99
999.99
999.99
999.99
999.99
999.99
999.99
999.99
999.99
999.99
999.99
999.99
999.99
999.99
999.99
999.99
999.99
999.99
999.99
999.99
999.99
999.99
999.99
999.99
999.99
999.99
999.99
999.99
999.99
999.99
999.99
999.99
999.99
999.99
999.99
999.99
999.99
999.99
999.99
999.99
999.99
999.99
999.99
999.99
999.99
999.99
999.99
999.99
999.99
999.99
999.99
999.99
999.99
999.99
999.99
999.99
999.99
999.99
999.99
999.99
999.99
999.99
24.0489199456106
23.6232682926829
23.7085161043597
23.6640226480836
23.5558921560296
23.6320365853658
23.7319667714796
23.4992212543554
24.0122425427041
24.271747769185
24.067756097561
23.6412715220532
999.99
999.99
999.99
999.99
999.99
999.99
999.99
999.99
999.99
999.99
999.99
999.99
999.99
999.99
999.99
999.99
999.99
999.99
999.99
999.99
999.99
999.99
999.99
999.99
999.99
999.99
999.99
999.99
999.99
999.99
999.99
999.99
999.99
999.99
999.99
999.99
999.99
999.99
999.99
999.99
999.99
999.99
999.99
999.99
999.99
999.99
999.99
999.99
999.99
999.99
999.99
999.99
999.99
999.99
999.99
999.99
999.99
999.99
999.99
999.99
999.99
999.99
999.99
999.99
999.99
999.99
999.99
999.99
999.99
999.99
999.99
999.99
23.7398780487805
23.7770905923345
999.99
999.99
999.99
999.99
999.99
999.99
999.99
999.99
999.99
999.99
999.99
999.99
999.99
999.99
999.99
999.99
999.99
999.99
999.99
999.99
999.99
999.99
999.99
999.99
999.99
999.99
999.99
999.99
999.99
999.99
999.99
999.99
999.99
999.99
999.99
999.99
999.99
999.99
999.99
999.99
999.99
999.99
999.99
999.99
999.99
999.99
999.99
999.99
999.99
999.99
999.99
999.99
999.99
999.99
999.99
999.99
999.99
999.99
999.99
999.99
999.99
999.99
999.99
999.99
999.99
999.99
999.99
999.99
999.99
999.99
999.99
999.99
999.99
999.99
999.99
999.99
999.99
999.99
999.99
999.99
999.99
999.99
999.99
999.99
999.99
999.99
999.99
999.99
999.99
999.99
999.99
999.99
999.99
999.99
999.99
999.99
999.99
999.99
999.99
999.99
999.99
999.99
999.99
999.99
999.99
999.99
999.99
999.99
999.99
999.99
999.99
999.99
999.99
999.99
999.99
999.99
999.99
999.99
999.99
999.99
999.99
999.99
999.99
999.99
999.99
999.99
999.99
999.99
999.99
999.99
999.99
999.99
999.99
999.99
999.99
999.99
999.99
999.99
999.99
999.99
999.99
999.99
999.99
999.99
999.99
999.99
999.99
999.99
999.99
999.99
999.99
999.99
999.99
999.99
999.99
999.99
999.99
999.99
999.99
999.99
999.99
999.99
999.99
999.99
999.99
999.99
999.99
999.99
999.99
999.99
999.99
999.99
999.99
999.99
999.99
999.99
999.99
999.99
999.99
999.99
999.99
999.99
999.99
999.99
999.99
999.99
999.99
999.99
999.99
999.99
999.99
999.99
999.99
999.99
999.99
999.99
999.99
999.99
999.99
999.99
999.99
999.99
999.99
999.99
999.99
999.99
999.99
999.99
999.99
999.99
999.99
999.99
999.99
999.99
999.99
999.99
999.99
999.99
999.99
999.99
999.99
999.99
999.99
999.99
999.99
999.99
999.99
999.99
999.99
999.99
999.99
999.99
999.99
999.99
999.99
999.99
999.99
999.99
999.99
999.99
999.99
999.99
999.99
999.99
999.99
999.99
999.99
999.99
999.99
999.99
999.99
999.99
999.99
999.99
999.99
999.99
999.99
999.99
999.99
999.99
999.99
999.99
999.99
999.99
999.99
999.99
999.99
999.99
999.99
999.99
999.99
999.99
999.99
999.99
999.99
999.99
999.99
999.99
999.99
999.99
999.99
999.99
999.99
999.99
999.99
999.99
999.99
999.99
999.99
999.99
999.99
999.99
999.99
999.99
999.99
999.99
999.99
999.99
999.99
999.99
999.99
999.99
999.99
999.99
999.99
999.99
999.99
999.99
999.99
999.99
999.99
999.99
999.99
999.99
999.99
999.99
999.99
999.99
999.99
999.99
999.99
999.99
999.99
999.99
999.99
999.99
999.99
999.99
999.99
999.99
999.99
999.99
999.99
999.99
999.99
999.99
999.99
999.99
999.99
999.99
999.99
999.99
999.99
999.99
999.99
999.99
999.99
999.99
999.99
999.99
999.99
999.99
999.99
999.99
999.99
999.99
999.99
999.99
999.99
999.99
999.99
999.99
999.99
999.99
999.99
999.99
999.99
999.99
999.99
999.99
999.99
999.99
999.99
999.99
999.99
999.99
999.99
999.99
999.99
999.99
999.99
999.99
999.99
999.99
999.99
999.99
999.99
999.99
999.99
999.99
999.99
999.99
999.99
999.99
999.99
999.99
999.99
999.99
999.99
999.99
999.99
999.99
999.99
999.99
999.99
999.99
999.99
999.99
999.99
999.99
999.99
