999.99
999.99
999.99
999.99
999.99
999.99
999.99
999.99
999.99
999.99
999.99
999.99
999.99
999.99
999.99
999.99
999.99
999.99
999.99
999.99
999.99
999.99
999.99
999.99
999.99
999.99
999.99
999.99
999.99
999.99
999.99
999.99
999.99
999.99
999.99
999.99
999.99
999.99
999.99
999.99
999.99
999.99
999.99
999.99
999.99
999.99
999.99
999.99
999.99
999.99
999.99
999.99
999.99
999.99
999.99
999.99
999.99
999.99
999.99
999.99
999.99
999.99
999.99
999.99
999.99
999.99
999.99
999.99
999.99
999.99
999.99
999.99
999.99
999.99
999.99
999.99
999.99
999.99
999.99
999.99
999.99
999.99
999.99
999.99
999.99
999.99
999.99
999.99
999.99
999.99
999.99
999.99
999.99
999.99
999.99
999.99
999.99
999.99
999.99
999.99
999.99
999.99
999.99
999.99
999.99
999.99
999.99
999.99
999.99
999.99
999.99
999.99
999.99
999.99
999.99
999.99
999.99
999.99
999.99
999.99
999.99
999.99
999.99
999.99
999.99
999.99
999.99
999.99
999.99
999.99
999.99
999.99
999.99
999.99
22.9782046400952
22.9257373162233
22.7586864111498
22.6867251635931
22.5210975609756
22.5083614345203
22.1778013937283
21.7582076994986
21.574181184669
21.4648015636951
21.7355400696864
21.7632272456871
21.7433379790941
21.8817376561571
21.8952578397213
21.9220588935158
21.772512195122
21.5044371547549
20.9872090592335
20.6430418118467
19.9628885017422
999.99
999.99
999.99
999.99
999.99
999.99
999.99
999.99
999.99
999.99
999.99
999.99
999.99
999.99
999.99
999.99
999.99
999.99
999.99
999.99
999.99
999.99
999.99
999.99
999.99
999.99
999.99
999.99
999.99
999.99
999.99
999.99
999.99
999.99
999.99
999.99
999.99
999.99
999.99
999.99
999.99
999.99
999.99
999.99
999.99
999.99
999.99
999.99
999.99
999.99
999.99
999.99
999.99
999.99
999.99
999.99
999.99
999.99
999.99
999.99
999.99
999.99
22.9305913450449
22.8832374922604
22.8255679442509
22.6217904854982
22.4763093578894
22.1032994755308
22.031668242907
21.9144398681543
21.8145238924838
21.5509955808617
21.7087702837233
21.7440273525234
21.6839664011946
21.6691499350484
21.5472745146839
21.5264693877551
21.4209223494276
21.2922880695408
20.8622610751618
20.5521845900764
20.2341647585864
999.99
999.99
999.99
999.99
999.99
999.99
999.99
999.99
999.99
999.99
999.99
999.99
999.99
999.99
999.99
999.99
999.99
999.99
999.99
999.99
999.99
999.99
999.99
999.99
999.99
999.99
999.99
999.99
999.99
999.99
999.99
999.99
999.99
999.99
999.99
999.99
999.99
999.99
999.99
999.99
999.99
999.99
999.99
999.99
999.99
999.99
999.99
999.99
999.99
999.99
999.99
999.99
999.99
999.99
999.99
999.99
999.99
999.99
999.99
999.99
999.99
999.99
22.8287006033823
22.903712246112
22.9570104529617
22.7294133593949
22.6558954703833
22.3621458315628
21.8697735191638
21.7448954703833
21.661606271777
21.5541982663381
21.4563902439024
21.5107386759582
21.3657491289199
21.2685164442934
21.1063797909407
20.9921011302795
20.8266306620209
20.794859097476
20.6831881533101
20.5058628367468
20.169456445993
999.99
999.99
999.99
999.99
999.99
999.99
999.99
999.99
999.99
999.99
999.99
999.99
999.99
999.99
999.99
999.99
999.99
999.99
999.99
999.99
999.99
999.99
999.99
999.99
999.99
999.99
999.99
999.99
999.99
999.99
999.99
999.99
999.99
999.99
999.99
999.99
999.99
999.99
999.99
999.99
999.99
999.99
999.99
999.99
999.99
999.99
999.99
999.99
999.99
999.99
999.99
999.99
999.99
999.99
999.99
999.99
999.99
999.99
999.99
999.99
999.99
999.99
22.8779781592589
22.9093110393473
22.7937944250871
22.6829953259114
22.4695574912892
22.4873606696694
22.4862648083624
22.0652533355997
21.673449477352
22.0005753378091
21.8958013937283
21.9859756097561
22.129275261324
21.9254051160024
21.4041811846689
20.9066253080648
20.4950696864112
20.4461418373417
20.3470592334495
20.2802020905923
23.8228549095953
999.99
999.99
999.99
999.99
999.99
999.99
999.99
999.99
999.99
999.99
999.99
999.99
999.99
999.99
999.99
999.99
999.99
999.99
999.99
999.99
999.99
999.99
999.99
999.99
999.99
999.99
999.99
999.99
999.99
999.99
999.99
999.99
999.99
999.99
999.99
999.99
999.99
999.99
999.99
999.99
999.99
999.99
999.99
999.99
999.99
999.99
999.99
999.99
999.99
999.99
999.99
999.99
999.99
999.99
999.99
999.99
999.99
999.99
999.99
999.99
999.99
999.99
999.99
23.0848468598623
23.1796097560976
23.2094300161468
23.1711289198606
22.9417829523243
22.9057839721255
22.7119001444718
22.5091254355401
22.360366533526
22.389756097561
22.4214086853063
22.3610940766551
22.3595591059743
22.2671393728223
21.9976132404181
21.6957804878049
21.3570433415485
20.7090452961674
20.1757146256481
23.8228549095953
23.8228549095953
999.99
999.99
999.99
999.99
999.99
999.99
999.99
999.99
999.99
999.99
999.99
999.99
999.99
999.99
999.99
999.99
999.99
999.99
999.99
999.99
999.99
999.99
999.99
999.99
999.99
999.99
999.99
999.99
999.99
999.99
999.99
999.99
999.99
999.99
999.99
999.99
999.99
999.99
999.99
999.99
999.99
999.99
999.99
999.99
999.99
999.99
999.99
999.99
999.99
999.99
999.99
999.99
999.99
999.99
999.99
999.99
999.99
999.99
999.99
999.99
999.99
23.1974094501572
23.2704875499278
23.2696411149826
23.3236640605082
23.2906445993031
23.2994179485
23.2274355400697
23.2316395852809
23.1269163763066
22.8403242967621
22.6410139372822
22.5053667884763
22.7655296167247
22.888309594629
22.8783066202091
22.9069873374692
22.8422648083624
22.6044138692956
21.8855923344948
21.3034329055835
20.2856655052265
999.99
999.99
999.99
999.99
999.99
999.99
999.99
999.99
999.99
999.99
999.99
999.99
999.99
999.99
999.99
999.99
999.99
999.99
999.99
999.99
999.99
999.99
999.99
999.99
999.99
999.99
999.99
999.99
999.99
999.99
999.99
999.99
999.99
999.99
999.99
999.99
999.99
999.99
999.99
999.99
999.99
999.99
999.99
999.99
999.99
999.99
999.99
999.99
999.99
999.99
999.99
999.99
999.99
999.99
999.99
999.99
999.99
999.99
999.99
999.99
999.99
999.99
999.99
999.99
23.2342032520325
23.1881194583723
23.2256666666667
23.13991141894
23.0828083623693
23.1849047619048
23.2189396051103
23.2230538228379
23.1018989547038
23.0566487351633
23.1593995354239
23.1975595592193
23.3119094076655
23.2571852072179
23.2146666666667
23.063111781536
22.7418327526133
22.2041233959379
21.0076782810685
29.6433051471674
23.8228549095953
999.99
999.99
999.99
999.99
999.99
999.99
999.99
999.99
999.99
999.99
999.99
999.99
999.99
999.99
999.99
999.99
999.99
999.99
999.99
999.99
999.99
999.99
999.99
999.99
999.99
999.99
999.99
999.99
999.99
999.99
999.99
999.99
999.99
999.99
999.99
999.99
999.99
999.99
999.99
999.99
999.99
999.99
999.99
999.99
999.99
999.99
999.99
999.99
999.99
999.99
999.99
999.99
999.99
999.99
999.99
999.99
999.99
999.99
999.99
999.99
999.99
999.99
999.99
23.3036341463415
23.3059233449477
23.2650883827654
23.3140766550523
23.3375921645279
23.3345644599303
23.4310004249172
23.4042717770035
23.4186186793575
23.5828606271777
23.5957842270757
23.6478292682927
23.6377811676723
23.6519233449477
23.5338834027365
23.1053728222997
22.6853976374607
21.8200592334494
21.2639965156794
20.6459981303645
20.1511846689896
999.99
999.99
999.99
999.99
999.99
999.99
999.99
999.99
999.99
999.99
999.99
999.99
999.99
999.99
999.99
999.99
999.99
999.99
999.99
999.99
999.99
999.99
999.99
999.99
999.99
999.99
999.99
999.99
999.99
999.99
999.99
999.99
999.99
999.99
999.99
999.99
999.99
999.99
999.99
999.99
999.99
999.99
999.99
999.99
999.99
999.99
999.99
999.99
999.99
999.99
999.99
999.99
999.99
999.99
999.99
999.99
999.99
999.99
23.7116242740999
23.7289064818075
23.68496364328
23.5491194624191
23.3689688798779
23.409806039489
23.3965989146402
23.3620829600133
23.3799842092696
23.5310544217687
23.6143095379734
23.6990087937614
23.7046198772192
23.6751536419446
23.7188526549228
23.7115055583209
23.6917247063013
23.6539288203086
23.6399387755102
23.4728083623694
23.1478576729919
999.99
999.99
999.99
999.99
999.99
999.99
999.99
999.99
999.99
999.99
999.99
999.99
999.99
999.99
999.99
999.99
999.99
999.99
999.99
999.99
999.99
999.99
999.99
999.99
999.99
999.99
999.99
999.99
999.99
999.99
999.99
999.99
999.99
999.99
999.99
999.99
999.99
999.99
999.99
999.99
999.99
999.99
999.99
999.99
999.99
999.99
999.99
999.99
999.99
999.99
999.99
999.99
999.99
999.99
999.99
999.99
999.99
999.99
999.99
999.99
999.99
999.99
999.99
23.7925505226481
23.6099639670264
23.509968641115
23.5917798079374
23.5596306620209
23.5955680292343
23.5042648083624
23.4478517889012
23.6532404181185
23.7560487804878
23.9170243902439
23.8773006713691
23.7448919860627
23.7232191722614
23.7402334494774
23.6820592334495
23.6267142857143
23.6821819495198
23.6857003484321
23.614439364324
23.3252613240418
999.99
999.99
999.99
999.99
999.99
999.99
999.99
999.99
999.99
999.99
999.99
999.99
999.99
999.99
999.99
999.99
999.99
999.99
999.99
999.99
999.99
999.99
999.99
999.99
999.99
999.99
999.99
999.99
999.99
999.99
999.99
999.99
999.99
999.99
999.99
999.99
999.99
999.99
999.99
999.99
999.99
999.99
999.99
999.99
999.99
999.99
999.99
999.99
999.99
999.99
999.99
999.99
999.99
999.99
999.99
999.99
999.99
999.99
999.99
999.99
999.99
999.99
23.9610171626057
23.9237143666509
23.7816651733864
23.7530901229022
23.7086636801062
23.713490184414
23.7851402024224
23.8850194207368
23.9159430894309
23.9491088435374
23.9750972291356
23.8492230329372
23.8154464907914
23.6311914757575
23.6165754106521
23.6840652187109
23.6187456445993
23.6379651487008
23.7106475858636
23.6953669422558
23.5130968972955
999.99
999.99
999.99
999.99
999.99
999.99
999.99
999.99
999.99
999.99
999.99
999.99
999.99
999.99
999.99
999.99
999.99
999.99
999.99
999.99
999.99
999.99
999.99
999.99
999.99
999.99
999.99
999.99
999.99
999.99
999.99
999.99
999.99
999.99
999.99
999.99
999.99
999.99
999.99
999.99
999.99
999.99
999.99
999.99
999.99
999.99
999.99
999.99
999.99
999.99
999.99
999.99
999.99
999.99
999.99
999.99
999.99
999.99
999.99
999.99
999.99
999.99
999.99
999.99
999.99
999.99
23.756905923345
23.9067666355061
23.9531463414634
23.9474112348092
23.9251602787456
23.9007758137163
23.9181707317073
23.8970927169202
23.7444285714286
23.81451338489
23.6001707317073
23.5532008158409
23.5542508710801
23.5702173876094
23.5840069686411
23.5050634826209
23.4381672473868
22.8840345032718
22.3993593099345
22.0643013937282
21.7595302116087
999.99
999.99
999.99
999.99
999.99
999.99
999.99
999.99
999.99
999.99
999.99
999.99
999.99
999.99
999.99
999.99
999.99
999.99
999.99
999.99
999.99
999.99
999.99
999.99
999.99
999.99
999.99
999.99
999.99
999.99
999.99
999.99
999.99
999.99
999.99
999.99
999.99
999.99
999.99
999.99
999.99
999.99
999.99
999.99
999.99
999.99
999.99
999.99
999.99
999.99
999.99
999.99
999.99
999.99
999.99
999.99
999.99
999.99
999.99
999.99
999.99
999.99
24.036905923345
23.9516499532591
24.0237108013937
23.9837598368318
23.8753554006969
23.761751338489
23.7879442508711
23.6559445908048
23.545
23.5077290728308
23.574574912892
23.4372733067051
23.2990278745645
23.5550985807767
23.6828745644599
23.6448071726013
23.3526132404181
22.9989635421092
22.5326868360669
22.1756358885018
21.9018941106484
999.99
999.99
999.99
999.99
999.99
999.99
999.99
999.99
999.99
999.99
999.99
999.99
999.99
999.99
999.99
999.99
999.99
999.99
999.99
999.99
999.99
999.99
999.99
999.99
999.99
999.99
999.99
999.99
999.99
999.99
999.99
999.99
999.99
999.99
999.99
999.99
999.99
999.99
999.99
999.99
999.99
999.99
999.99
999.99
999.99
999.99
999.99
999.99
999.99
999.99
999.99
999.99
999.99
999.99
999.99
999.99
999.99
999.99
999.99
999.99
999.99
999.99
24.1038780487805
24.053738251041
23.9547317073171
23.8875829863177
23.7059268292683
23.5441082688876
23.5473170731707
23.4046145151696
23.2041707317073
23.2306276026175
23.5181219512196
23.8172968471148
23.8200487804878
23.847243902439
23.6354878048781
23.5316662700773
23.1883170731707
23.0565264723379
22.9682004759072
22.8123902439024
22.2863795359904
999.99
999.99
999.99
999.99
999.99
999.99
999.99
999.99
999.99
999.99
999.99
999.99
999.99
999.99
999.99
999.99
999.99
999.99
999.99
999.99
999.99
999.99
999.99
999.99
999.99
999.99
999.99
999.99
999.99
999.99
999.99
999.99
999.99
999.99
999.99
999.99
999.99
999.99
999.99
999.99
999.99
999.99
999.99
999.99
999.99
999.99
999.99
999.99
999.99
999.99
999.99
999.99
999.99
999.99
999.99
999.99
999.99
999.99
999.99
999.99
999.99
999.99
999.99
24.2183423132489
24.2327735191638
24.2505768675109
24.2021149825784
24.1924905243477
24.1435400696864
24.0175398147361
23.9350487804878
24.0011529701708
24.3242822299652
24.4258138862922
24.1408222996516
24.0426593864197
23.761243902439
23.6170122376137
23.4375644599303
23.1115892750913
22.9190726608311
22.6400783972125
22.1712177275431
21.7701916376306
999.99
999.99
999.99
999.99
999.99
999.99
999.99
999.99
999.99
999.99
999.99
999.99
999.99
999.99
999.99
999.99
999.99
999.99
999.99
999.99
999.99
999.99
999.99
999.99
999.99
999.99
999.99
999.99
999.99
999.99
999.99
999.99
999.99
999.99
999.99
999.99
999.99
999.99
999.99
999.99
999.99
999.99
999.99
999.99
999.99
999.99
999.99
999.99
999.99
999.99
999.99
999.99
999.99
999.99
999.99
999.99
999.99
999.99
999.99
999.99
999.99
999.99
24.4185151634717
24.5306392898623
24.6340280809528
24.5538235440518
24.5549755004917
24.5538503401361
24.5218940722035
24.4736134063381
24.5379673764806
24.6611893147503
24.5647789115646
24.4136450141032
24.0936582108156
24.0232351916376
23.9402732844476
23.8257120457939
23.5634975071528
23.2986232502519
22.8656610253858
22.5724549992513
22.3664583540733
999.99
999.99
999.99
999.99
999.99
999.99
999.99
999.99
999.99
999.99
999.99
999.99
999.99
999.99
999.99
999.99
999.99
999.99
999.99
999.99
999.99
999.99
999.99
999.99
999.99
999.99
999.99
999.99
999.99
999.99
999.99
999.99
999.99
999.99
999.99
999.99
999.99
999.99
999.99
999.99
999.99
999.99
999.99
999.99
999.99
999.99
999.99
999.99
999.99
999.99
999.99
999.99
999.99
999.99
999.99
999.99
999.99
999.99
999.99
999.99
999.99
999.99
999.99
999.99
24.673386589615
24.7089616724739
24.6936052519758
24.6558432055749
24.5933187728393
24.4695574912892
24.3757000934818
24.204787456446
24.2109088977649
24.2973588850174
24.3306885357355
24.0902020905924
23.82544174386
23.7452195121951
23.6712771309595
23.3296214838106
23.0952317073171
23.0844103849749
22.6093362369337
22.4848398062378
22.3594790940767
999.99
999.99
999.99
999.99
999.99
999.99
999.99
999.99
999.99
999.99
999.99
999.99
999.99
999.99
999.99
999.99
999.99
999.99
999.99
999.99
999.99
999.99
999.99
999.99
999.99
999.99
999.99
999.99
999.99
999.99
999.99
999.99
999.99
999.99
999.99
999.99
999.99
999.99
999.99
999.99
999.99
999.99
999.99
999.99
999.99
999.99
999.99
999.99
999.99
999.99
999.99
999.99
999.99
999.99
999.99
999.99
999.99
999.99
999.99
999.99
999.99
999.99
24.5881551473653
24.6118360710138
24.8216113384081
24.8202585034014
24.7417358553177
24.6084825783972
24.5663605442177
24.3562167745147
24.2401204356817
24.141043471047
24.0282633272226
23.9105476190476
23.7125424350585
23.4714475692716
23.1523603580635
23.052727927578
23.0074547038327
22.9874013484037
22.7857770034843
22.258037058845
21.9896214534594
999.99
999.99
999.99
999.99
999.99
999.99
999.99
999.99
999.99
999.99
999.99
999.99
999.99
999.99
999.99
999.99
999.99
999.99
999.99
999.99
999.99
999.99
999.99
999.99
999.99
999.99
999.99
999.99
999.99
999.99
999.99
999.99
999.99
999.99
999.99
999.99
999.99
999.99
999.99
999.99
999.99
999.99
999.99
999.99
999.99
999.99
999.99
999.99
999.99
999.99
999.99
999.99
999.99
999.99
999.99
999.99
999.99
999.99
999.99
999.99
999.99
24.7514459930314
24.7611114982578
24.806850174216
24.7967385059913
24.7291289198606
24.6396383105294
24.5872543554007
24.4584513469873
24.3845470383275
24.4071369083029
24.128787456446
23.9545605506927
23.6419895470384
23.29694917991
22.997149825784
22.8516046570919
22.8260192062548
22.6697648083624
22.3876271777003
22.2394738675958
21.8710991756607
999.99
999.99
999.99
999.99
999.99
999.99
999.99
999.99
999.99
999.99
999.99
999.99
999.99
999.99
999.99
999.99
999.99
999.99
999.99
999.99
999.99
999.99
999.99
999.99
999.99
999.99
999.99
999.99
999.99
999.99
999.99
999.99
999.99
999.99
999.99
999.99
999.99
999.99
999.99
999.99
999.99
999.99
999.99
999.99
999.99
999.99
999.99
999.99
999.99
999.99
999.99
999.99
999.99
999.99
999.99
999.99
999.99
999.99
999.99
999.99
999.99
999.99
999.99
999.99
999.99
24.8276869493782
24.7763393064543
24.7956428571429
24.8078914883026
24.7578911726499
24.6514489795918
24.4849852654923
24.5038350754936
24.3332265213046
23.9028135058902
23.5631459812956
23.4410379956861
23.2930204081633
23.15754759679
22.641862369338
22.2249427211694
22.0678039654886
21.8333333333333
21.7133504230961
27.5738937545313
23.8228549095953
999.99
999.99
999.99
999.99
999.99
999.99
999.99
999.99
999.99
999.99
999.99
999.99
999.99
999.99
999.99
999.99
999.99
999.99
999.99
999.99
999.99
999.99
999.99
999.99
999.99
999.99
999.99
999.99
999.99
999.99
999.99
999.99
999.99
999.99
999.99
999.99
999.99
999.99
999.99
999.99
999.99
999.99
999.99
999.99
999.99
999.99
999.99
999.99
999.99
999.99
999.99
999.99
999.99
999.99
999.99
999.99
999.99
999.99
999.99
999.99
999.99
24.8306829268293
24.8988988697204
24.9296585365854
24.8541564544914
24.7995609756098
24.6077983343248
24.5692195121951
24.7403521713266
24.6386097560976
24.2310951814397
23.7062682926829
23.3138120166568
23.0868536585366
22.6627221891731
22.3278649613325
22.2325243902439
22.1423593099346
21.706743902439
21.5981873884593
23.8228549095953
999.99
999.99
999.99
999.99
999.99
999.99
999.99
999.99
999.99
999.99
999.99
999.99
999.99
999.99
999.99
999.99
999.99
999.99
999.99
999.99
999.99
999.99
999.99
999.99
999.99
999.99
999.99
999.99
999.99
999.99
999.99
999.99
999.99
999.99
999.99
999.99
999.99
999.99
999.99
999.99
999.99
999.99
999.99
999.99
999.99
999.99
999.99
999.99
999.99
999.99
999.99
999.99
999.99
999.99
999.99
999.99
999.99
999.99
999.99
999.99
999.99
999.99
24.9643950879579
24.9663797909408
24.9828853573553
24.9438919860627
24.93028953854
24.8901324041812
24.7467194697034
24.6475540069686
24.5733709526642
24.4753797909408
24.1808919860628
23.5784006968641
23.3849697458996
23.0867142857143
22.80514030764
22.4766290473357
22.0895034843206
21.8403010113028
21.97293728223
22.334976969491
999.99
999.99
999.99
999.99
999.99
999.99
999.99
999.99
999.99
999.99
999.99
999.99
999.99
999.99
999.99
999.99
999.99
999.99
999.99
999.99
999.99
999.99
999.99
999.99
999.99
999.99
999.99
999.99
999.99
999.99
999.99
999.99
999.99
999.99
999.99
999.99
999.99
999.99
999.99
999.99
999.99
999.99
999.99
999.99
999.99
999.99
999.99
999.99
999.99
999.99
999.99
999.99
999.99
999.99
999.99
999.99
999.99
999.99
999.99
999.99
999.99
999.99
999.99
999.99
25.0459163763066
25.0392743265063
25.0709616724739
24.9978065777173
24.8633763066202
24.8925315713436
24.8101637630662
24.7138882467918
24.3047909407665
23.8397317073171
23.416362369338
22.9405525622504
22.8424912891986
22.6273922835047
22.1255849409365
21.9114599303136
21.736251635931
21.8421219512195
31.1917788731116
23.8228549095953
999.99
999.99
999.99
999.99
999.99
999.99
999.99
999.99
999.99
999.99
999.99
999.99
999.99
999.99
999.99
999.99
999.99
999.99
999.99
999.99
999.99
999.99
999.99
999.99
999.99
999.99
999.99
999.99
999.99
999.99
999.99
999.99
999.99
999.99
999.99
999.99
999.99
999.99
999.99
999.99
999.99
999.99
999.99
999.99
999.99
999.99
999.99
999.99
999.99
999.99
999.99
999.99
999.99
999.99
999.99
999.99
999.99
999.99
999.99
999.99
999.99
25.2524146341463
25.2297226140903
25.1711672473868
25.2031505056514
25.0430174216028
24.9397863516614
24.8583379790941
25.0224729327781
24.9917073170731
24.9252292003059
24.5581986062717
23.9781511855188
23.5738850174217
23.0111363134189
22.8837491289198
22.8272980368828
22.5946274326506
22.1941358885018
21.756397297527
21.7101167247386
999.99
999.99
999.99
999.99
999.99
999.99
999.99
999.99
999.99
999.99
999.99
999.99
999.99
999.99
999.99
999.99
999.99
999.99
999.99
999.99
999.99
999.99
999.99
999.99
999.99
999.99
999.99
999.99
999.99
999.99
999.99
999.99
999.99
999.99
999.99
999.99
999.99
999.99
999.99
999.99
999.99
999.99
999.99
999.99
999.99
999.99
999.99
999.99
999.99
999.99
999.99
999.99
999.99
999.99
999.99
999.99
999.99
999.99
999.99
999.99
999.99
999.99
999.99
999.99
25.354902948925
25.3049616724739
25.0433488569729
24.9419930313589
24.7983306705193
24.7508048780488
24.7697775133849
24.8391567944251
24.7417267782782
24.6268954703833
24.5473604997026
24.1963240418119
23.8225957338319
23.5193832752613
23.4610747004334
23.2874390243902
23.1323484320557
22.5895637800628
21.9166515679442
22.6225659046486
999.99
999.99
999.99
999.99
999.99
999.99
999.99
999.99
999.99
999.99
999.99
999.99
999.99
999.99
999.99
999.99
999.99
999.99
999.99
999.99
999.99
999.99
999.99
999.99
999.99
999.99
999.99
999.99
999.99
999.99
999.99
999.99
999.99
999.99
999.99
999.99
999.99
999.99
999.99
999.99
999.99
999.99
999.99
999.99
999.99
999.99
999.99
999.99
999.99
999.99
999.99
999.99
999.99
999.99
999.99
999.99
999.99
999.99
999.99
999.99
999.99
999.99
25.2329198606272
25.0817351066542
25.0657421602787
24.9672416928699
24.887574912892
24.8329305685391
25.1495296167247
25.0110877028979
24.9288432055749
24.7994379196057
24.7817456445993
24.554165292768
24.0523170731708
23.9655853658537
23.974850174216
23.7607505736381
23.3125874054559
23.0279756097561
22.453563015212
22.3782020905924
999.99
999.99
999.99
999.99
999.99
999.99
999.99
999.99
999.99
999.99
999.99
999.99
999.99
999.99
999.99
999.99
999.99
999.99
999.99
999.99
999.99
999.99
999.99
999.99
999.99
999.99
999.99
999.99
999.99
999.99
999.99
999.99
999.99
999.99
999.99
999.99
999.99
999.99
999.99
999.99
999.99
999.99
999.99
999.99
999.99
999.99
999.99
999.99
999.99
999.99
999.99
999.99
999.99
999.99
999.99
999.99
999.99
999.99
999.99
999.99
999.99
999.99
999.99
999.99
999.99
25.0747929318069
25.0289258458886
25.142612244898
25.2249914409547
25.0579352911897
24.9359108281028
25.0351129915381
25.0155277106679
25.1436431060229
24.7966040257865
24.4723549029368
24.2131287741747
24.1640298656048
23.8991376367322
23.6048979591837
23.3458170731708
22.9928119073923
22.5182155301144
22.0838817030679
22.5818979591837
999.99
999.99
999.99
999.99
999.99
999.99
999.99
999.99
999.99
999.99
999.99
999.99
999.99
999.99
999.99
999.99
999.99
999.99
999.99
999.99
999.99
999.99
999.99
999.99
999.99
999.99
999.99
999.99
999.99
999.99
999.99
999.99
999.99
999.99
999.99
999.99
999.99
999.99
999.99
999.99
999.99
999.99
999.99
999.99
999.99
999.99
999.99
999.99
999.99
999.99
999.99
999.99
999.99
999.99
999.99
999.99
999.99
999.99
999.99
999.99
999.99
999.99
999.99
25.1
24.9460511600238
24.9502926829268
25.278502082094
25.4545365853659
25.3118667459845
25.1450975609757
25.1616638905413
25.0684390243902
24.8939333729923
24.6253170731707
24.5077775133849
24.4869756097561
24.3041261154075
23.8628417608566
23.5813780487805
23.0715270672219
22.9545975609756
22.799259369423
22.8569146341463
999.99
999.99
999.99
999.99
999.99
999.99
999.99
999.99
999.99
999.99
999.99
999.99
999.99
999.99
999.99
999.99
999.99
999.99
999.99
999.99
999.99
999.99
999.99
999.99
999.99
999.99
999.99
999.99
999.99
999.99
999.99
999.99
999.99
999.99
999.99
999.99
999.99
999.99
999.99
999.99
999.99
999.99
999.99
999.99
999.99
999.99
999.99
999.99
999.99
999.99
999.99
999.99
999.99
999.99
999.99
999.99
999.99
999.99
999.99
999.99
999.99
999.99
25.0879365780816
25.1679830761573
25.2248364554626
25.3775953210553
25.4632117301412
25.3224987555998
25.5020519612961
25.3585266301642
25.0569403416333
24.8817541065207
24.7800425888381
24.6282354405177
24.4113438308101
24.313356396217
24.1209233328072
23.9069378649734
23.6749646590344
23.5088119438138
23.367356893977
22.6191195109811
999.99
999.99
999.99
999.99
999.99
999.99
999.99
999.99
999.99
999.99
999.99
999.99
999.99
999.99
999.99
999.99
999.99
999.99
999.99
999.99
999.99
999.99
999.99
999.99
999.99
999.99
999.99
999.99
999.99
999.99
999.99
999.99
999.99
999.99
999.99
999.99
999.99
999.99
999.99
999.99
999.99
999.99
999.99
999.99
999.99
999.99
999.99
999.99
999.99
999.99
999.99
999.99
999.99
999.99
999.99
999.99
999.99
999.99
999.99
999.99
999.99
999.99
999.99
25.2351959717855
25.3701846689895
25.3747136058469
25.3425400696864
25.1513494518569
25.3522543554007
25.3555071810997
25.3105296167247
24.9632611540749
24.6326515679443
24.4435058213649
24.3958780487805
24.2207402906433
23.9411463414634
23.8320174216028
23.4863680632276
22.9199703832753
22.7808632616639
22.1919355400697
22.1014705532421
999.99
999.99
999.99
999.99
999.99
999.99
999.99
999.99
999.99
999.99
999.99
999.99
999.99
999.99
999.99
999.99
999.99
999.99
999.99
999.99
999.99
999.99
999.99
999.99
999.99
999.99
999.99
999.99
999.99
999.99
999.99
999.99
999.99
999.99
999.99
999.99
999.99
999.99
999.99
999.99
999.99
999.99
999.99
999.99
999.99
999.99
999.99
999.99
999.99
999.99
999.99
999.99
999.99
999.99
999.99
999.99
999.99
999.99
999.99
999.99
999.99
25.2984957933203
25.258756097561
25.3104187133509
25.1989825783972
25.1322259709357
25.0929825783972
25.1865765275771
25.2129442508711
25.2343388289284
25.1345818815331
24.8027197246536
24.4884878048781
24.2382550352681
24.0710905923345
23.688478456701
23.5242090592335
23.2469545338659
22.9433917736041
22.6123222996516
22.0525191637631
999.99
999.99
999.99
999.99
999.99
999.99
999.99
999.99
999.99
999.99
999.99
999.99
999.99
999.99
999.99
999.99
999.99
999.99
999.99
999.99
999.99
999.99
999.99
999.99
999.99
999.99
999.99
999.99
999.99
999.99
999.99
999.99
999.99
999.99
999.99
999.99
999.99
999.99
999.99
999.99
999.99
999.99
999.99
999.99
999.99
999.99
999.99
999.99
999.99
999.99
999.99
999.99
999.99
999.99
999.99
999.99
999.99
999.99
999.99
999.99
999.99
999.99
999.99
999.99
25.5490871080139
25.4760817540579
25.4377630662021
25.2124216027875
25.1258083623693
25.0856959292938
24.9986864111498
25.0806266677998
24.8691742160278
24.6340592334495
24.3940418118467
24.2182612390584
23.9610836236934
23.8479217302626
23.3582229965157
22.7516350811591
22.6602507011133
22.4778641114983
22.1357243137588
21.9081742160278
999.99
999.99
999.99
999.99
999.99
999.99
999.99
999.99
999.99
999.99
999.99
999.99
999.99
999.99
999.99
999.99
999.99
999.99
999.99
999.99
999.99
999.99
999.99
999.99
999.99
999.99
999.99
999.99
999.99
999.99
999.99
999.99
999.99
999.99
999.99
999.99
999.99
999.99
999.99
999.99
999.99
999.99
999.99
999.99
999.99
999.99
999.99
999.99
999.99
999.99
999.99
999.99
999.99
999.99
999.99
999.99
999.99
999.99
999.99
999.99
999.99
999.99
999.99
25.5952857142856
25.6903372992266
25.5931254355401
25.5345850259199
25.4784738675958
25.3627646808872
25.1021881533101
24.8771587490439
24.8756411149826
24.6331859437409
24.3188083623694
24.2267381660576
24.1930522648084
24.0300696864111
23.8550174216028
23.4911744709781
23.2285854508371
22.7517508710802
22.2153768165208
23.8228549095953
999.99
999.99
999.99
999.99
999.99
999.99
999.99
999.99
999.99
999.99
999.99
999.99
999.99
999.99
999.99
999.99
999.99
999.99
999.99
999.99
999.99
999.99
999.99
999.99
999.99
999.99
999.99
999.99
999.99
999.99
999.99
999.99
999.99
999.99
999.99
999.99
999.99
999.99
999.99
999.99
999.99
999.99
999.99
999.99
999.99
999.99
999.99
999.99
999.99
999.99
999.99
999.99
999.99
999.99
999.99
999.99
999.99
999.99
999.99
999.99
999.99
999.99
25.3546939746749
25.3582543554007
25.2828019886122
25.3485783972126
25.2770189513045
25.2772264808363
25.3849541939322
25.3330069686411
25.14808056429
25.039031358885
24.8235489079629
24.6898013937282
24.6229919265743
24.4372229965157
24.2363395087958
24.0497770034843
23.8575638650463
23.4551086088212
22.8854320557491
22.603403246367
999.99
999.99
999.99
999.99
999.99
999.99
999.99
999.99
999.99
999.99
999.99
999.99
999.99
999.99
999.99
999.99
999.99
999.99
999.99
999.99
999.99
999.99
999.99
999.99
999.99
999.99
999.99
999.99
999.99
999.99
999.99
999.99
999.99
999.99
999.99
999.99
999.99
999.99
999.99
999.99
999.99
999.99
999.99
999.99
999.99
999.99
999.99
999.99
999.99
999.99
999.99
999.99
999.99
999.99
999.99
999.99
999.99
999.99
999.99
999.99
999.99
999.99
25.1133414634147
25.4180202260559
25.5407804878049
25.3930838786437
25.3883902439025
25.2588786436645
25.3265365853659
25.3709238548483
25.1743170731707
25.0731618084474
25.0575609756098
24.9720678167757
24.965243902439
24.9101796549673
24.6627804878049
24.4612165377751
24.167
23.8904146341463
23.5751528851874
23.2707317073171
999.99
999.99
999.99
999.99
999.99
999.99
999.99
999.99
999.99
999.99
999.99
999.99
999.99
999.99
999.99
999.99
999.99
999.99
999.99
999.99
999.99
999.99
999.99
999.99
999.99
999.99
999.99
999.99
999.99
999.99
999.99
999.99
999.99
999.99
999.99
999.99
999.99
999.99
999.99
999.99
999.99
999.99
999.99
999.99
999.99
999.99
999.99
999.99
999.99
999.99
999.99
999.99
999.99
999.99
999.99
999.99
999.99
999.99
999.99
999.99
999.99
999.99
999.99
25.0221134063382
24.9960567446491
25.036843537415
24.9440195300012
24.9999330512693
24.9804351718082
25.0121214534594
25.076497240062
25.0590825452132
24.8647895365165
24.9318489298158
25.0752593552591
24.9596209556994
24.8310489261737
24.6499822465572
24.5656216214029
24.4000771528123
24.0824593435232
23.4165443087407
23.02275004148
999.99
999.99
999.99
999.99
999.99
999.99
999.99
999.99
999.99
999.99
999.99
999.99
999.99
999.99
999.99
999.99
999.99
999.99
999.99
999.99
999.99
999.99
999.99
999.99
999.99
999.99
999.99
999.99
999.99
999.99
999.99
999.99
999.99
999.99
999.99
999.99
999.99
999.99
999.99
999.99
999.99
999.99
999.99
999.99
999.99
999.99
999.99
999.99
999.99
999.99
999.99
999.99
999.99
999.99
999.99
999.99
999.99
999.99
999.99
999.99
999.99
999.99
999.99
999.99
25.1497296677148
25.1545609756098
25.1250215008073
25.0937421602787
25.1294249171412
25.0179721254355
24.9521533101045
25.0769756097561
24.8463227670604
24.6679651567944
24.640751338489
24.6331567944251
24.6964637545678
24.7092090592335
24.6326492733917
24.5647804878049
24.1274132744114
23.4968345372652
22.9030365853659
24.0636744284842
999.99
999.99
999.99
999.99
999.99
999.99
999.99
999.99
999.99
999.99
999.99
999.99
999.99
999.99
999.99
999.99
999.99
999.99
999.99
999.99
999.99
999.99
999.99
999.99
999.99
999.99
999.99
999.99
999.99
999.99
999.99
999.99
999.99
999.99
999.99
999.99
999.99
999.99
999.99
999.99
999.99
999.99
999.99
999.99
999.99
999.99
999.99
999.99
999.99
999.99
999.99
999.99
999.99
999.99
999.99
999.99
999.99
999.99
24.9245902463305
24.7870072863173
24.5790072175211
24.5718775510204
24.8439362037499
25.0553366982724
25.2468285216526
25.1972762770784
25.1920646258503
25.3033763045968
24.9420140202422
24.8000463665538
24.6752717770035
24.6918353344907
24.6140202422432
24.5181687082923
24.5455476190476
24.5268162091725
24.4842531110005
24.3604678256788
999.99
999.99
999.99
999.99
999.99
999.99
999.99
999.99
999.99
999.99
999.99
999.99
999.99
999.99
999.99
999.99
999.99
999.99
999.99
999.99
999.99
999.99
999.99
999.99
999.99
999.99
999.99
999.99
999.99
999.99
999.99
999.99
999.99
999.99
999.99
999.99
999.99
999.99
999.99
999.99
999.99
999.99
999.99
999.99
999.99
999.99
999.99
999.99
999.99
999.99
999.99
999.99
999.99
999.99
999.99
999.99
999.99
999.99
999.99
999.99
25.1352003484321
25.0103246366959
24.8499982578397
25.0034658791536
25.087046825869
25.0782195121951
24.802735871505
24.8682473867596
25.1399660916121
24.9984006968641
25.0454214328206
25.0557108013937
25.1253375541769
24.9965574912892
24.8334255970086
24.7706271777003
24.7579105124501
24.7600383275261
24.5647823574402
24.4622648083624
999.99
999.99
999.99
999.99
999.99
999.99
999.99
999.99
999.99
999.99
999.99
999.99
999.99
999.99
999.99
999.99
999.99
999.99
999.99
999.99
999.99
999.99
999.99
999.99
999.99
999.99
999.99
999.99
999.99
999.99
999.99
999.99
999.99
999.99
999.99
999.99
999.99
999.99
999.99
999.99
999.99
999.99
999.99
999.99
999.99
999.99
999.99
999.99
999.99
999.99
999.99
999.99
999.99
999.99
999.99
999.99
999.99
999.99
999.99
25.137887423262
25.0908602852206
25.2313245395719
25.2952419984056
25.2275524307284
25.2046360544218
25.0753641114983
24.9472598752767
24.6566689045636
24.4387737680438
24.4650110741501
24.5296377136221
24.73612973125
24.7618550688568
24.8307298720797
24.7506128256181
24.7061392959325
24.6388230462917
24.5292109005411
24.5268096067695
999.99
999.99
999.99
999.99
999.99
999.99
999.99
999.99
999.99
999.99
999.99
999.99
999.99
999.99
999.99
999.99
999.99
999.99
999.99
999.99
999.99
999.99
999.99
999.99
999.99
999.99
999.99
999.99
999.99
999.99
999.99
999.99
999.99
999.99
999.99
999.99
999.99
999.99
999.99
999.99
999.99
999.99
999.99
999.99
999.99
999.99
999.99
999.99
999.99
999.99
999.99
999.99
999.99
999.99
999.99
999.99
999.99
25.0629599303136
25.0485217982493
25.2475836236934
25.1055052264808
25.0440574912892
25.0798972550353
25.0468013937282
25.0074074105549
25.2152595818815
25.3840487804878
25.2230853658537
24.7472106739186
25.0275714285714
24.8144863601598
24.5709501147276
24.2724808362369
24.2932817200646
24.2951742160279
24.3519514744625
24.5311602787456
999.99
999.99
999.99
999.99
999.99
999.99
999.99
999.99
999.99
999.99
999.99
999.99
999.99
999.99
999.99
999.99
999.99
999.99
999.99
999.99
999.99
999.99
999.99
999.99
999.99
999.99
999.99
999.99
999.99
999.99
999.99
999.99
999.99
999.99
999.99
999.99
999.99
999.99
999.99
999.99
999.99
999.99
999.99
999.99
999.99
999.99
999.99
999.99
999.99
999.99
999.99
999.99
999.99
999.99
999.99
999.99
999.99
999.99
999.99
999.99
24.8290636525877
24.9793658536585
25.5364390243902
25.2446219512195
25.2174283164783
25.0392317073171
24.9715365853659
25.1995121951219
25.2186948245092
24.9836463414634
24.7266710291493
25.0955853658537
24.8982218917311
24.5651463414634
24.8357263533611
24.9636585365854
24.6464431885782
24.6705508625818
24.6837073170732
24.6036436644854
24.4194146341463
24.1858518738846
24.0582195121951
23.8270309339679
999.99
999.99
999.99
999.99
999.99
999.99
999.99
999.99
999.99
999.99
999.99
999.99
999.99
999.99
999.99
999.99
999.99
999.99
999.99
999.99
999.99
999.99
999.99
999.99
999.99
999.99
999.99
999.99
999.99
999.99
999.99
999.99
999.99
999.99
999.99
999.99
999.99
999.99
999.99
999.99
999.99
999.99
999.99
999.99
999.99
999.99
999.99
999.99
999.99
999.99
999.99
24.7589233449477
24.7638942806153
24.681243902439
24.7223718024985
24.7262567349367
24.6880766550522
24.9930139372822
25.001306620209
25.2106528426957
25.2352212543554
25.4800126625308
25.1826916376307
24.9628148211098
25.1239790940767
24.8527804878049
24.8109947735192
24.9374306960143
24.8612787456446
24.7266637205745
24.7353362369338
25.0182772159429
25.1200731707317
24.9664640945016
24.9391986062718
24.9429195206935
24.7992427976545
24.817181184669
24.7032741565394
24.4253588850174
23.8922861392029
999.99
999.99
999.99
999.99
999.99
999.99
999.99
999.99
999.99
999.99
999.99
999.99
999.99
999.99
999.99
999.99
999.99
999.99
999.99
999.99
999.99
999.99
999.99
999.99
999.99
999.99
999.99
999.99
999.99
999.99
999.99
999.99
999.99
999.99
999.99
999.99
999.99
999.99
999.99
999.99
999.99
999.99
999.99
999.99
999.99
999.99
24.318797569474
24.3545017421603
999.99
24.510668989547
24.5594736126455
24.7548536585366
24.8862962522308
24.88593728223
24.9410350131724
24.9763170731707
24.9096381405626
25.1091653777514
25.0600209059233
25.1857594119147
25.285456445993
25.4486185943741
25.2415487804878
24.9954982578397
24.742618466899
24.5549837681652
24.5185940766551
24.4365261324042
24.6197804878049
24.532968641115
24.3024790940767
24.2622133084049
24.2246010452962
24.3768163508116
24.4944581881533
24.5015723633891
24.5855139372823
999.99
999.99
999.99
999.99
999.99
999.99
999.99
999.99
999.99
999.99
999.99
999.99
999.99
999.99
999.99
999.99
999.99
999.99
999.99
999.99
999.99
999.99
999.99
999.99
999.99
999.99
999.99
999.99
999.99
999.99
999.99
999.99
999.99
999.99
999.99
999.99
999.99
999.99
999.99
999.99
999.99
999.99
999.99
999.99
999.99
999.99
999.99
999.99
23.6862633434099
23.961131408661
24.0813085222191
23.9878367346939
24.2338979591837
24.445287705326
24.4792127458955
24.4294534594326
24.6263600990664
24.3740481168076
24.5631020408163
24.7507668823627
24.8815468238456
24.8771194624191
24.9202628820713
24.807223441667
24.8832954206073
24.9621804521928
25.0388944748631
25.0702789115646
25.0825446324872
24.5744939803405
24.4082648083624
24.3918666771884
24.4020974780156
24.3591972789116
24.5459474033516
24.711669369949
24.1981246888999
999.99
999.99
999.99
999.99
999.99
999.99
999.99
999.99
999.99
999.99
999.99
999.99
999.99
999.99
999.99
999.99
999.99
999.99
999.99
999.99
999.99
999.99
999.99
999.99
999.99
999.99
999.99
999.99
999.99
999.99
999.99
999.99
999.99
999.99
999.99
999.99
999.99
999.99
999.99
999.99
999.99
999.99
999.99
999.99
999.99
999.99
999.99
999.99
999.99
999.99
999.99
23.998393728223
23.5855844310361
23.8609407665505
23.396433415484
23.4962578397213
23.1191742160278
23.7291602787457
24.7738902863942
24.8254076655052
24.6016070366279
24.73812543554
24.5907078269737
24.4557595818816
24.6548498342823
25.0951986062718
24.964754907793
25.0115714285714
24.794686241183
24.8298927509136
24.9347578397212
24.8091180419818
25.0365662020906
24.5089891221212
24.5638344947735
24.6371062292853
24.2170017421603
24.1301654627348
24.2069581881533
24.3996829268293
999.99
999.99
999.99
999.99
999.99
999.99
999.99
999.99
999.99
999.99
999.99
999.99
999.99
999.99
999.99
999.99
999.99
999.99
999.99
999.99
999.99
999.99
999.99
999.99
999.99
999.99
999.99
999.99
999.99
999.99
999.99
999.99
999.99
999.99
999.99
999.99
999.99
999.99
999.99
999.99
999.99
999.99
23.5118602184479
999.99
999.99
23.0432778330844
22.8787944250871
22.6513191471711
23.0153021525088
23.1292858802057
23.2907203640528
23.2584285714286
23.7195538410486
23.9750462228913
23.7811984403518
23.7970439202452
23.5740681931309
23.148806707216
23.227181516509
24.2406975925409
24.4788972955036
24.6023669948645
24.3893508113489
24.65246
24.5262074000332
24.5758105071892
24.4982721088435
24.6128746292092
24.6182528621201
24.8322215882188
24.6801033681765
24.3842699114149
24.5194659074814
24.7388624522979
24.6491682064854
24.6854391073503
999.99
999.99
999.99
999.99
999.99
999.99
999.99
999.99
999.99
999.99
999.99
999.99
999.99
999.99
999.99
999.99
999.99
999.99
999.99
999.99
999.99
999.99
999.99
999.99
999.99
999.99
999.99
999.99
999.99
999.99
999.99
999.99
999.99
999.99
999.99
999.99
999.99
999.99
999.99
999.99
999.99
999.99
999.99
999.99
999.99
999.99
999.99
999.99
999.99
23.5832733916886
23.3409773519163
23.2154761621484
23.1949425087108
23.1170683266763
23.0509756097561
23.3043409535141
23.391350174216
23.3734347752189
24.0529227500637
23.8165574912892
23.016326846265
23.3141672473868
24.4011052094842
24.3888675958188
23.3757787881362
23.8976620209059
24.2600045891051
24.0080209059233
24.6127137758137
24.7585470383275
24.7554361349537
24.9050557491289
24.6541338488994
24.8889581881533
24.9204555961587
999.99
999.99
999.99
999.99
999.99
999.99
999.99
999.99
999.99
999.99
999.99
999.99
999.99
999.99
999.99
999.99
999.99
999.99
999.99
999.99
999.99
999.99
999.99
999.99
999.99
999.99
999.99
999.99
999.99
999.99
999.99
999.99
999.99
999.99
999.99
999.99
999.99
999.99
999.99
999.99
999.99
999.99
999.99
999.99
999.99
999.99
999.99
999.99
999.99
999.99
999.99
999.99
999.99
999.99
999.99
999.99
999.99
23.2676287357299
23.0275679442509
23.2894559644203
23.0619204413472
22.6984461346704
22.7051475029036
22.9683210673919
22.5737787456447
22.702277357582
22.6053332766777
22.5729140534262
22.5054703549475
23.1624471544716
24.2786344012918
24.4336898954704
23.9627146256481
23.4281579558652
23.5063940398289
23.9558861788618
999.99
999.99
24.8925915979717
999.99
999.99
999.99
999.99
999.99
999.99
999.99
999.99
999.99
999.99
999.99
999.99
999.99
999.99
999.99
999.99
999.99
999.99
999.99
999.99
999.99
999.99
999.99
999.99
999.99
999.99
999.99
999.99
999.99
999.99
999.99
999.99
999.99
999.99
999.99
999.99
999.99
999.99
999.99
999.99
999.99
999.99
999.99
999.99
999.99
999.99
999.99
999.99
999.99
999.99
999.99
999.99
999.99
999.99
999.99
999.99
999.99
999.99
999.99
999.99
999.99
23.344384210079
23.3263763066203
23.6710576187643
23.5032299651568
23.6854218577377
23.3504686411151
24.3928758511089
20.9912404181184
21.619605506926
22.5550304240674
23.1646097560975
24.3698767740291
24.6776585365854
24.588052774709
24.8398153310105
999.99
999.99
999.99
999.99
999.99
999.99
999.99
999.99
999.99
999.99
999.99
999.99
999.99
999.99
999.99
999.99
999.99
999.99
999.99
999.99
999.99
999.99
999.99
999.99
999.99
999.99
999.99
999.99
999.99
999.99
999.99
999.99
999.99
999.99
999.99
999.99
999.99
999.99
999.99
999.99
999.99
999.99
999.99
999.99
999.99
999.99
999.99
999.99
999.99
999.99
999.99
999.99
999.99
999.99
999.99
999.99
999.99
999.99
999.99
999.99
999.99
999.99
999.99
999.99
999.99
999.99
999.99
999.99
23.784172856293
23.555642857143
23.9145178040282
23.845487804878
23.6523507266083
24.2081109059235
22.9494684286565
22.3590801393728
22.2374544063907
24.1541519503697
23.5523728222996
23.2658761791451
999.99
999.99
999.99
999.99
999.99
999.99
999.99
999.99
999.99
999.99
999.99
999.99
999.99
999.99
999.99
999.99
999.99
999.99
999.99
999.99
999.99
999.99
999.99
999.99
999.99
999.99
999.99
999.99
999.99
999.99
999.99
999.99
999.99
999.99
999.99
999.99
999.99
999.99
999.99
999.99
999.99
999.99
999.99
999.99
999.99
999.99
999.99
999.99
999.99
999.99
999.99
999.99
999.99
999.99
999.99
999.99
999.99
999.99
999.99
999.99
999.99
999.99
999.99
999.99
999.99
999.99
999.99
999.99
999.99
999.99
999.99
999.99
23.6529233449478
23.7022613240418
999.99
999.99
999.99
999.99
999.99
999.99
999.99
999.99
999.99
999.99
999.99
999.99
999.99
999.99
999.99
999.99
999.99
999.99
999.99
999.99
999.99
999.99
999.99
999.99
999.99
999.99
999.99
999.99
999.99
999.99
999.99
999.99
999.99
999.99
999.99
999.99
999.99
999.99
999.99
999.99
999.99
999.99
999.99
999.99
999.99
999.99
999.99
999.99
999.99
999.99
999.99
999.99
999.99
999.99
999.99
999.99
999.99
999.99
999.99
999.99
999.99
999.99
999.99
999.99
999.99
999.99
999.99
999.99
999.99
999.99
999.99
999.99
999.99
999.99
999.99
999.99
999.99
999.99
999.99
999.99
999.99
999.99
999.99
999.99
999.99
999.99
999.99
999.99
999.99
999.99
999.99
999.99
999.99
999.99
999.99
999.99
999.99
999.99
999.99
999.99
999.99
999.99
999.99
999.99
999.99
999.99
999.99
999.99
999.99
999.99
999.99
999.99
999.99
999.99
999.99
999.99
999.99
999.99
999.99
999.99
999.99
999.99
999.99
999.99
999.99
999.99
999.99
999.99
999.99
999.99
999.99
999.99
999.99
999.99
999.99
999.99
999.99
999.99
999.99
999.99
999.99
999.99
999.99
999.99
999.99
999.99
999.99
999.99
999.99
999.99
999.99
999.99
999.99
999.99
999.99
999.99
999.99
999.99
999.99
999.99
999.99
999.99
999.99
999.99
999.99
999.99
999.99
999.99
999.99
999.99
999.99
999.99
999.99
999.99
999.99
999.99
999.99
999.99
999.99
999.99
999.99
999.99
999.99
999.99
999.99
999.99
999.99
999.99
999.99
999.99
999.99
999.99
999.99
999.99
999.99
999.99
999.99
999.99
999.99
999.99
999.99
999.99
999.99
999.99
999.99
999.99
999.99
999.99
999.99
999.99
999.99
999.99
999.99
999.99
999.99
999.99
999.99
999.99
999.99
999.99
999.99
999.99
999.99
999.99
999.99
999.99
999.99
999.99
999.99
999.99
999.99
999.99
999.99
999.99
999.99
999.99
999.99
999.99
999.99
999.99
999.99
999.99
999.99
999.99
999.99
999.99
999.99
999.99
999.99
999.99
999.99
999.99
999.99
999.99
999.99
999.99
999.99
999.99
999.99
999.99
999.99
999.99
999.99
999.99
999.99
999.99
999.99
999.99
999.99
999.99
999.99
999.99
999.99
999.99
999.99
999.99
999.99
999.99
999.99
999.99
999.99
999.99
999.99
999.99
999.99
999.99
999.99
999.99
999.99
999.99
999.99
999.99
999.99
999.99
999.99
999.99
999.99
999.99
999.99
999.99
999.99
999.99
999.99
999.99
999.99
999.99
999.99
999.99
999.99
999.99
999.99
999.99
999.99
999.99
999.99
999.99
999.99
999.99
999.99
999.99
999.99
999.99
999.99
999.99
999.99
999.99
999.99
999.99
999.99
999.99
999.99
999.99
999.99
999.99
999.99
999.99
999.99
999.99
999.99
999.99
999.99
999.99
999.99
999.99
999.99
999.99
999.99
999.99
999.99
999.99
999.99
999.99
999.99
999.99
999.99
999.99
999.99
999.99
999.99
999.99
999.99
999.99
999.99
999.99
999.99
999.99
999.99
999.99
999.99
999.99
999.99
999.99
999.99
999.99
999.99
999.99
999.99
999.99
999.99
999.99
999.99
999.99
999.99
999.99
999.99
999.99
999.99
999.99
999.99
999.99
999.99
999.99
999.99
999.99
999.99
999.99
999.99
999.99
999.99
999.99
999.99
999.99
999.99
999.99
999.99
999.99
999.99
999.99
999.99
999.99
999.99
