999.99
999.99
999.99
999.99
999.99
999.99
999.99
999.99
999.99
999.99
999.99
999.99
999.99
999.99
999.99
999.99
999.99
999.99
999.99
999.99
999.99
999.99
999.99
999.99
999.99
999.99
999.99
999.99
999.99
999.99
999.99
999.99
999.99
999.99
999.99
999.99
999.99
999.99
999.99
999.99
999.99
999.99
999.99
999.99
999.99
999.99
999.99
999.99
999.99
999.99
999.99
999.99
999.99
999.99
999.99
999.99
999.99
999.99
999.99
999.99
999.99
999.99
999.99
999.99
999.99
999.99
999.99
999.99
999.99
999.99
999.99
999.99
999.99
999.99
999.99
999.99
999.99
999.99
999.99
999.99
999.99
999.99
999.99
999.99
999.99
999.99
999.99
999.99
999.99
999.99
999.99
999.99
999.99
999.99
999.99
999.99
999.99
999.99
999.99
999.99
999.99
999.99
999.99
999.99
999.99
999.99
999.99
999.99
999.99
999.99
999.99
999.99
999.99
999.99
999.99
999.99
999.99
999.99
999.99
999.99
999.99
999.99
999.99
999.99
999.99
999.99
999.99
999.99
999.99
999.99
999.99
999.99
999.99
999.99
16.7252818900314
17.0969128919861
17.2418432055749
17.1964839806237
16.7375609756097
28.2970247301796
20.0021608668278
17.3483950879579
16.9330139372823
16.3250174216028
16.1134390243902
16.1226118806833
16.4611951219512
16.4489127220192
16.346968641115
16.33992241013
16.2977073170732
16.1073870145322
16.2760348432056
16.2414599303136
16.1462717770035
999.99
999.99
999.99
999.99
999.99
999.99
999.99
999.99
999.99
999.99
999.99
999.99
999.99
999.99
999.99
999.99
999.99
999.99
999.99
999.99
999.99
999.99
999.99
999.99
999.99
999.99
999.99
999.99
999.99
999.99
999.99
999.99
999.99
999.99
999.99
999.99
999.99
999.99
999.99
999.99
999.99
999.99
999.99
999.99
999.99
999.99
999.99
999.99
999.99
999.99
999.99
999.99
999.99
999.99
999.99
999.99
999.99
999.99
999.99
999.99
999.99
999.99
17.1746561934709
17.1556613106873
17.4506849178696
17.5191098289405
17.6520348432056
17.803431928274
16.7222175211547
16.4410645084923
16.3621946241911
16.2598607667933
16.3669176207068
16.2916979385449
16.4317862120458
16.5255436389904
16.3201918865107
16.0894897959184
16.0439773519164
16.1013679539633
16.1810291189646
16.2902214546735
15.7895281234445
999.99
999.99
999.99
999.99
999.99
999.99
999.99
999.99
999.99
999.99
999.99
999.99
999.99
999.99
999.99
999.99
999.99
999.99
999.99
999.99
999.99
999.99
999.99
999.99
999.99
999.99
999.99
999.99
999.99
999.99
999.99
999.99
999.99
999.99
999.99
999.99
999.99
999.99
999.99
999.99
999.99
999.99
999.99
999.99
999.99
999.99
999.99
999.99
999.99
999.99
999.99
999.99
999.99
999.99
999.99
999.99
999.99
999.99
999.99
999.99
999.99
999.99
16.6504128494944
16.5474711481261
16.9010069686411
17.074220277046
17.1244773519164
17.0421737911107
16.6673832752614
16.4514902693975
16.5362473867596
16.4439717005184
16.6051567944251
16.5978013937282
16.6981881533101
16.6228953004164
16.5502264808362
16.4189281040197
16.2968954703833
15.9440029744201
15.6392055749129
15.3659547888162
15.3850418118467
999.99
999.99
999.99
999.99
999.99
999.99
999.99
999.99
999.99
999.99
999.99
999.99
999.99
999.99
999.99
999.99
999.99
999.99
999.99
999.99
999.99
999.99
999.99
999.99
999.99
999.99
999.99
999.99
999.99
999.99
999.99
999.99
999.99
999.99
999.99
999.99
999.99
999.99
999.99
999.99
999.99
999.99
999.99
999.99
999.99
999.99
999.99
999.99
999.99
999.99
999.99
999.99
999.99
999.99
999.99
999.99
999.99
999.99
999.99
999.99
999.99
999.99
16.4239222401632
16.7022945525622
16.7465749128919
16.7860375626754
16.8863658536586
16.8438416758732
16.7603031358886
16.7589044786267
16.3282613240418
16.7255848559531
16.3760383275261
16.4935993031359
16.2799616724739
16.6516800373927
16.6869477351916
16.4698861222061
16.0437491289199
15.7174012067648
15.926662020906
15.6178954703833
38.100278745646
999.99
999.99
999.99
999.99
999.99
999.99
999.99
999.99
999.99
999.99
999.99
999.99
999.99
999.99
999.99
999.99
999.99
999.99
999.99
999.99
999.99
999.99
999.99
999.99
999.99
999.99
999.99
999.99
999.99
999.99
999.99
999.99
999.99
999.99
999.99
999.99
999.99
999.99
999.99
999.99
999.99
999.99
999.99
999.99
999.99
999.99
999.99
999.99
999.99
999.99
999.99
999.99
999.99
999.99
999.99
999.99
999.99
999.99
999.99
999.99
999.99
999.99
999.99
20.0021608668278
20.0021608668278
17.3308901164273
17.3812682926829
17.0030013597348
17.0535261324041
17.131951984363
17.1860069686411
17.1528699753548
17.1911393728223
17.101261748959
17.2632508710801
17.3555366703493
17.1616620209059
17.1658954703833
17.0578257839721
16.8851210164019
16.6968397212544
16.2921192317498
38.6622299651582
20.0021608668278
999.99
999.99
999.99
999.99
999.99
999.99
999.99
999.99
999.99
999.99
999.99
999.99
999.99
999.99
999.99
999.99
999.99
999.99
999.99
999.99
999.99
999.99
999.99
999.99
999.99
999.99
999.99
999.99
999.99
999.99
999.99
999.99
999.99
999.99
999.99
999.99
999.99
999.99
999.99
999.99
999.99
999.99
999.99
999.99
999.99
999.99
999.99
999.99
999.99
999.99
999.99
999.99
999.99
999.99
999.99
999.99
999.99
999.99
999.99
999.99
999.99
16.1701377581372
16.3802320897425
16.7762369337979
17.1531867935753
17.3224320557491
17.2885406645704
17.2697456445993
17.2844632446673
16.9839860627178
17.0460529446758
17.2581916376307
17.2011856038073
17.3455470383275
17.4333736721339
17.4152648083624
17.5532838446503
17.4838536585366
17.3296061867936
17.0428745644599
16.7728363219173
16.165818815331
999.99
999.99
999.99
999.99
999.99
999.99
999.99
999.99
999.99
999.99
999.99
999.99
999.99
999.99
999.99
999.99
999.99
999.99
999.99
999.99
999.99
999.99
999.99
999.99
999.99
999.99
999.99
999.99
999.99
999.99
999.99
999.99
999.99
999.99
999.99
999.99
999.99
999.99
999.99
999.99
999.99
999.99
999.99
999.99
999.99
999.99
999.99
999.99
999.99
999.99
999.99
999.99
999.99
999.99
999.99
999.99
999.99
999.99
999.99
999.99
999.99
999.99
999.99
999.99
17.2234390243902
16.9299071697685
16.8384924506388
16.9130508484179
17.0316399535424
17.0691428571429
17.1232636469222
17.116909181043
16.9526736353078
17.0016613976941
17.1757386759582
17.2395600407921
17.2813890824623
17.5522963938699
17.5309047619048
17.4450096881108
17.4164785133566
17.0312465652532
16.4529802555168
15.7488537435199
20.0021608668278
999.99
999.99
999.99
999.99
999.99
999.99
999.99
999.99
999.99
999.99
999.99
999.99
999.99
999.99
999.99
999.99
999.99
999.99
999.99
999.99
999.99
999.99
999.99
999.99
999.99
999.99
999.99
999.99
999.99
999.99
999.99
999.99
999.99
999.99
999.99
999.99
999.99
999.99
999.99
999.99
999.99
999.99
999.99
999.99
999.99
999.99
999.99
999.99
999.99
999.99
999.99
999.99
999.99
999.99
999.99
999.99
999.99
999.99
999.99
999.99
999.99
999.99
999.99
17.1489268292683
17.0395121951219
16.9544746324467
16.7367700348432
17.1133189428061
17.2123658536585
17.0562608991247
16.6976655052265
17.1012280105379
16.7881080139373
16.6970146171497
16.9381533101046
17.2253609246197
17.2793867595819
17.3405372652333
17.041968641115
17.0242648933458
16.5520662020906
16.0894181184669
15.6394291663126
15.5989459930314
999.99
999.99
999.99
999.99
999.99
999.99
999.99
999.99
999.99
999.99
999.99
999.99
999.99
999.99
999.99
999.99
999.99
999.99
999.99
999.99
999.99
999.99
999.99
999.99
999.99
999.99
999.99
999.99
999.99
999.99
999.99
999.99
999.99
999.99
999.99
999.99
999.99
999.99
999.99
999.99
999.99
999.99
999.99
999.99
999.99
999.99
999.99
999.99
999.99
999.99
999.99
999.99
999.99
999.99
999.99
999.99
999.99
999.99
16.6464668159947
16.6821610152687
20.0021608668278
32.5508757259087
16.5871874855832
16.5681119960179
16.4556443605402
16.6519910403185
17.2495347845265
17.4586734693878
17.2852960539361
16.6535953210553
16.7643869376424
16.4696903932305
16.4978167109795
16.5131234444997
16.4555599396213
16.6243802887008
16.8793605442177
17.1811199601792
17.3490159768845
999.99
999.99
999.99
999.99
999.99
999.99
999.99
999.99
999.99
999.99
999.99
999.99
999.99
999.99
999.99
999.99
999.99
999.99
999.99
999.99
999.99
999.99
999.99
999.99
999.99
999.99
999.99
999.99
999.99
999.99
999.99
999.99
999.99
999.99
999.99
999.99
999.99
999.99
999.99
999.99
999.99
999.99
999.99
999.99
999.99
999.99
999.99
999.99
999.99
999.99
999.99
999.99
999.99
999.99
999.99
999.99
999.99
999.99
999.99
999.99
999.99
999.99
999.99
18.2818885017421
18.1020731707317
16.8531951219511
16.3894392793405
16.3823832752613
16.3741772754313
16.350118466899
16.8607312823999
16.9223972125436
16.7087595818815
16.4515505226481
16.4762210418968
16.6298222996516
16.6588245942041
16.5481393728223
16.4426217387609
16.6698641114982
16.5657784482026
16.6547073170731
16.851132574148
16.9057351916376
999.99
999.99
999.99
999.99
999.99
999.99
999.99
999.99
999.99
999.99
999.99
999.99
999.99
999.99
999.99
999.99
999.99
999.99
999.99
999.99
999.99
999.99
999.99
999.99
999.99
999.99
999.99
999.99
999.99
999.99
999.99
999.99
999.99
999.99
999.99
999.99
999.99
999.99
999.99
999.99
999.99
999.99
999.99
999.99
999.99
999.99
999.99
999.99
999.99
999.99
999.99
999.99
999.99
999.99
999.99
999.99
999.99
999.99
999.99
999.99
999.99
999.99
17.4627095023614
17.6340425969317
17.6464237597479
17.7460339164816
17.6160428073669
17.4122962077157
16.9487994026879
17.0377979984379
16.7989571926332
16.6515918367347
16.6681101708976
16.5445736543279
16.5659945246391
16.6142277070257
16.8732603285217
17.0533407956878
17.0457396714783
16.9473897825639
16.9523077816493
16.9159818337805
17.0161093412975
999.99
999.99
999.99
999.99
999.99
999.99
999.99
999.99
999.99
999.99
999.99
999.99
999.99
999.99
999.99
999.99
999.99
999.99
999.99
999.99
999.99
999.99
999.99
999.99
999.99
999.99
999.99
999.99
999.99
999.99
999.99
999.99
999.99
999.99
999.99
999.99
999.99
999.99
999.99
999.99
999.99
999.99
999.99
999.99
999.99
999.99
999.99
999.99
999.99
999.99
999.99
999.99
999.99
999.99
999.99
999.99
999.99
999.99
999.99
999.99
999.99
999.99
999.99
999.99
999.99
999.99
18.6013763066202
17.4939420413019
17.2816585365854
16.6685128749894
16.4866794425087
16.3570510750404
16.4432195121951
16.415290728308
20.0021608668278
16.739828333475
16.891512195122
16.9656188493244
16.9559756097561
16.8876061018102
16.783818815331
16.6889895470383
16.7669547038327
16.7139046485935
16.5582449222401
16.2265696864111
15.9965511175321
999.99
999.99
999.99
999.99
999.99
999.99
999.99
999.99
999.99
999.99
999.99
999.99
999.99
999.99
999.99
999.99
999.99
999.99
999.99
999.99
999.99
999.99
999.99
999.99
999.99
999.99
999.99
999.99
999.99
999.99
999.99
999.99
999.99
999.99
999.99
999.99
999.99
999.99
999.99
999.99
999.99
999.99
999.99
999.99
999.99
999.99
999.99
999.99
999.99
999.99
999.99
999.99
999.99
999.99
999.99
999.99
999.99
999.99
999.99
999.99
999.99
999.99
20.0021608668278
18.0652925129599
17.357222996516
16.2249009943061
16.2519756097561
16.5070119826634
16.6295574912892
17.1863395937791
17.1898292682927
17.1407515084558
17.1573135888502
17.0857806577717
17.0464041811847
17.0494389394068
16.9834494773519
16.890865046316
19.2944320557509
16.7469439959208
16.5853233619444
16.6515592334495
16.3112669329481
999.99
999.99
999.99
999.99
999.99
999.99
999.99
999.99
999.99
999.99
999.99
999.99
999.99
999.99
999.99
999.99
999.99
999.99
999.99
999.99
999.99
999.99
999.99
999.99
999.99
999.99
999.99
999.99
999.99
999.99
999.99
999.99
999.99
999.99
999.99
999.99
999.99
999.99
999.99
999.99
999.99
999.99
999.99
999.99
999.99
999.99
999.99
999.99
999.99
999.99
999.99
999.99
999.99
999.99
999.99
999.99
999.99
999.99
999.99
999.99
999.99
999.99
20.0021608668278
20.0021608668278
20.0021608668278
17.0313860797145
17.0097804878049
17.0581796549673
17.174756097561
17.169497323022
17.143756097561
17.0581409875074
20.0021608668278
20.0021608668278
20.0021608668278
16.9167073170732
16.9462682926829
17.6513902439023
17.2111463414634
17.0006942296252
16.8738613920285
16.5464390243902
16.4102712671029
999.99
999.99
999.99
999.99
999.99
999.99
999.99
999.99
999.99
999.99
999.99
999.99
999.99
999.99
999.99
999.99
999.99
999.99
999.99
999.99
999.99
999.99
999.99
999.99
999.99
999.99
999.99
999.99
999.99
999.99
999.99
999.99
999.99
999.99
999.99
999.99
999.99
999.99
999.99
999.99
999.99
999.99
999.99
999.99
999.99
999.99
999.99
999.99
999.99
999.99
999.99
999.99
999.99
999.99
999.99
999.99
999.99
999.99
999.99
999.99
999.99
999.99
999.99
20.0021608668278
32.955512195119
25.6476135803607
17.1051184668989
17.2159424662191
20.0021608668278
34.7840405371025
17.1305365853659
20.0021608668278
16.6189024390244
16.5959037987593
16.3336132404181
20.0021608668278
20.0021608668278
34.0573989122205
16.9773170731707
16.662465369253
16.8567425002125
16.856775261324
16.7796540324637
16.4929999999999
999.99
999.99
999.99
999.99
999.99
999.99
999.99
999.99
999.99
999.99
999.99
999.99
999.99
999.99
999.99
999.99
999.99
999.99
999.99
999.99
999.99
999.99
999.99
999.99
999.99
999.99
999.99
999.99
999.99
999.99
999.99
999.99
999.99
999.99
999.99
999.99
999.99
999.99
999.99
999.99
999.99
999.99
999.99
999.99
999.99
999.99
999.99
999.99
999.99
999.99
999.99
999.99
999.99
999.99
999.99
999.99
999.99
999.99
999.99
999.99
999.99
999.99
20.0021608668278
20.0021608668278
20.0021608668278
17.0114989215198
17.2079768035709
20.0021608668278
17.2998307818071
17.1029835739174
16.6048659406654
16.0264412643105
15.5670102040816
15.7735009125601
17.4536873621546
17.5503819479012
17.6149399875358
17.7538640285383
17.690517486352
17.3015028611087
17.0504356230297
16.9462797654457
16.7589634146341
999.99
999.99
999.99
999.99
999.99
999.99
999.99
999.99
999.99
999.99
999.99
999.99
999.99
999.99
999.99
999.99
999.99
999.99
999.99
999.99
999.99
999.99
999.99
999.99
999.99
999.99
999.99
999.99
999.99
999.99
999.99
999.99
999.99
999.99
999.99
999.99
999.99
999.99
999.99
999.99
999.99
999.99
999.99
999.99
999.99
999.99
999.99
999.99
999.99
999.99
999.99
999.99
999.99
999.99
999.99
999.99
999.99
999.99
999.99
999.99
999.99
999.99
999.99
999.99
20.0021608668278
16.7392334494773
17.2331730262599
17.2717177700349
17.3737518483896
17.3405435540069
16.4798592674427
15.6151533101044
16.24712518059
17.2372334494774
17.6168331775303
17.9840940766551
18.0160101980113
32.6719337979153
39.5448381065627
17.5702064247471
17.1687404181185
16.9594271267103
16.7964094076655
16.6870990056939
16.1506358885017
999.99
999.99
999.99
999.99
999.99
999.99
999.99
999.99
999.99
999.99
999.99
999.99
999.99
999.99
999.99
999.99
999.99
999.99
999.99
999.99
999.99
999.99
999.99
999.99
999.99
999.99
999.99
999.99
999.99
999.99
999.99
999.99
999.99
999.99
999.99
999.99
999.99
999.99
999.99
999.99
999.99
999.99
999.99
999.99
999.99
999.99
999.99
999.99
999.99
999.99
999.99
999.99
999.99
999.99
999.99
999.99
999.99
999.99
999.99
999.99
999.99
999.99
20.0021608668278
16.731093827775
16.892024673522
16.9026323212212
17.3422054595782
18.0499562800731
17.8009455782313
17.4029910403186
17.1744208419835
16.5975285382446
17.674815992667
18.7153911564627
18.6306896931289
20.0021608668278
20.0021608668278
17.8888063045562
17.4310150157624
17.0131437575624
16.5955282893645
16.7011622050367
16.6644134727062
999.99
999.99
999.99
999.99
999.99
999.99
999.99
999.99
999.99
999.99
999.99
999.99
999.99
999.99
999.99
999.99
999.99
999.99
999.99
999.99
999.99
999.99
999.99
999.99
999.99
999.99
999.99
999.99
999.99
999.99
999.99
999.99
999.99
999.99
999.99
999.99
999.99
999.99
999.99
999.99
999.99
999.99
999.99
999.99
999.99
999.99
999.99
999.99
999.99
999.99
999.99
999.99
999.99
999.99
999.99
999.99
999.99
999.99
999.99
999.99
999.99
18.403763066202
17.5977256734938
16.7371428571428
16.7992357440299
16.9853693379791
16.9337204895045
17.0526132404181
17.0672699073681
17.8348257839721
17.6250750403671
17.9635365853658
18.4444629047336
20.0021608668278
20.0021608668278
18.7656202090569
17.6911857737741
16.9748307979944
18.1479006968618
16.9538466898955
17.2231724738677
17.2734565309765
999.99
999.99
999.99
999.99
999.99
999.99
999.99
999.99
999.99
999.99
999.99
999.99
999.99
999.99
999.99
999.99
999.99
999.99
999.99
999.99
999.99
999.99
999.99
999.99
999.99
999.99
999.99
999.99
999.99
999.99
999.99
999.99
999.99
999.99
999.99
999.99
999.99
999.99
999.99
999.99
999.99
999.99
999.99
999.99
999.99
999.99
999.99
999.99
999.99
999.99
999.99
999.99
999.99
999.99
999.99
999.99
999.99
999.99
999.99
999.99
999.99
999.99
999.99
999.99
999.99
17.1676881735443
17.1354613406338
16.6864013605442
16.8441413638626
16.966437769873
17.5213390575744
18.4816259434175
24.2175329351282
20.0021608668278
20.0021608668278
20.0021608668278
18.5322574249212
17.6668911564626
17.232816449959
20.0021608668278
17.0181947759473
17.3175658702506
17.4203299319728
17.005712460594
16.451905826221
20.0021608668278
999.99
999.99
999.99
999.99
999.99
999.99
999.99
999.99
999.99
999.99
999.99
999.99
999.99
999.99
999.99
999.99
999.99
999.99
999.99
999.99
999.99
999.99
999.99
999.99
999.99
999.99
999.99
999.99
999.99
999.99
999.99
999.99
999.99
999.99
999.99
999.99
999.99
999.99
999.99
999.99
999.99
999.99
999.99
999.99
999.99
999.99
999.99
999.99
999.99
999.99
999.99
999.99
999.99
999.99
999.99
999.99
999.99
999.99
999.99
999.99
999.99
18.1703902439025
17.7673164782867
17.7721219512195
17.8580130874479
17.9042682926829
17.8261225461035
18.1942926829269
17.9601915526473
18.0216341463415
27.0157406305753
20.0021608668278
27.9797953599027
17.5966097560975
17.103745389649
16.9059351576443
17.0903780487805
17.2677317073171
17.3746463414634
16.842017251636
16.1221463414634
999.99
999.99
999.99
999.99
999.99
999.99
999.99
999.99
999.99
999.99
999.99
999.99
999.99
999.99
999.99
999.99
999.99
999.99
999.99
999.99
999.99
999.99
999.99
999.99
999.99
999.99
999.99
999.99
999.99
999.99
999.99
999.99
999.99
999.99
999.99
999.99
999.99
999.99
999.99
999.99
999.99
999.99
999.99
999.99
999.99
999.99
999.99
999.99
999.99
999.99
999.99
999.99
999.99
999.99
999.99
999.99
999.99
999.99
999.99
999.99
999.99
999.99
18.4888935157644
18.438425087108
17.860816435795
17.611487804878
17.6500498852723
17.7945470383275
18.7946038072576
20.0021608668278
20.0021608668278
20.0021608668278
20.0021608668278
20.0021608668278
17.4853305005524
17.2560348432056
17.293565394748
17.8307527832073
17.5524529616725
17.4102505311464
16.8601707317073
16.4744349451857
999.99
999.99
999.99
999.99
999.99
999.99
999.99
999.99
999.99
999.99
999.99
999.99
999.99
999.99
999.99
999.99
999.99
999.99
999.99
999.99
999.99
999.99
999.99
999.99
999.99
999.99
999.99
999.99
999.99
999.99
999.99
999.99
999.99
999.99
999.99
999.99
999.99
999.99
999.99
999.99
999.99
999.99
999.99
999.99
999.99
999.99
999.99
999.99
999.99
999.99
999.99
999.99
999.99
999.99
999.99
999.99
999.99
999.99
999.99
999.99
999.99
999.99
999.99
999.99
18.2474668989547
18.0928514489675
18.0584529616724
17.9271009603127
17.8797073170732
17.7674885697289
20.0021608668278
20.0021608668278
20.0021608668278
20.0021608668278
20.0021608668278
16.8722994816012
17.3782822299652
17.3988210249002
17.4013756267527
17.365818815331
17.1311679272542
16.7020156794424
16.3193658536586
20.0021608668278
999.99
999.99
999.99
999.99
999.99
999.99
999.99
999.99
999.99
999.99
999.99
999.99
999.99
999.99
999.99
999.99
999.99
999.99
999.99
999.99
999.99
999.99
999.99
999.99
999.99
999.99
999.99
999.99
999.99
999.99
999.99
999.99
999.99
999.99
999.99
999.99
999.99
999.99
999.99
999.99
999.99
999.99
999.99
999.99
999.99
999.99
999.99
999.99
999.99
999.99
999.99
999.99
999.99
999.99
999.99
999.99
999.99
999.99
999.99
999.99
999.99
20.0021608668278
18.0026519928614
17.8937595818815
17.8401284949435
17.6195365853658
17.7529078779638
17.9555365853659
18.0188308829778
17.882818815331
20.0021608668278
20.0021608668278
20.0021608668278
20.0021608668278
16.3104767570324
16.3531149825784
16.6252548653013
17.0814825359056
17.4526672473868
17.3639072830798
17.0426271777003
999.99
999.99
999.99
999.99
999.99
999.99
999.99
999.99
999.99
999.99
999.99
999.99
999.99
999.99
999.99
999.99
999.99
999.99
999.99
999.99
999.99
999.99
999.99
999.99
999.99
999.99
999.99
999.99
999.99
999.99
999.99
999.99
999.99
999.99
999.99
999.99
999.99
999.99
999.99
999.99
999.99
999.99
999.99
999.99
999.99
999.99
999.99
999.99
999.99
999.99
999.99
999.99
999.99
999.99
999.99
999.99
999.99
999.99
999.99
999.99
999.99
999.99
999.99
999.99
17.9643655137248
18.0016097560976
17.9816756182544
17.9847212543554
18.0339009943061
18.0627038327526
18.0722372737316
18.1113170731707
18.0372628537435
17.9240557491289
17.8745507775984
17.4689686411151
16.9962419478202
16.5632369337979
17.8777962947223
18.0740592334495
17.9308101045296
17.6574781167672
17.6190923344947
17.027109543639
999.99
999.99
999.99
999.99
999.99
999.99
999.99
999.99
999.99
999.99
999.99
999.99
999.99
999.99
999.99
999.99
999.99
999.99
999.99
999.99
999.99
999.99
999.99
999.99
999.99
999.99
999.99
999.99
999.99
999.99
999.99
999.99
999.99
999.99
999.99
999.99
999.99
999.99
999.99
999.99
999.99
999.99
999.99
999.99
999.99
999.99
999.99
999.99
999.99
999.99
999.99
999.99
999.99
999.99
999.99
999.99
999.99
999.99
999.99
999.99
999.99
999.99
17.9909825783972
18.0306984787966
18.0858362369338
18.0807499787541
18.1334982578397
18.0596842015807
18.1143170731707
18.0584414889097
20.0021608668278
20.0021608668278
20.0021608668278
20.0021608668278
20.0021608668278
26.34756097561
17.6362508710801
17.488318517889
17.8555277470893
17.8974337979094
17.6992990566839
17.348806620209
999.99
999.99
999.99
999.99
999.99
999.99
999.99
999.99
999.99
999.99
999.99
999.99
999.99
999.99
999.99
999.99
999.99
999.99
999.99
999.99
999.99
999.99
999.99
999.99
999.99
999.99
999.99
999.99
999.99
999.99
999.99
999.99
999.99
999.99
999.99
999.99
999.99
999.99
999.99
999.99
999.99
999.99
999.99
999.99
999.99
999.99
999.99
999.99
999.99
999.99
999.99
999.99
999.99
999.99
999.99
999.99
999.99
999.99
999.99
999.99
999.99
999.99
999.99
999.99
999.99
18.0449920358387
18.1429985917032
18.2263817819811
18.2361381709138
18.1559084121453
20.0021608668278
20.0021608668278
20.0021608668278
20.0021608668278
20.0021608668278
20.0021608668278
20.0021608668278
20.0021608668278
18.3598294139786
18.4418571428571
18.2517224987556
17.7610930082919
17.4855104529616
16.8944897230755
16.529693877551
999.99
999.99
999.99
999.99
999.99
999.99
999.99
999.99
999.99
999.99
999.99
999.99
999.99
999.99
999.99
999.99
999.99
999.99
999.99
999.99
999.99
999.99
999.99
999.99
999.99
999.99
999.99
999.99
999.99
999.99
999.99
999.99
999.99
999.99
999.99
999.99
999.99
999.99
999.99
999.99
999.99
999.99
999.99
999.99
999.99
999.99
999.99
999.99
999.99
999.99
999.99
999.99
999.99
999.99
999.99
999.99
999.99
999.99
999.99
999.99
999.99
999.99
999.99
20.0021608668278
20.0021608668278
20.0021608668278
20.0021608668278
20.0021608668278
20.0021608668278
20.0021608668278
20.0021608668278
20.0021608668278
20.0021608668278
20.0021608668278
20.0021608668278
20.0021608668278
20.0021608668278
18.9172754312909
18.4001951219512
17.6624794765021
17.6198902439024
17.4747751338489
17.0188536585366
999.99
999.99
999.99
999.99
999.99
999.99
999.99
999.99
999.99
999.99
999.99
999.99
999.99
999.99
999.99
999.99
999.99
999.99
999.99
999.99
999.99
999.99
999.99
999.99
999.99
999.99
999.99
999.99
999.99
999.99
999.99
999.99
999.99
999.99
999.99
999.99
999.99
999.99
999.99
999.99
999.99
999.99
999.99
999.99
999.99
999.99
999.99
999.99
999.99
999.99
999.99
999.99
999.99
999.99
999.99
999.99
999.99
999.99
999.99
999.99
999.99
999.99
20.0021608668278
20.0021608668278
20.0021608668278
20.0021608668278
20.0021608668278
20.0021608668278
20.0021608668278
20.0021608668278
20.0021608668278
20.0021608668278
20.0021608668278
20.0021608668278
35.9291039104599
18.1362045793927
20.0021608668278
18.7835390741662
18.4787444001991
17.615882819993
17.3748648581384
17.1457107164103
999.99
999.99
999.99
999.99
999.99
999.99
999.99
999.99
999.99
999.99
999.99
999.99
999.99
999.99
999.99
999.99
999.99
999.99
999.99
999.99
999.99
999.99
999.99
999.99
999.99
999.99
999.99
999.99
999.99
999.99
999.99
999.99
999.99
999.99
999.99
999.99
999.99
999.99
999.99
999.99
999.99
999.99
999.99
999.99
999.99
999.99
999.99
999.99
999.99
999.99
999.99
999.99
999.99
999.99
999.99
999.99
999.99
999.99
999.99
999.99
999.99
999.99
999.99
25.2217948499926
20.0021608668278
20.0021608668278
20.0021608668278
20.0021608668278
20.0021608668278
20.0021608668278
20.0021608668278
20.0021608668278
20.0021608668278
20.0021608668278
20.0021608668278
27.1884975779724
19.0057909407666
18.780542364239
18.5354089402566
18.1193519163763
17.7566590464859
17.3101759581881
17.0462884337554
999.99
999.99
999.99
999.99
999.99
999.99
999.99
999.99
999.99
999.99
999.99
999.99
999.99
999.99
999.99
999.99
999.99
999.99
999.99
999.99
999.99
999.99
999.99
999.99
999.99
999.99
999.99
999.99
999.99
999.99
999.99
999.99
999.99
999.99
999.99
999.99
999.99
999.99
999.99
999.99
999.99
999.99
999.99
999.99
999.99
999.99
999.99
999.99
999.99
999.99
999.99
999.99
999.99
999.99
999.99
999.99
999.99
999.99
999.99
999.99
999.99
20.0021608668278
20.0021608668278
20.0021608668278
20.0021608668278
20.0021608668278
20.0021608668278
20.0021608668278
20.0021608668278
20.0021608668278
20.0021608668278
20.0021608668278
20.0021608668278
20.0021608668278
19.2717665505227
19.2699250446163
18.3819721254355
18.2697460695165
18.0961775303815
17.8402770034843
17.3861602787456
999.99
999.99
999.99
999.99
999.99
999.99
999.99
999.99
999.99
999.99
999.99
999.99
999.99
999.99
999.99
999.99
999.99
999.99
999.99
999.99
999.99
999.99
999.99
999.99
999.99
999.99
999.99
999.99
999.99
999.99
999.99
999.99
999.99
999.99
999.99
999.99
999.99
999.99
999.99
999.99
999.99
999.99
999.99
999.99
999.99
999.99
999.99
999.99
999.99
999.99
999.99
999.99
999.99
999.99
999.99
999.99
999.99
999.99
999.99
999.99
999.99
999.99
999.99
999.99
20.0021608668278
20.0021608668278
20.0021608668278
20.0021608668278
20.0021608668278
20.0021608668278
20.0021608668278
20.0021608668278
20.0021608668278
20.0021608668278
20.0021608668278
32.5262295402577
18.8271777003487
18.1271399677063
18.156850174216
18.0099359224951
17.9148307979944
17.6335487804878
17.2303964476927
16.7169912891986
999.99
999.99
999.99
999.99
999.99
999.99
999.99
999.99
999.99
999.99
999.99
999.99
999.99
999.99
999.99
999.99
999.99
999.99
999.99
999.99
999.99
999.99
999.99
999.99
999.99
999.99
999.99
999.99
999.99
999.99
999.99
999.99
999.99
999.99
999.99
999.99
999.99
999.99
999.99
999.99
999.99
999.99
999.99
999.99
999.99
999.99
999.99
999.99
999.99
999.99
999.99
999.99
999.99
999.99
999.99
999.99
999.99
999.99
999.99
999.99
999.99
999.99
999.99
20.0021608668278
20.0021608668278
20.0021608668278
20.0021608668278
20.0021608668278
20.0021608668278
20.0021608668278
20.0021608668278
20.0021608668278
20.0021608668278
20.0021608668278
19.4037242287754
19.1913205574916
17.7751916376307
17.9807282229965
17.7141356335514
17.673135548568
17.4595296167247
16.9531360584686
16.3401864111497
999.99
999.99
999.99
999.99
999.99
999.99
999.99
999.99
999.99
999.99
999.99
999.99
999.99
999.99
999.99
999.99
999.99
999.99
999.99
999.99
999.99
999.99
999.99
999.99
999.99
999.99
999.99
999.99
999.99
999.99
999.99
999.99
999.99
999.99
999.99
999.99
999.99
999.99
999.99
999.99
999.99
999.99
999.99
999.99
999.99
999.99
999.99
999.99
999.99
999.99
999.99
999.99
999.99
999.99
999.99
999.99
999.99
999.99
999.99
999.99
999.99
999.99
20.0021608668278
20.0021608668278
20.0021608668278
20.0021608668278
20.0021608668278
20.0021608668278
20.0021608668278
20.0021608668278
20.0021608668278
20.0021608668278
20.0021608668278
20.0021608668278
20.0021608668278
20.0021608668278
36.2623190277977
18.9255052264808
21.9860025495101
17.2666195291918
17.0295888501742
17.0179175660746
999.99
999.99
999.99
999.99
999.99
999.99
999.99
999.99
999.99
999.99
999.99
999.99
999.99
999.99
999.99
999.99
999.99
999.99
999.99
999.99
999.99
999.99
999.99
999.99
999.99
999.99
999.99
999.99
999.99
999.99
999.99
999.99
999.99
999.99
999.99
999.99
999.99
999.99
999.99
999.99
999.99
999.99
999.99
999.99
999.99
999.99
999.99
999.99
999.99
999.99
999.99
999.99
999.99
999.99
999.99
999.99
999.99
999.99
999.99
999.99
999.99
999.99
20.0021608668278
20.0021608668278
20.0021608668278
20.0021608668278
20.0021608668278
20.0021608668278
20.0021608668278
20.0021608668278
20.0021608668278
20.0021608668278
20.0021608668278
20.0021608668278
20.0021608668278
20.0021608668278
20.0021608668278
20.0021608668278
18.0449756097561
17.928756097561
17.8077894110648
17.4035
999.99
999.99
999.99
999.99
999.99
999.99
999.99
999.99
999.99
999.99
999.99
999.99
999.99
999.99
999.99
999.99
999.99
999.99
999.99
999.99
999.99
999.99
999.99
999.99
999.99
999.99
999.99
999.99
999.99
999.99
999.99
999.99
999.99
999.99
999.99
999.99
999.99
999.99
999.99
999.99
999.99
999.99
999.99
999.99
999.99
999.99
999.99
999.99
999.99
999.99
999.99
999.99
999.99
999.99
999.99
999.99
999.99
999.99
999.99
999.99
999.99
999.99
999.99
20.0021608668278
20.0021608668278
20.0021608668278
20.0021608668278
20.0021608668278
20.0021608668278
20.0021608668278
20.0021608668278
20.0021608668278
20.0021608668278
20.0021608668278
20.0021608668278
20.0021608668278
20.0021608668278
20.0021608668278
20.0021608668278
18.5327036668326
17.9921805371762
17.755782005366
17.0661575410652
999.99
999.99
999.99
999.99
999.99
999.99
999.99
999.99
999.99
999.99
999.99
999.99
999.99
999.99
999.99
999.99
999.99
999.99
999.99
999.99
999.99
999.99
999.99
999.99
999.99
999.99
999.99
999.99
999.99
999.99
999.99
999.99
999.99
999.99
999.99
999.99
999.99
999.99
999.99
999.99
999.99
999.99
999.99
999.99
999.99
999.99
999.99
999.99
999.99
999.99
999.99
999.99
999.99
999.99
999.99
999.99
999.99
999.99
999.99
999.99
999.99
999.99
999.99
999.99
20.0021608668278
20.0021608668278
20.0021608668278
20.0021608668278
20.0021608668278
20.0021608668278
20.0021608668278
20.0021608668278
20.0021608668278
20.0021608668278
20.0021608668278
20.0021608668278
31.8065524772852
18.8085052264809
18.5814928189003
18.51793728223
17.6599828333474
17.2042727968046
16.9747717770035
18.3736595563841
999.99
999.99
999.99
999.99
999.99
999.99
999.99
999.99
999.99
999.99
999.99
999.99
999.99
999.99
999.99
999.99
999.99
999.99
999.99
999.99
999.99
999.99
999.99
999.99
999.99
999.99
999.99
999.99
999.99
999.99
999.99
999.99
999.99
999.99
999.99
999.99
999.99
999.99
999.99
999.99
999.99
999.99
999.99
999.99
999.99
999.99
999.99
999.99
999.99
999.99
999.99
999.99
999.99
999.99
999.99
999.99
999.99
999.99
20.0021608668278
20.0021608668278
20.0021608668278
20.0021608668278
20.0021608668278
20.0021608668278
20.0021608668278
20.0021608668278
20.0021608668278
20.0021608668278
20.0021608668278
20.0021608668278
20.0021608668278
24.2126727874927
20.0021608668278
19.0673215955032
19.0399387755102
20.0021608668278
20.0021608668278
18.9170880124804
999.99
999.99
999.99
999.99
999.99
999.99
999.99
999.99
999.99
999.99
999.99
999.99
999.99
999.99
999.99
999.99
999.99
999.99
999.99
999.99
999.99
999.99
999.99
999.99
999.99
999.99
999.99
999.99
999.99
999.99
999.99
999.99
999.99
999.99
999.99
999.99
999.99
999.99
999.99
999.99
999.99
999.99
999.99
999.99
999.99
999.99
999.99
999.99
999.99
999.99
999.99
999.99
999.99
999.99
999.99
999.99
999.99
999.99
999.99
999.99
20.0021608668278
20.0021608668278
20.0021608668278
20.0021608668278
20.0021608668278
20.0021608668278
20.0021608668278
20.0021608668278
20.0021608668278
20.0021608668278
20.0021608668278
20.0021608668278
20.0021608668278
20.0021608668278
20.0443095096557
18.9757944250871
20.0021608668278
20.0021608668278
20.0021608668278
20.0021608668278
999.99
999.99
999.99
999.99
999.99
999.99
999.99
999.99
999.99
999.99
999.99
999.99
999.99
999.99
999.99
999.99
999.99
999.99
999.99
999.99
999.99
999.99
999.99
999.99
999.99
999.99
999.99
999.99
999.99
999.99
999.99
999.99
999.99
999.99
999.99
999.99
999.99
999.99
999.99
999.99
999.99
999.99
999.99
999.99
999.99
999.99
999.99
999.99
999.99
999.99
999.99
999.99
999.99
999.99
999.99
999.99
999.99
999.99
999.99
20.0021608668278
20.0021608668278
20.0021608668278
20.0021608668278
20.0021608668278
20.0021608668278
20.0021608668278
20.0021608668278
20.0021608668278
20.0021608668278
20.0021608668278
20.0021608668278
20.0021608668278
20.0021608668278
20.0021608668278
20.0021608668278
20.0021608668278
20.0021608668278
20.0021608668278
20.0021608668278
999.99
999.99
999.99
999.99
999.99
999.99
999.99
999.99
999.99
999.99
999.99
999.99
999.99
999.99
999.99
999.99
999.99
999.99
999.99
999.99
999.99
999.99
999.99
999.99
999.99
999.99
999.99
999.99
999.99
999.99
999.99
999.99
999.99
999.99
999.99
999.99
999.99
999.99
999.99
999.99
999.99
999.99
999.99
999.99
999.99
999.99
999.99
999.99
999.99
999.99
999.99
999.99
999.99
999.99
999.99
999.99
999.99
20.0021608668278
20.0021608668278
20.0021608668278
20.0021608668278
20.0021608668278
20.0021608668278
20.0021608668278
20.0021608668278
20.0021608668278
20.0021608668278
20.0021608668278
20.0021608668278
20.0021608668278
20.0021608668278
20.0021608668278
20.0021608668278
20.0021608668278
20.0021608668278
20.0021608668278
20.0021608668278
999.99
999.99
999.99
999.99
999.99
999.99
999.99
999.99
999.99
999.99
999.99
999.99
999.99
999.99
999.99
999.99
999.99
999.99
999.99
999.99
999.99
999.99
999.99
999.99
999.99
999.99
999.99
999.99
999.99
999.99
999.99
999.99
999.99
999.99
999.99
999.99
999.99
999.99
999.99
999.99
999.99
999.99
999.99
999.99
999.99
999.99
999.99
999.99
999.99
999.99
999.99
999.99
999.99
999.99
999.99
999.99
999.99
999.99
999.99
999.99
20.0021608668278
20.0021608668278
20.0021608668278
20.0021608668278
20.0021608668278
20.0021608668278
20.0021608668278
20.0021608668278
20.0021608668278
20.0021608668278
20.0021608668278
20.0021608668278
20.0021608668278
20.0021608668278
20.0021608668278
20.0021608668278
20.0021608668278
20.0021608668278
20.0021608668278
20.0021608668278
20.0021608668278
20.0021608668278
20.0021608668278
20.0021608668278
999.99
999.99
999.99
999.99
999.99
999.99
999.99
999.99
999.99
999.99
999.99
999.99
999.99
999.99
999.99
999.99
999.99
999.99
999.99
999.99
999.99
999.99
999.99
999.99
999.99
999.99
999.99
999.99
999.99
999.99
999.99
999.99
999.99
999.99
999.99
999.99
999.99
999.99
999.99
999.99
999.99
999.99
999.99
999.99
999.99
999.99
999.99
999.99
999.99
999.99
999.99
20.0021608668278
20.0021608668278
20.0021608668278
20.0021608668278
20.0021608668278
20.0021608668278
20.0021608668278
20.0021608668278
20.0021608668278
20.0021608668278
20.0021608668278
20.0021608668278
20.0021608668278
20.0021608668278
20.0021608668278
20.0021608668278
20.0021608668278
20.0021608668278
20.0021608668278
20.0021608668278
20.0021608668278
20.0021608668278
20.0021608668278
20.0021608668278
20.0021608668278
20.0021608668278
20.0021608668278
20.0021608668278
20.0021608668278
20.0021608668278
999.99
999.99
999.99
999.99
999.99
999.99
999.99
999.99
999.99
999.99
999.99
999.99
999.99
999.99
999.99
999.99
999.99
999.99
999.99
999.99
999.99
999.99
999.99
999.99
999.99
999.99
999.99
999.99
999.99
999.99
999.99
999.99
999.99
999.99
999.99
999.99
999.99
999.99
999.99
999.99
999.99
999.99
999.99
999.99
999.99
999.99
24.5582977989283
17.0980801393728
999.99
24.65246
24.65246
20.0021608668278
39.8941021500783
16.9952717770034
20.0021608668278
20.0021608668278
20.0021608668278
20.0021608668278
20.0021608668278
20.0021608668278
20.0021608668278
20.0021608668278
20.0021608668278
20.0021608668278
20.0021608668278
20.0021608668278
20.0021608668278
20.0021608668278
20.0021608668278
20.0021608668278
20.0021608668278
20.0021608668278
20.0021608668278
20.0021608668278
20.0021608668278
20.0021608668278
20.0021608668278
999.99
999.99
999.99
999.99
999.99
999.99
999.99
999.99
999.99
999.99
999.99
999.99
999.99
999.99
999.99
999.99
999.99
999.99
999.99
999.99
999.99
999.99
999.99
999.99
999.99
999.99
999.99
999.99
999.99
999.99
999.99
999.99
999.99
999.99
999.99
999.99
999.99
999.99
999.99
999.99
999.99
999.99
999.99
999.99
999.99
999.99
999.99
999.99
21.4895971261021
24.6504432553515
21.9512555102037
21.8753167346935
24.65246
24.65246
24.65246
24.65246
24.65246
20.0021608668278
20.0021608668278
20.0021608668278
20.0021608668278
20.0021608668278
20.0021608668278
20.0021608668278
20.0021608668278
20.0021608668278
20.0021608668278
20.0021608668278
20.0021608668278
20.0021608668278
20.0021608668278
20.0021608668278
20.0021608668278
20.0021608668278
20.0021608668278
20.0021608668278
20.0021608668278
999.99
999.99
999.99
999.99
999.99
999.99
999.99
999.99
999.99
999.99
999.99
999.99
999.99
999.99
999.99
999.99
999.99
999.99
999.99
999.99
999.99
999.99
999.99
999.99
999.99
999.99
999.99
999.99
999.99
999.99
999.99
999.99
999.99
999.99
999.99
999.99
999.99
999.99
999.99
999.99
999.99
999.99
999.99
999.99
999.99
999.99
999.99
999.99
999.99
999.99
999.99
24.65246
24.65246
24.65246
24.65246
24.65246
24.65246
24.65246
24.65246
20.9778265505232
24.3484237239735
24.3733847386764
24.3758934494778
19.6994216027827
16.7948983598198
20.0021608668278
20.0021608668278
20.0021608668278
20.0021608668278
20.0021608668278
20.0021608668278
20.0021608668278
20.0021608668278
20.0021608668278
20.0021608668278
20.0021608668278
20.0021608668278
20.0021608668278
20.0021608668278
20.0021608668278
999.99
999.99
999.99
999.99
999.99
999.99
999.99
999.99
999.99
999.99
999.99
999.99
999.99
999.99
999.99
999.99
999.99
999.99
999.99
999.99
999.99
999.99
999.99
999.99
999.99
999.99
999.99
999.99
999.99
999.99
999.99
999.99
999.99
999.99
999.99
999.99
999.99
999.99
999.99
999.99
999.99
999.99
24.65246
999.99
999.99
24.65246
24.65246
24.65246
24.65246
24.65246
24.65246
24.65246
24.65246
21.3578548299322
22.7460702439034
24.65246
24.65246
24.65246
24.65246
24.65246
24.65246
24.65246
24.65246
24.65246
24.65246
24.65246
20.0021608668278
20.0021608668278
20.0021608668278
20.0021608668278
20.0021608668278
20.0021608668278
20.0021608668278
20.0021608668278
20.0021608668278
20.0021608668278
999.99
999.99
999.99
999.99
999.99
999.99
999.99
999.99
999.99
999.99
999.99
999.99
999.99
999.99
999.99
999.99
999.99
999.99
999.99
999.99
999.99
999.99
999.99
999.99
999.99
999.99
999.99
999.99
999.99
999.99
999.99
999.99
999.99
999.99
999.99
999.99
999.99
999.99
999.99
999.99
999.99
999.99
999.99
999.99
999.99
999.99
999.99
999.99
999.99
24.65246
22.4863210801382
19.3022131554345
21.5567607317073
24.65246
18.8945512195121
18.0705532591143
18.0637202090591
17.8765631001954
19.5368389581026
24.65246
24.65246
24.65246
24.65246
24.65246
24.65246
24.65246
24.65246
24.65246
24.65246
24.65246
24.65246
24.1354244599305
24.65246
20.0021608668278
20.0021608668278
999.99
999.99
999.99
999.99
999.99
999.99
999.99
999.99
999.99
999.99
999.99
999.99
999.99
999.99
999.99
999.99
999.99
999.99
999.99
999.99
999.99
999.99
999.99
999.99
999.99
999.99
999.99
999.99
999.99
999.99
999.99
999.99
999.99
999.99
999.99
999.99
999.99
999.99
999.99
999.99
999.99
999.99
999.99
999.99
999.99
999.99
999.99
999.99
999.99
999.99
999.99
999.99
999.99
999.99
999.99
999.99
999.99
24.65246
24.65246
18.0260730574205
20.5167251800231
21.0712421115558
21.4777115911734
23.4422748483041
24.65246
22.1680942857144
24.65246
24.65246
24.65246
24.65246
24.65246
22.8599834843203
23.8902244616316
19.0849383972116
24.65246
24.65246
999.99
999.99
24.65246
999.99
999.99
999.99
999.99
999.99
999.99
999.99
999.99
999.99
999.99
999.99
999.99
999.99
999.99
999.99
999.99
999.99
999.99
999.99
999.99
999.99
999.99
999.99
999.99
999.99
999.99
999.99
999.99
999.99
999.99
999.99
999.99
999.99
999.99
999.99
999.99
999.99
999.99
999.99
999.99
999.99
999.99
999.99
999.99
999.99
999.99
999.99
999.99
999.99
999.99
999.99
999.99
999.99
999.99
999.99
999.99
999.99
999.99
999.99
999.99
999.99
18.1291685221382
19.4579773519163
17.9131821194867
19.9884281881532
24.2702396549665
24.65246
23.1720662717771
24.65246
24.65246
21.6282176442589
24.65246
23.1833742058292
18.9401324041811
24.65246
24.65246
999.99
999.99
999.99
999.99
999.99
999.99
999.99
999.99
999.99
999.99
999.99
999.99
999.99
999.99
999.99
999.99
999.99
999.99
999.99
999.99
999.99
999.99
999.99
999.99
999.99
999.99
999.99
999.99
999.99
999.99
999.99
999.99
999.99
999.99
999.99
999.99
999.99
999.99
999.99
999.99
999.99
999.99
999.99
999.99
999.99
999.99
999.99
999.99
999.99
999.99
999.99
999.99
999.99
999.99
999.99
999.99
999.99
999.99
999.99
999.99
999.99
999.99
999.99
999.99
999.99
999.99
999.99
999.99
20.1543222996516
22.918677944252
23.5347214277219
18.5292735191638
18.5089711906178
24.65246
22.765841533101
24.65246
21.8483635302125
19.2111075040367
20.6292909407666
24.65246
999.99
999.99
999.99
999.99
999.99
999.99
999.99
999.99
999.99
999.99
999.99
999.99
999.99
999.99
999.99
999.99
999.99
999.99
999.99
999.99
999.99
999.99
999.99
999.99
999.99
999.99
999.99
999.99
999.99
999.99
999.99
999.99
999.99
999.99
999.99
999.99
999.99
999.99
999.99
999.99
999.99
999.99
999.99
999.99
999.99
999.99
999.99
999.99
999.99
999.99
999.99
999.99
999.99
999.99
999.99
999.99
999.99
999.99
999.99
999.99
999.99
999.99
999.99
999.99
999.99
999.99
999.99
999.99
999.99
999.99
999.99
999.99
24.65246
24.65246
999.99
999.99
999.99
999.99
999.99
999.99
999.99
999.99
999.99
999.99
999.99
999.99
999.99
999.99
999.99
999.99
999.99
999.99
999.99
999.99
999.99
999.99
999.99
999.99
999.99
999.99
999.99
999.99
999.99
999.99
999.99
999.99
999.99
999.99
999.99
999.99
999.99
999.99
999.99
999.99
999.99
999.99
999.99
999.99
999.99
999.99
999.99
999.99
999.99
999.99
999.99
999.99
999.99
999.99
999.99
999.99
999.99
999.99
999.99
999.99
999.99
999.99
999.99
999.99
999.99
999.99
999.99
999.99
999.99
999.99
999.99
999.99
999.99
999.99
999.99
999.99
999.99
999.99
999.99
999.99
999.99
999.99
999.99
999.99
999.99
999.99
999.99
999.99
999.99
999.99
999.99
999.99
999.99
999.99
999.99
999.99
999.99
999.99
999.99
999.99
999.99
999.99
999.99
999.99
999.99
999.99
999.99
999.99
999.99
999.99
999.99
999.99
999.99
999.99
999.99
999.99
999.99
999.99
999.99
999.99
999.99
999.99
999.99
999.99
999.99
999.99
999.99
999.99
999.99
999.99
999.99
999.99
999.99
999.99
999.99
999.99
999.99
999.99
999.99
999.99
999.99
999.99
999.99
999.99
999.99
999.99
999.99
999.99
999.99
999.99
999.99
999.99
999.99
999.99
999.99
999.99
999.99
999.99
999.99
999.99
999.99
999.99
999.99
999.99
999.99
999.99
999.99
999.99
999.99
999.99
999.99
999.99
999.99
999.99
999.99
999.99
999.99
999.99
999.99
999.99
999.99
999.99
999.99
999.99
999.99
999.99
999.99
999.99
999.99
999.99
999.99
999.99
999.99
999.99
999.99
999.99
999.99
999.99
999.99
999.99
999.99
999.99
999.99
999.99
999.99
999.99
999.99
999.99
999.99
999.99
999.99
999.99
999.99
999.99
999.99
999.99
999.99
999.99
999.99
999.99
999.99
999.99
999.99
999.99
999.99
999.99
999.99
999.99
999.99
999.99
999.99
999.99
999.99
999.99
999.99
999.99
999.99
999.99
999.99
999.99
999.99
999.99
999.99
999.99
999.99
999.99
999.99
999.99
999.99
999.99
999.99
999.99
999.99
999.99
999.99
999.99
999.99
999.99
999.99
999.99
999.99
999.99
999.99
999.99
999.99
999.99
999.99
999.99
999.99
999.99
999.99
999.99
999.99
999.99
999.99
999.99
999.99
999.99
999.99
999.99
999.99
999.99
999.99
999.99
999.99
999.99
999.99
999.99
999.99
999.99
999.99
999.99
999.99
999.99
999.99
999.99
999.99
999.99
999.99
999.99
999.99
999.99
999.99
999.99
999.99
999.99
999.99
999.99
999.99
999.99
999.99
999.99
999.99
999.99
999.99
999.99
999.99
999.99
999.99
999.99
999.99
999.99
999.99
999.99
999.99
999.99
999.99
999.99
999.99
999.99
999.99
999.99
999.99
999.99
999.99
999.99
999.99
999.99
999.99
999.99
999.99
999.99
999.99
999.99
999.99
999.99
999.99
999.99
999.99
999.99
999.99
999.99
999.99
999.99
999.99
999.99
999.99
999.99
999.99
999.99
999.99
999.99
999.99
999.99
999.99
999.99
999.99
999.99
999.99
999.99
999.99
999.99
999.99
999.99
999.99
999.99
999.99
999.99
999.99
999.99
999.99
999.99
999.99
999.99
999.99
999.99
999.99
999.99
999.99
999.99
999.99
999.99
999.99
999.99
999.99
999.99
999.99
999.99
999.99
999.99
999.99
999.99
999.99
999.99
999.99
999.99
999.99
999.99
999.99
999.99
999.99
