999.99
999.99
999.99
999.99
999.99
999.99
999.99
999.99
999.99
999.99
999.99
999.99
999.99
999.99
999.99
999.99
999.99
999.99
999.99
999.99
999.99
999.99
999.99
999.99
999.99
999.99
999.99
999.99
999.99
999.99
999.99
999.99
999.99
999.99
999.99
999.99
999.99
999.99
999.99
999.99
999.99
999.99
999.99
999.99
999.99
999.99
999.99
999.99
999.99
999.99
999.99
999.99
999.99
999.99
999.99
999.99
999.99
999.99
999.99
999.99
999.99
999.99
999.99
999.99
999.99
999.99
999.99
999.99
999.99
999.99
999.99
999.99
999.99
999.99
999.99
999.99
999.99
999.99
999.99
999.99
999.99
999.99
999.99
999.99
999.99
999.99
999.99
999.99
999.99
999.99
999.99
999.99
999.99
999.99
999.99
999.99
999.99
999.99
999.99
999.99
999.99
999.99
999.99
999.99
999.99
999.99
999.99
999.99
999.99
999.99
999.99
999.99
999.99
999.99
999.99
999.99
999.99
999.99
999.99
999.99
999.99
999.99
999.99
999.99
999.99
999.99
999.99
999.99
999.99
999.99
999.99
999.99
999.99
999.99
15.9568456700943
16.3486684796465
16.7004668989547
16.7765425342058
16.7274947735191
16.3191878133764
16.1451324041812
16.1718947055324
16.5542961672474
16.6294986827569
16.9740801393728
17.0199791790601
16.8323031358885
16.6151052094841
16.4698048780488
16.3346966091612
16.0524599303136
16.1620475907198
16.1129930313589
16.1112996515679
16.1258641114983
999.99
999.99
999.99
999.99
999.99
999.99
999.99
999.99
999.99
999.99
999.99
999.99
999.99
999.99
999.99
999.99
999.99
999.99
999.99
999.99
999.99
999.99
999.99
999.99
999.99
999.99
999.99
999.99
999.99
999.99
999.99
999.99
999.99
999.99
999.99
999.99
999.99
999.99
999.99
999.99
999.99
999.99
999.99
999.99
999.99
999.99
999.99
999.99
999.99
999.99
999.99
999.99
999.99
999.99
999.99
999.99
999.99
999.99
999.99
999.99
999.99
999.99
16.1480588206728
16.372142414015
16.7004143852663
16.8506971676238
16.8298862618218
16.9779161517076
16.9430460428074
16.9288103959014
16.9209830761573
16.8797949289174
16.7915034843206
16.7225291553861
16.5858414634146
16.7531467238888
16.7075
16.4675918367347
16.2642391737183
16.5003291347472
16.5404325535092
16.3017222984376
15.9407444001991
999.99
999.99
999.99
999.99
999.99
999.99
999.99
999.99
999.99
999.99
999.99
999.99
999.99
999.99
999.99
999.99
999.99
999.99
999.99
999.99
999.99
999.99
999.99
999.99
999.99
999.99
999.99
999.99
999.99
999.99
999.99
999.99
999.99
999.99
999.99
999.99
999.99
999.99
999.99
999.99
999.99
999.99
999.99
999.99
999.99
999.99
999.99
999.99
999.99
999.99
999.99
999.99
999.99
999.99
999.99
999.99
999.99
999.99
999.99
999.99
999.99
999.99
16.5011646978839
16.3426461290048
16.4616968641115
16.8951457465795
17.4648954703833
17.4256271777003
17.1793205574913
17.1158193252316
17.096724738676
17.0393842950625
16.8550104529617
16.6960836236934
16.6850975609756
16.422747174301
16.6484111498258
16.8392470468259
16.8016480836237
16.6057385909748
16.4626515679443
16.3024341803348
16.0322822299652
999.99
999.99
999.99
999.99
999.99
999.99
999.99
999.99
999.99
999.99
999.99
999.99
999.99
999.99
999.99
999.99
999.99
999.99
999.99
999.99
999.99
999.99
999.99
999.99
999.99
999.99
999.99
999.99
999.99
999.99
999.99
999.99
999.99
999.99
999.99
999.99
999.99
999.99
999.99
999.99
999.99
999.99
999.99
999.99
999.99
999.99
999.99
999.99
999.99
999.99
999.99
999.99
999.99
999.99
999.99
999.99
999.99
999.99
999.99
999.99
999.99
999.99
16.6913414634146
16.7856764680887
16.8485540069687
16.8843233619445
17.2078292682927
17.3781792300501
17.2474459930314
17.1937369762896
17.0920522648084
17.1200739355826
16.9419163763066
16.83606271777
16.8081080139373
16.8420388374267
17.0044738675958
16.9818322427127
16.4735853658537
16.0345261324043
15.8511881533101
15.6919965156794
37.6366480836251
999.99
999.99
999.99
999.99
999.99
999.99
999.99
999.99
999.99
999.99
999.99
999.99
999.99
999.99
999.99
999.99
999.99
999.99
999.99
999.99
999.99
999.99
999.99
999.99
999.99
999.99
999.99
999.99
999.99
999.99
999.99
999.99
999.99
999.99
999.99
999.99
999.99
999.99
999.99
999.99
999.99
999.99
999.99
999.99
999.99
999.99
999.99
999.99
999.99
999.99
999.99
999.99
999.99
999.99
999.99
999.99
999.99
999.99
999.99
999.99
999.99
999.99
999.99
16.9993264213478
17.09406271777
17.0888678507691
17.1313554006969
17.3163090847285
17.1556585365854
17.1552328545934
17.1503658536585
17.0014231324892
16.9736620209059
17.0157619614175
17.1023449477352
17.0484089402567
16.8831986062718
16.780331010453
17.0171846689895
16.7185488229795
16.2890487804879
15.8846918500893
38.3811498257854
19.2974413840528
999.99
999.99
999.99
999.99
999.99
999.99
999.99
999.99
999.99
999.99
999.99
999.99
999.99
999.99
999.99
999.99
999.99
999.99
999.99
999.99
999.99
999.99
999.99
999.99
999.99
999.99
999.99
999.99
999.99
999.99
999.99
999.99
999.99
999.99
999.99
999.99
999.99
999.99
999.99
999.99
999.99
999.99
999.99
999.99
999.99
999.99
999.99
999.99
999.99
999.99
999.99
999.99
999.99
999.99
999.99
999.99
999.99
999.99
999.99
999.99
999.99
17.0474373247217
17.0701471912977
17.0677421602787
17.0013012662531
17.1484320557491
17.1755410045041
17.1034459930314
17.1244278915611
17.1295679442509
17.2109062632786
17.17293728223
17.3146225036118
17.2295679442509
16.9364295062463
17.2527700348433
17.4555058213648
17.4568222996516
17.3481485510325
16.965418118467
16.4219892071046
16.1812996515679
999.99
999.99
999.99
999.99
999.99
999.99
999.99
999.99
999.99
999.99
999.99
999.99
999.99
999.99
999.99
999.99
999.99
999.99
999.99
999.99
999.99
999.99
999.99
999.99
999.99
999.99
999.99
999.99
999.99
999.99
999.99
999.99
999.99
999.99
999.99
999.99
999.99
999.99
999.99
999.99
999.99
999.99
999.99
999.99
999.99
999.99
999.99
999.99
999.99
999.99
999.99
999.99
999.99
999.99
999.99
999.99
999.99
999.99
999.99
999.99
999.99
999.99
999.99
999.99
16.9802833914053
16.944335457919
17.0266306620209
17.1319884705816
17.2193681765389
17.1371904761905
17.1330882694541
16.9921009886406
16.9424157955865
17.0527672020623
17.2109105691057
17.2637810260333
17.2514773519163
16.9532763661086
17.0781428571428
17.1801949519844
17.1633403019745
16.8555090224074
16.410637630662
16.2871966233251
19.2974413840528
999.99
999.99
999.99
999.99
999.99
999.99
999.99
999.99
999.99
999.99
999.99
999.99
999.99
999.99
999.99
999.99
999.99
999.99
999.99
999.99
999.99
999.99
999.99
999.99
999.99
999.99
999.99
999.99
999.99
999.99
999.99
999.99
999.99
999.99
999.99
999.99
999.99
999.99
999.99
999.99
999.99
999.99
999.99
999.99
999.99
999.99
999.99
999.99
999.99
999.99
999.99
999.99
999.99
999.99
999.99
999.99
999.99
999.99
999.99
999.99
999.99
999.99
999.99
16.9208641114983
16.9975505226481
17.0967505736381
16.9177665505227
16.9156368658111
17.0328013937282
16.9818137163253
17.2089337979095
17.1741568794085
17.1826167247387
17.2336676298122
17.2126271777003
17.0103985722784
17.0301219512195
17.0670203960228
17.0976132404181
17.1706993286309
17.0529059233449
16.8216864111498
16.582734681737
16.3776777003484
999.99
999.99
999.99
999.99
999.99
999.99
999.99
999.99
999.99
999.99
999.99
999.99
999.99
999.99
999.99
999.99
999.99
999.99
999.99
999.99
999.99
999.99
999.99
999.99
999.99
999.99
999.99
999.99
999.99
999.99
999.99
999.99
999.99
999.99
999.99
999.99
999.99
999.99
999.99
999.99
999.99
999.99
999.99
999.99
999.99
999.99
999.99
999.99
999.99
999.99
999.99
999.99
999.99
999.99
999.99
999.99
999.99
999.99
16.8537673801228
16.8789813764887
17.1491253546035
17.1249507217521
17.1518548280704
17.2235581549693
16.9267576839183
16.8820821304132
16.6092614697277
16.7686530612245
16.9019182823635
17.2289258337481
17.2920842347647
17.36568740667
17.3066093514146
17.4250577401693
17.2995630718675
17.3475983076157
17.3122380952381
17.2665020740003
17.4949175782151
999.99
999.99
999.99
999.99
999.99
999.99
999.99
999.99
999.99
999.99
999.99
999.99
999.99
999.99
999.99
999.99
999.99
999.99
999.99
999.99
999.99
999.99
999.99
999.99
999.99
999.99
999.99
999.99
999.99
999.99
999.99
999.99
999.99
999.99
999.99
999.99
999.99
999.99
999.99
999.99
999.99
999.99
999.99
999.99
999.99
999.99
999.99
999.99
999.99
999.99
999.99
999.99
999.99
999.99
999.99
999.99
999.99
999.99
999.99
999.99
999.99
999.99
999.99
17.1311602787456
17.2760004249171
17.2203170731707
17.1534624798164
16.9425226480836
16.9252297102065
16.9547839721255
16.7678001189768
16.9827909407665
17.0739009943061
17.0204425087108
17.0595850259199
17.068606271777
17.0319309934563
16.9407212543554
17.1757628112519
17.2948327526132
17.4293443528512
17.2765749128921
17.2942722019206
17.409149825784
999.99
999.99
999.99
999.99
999.99
999.99
999.99
999.99
999.99
999.99
999.99
999.99
999.99
999.99
999.99
999.99
999.99
999.99
999.99
999.99
999.99
999.99
999.99
999.99
999.99
999.99
999.99
999.99
999.99
999.99
999.99
999.99
999.99
999.99
999.99
999.99
999.99
999.99
999.99
999.99
999.99
999.99
999.99
999.99
999.99
999.99
999.99
999.99
999.99
999.99
999.99
999.99
999.99
999.99
999.99
999.99
999.99
999.99
999.99
999.99
999.99
999.99
17.0879846099058
17.2554889379904
17.3414307283889
17.2354291460784
17.0492007632321
16.9253264820503
16.7036450970633
16.6655605790204
16.8373326696532
17.1653401360544
17.2523869255019
17.0822984739404
17.045512195122
16.9769452099698
16.8092867098058
16.8272122724164
17.1225981416957
17.1044667128006
17.0905266301642
17.2344831226958
17.6033706653393
999.99
999.99
999.99
999.99
999.99
999.99
999.99
999.99
999.99
999.99
999.99
999.99
999.99
999.99
999.99
999.99
999.99
999.99
999.99
999.99
999.99
999.99
999.99
999.99
999.99
999.99
999.99
999.99
999.99
999.99
999.99
999.99
999.99
999.99
999.99
999.99
999.99
999.99
999.99
999.99
999.99
999.99
999.99
999.99
999.99
999.99
999.99
999.99
999.99
999.99
999.99
999.99
999.99
999.99
999.99
999.99
999.99
999.99
999.99
999.99
999.99
999.99
999.99
999.99
999.99
999.99
16.6074599303136
16.5722305600408
16.5355993031359
16.7356132404181
16.8660174216028
16.7492743265063
16.7866236933798
16.9325692190023
16.8490975609756
16.9097204045211
16.9922857142857
16.8996661001105
17.3524912891986
17.6060826888757
17.4802648083623
17.7662272456871
17.7313797909408
17.8005078609671
17.9927029829184
17.8692613240418
17.7580866830968
999.99
999.99
999.99
999.99
999.99
999.99
999.99
999.99
999.99
999.99
999.99
999.99
999.99
999.99
999.99
999.99
999.99
999.99
999.99
999.99
999.99
999.99
999.99
999.99
999.99
999.99
999.99
999.99
999.99
999.99
999.99
999.99
999.99
999.99
999.99
999.99
999.99
999.99
999.99
999.99
999.99
999.99
999.99
999.99
999.99
999.99
999.99
999.99
999.99
999.99
999.99
999.99
999.99
999.99
999.99
999.99
999.99
999.99
999.99
999.99
999.99
999.99
16.5170592334495
16.5859117872015
16.5616620209059
16.5085152545254
16.6378571428571
16.8422557151356
17.0641707317074
17.6956171496558
17.6165331010453
17.2699785841761
17.4285888501743
17.4613951729412
17.3077386759582
17.8737223591398
18.0618919860627
18.277956743435
17.9678571428572
17.9884569558936
17.7709264893346
18.0126759581881
17.8193356845415
999.99
999.99
999.99
999.99
999.99
999.99
999.99
999.99
999.99
999.99
999.99
999.99
999.99
999.99
999.99
999.99
999.99
999.99
999.99
999.99
999.99
999.99
999.99
999.99
999.99
999.99
999.99
999.99
999.99
999.99
999.99
999.99
999.99
999.99
999.99
999.99
999.99
999.99
999.99
999.99
999.99
999.99
999.99
999.99
999.99
999.99
999.99
999.99
999.99
999.99
999.99
999.99
999.99
999.99
999.99
999.99
999.99
999.99
999.99
999.99
999.99
999.99
16.5845609756098
16.4855871505057
16.4088292682927
16.4061796549673
16.4599268292683
16.4379375371802
16.4976097560976
16.9494449732302
17.095243902439
16.9954336704343
17.5434634146342
17.2439345627603
17.862756097561
17.943487804878
17.9051707317073
19.2974413840528
19.2974413840528
18.3215252825699
18.2074223676383
17.8508292682927
17.948740035693
999.99
999.99
999.99
999.99
999.99
999.99
999.99
999.99
999.99
999.99
999.99
999.99
999.99
999.99
999.99
999.99
999.99
999.99
999.99
999.99
999.99
999.99
999.99
999.99
999.99
999.99
999.99
999.99
999.99
999.99
999.99
999.99
999.99
999.99
999.99
999.99
999.99
999.99
999.99
999.99
999.99
999.99
999.99
999.99
999.99
999.99
999.99
999.99
999.99
999.99
999.99
999.99
999.99
999.99
999.99
999.99
999.99
999.99
999.99
999.99
999.99
999.99
999.99
16.7914163338149
16.7762822299652
16.8710527747089
17.3221637630662
17.8096485935243
17.5334250871081
17.1007213393389
17.3709233449477
17.7659831732812
17.8670766550523
17.9845820515
18.0427351916376
18.0204101300247
34.0845156794396
18.6554319707657
18.8727351916376
18.6324611200816
18.2314904393643
17.9697038327526
17.7839336279425
17.5674285714285
999.99
999.99
999.99
999.99
999.99
999.99
999.99
999.99
999.99
999.99
999.99
999.99
999.99
999.99
999.99
999.99
999.99
999.99
999.99
999.99
999.99
999.99
999.99
999.99
999.99
999.99
999.99
999.99
999.99
999.99
999.99
999.99
999.99
999.99
999.99
999.99
999.99
999.99
999.99
999.99
999.99
999.99
999.99
999.99
999.99
999.99
999.99
999.99
999.99
999.99
999.99
999.99
999.99
999.99
999.99
999.99
999.99
999.99
999.99
999.99
999.99
999.99
17.2657483478817
17.248837647254
17.5194455782313
17.5500384934462
17.5427014046547
17.6258129251701
17.8075921523875
17.5689947735192
17.5488414128293
17.6000474531276
17.9309557823129
17.9991031192965
18.5669777930208
18.9986420275427
19.2974413840528
19.2974413840528
19.2974413840528
19.1807796339237
18.7004357889497
18.1814431218055
17.8267482163596
999.99
999.99
999.99
999.99
999.99
999.99
999.99
999.99
999.99
999.99
999.99
999.99
999.99
999.99
999.99
999.99
999.99
999.99
999.99
999.99
999.99
999.99
999.99
999.99
999.99
999.99
999.99
999.99
999.99
999.99
999.99
999.99
999.99
999.99
999.99
999.99
999.99
999.99
999.99
999.99
999.99
999.99
999.99
999.99
999.99
999.99
999.99
999.99
999.99
999.99
999.99
999.99
999.99
999.99
999.99
999.99
999.99
999.99
999.99
999.99
999.99
999.99
999.99
999.99
17.6339189258095
17.5995505226481
17.6133180079884
17.5891184668989
17.5062315798419
17.5839303135889
17.8358105719385
17.7645540069686
17.6895100705362
17.8969163763066
18.7821241607884
19.0017351916376
18.9642042151781
19.2974413840528
19.2974413840528
24.9629134868656
18.3892473867595
18.046301861137
17.7721655052265
17.7151280700264
17.2893710801394
999.99
999.99
999.99
999.99
999.99
999.99
999.99
999.99
999.99
999.99
999.99
999.99
999.99
999.99
999.99
999.99
999.99
999.99
999.99
999.99
999.99
999.99
999.99
999.99
999.99
999.99
999.99
999.99
999.99
999.99
999.99
999.99
999.99
999.99
999.99
999.99
999.99
999.99
999.99
999.99
999.99
999.99
999.99
999.99
999.99
999.99
999.99
999.99
999.99
999.99
999.99
999.99
999.99
999.99
999.99
999.99
999.99
999.99
999.99
999.99
999.99
999.99
17.5384159453193
17.4547856313257
17.4723737105788
17.6420705989713
17.6915358002808
17.721906421105
17.6532346938775
17.8242800730048
17.7620239875843
19.2974413840528
19.2974413840528
18.9604931972789
39.4078629581481
19.2974413840528
35.4182618501407
19.2974413840528
19.2974413840528
18.661239728134
18.2074660693546
18.1103965488635
17.6850842044135
999.99
999.99
999.99
999.99
999.99
999.99
999.99
999.99
999.99
999.99
999.99
999.99
999.99
999.99
999.99
999.99
999.99
999.99
999.99
999.99
999.99
999.99
999.99
999.99
999.99
999.99
999.99
999.99
999.99
999.99
999.99
999.99
999.99
999.99
999.99
999.99
999.99
999.99
999.99
999.99
999.99
999.99
999.99
999.99
999.99
999.99
999.99
999.99
999.99
999.99
999.99
999.99
999.99
999.99
999.99
999.99
999.99
999.99
999.99
999.99
999.99
17.9977735191638
17.6950950964562
17.5594634146341
17.5568380215858
17.600881533101
17.6100683266763
17.6159477351916
17.5265305515424
17.8539512195122
17.8927254185434
19.2974413840528
30.806139202874
19.2974413840528
19.2974413840528
19.2974413840528
19.2974413840528
18.5843743520014
18.2960017421603
18.3132195121951
18.1181202090592
17.8236505481431
999.99
999.99
999.99
999.99
999.99
999.99
999.99
999.99
999.99
999.99
999.99
999.99
999.99
999.99
999.99
999.99
999.99
999.99
999.99
999.99
999.99
999.99
999.99
999.99
999.99
999.99
999.99
999.99
999.99
999.99
999.99
999.99
999.99
999.99
999.99
999.99
999.99
999.99
999.99
999.99
999.99
999.99
999.99
999.99
999.99
999.99
999.99
999.99
999.99
999.99
999.99
999.99
999.99
999.99
999.99
999.99
999.99
999.99
999.99
999.99
999.99
999.99
999.99
999.99
999.99
17.6195965836662
17.54025012444
17.6009965986395
17.5529818317571
17.5744567778331
17.5003112659698
17.4870827900464
19.2974413840528
19.2974413840528
19.2974413840528
19.2974413840528
19.102619047619
19.0711972789116
19.2418130526452
19.0304271611084
18.1236547730335
17.7899539571926
17.6368027210884
17.4679834909574
17.1147011436341
19.2974413840528
999.99
999.99
999.99
999.99
999.99
999.99
999.99
999.99
999.99
999.99
999.99
999.99
999.99
999.99
999.99
999.99
999.99
999.99
999.99
999.99
999.99
999.99
999.99
999.99
999.99
999.99
999.99
999.99
999.99
999.99
999.99
999.99
999.99
999.99
999.99
999.99
999.99
999.99
999.99
999.99
999.99
999.99
999.99
999.99
999.99
999.99
999.99
999.99
999.99
999.99
999.99
999.99
999.99
999.99
999.99
999.99
999.99
999.99
999.99
999.99
999.99
17.9067073170732
17.8063087447948
17.6979268292683
17.6559173111243
17.6926829268293
17.6202682926829
17.6966829268293
18.0525104104871
19.2974413840528
19.2974413840528
19.2974413840528
19.112747174301
19.5785365853658
19.5906276026175
19.3368375966686
18.3510243902439
17.9900957763236
17.5803780487805
17.3344711481261
19.2974413840528
999.99
999.99
999.99
999.99
999.99
999.99
999.99
999.99
999.99
999.99
999.99
999.99
999.99
999.99
999.99
999.99
999.99
999.99
999.99
999.99
999.99
999.99
999.99
999.99
999.99
999.99
999.99
999.99
999.99
999.99
999.99
999.99
999.99
999.99
999.99
999.99
999.99
999.99
999.99
999.99
999.99
999.99
999.99
999.99
999.99
999.99
999.99
999.99
999.99
999.99
999.99
999.99
999.99
999.99
999.99
999.99
999.99
999.99
999.99
999.99
999.99
999.99
17.7885899549588
17.7412090592335
17.8791414124246
17.8381010452961
17.7314680887227
17.7289512195122
17.7792092292003
19.2974413840528
19.2974413840528
19.2974413840528
19.2974413840528
18.945094076655
19.1698698053879
19.5696480836237
19.3337979094077
18.5806499532591
18.4800853658537
18.248792810402
17.9755104529616
17.3179667714796
999.99
999.99
999.99
999.99
999.99
999.99
999.99
999.99
999.99
999.99
999.99
999.99
999.99
999.99
999.99
999.99
999.99
999.99
999.99
999.99
999.99
999.99
999.99
999.99
999.99
999.99
999.99
999.99
999.99
999.99
999.99
999.99
999.99
999.99
999.99
999.99
999.99
999.99
999.99
999.99
999.99
999.99
999.99
999.99
999.99
999.99
999.99
999.99
999.99
999.99
999.99
999.99
999.99
999.99
999.99
999.99
999.99
999.99
999.99
999.99
999.99
999.99
999.99
999.99
17.7838292682927
17.8876771479561
17.8868675958188
17.7706711991162
17.6750836236934
17.5193772414379
19.2974413840528
19.2974413840528
19.2974413840528
37.187923344953
37.1929198606323
19.0051544148891
18.9424668989548
18.4924150590635
18.1282659131469
17.9165679442509
17.7786903203875
17.5068588850174
17.0274161638481
19.2974413840528
999.99
999.99
999.99
999.99
999.99
999.99
999.99
999.99
999.99
999.99
999.99
999.99
999.99
999.99
999.99
999.99
999.99
999.99
999.99
999.99
999.99
999.99
999.99
999.99
999.99
999.99
999.99
999.99
999.99
999.99
999.99
999.99
999.99
999.99
999.99
999.99
999.99
999.99
999.99
999.99
999.99
999.99
999.99
999.99
999.99
999.99
999.99
999.99
999.99
999.99
999.99
999.99
999.99
999.99
999.99
999.99
999.99
999.99
999.99
999.99
999.99
17.6085261324042
17.7399994900994
17.5698362369338
17.5407183649189
17.8387282229966
18.1088548483046
19.2974413840528
22.1955349706764
16.962700348432
19.2974413840528
19.2974413840528
19.2974413840528
19.2974413840528
19.2974413840528
19.2974413840528
19.2974413840528
18.0882900484405
17.7649843205575
17.6016469788391
17.3382996515679
999.99
999.99
999.99
999.99
999.99
999.99
999.99
999.99
999.99
999.99
999.99
999.99
999.99
999.99
999.99
999.99
999.99
999.99
999.99
999.99
999.99
999.99
999.99
999.99
999.99
999.99
999.99
999.99
999.99
999.99
999.99
999.99
999.99
999.99
999.99
999.99
999.99
999.99
999.99
999.99
999.99
999.99
999.99
999.99
999.99
999.99
999.99
999.99
999.99
999.99
999.99
999.99
999.99
999.99
999.99
999.99
999.99
999.99
999.99
999.99
999.99
999.99
999.99
999.99
17.4553072150931
17.5924181184669
17.7249455256225
17.6784425087108
17.817133763916
17.7440975609756
39.8115738931007
19.2974413840528
19.2974413840528
19.2974413840528
19.2974413840528
19.2974413840528
19.2974413840528
19.2974413840528
39.0755767825208
17.7783031358885
17.7747857142857
17.76556123056
17.7661254355401
17.422369507946
999.99
999.99
999.99
999.99
999.99
999.99
999.99
999.99
999.99
999.99
999.99
999.99
999.99
999.99
999.99
999.99
999.99
999.99
999.99
999.99
999.99
999.99
999.99
999.99
999.99
999.99
999.99
999.99
999.99
999.99
999.99
999.99
999.99
999.99
999.99
999.99
999.99
999.99
999.99
999.99
999.99
999.99
999.99
999.99
999.99
999.99
999.99
999.99
999.99
999.99
999.99
999.99
999.99
999.99
999.99
999.99
999.99
999.99
999.99
999.99
999.99
999.99
18.0450069686411
18.2027648508541
18.2199407665505
18.2773406985638
19.2974413840528
18.0521718364919
19.2974413840528
19.2974413840528
19.2974413840528
19.2974413840528
19.2974413840528
19.2974413840528
19.2974413840528
19.2974413840528
19.2974413840528
18.1469771394578
17.8268391263704
17.9003432055749
18.0505957338319
17.9623536585366
999.99
999.99
999.99
999.99
999.99
999.99
999.99
999.99
999.99
999.99
999.99
999.99
999.99
999.99
999.99
999.99
999.99
999.99
999.99
999.99
999.99
999.99
999.99
999.99
999.99
999.99
999.99
999.99
999.99
999.99
999.99
999.99
999.99
999.99
999.99
999.99
999.99
999.99
999.99
999.99
999.99
999.99
999.99
999.99
999.99
999.99
999.99
999.99
999.99
999.99
999.99
999.99
999.99
999.99
999.99
999.99
999.99
999.99
999.99
999.99
999.99
999.99
999.99
999.99
999.99
18.3446276754604
21.3370191212745
20.9342857142755
19.2974413840528
19.2974413840528
19.2974413840528
19.2974413840528
19.2974413840528
19.2974413840528
19.2974413840528
19.2974413840528
19.2974413840528
19.2974413840528
18.0127011618448
17.9762653061224
17.9531799402688
18.1702111716787
18.3457747635639
18.1480448833906
18.1291428571429
999.99
999.99
999.99
999.99
999.99
999.99
999.99
999.99
999.99
999.99
999.99
999.99
999.99
999.99
999.99
999.99
999.99
999.99
999.99
999.99
999.99
999.99
999.99
999.99
999.99
999.99
999.99
999.99
999.99
999.99
999.99
999.99
999.99
999.99
999.99
999.99
999.99
999.99
999.99
999.99
999.99
999.99
999.99
999.99
999.99
999.99
999.99
999.99
999.99
999.99
999.99
999.99
999.99
999.99
999.99
999.99
999.99
999.99
999.99
999.99
999.99
999.99
999.99
18.085
21.4129411064874
19.2974413840528
19.2974413840528
19.2974413840528
19.2974413840528
19.2974413840528
19.2974413840528
19.2974413840528
19.2974413840528
19.2974413840528
19.2974413840528
19.2974413840528
39.5586674598388
17.8706674598453
17.5655
17.8496942296253
18.6757195121951
18.3426293872695
18.252756097561
999.99
999.99
999.99
999.99
999.99
999.99
999.99
999.99
999.99
999.99
999.99
999.99
999.99
999.99
999.99
999.99
999.99
999.99
999.99
999.99
999.99
999.99
999.99
999.99
999.99
999.99
999.99
999.99
999.99
999.99
999.99
999.99
999.99
999.99
999.99
999.99
999.99
999.99
999.99
999.99
999.99
999.99
999.99
999.99
999.99
999.99
999.99
999.99
999.99
999.99
999.99
999.99
999.99
999.99
999.99
999.99
999.99
999.99
999.99
999.99
999.99
999.99
17.5717190083648
17.6522658038825
19.2974413840528
19.2974413840528
19.2974413840528
17.2424718765555
19.2974413840528
19.2974413840528
19.2974413840528
19.2974413840528
19.2974413840528
19.2974413840528
19.2974413840528
19.2974413840528
19.2974413840528
19.2974413840528
19.2974413840528
19.2974413840528
18.3942132901941
18.3265337809127
999.99
999.99
999.99
999.99
999.99
999.99
999.99
999.99
999.99
999.99
999.99
999.99
999.99
999.99
999.99
999.99
999.99
999.99
999.99
999.99
999.99
999.99
999.99
999.99
999.99
999.99
999.99
999.99
999.99
999.99
999.99
999.99
999.99
999.99
999.99
999.99
999.99
999.99
999.99
999.99
999.99
999.99
999.99
999.99
999.99
999.99
999.99
999.99
999.99
999.99
999.99
999.99
999.99
999.99
999.99
999.99
999.99
999.99
999.99
999.99
999.99
999.99
999.99
17.4018906263279
17.3649198606272
17.2764449732302
17.117543554007
17.2408802583496
17.5605958188153
17.7743577802329
19.2974413840528
19.2974413840528
19.2974413840528
19.2974413840528
19.2974413840528
19.2974413840528
19.2974413840528
19.2974413840528
19.2974413840528
19.2974413840528
18.0773691680123
18.2695296167247
18.1567273731622
999.99
999.99
999.99
999.99
999.99
999.99
999.99
999.99
999.99
999.99
999.99
999.99
999.99
999.99
999.99
999.99
999.99
999.99
999.99
999.99
999.99
999.99
999.99
999.99
999.99
999.99
999.99
999.99
999.99
999.99
999.99
999.99
999.99
999.99
999.99
999.99
999.99
999.99
999.99
999.99
999.99
999.99
999.99
999.99
999.99
999.99
999.99
999.99
999.99
999.99
999.99
999.99
999.99
999.99
999.99
999.99
999.99
999.99
999.99
999.99
999.99
17.2997335769525
17.1881114982578
17.2441021500807
17.3607212543554
17.3713211523753
17.7305993031359
17.9323121441319
18.0181080139373
18.0107334919691
24.7346829268431
19.2974413840528
19.2974413840528
19.2974413840528
19.2974413840528
19.2974413840528
19.2974413840528
19.2974413840528
19.2974413840528
19.2974413840528
18.1488048780488
999.99
999.99
999.99
999.99
999.99
999.99
999.99
999.99
999.99
999.99
999.99
999.99
999.99
999.99
999.99
999.99
999.99
999.99
999.99
999.99
999.99
999.99
999.99
999.99
999.99
999.99
999.99
999.99
999.99
999.99
999.99
999.99
999.99
999.99
999.99
999.99
999.99
999.99
999.99
999.99
999.99
999.99
999.99
999.99
999.99
999.99
999.99
999.99
999.99
999.99
999.99
999.99
999.99
999.99
999.99
999.99
999.99
999.99
999.99
999.99
999.99
999.99
999.99
999.99
18.083512195122
18.0013994221127
17.9902926829268
17.8957456445993
18.0243379790941
18.3586841165972
18.385606271777
18.3687433500467
18.3696411149826
18.2522334494774
19.2974413840528
19.2974413840528
19.2974413840528
19.2974413840528
19.2974413840528
19.2974413840528
18.6996264128494
18.4406777003484
18.464451092037
17.6719651567944
999.99
999.99
999.99
999.99
999.99
999.99
999.99
999.99
999.99
999.99
999.99
999.99
999.99
999.99
999.99
999.99
999.99
999.99
999.99
999.99
999.99
999.99
999.99
999.99
999.99
999.99
999.99
999.99
999.99
999.99
999.99
999.99
999.99
999.99
999.99
999.99
999.99
999.99
999.99
999.99
999.99
999.99
999.99
999.99
999.99
999.99
999.99
999.99
999.99
999.99
999.99
999.99
999.99
999.99
999.99
999.99
999.99
999.99
999.99
999.99
999.99
999.99
999.99
18.3174564459931
18.2767198096371
18.2984390243903
18.2209994900994
18.4016585365854
18.3635638650463
18.3511637630662
18.3215728732897
18.3625714285714
18.4173364493924
19.2974413840528
19.2974413840528
19.2974413840528
19.2974413840528
19.2974413840528
19.2974413840528
19.2974413840528
18.4737770034843
18.2634762471318
36.7242177700401
999.99
999.99
999.99
999.99
999.99
999.99
999.99
999.99
999.99
999.99
999.99
999.99
999.99
999.99
999.99
999.99
999.99
999.99
999.99
999.99
999.99
999.99
999.99
999.99
999.99
999.99
999.99
999.99
999.99
999.99
999.99
999.99
999.99
999.99
999.99
999.99
999.99
999.99
999.99
999.99
999.99
999.99
999.99
999.99
999.99
999.99
999.99
999.99
999.99
999.99
999.99
999.99
999.99
999.99
999.99
999.99
999.99
999.99
999.99
999.99
999.99
999.99
18.2820411319793
18.276212543554
18.2740644174386
18.3374843205575
18.1632648083624
18.1038292682927
18.0871747259284
17.9941951219512
17.797439959208
18.020331010453
18.2509762046401
18.301
18.2847668904563
19.2974413840528
19.2974413840528
19.2974413840528
19.2974413840528
19.2974413840528
19.0374442508711
19.2864442933628
999.99
999.99
999.99
999.99
999.99
999.99
999.99
999.99
999.99
999.99
999.99
999.99
999.99
999.99
999.99
999.99
999.99
999.99
999.99
999.99
999.99
999.99
999.99
999.99
999.99
999.99
999.99
999.99
999.99
999.99
999.99
999.99
999.99
999.99
999.99
999.99
999.99
999.99
999.99
999.99
999.99
999.99
999.99
999.99
999.99
999.99
999.99
999.99
999.99
999.99
999.99
999.99
999.99
999.99
999.99
999.99
999.99
999.99
999.99
999.99
999.99
999.99
18.6247073170732
18.4972998215348
18.3203902439024
18.2963039857228
18.233487804878
18.1981897679952
18.2290731707317
18.2011671624033
18.2466829268293
18.2396745984533
18.345
18.3681231409875
28.1950731707296
19.2974413840528
18.2856097560976
18.298746579417
30.3404878048815
19.2974413840528
19.2974413840528
19.0281829268292
999.99
999.99
999.99
999.99
999.99
999.99
999.99
999.99
999.99
999.99
999.99
999.99
999.99
999.99
999.99
999.99
999.99
999.99
999.99
999.99
999.99
999.99
999.99
999.99
999.99
999.99
999.99
999.99
999.99
999.99
999.99
999.99
999.99
999.99
999.99
999.99
999.99
999.99
999.99
999.99
999.99
999.99
999.99
999.99
999.99
999.99
999.99
999.99
999.99
999.99
999.99
999.99
999.99
999.99
999.99
999.99
999.99
999.99
999.99
999.99
999.99
999.99
999.99
18.8457412477186
19.2974413840528
18.8464047619048
18.7161452670301
18.72237481334
19.2974413840528
19.2974413840528
19.2974413840528
18.7051241081799
18.4455524367986
18.4292043305127
18.3821158202722
18.3429491455119
18.3742937027279
19.2974413840528
19.2974413840528
19.2974413840528
18.9679362260075
19.0035761734795
19.2811477517836
999.99
999.99
999.99
999.99
999.99
999.99
999.99
999.99
999.99
999.99
999.99
999.99
999.99
999.99
999.99
999.99
999.99
999.99
999.99
999.99
999.99
999.99
999.99
999.99
999.99
999.99
999.99
999.99
999.99
999.99
999.99
999.99
999.99
999.99
999.99
999.99
999.99
999.99
999.99
999.99
999.99
999.99
999.99
999.99
999.99
999.99
999.99
999.99
999.99
999.99
999.99
999.99
999.99
999.99
999.99
999.99
999.99
999.99
999.99
999.99
999.99
999.99
999.99
999.99
18.7542956573468
18.7562090592334
26.0166674598338
19.2974413840528
19.2974413840528
19.2974413840528
19.2974413840528
18.5522404181185
18.6777505736382
20.1366759581859
19.8704428486421
19.2974413840528
19.2974413840528
19.2974413840528
19.2974413840528
19.2974413840528
20.7795682841823
19.3019016741734
18.4245104529617
19.6210898274813
999.99
999.99
999.99
999.99
999.99
999.99
999.99
999.99
999.99
999.99
999.99
999.99
999.99
999.99
999.99
999.99
999.99
999.99
999.99
999.99
999.99
999.99
999.99
999.99
999.99
999.99
999.99
999.99
999.99
999.99
999.99
999.99
999.99
999.99
999.99
999.99
999.99
999.99
999.99
999.99
999.99
999.99
999.99
999.99
999.99
999.99
999.99
999.99
999.99
999.99
999.99
999.99
999.99
999.99
999.99
999.99
999.99
999.99
18.6241306620209
18.7614777161311
18.7492591670815
18.7707585034014
18.7610395719264
19.2974413840528
19.2974413840528
19.2974413840528
19.2974413840528
19.2974413840528
18.8537969968475
19.2974413840528
19.2974413840528
19.2974413840528
19.2974413840528
27.7617914567185
19.2974413840528
19.2974413840528
19.2974413840528
18.0696053490998
999.99
999.99
999.99
999.99
999.99
999.99
999.99
999.99
999.99
999.99
999.99
999.99
999.99
999.99
999.99
999.99
999.99
999.99
999.99
999.99
999.99
999.99
999.99
999.99
999.99
999.99
999.99
999.99
999.99
999.99
999.99
999.99
999.99
999.99
999.99
999.99
999.99
999.99
999.99
999.99
999.99
999.99
999.99
999.99
999.99
999.99
999.99
999.99
999.99
999.99
999.99
999.99
999.99
999.99
999.99
999.99
999.99
999.99
999.99
999.99
25.8712874564485
18.98742092292
18.5791916376307
18.5666821619784
18.5482300501402
18.6280592334495
33.9122484065762
19.2974413840528
25.9605934392819
19.2974413840528
19.2974413840528
19.2974413840528
28.5574394493131
19.2974413840528
19.2974413840528
25.2691637630688
25.3847735191663
18.0212717770034
17.6202087192997
18.2028118466899
999.99
999.99
999.99
999.99
999.99
999.99
999.99
999.99
999.99
999.99
999.99
999.99
999.99
999.99
999.99
999.99
999.99
999.99
999.99
999.99
999.99
999.99
999.99
999.99
999.99
999.99
999.99
999.99
999.99
999.99
999.99
999.99
999.99
999.99
999.99
999.99
999.99
999.99
999.99
999.99
999.99
999.99
999.99
999.99
999.99
999.99
999.99
999.99
999.99
999.99
999.99
999.99
999.99
999.99
999.99
999.99
999.99
999.99
999.99
18.8816948730712
18.7658194486599
18.8124577733532
18.9131068383332
18.8741102538577
18.7891156462585
18.8043680935789
18.7627437081912
18.7207039723682
18.8787616558819
19.2974413840528
18.7277277252364
29.9304925032496
19.2974413840528
18.3747487242369
18.3860394889663
18.4141206845618
18.6245156794425
18.5786484195105
18.6681579558653
999.99
999.99
999.99
999.99
999.99
999.99
999.99
999.99
999.99
999.99
999.99
999.99
999.99
999.99
999.99
999.99
999.99
999.99
999.99
999.99
999.99
999.99
999.99
999.99
999.99
999.99
999.99
999.99
999.99
999.99
999.99
999.99
999.99
999.99
999.99
999.99
999.99
999.99
999.99
999.99
999.99
999.99
999.99
999.99
999.99
999.99
999.99
999.99
999.99
999.99
999.99
999.99
999.99
999.99
999.99
999.99
999.99
19.2974413840528
39.3134630746832
19.2974413840528
18.958149825784
18.7899024390244
18.6344114897595
18.6844616724739
18.7086819920116
18.810681184669
19.1110418118467
18.8695853658537
18.4423243817455
18.5335836236934
18.6334205829863
18.5385419393218
18.3773902439024
19.2974413840528
18.6502229965157
18.8148714200731
34.1703031358856
999.99
999.99
999.99
999.99
999.99
999.99
999.99
999.99
999.99
999.99
999.99
999.99
999.99
999.99
999.99
999.99
999.99
999.99
999.99
999.99
999.99
999.99
999.99
999.99
999.99
999.99
999.99
999.99
999.99
999.99
999.99
999.99
999.99
999.99
999.99
999.99
999.99
999.99
999.99
999.99
999.99
999.99
999.99
999.99
999.99
999.99
999.99
999.99
999.99
999.99
999.99
999.99
999.99
999.99
999.99
999.99
999.99
999.99
999.99
999.99
19.2974413840528
19.2974413840528
19.2579506246282
19.2167804878049
19.3172212968471
19.0324146341463
18.5239512195122
18.6241463414634
38.4708988697233
19.2974413840528
18.6834354550863
18.7101097560976
18.8449280190363
18.7444268292683
18.7868911362284
18.8152195121951
18.7989857227841
18.8472070196312
18.8591951219512
23.342599643057
19.2974413840528
18.7711005353956
18.7978536585366
18.7637358715051
999.99
999.99
999.99
999.99
999.99
999.99
999.99
999.99
999.99
999.99
999.99
999.99
999.99
999.99
999.99
999.99
999.99
999.99
999.99
999.99
999.99
999.99
999.99
999.99
999.99
999.99
999.99
999.99
999.99
999.99
999.99
999.99
999.99
999.99
999.99
999.99
999.99
999.99
999.99
999.99
999.99
999.99
999.99
999.99
999.99
999.99
999.99
999.99
999.99
999.99
999.99
19.2974413840528
19.2974413840528
19.2974413840528
19.2974413840528
19.2974413840528
19.2974413840528
19.2974413840528
19.2974413840528
19.2618528087023
19.4113902439024
19.3699136568369
18.7405731707318
18.3435390498852
19.2974413840528
19.2974413840528
19.2974413840528
19.2974413840528
18.7099216027875
18.7146533525962
18.7498205574913
18.6638769439959
18.650181184669
18.7217341718365
18.606987804878
18.7734285714286
18.6420980708762
18.7531567944251
18.7269038837427
18.6127177700348
18.5377044276366
999.99
999.99
999.99
999.99
999.99
999.99
999.99
999.99
999.99
999.99
999.99
999.99
999.99
999.99
999.99
999.99
999.99
999.99
999.99
999.99
999.99
999.99
999.99
999.99
999.99
999.99
999.99
999.99
999.99
999.99
999.99
999.99
999.99
999.99
999.99
999.99
999.99
999.99
999.99
999.99
999.99
999.99
999.99
999.99
999.99
999.99
24.5855690660315
24.65246
999.99
24.65246
24.65246
19.2974413840528
19.2974413840528
19.2974413840528
19.2974413840528
19.2974413840528
19.2974413840528
19.2974413840528
19.2974413840528
19.2974413840528
19.3819982578397
19.2916374606952
19.1625348432056
18.8402857142857
18.734519163763
25.7353436729941
18.3414965156795
17.8593728222996
18.0275087108014
18.0106968641115
18.2148344947736
18.580688025835
18.6566480836237
18.7636961842441
18.7085853658537
18.6668937707147
18.7740174216028
999.99
999.99
999.99
999.99
999.99
999.99
999.99
999.99
999.99
999.99
999.99
999.99
999.99
999.99
999.99
999.99
999.99
999.99
999.99
999.99
999.99
999.99
999.99
999.99
999.99
999.99
999.99
999.99
999.99
999.99
999.99
999.99
999.99
999.99
999.99
999.99
999.99
999.99
999.99
999.99
999.99
999.99
999.99
999.99
999.99
999.99
999.99
999.99
24.65246
24.65246
24.2576662462823
20.9875076256848
18.8451088435374
21.846560710137
24.4485266389052
24.65246
24.65246
19.2974413840528
19.2974413840528
19.2974413840528
19.2974413840528
19.0969842375975
19.2974413840528
39.3709183309297
19.2974413840528
19.2974413840528
19.2974413840528
19.2796054421769
19.1614365355898
19.2301808083138
19.3927489629998
18.3162771026317
17.9065025717604
18.3677482993197
18.021650489464
17.9272788184875
18.0750196615232
999.99
999.99
999.99
999.99
999.99
999.99
999.99
999.99
999.99
999.99
999.99
999.99
999.99
999.99
999.99
999.99
999.99
999.99
999.99
999.99
999.99
999.99
999.99
999.99
999.99
999.99
999.99
999.99
999.99
999.99
999.99
999.99
999.99
999.99
999.99
999.99
999.99
999.99
999.99
999.99
999.99
999.99
999.99
999.99
999.99
999.99
999.99
999.99
999.99
999.99
999.99
20.3086824390233
19.0239046876877
24.65246
24.65246
24.65246
24.65246
21.6407727526127
18.8784480836234
22.0454572125439
24.4367586436643
24.65246
24.65246
21.4864111498213
21.8531749808741
19.2974413840528
19.2974413840528
19.2974413840528
19.2974413840528
21.4691907028083
19.2974413840528
19.2974413840528
19.2974413840528
19.2974413840528
19.2974413840528
18.961332200221
18.6948989547039
18.5119631171921
18.7119355400697
18.7259895470383
999.99
999.99
999.99
999.99
999.99
999.99
999.99
999.99
999.99
999.99
999.99
999.99
999.99
999.99
999.99
999.99
999.99
999.99
999.99
999.99
999.99
999.99
999.99
999.99
999.99
999.99
999.99
999.99
999.99
999.99
999.99
999.99
999.99
999.99
999.99
999.99
999.99
999.99
999.99
999.99
999.99
999.99
20.7545638667468
999.99
999.99
24.65246
24.65246
24.65246
24.65246
24.65246
24.65246
24.65246
21.116491630994
21.2161949659866
22.5653385365865
23.5209212849479
23.6197121884853
21.1200317006805
24.65246
24.65246
24.65246
24.65246
24.65246
24.65246
21.5713148100214
18.4051878417042
19.2974413840528
19.2974413840528
19.2974413840528
19.2974413840528
19.2974413840528
19.2974413840528
19.2974413840528
19.2974413840528
19.2974413840528
18.9466777003484
999.99
999.99
999.99
999.99
999.99
999.99
999.99
999.99
999.99
999.99
999.99
999.99
999.99
999.99
999.99
999.99
999.99
999.99
999.99
999.99
999.99
999.99
999.99
999.99
999.99
999.99
999.99
999.99
999.99
999.99
999.99
999.99
999.99
999.99
999.99
999.99
999.99
999.99
999.99
999.99
999.99
999.99
999.99
999.99
999.99
999.99
999.99
999.99
999.99
24.65246
24.65246
24.65246
24.65246
24.65246
24.65246
24.65246
24.2411387456448
24.65246
24.65246
24.65246
23.3698382153474
19.4060634146341
24.65246
24.65246
19.6288192572447
22.7885487108004
24.65246
24.65246
24.65246
24.65246
24.4479520251555
24.65246
24.65246
19.2974413840528
19.2974413840528
999.99
999.99
999.99
999.99
999.99
999.99
999.99
999.99
999.99
999.99
999.99
999.99
999.99
999.99
999.99
999.99
999.99
999.99
999.99
999.99
999.99
999.99
999.99
999.99
999.99
999.99
999.99
999.99
999.99
999.99
999.99
999.99
999.99
999.99
999.99
999.99
999.99
999.99
999.99
999.99
999.99
999.99
999.99
999.99
999.99
999.99
999.99
999.99
999.99
999.99
999.99
999.99
999.99
999.99
999.99
999.99
999.99
24.65246
24.65246
24.65246
24.65246
24.65246
24.65246
24.65246
22.4520148780484
22.6343800000001
17.9252857142857
22.8885804878048
22.1610883652023
20.2187103135878
19.2831187552775
24.65246
24.65246
20.9690130313598
18.8730187898357
19.3842039953546
999.99
999.99
18.1044193648905
999.99
999.99
999.99
999.99
999.99
999.99
999.99
999.99
999.99
999.99
999.99
999.99
999.99
999.99
999.99
999.99
999.99
999.99
999.99
999.99
999.99
999.99
999.99
999.99
999.99
999.99
999.99
999.99
999.99
999.99
999.99
999.99
999.99
999.99
999.99
999.99
999.99
999.99
999.99
999.99
999.99
999.99
999.99
999.99
999.99
999.99
999.99
999.99
999.99
999.99
999.99
999.99
999.99
999.99
999.99
999.99
999.99
999.99
999.99
999.99
999.99
24.65246
22.5853325783958
18.6102127135208
21.5576136933799
24.65246
24.65246
24.65246
18.9956968641115
19.1140772499362
23.7029025087108
24.65246
24.65246
23.4821708013938
24.65246
20.463631707317
999.99
999.99
999.99
999.99
999.99
999.99
999.99
999.99
999.99
999.99
999.99
999.99
999.99
999.99
999.99
999.99
999.99
999.99
999.99
999.99
999.99
999.99
999.99
999.99
999.99
999.99
999.99
999.99
999.99
999.99
999.99
999.99
999.99
999.99
999.99
999.99
999.99
999.99
999.99
999.99
999.99
999.99
999.99
999.99
999.99
999.99
999.99
999.99
999.99
999.99
999.99
999.99
999.99
999.99
999.99
999.99
999.99
999.99
999.99
999.99
999.99
999.99
999.99
999.99
999.99
999.99
999.99
999.99
24.4903699821541
22.1082768292673
20.481555749129
24.65246
24.65246
20.9796504878041
21.1562004912047
18.6757142857143
18.3653709526643
19.7843276977984
24.65246
19.131256097561
999.99
999.99
999.99
999.99
999.99
999.99
999.99
999.99
999.99
999.99
999.99
999.99
999.99
999.99
999.99
999.99
999.99
999.99
999.99
999.99
999.99
999.99
999.99
999.99
999.99
999.99
999.99
999.99
999.99
999.99
999.99
999.99
999.99
999.99
999.99
999.99
999.99
999.99
999.99
999.99
999.99
999.99
999.99
999.99
999.99
999.99
999.99
999.99
999.99
999.99
999.99
999.99
999.99
999.99
999.99
999.99
999.99
999.99
999.99
999.99
999.99
999.99
999.99
999.99
999.99
999.99
999.99
999.99
999.99
999.99
999.99
999.99
24.65246
24.65246
999.99
999.99
999.99
999.99
999.99
999.99
999.99
999.99
999.99
999.99
999.99
999.99
999.99
999.99
999.99
999.99
999.99
999.99
999.99
999.99
999.99
999.99
999.99
999.99
999.99
999.99
999.99
999.99
999.99
999.99
999.99
999.99
999.99
999.99
999.99
999.99
999.99
999.99
999.99
999.99
999.99
999.99
999.99
999.99
999.99
999.99
999.99
999.99
999.99
999.99
999.99
999.99
999.99
999.99
999.99
999.99
999.99
999.99
999.99
999.99
999.99
999.99
999.99
999.99
999.99
999.99
999.99
999.99
999.99
999.99
999.99
999.99
999.99
999.99
999.99
999.99
999.99
999.99
999.99
999.99
999.99
999.99
999.99
999.99
999.99
999.99
999.99
999.99
999.99
999.99
999.99
999.99
999.99
999.99
999.99
999.99
999.99
999.99
999.99
999.99
999.99
999.99
999.99
999.99
999.99
999.99
999.99
999.99
999.99
999.99
999.99
999.99
999.99
999.99
999.99
999.99
999.99
999.99
999.99
999.99
999.99
999.99
999.99
999.99
999.99
999.99
999.99
999.99
999.99
999.99
999.99
999.99
999.99
999.99
999.99
999.99
999.99
999.99
999.99
999.99
999.99
999.99
999.99
999.99
999.99
999.99
999.99
999.99
999.99
999.99
999.99
999.99
999.99
999.99
999.99
999.99
999.99
999.99
999.99
999.99
999.99
999.99
999.99
999.99
999.99
999.99
999.99
999.99
999.99
999.99
999.99
999.99
999.99
999.99
999.99
999.99
999.99
999.99
999.99
999.99
999.99
999.99
999.99
999.99
999.99
999.99
999.99
999.99
999.99
999.99
999.99
999.99
999.99
999.99
999.99
999.99
999.99
999.99
999.99
999.99
999.99
999.99
999.99
999.99
999.99
999.99
999.99
999.99
999.99
999.99
999.99
999.99
999.99
999.99
999.99
999.99
999.99
999.99
999.99
999.99
999.99
999.99
999.99
999.99
999.99
999.99
999.99
999.99
999.99
999.99
999.99
999.99
999.99
999.99
999.99
999.99
999.99
999.99
999.99
999.99
999.99
999.99
999.99
999.99
999.99
999.99
999.99
999.99
999.99
999.99
999.99
999.99
999.99
999.99
999.99
999.99
999.99
999.99
999.99
999.99
999.99
999.99
999.99
999.99
999.99
999.99
999.99
999.99
999.99
999.99
999.99
999.99
999.99
999.99
999.99
999.99
999.99
999.99
999.99
999.99
999.99
999.99
999.99
999.99
999.99
999.99
999.99
999.99
999.99
999.99
999.99
999.99
999.99
999.99
999.99
999.99
999.99
999.99
999.99
999.99
999.99
999.99
999.99
999.99
999.99
999.99
999.99
999.99
999.99
999.99
999.99
999.99
999.99
999.99
999.99
999.99
999.99
999.99
999.99
999.99
999.99
999.99
999.99
999.99
999.99
999.99
999.99
999.99
999.99
999.99
999.99
999.99
999.99
999.99
999.99
999.99
999.99
999.99
999.99
999.99
999.99
999.99
999.99
999.99
999.99
999.99
999.99
999.99
999.99
999.99
999.99
999.99
999.99
999.99
999.99
999.99
999.99
999.99
999.99
999.99
999.99
999.99
999.99
999.99
999.99
999.99
999.99
999.99
999.99
999.99
999.99
999.99
999.99
999.99
999.99
999.99
999.99
999.99
999.99
999.99
999.99
999.99
999.99
999.99
999.99
999.99
999.99
999.99
999.99
999.99
999.99
999.99
999.99
999.99
999.99
999.99
999.99
999.99
999.99
999.99
999.99
999.99
999.99
999.99
999.99
999.99
999.99
999.99
999.99
999.99
999.99
