999.99
999.99
999.99
999.99
999.99
999.99
999.99
999.99
999.99
999.99
999.99
999.99
999.99
999.99
999.99
999.99
999.99
999.99
999.99
999.99
999.99
999.99
999.99
999.99
999.99
999.99
999.99
999.99
999.99
999.99
999.99
999.99
999.99
999.99
999.99
999.99
999.99
999.99
999.99
999.99
999.99
999.99
999.99
999.99
999.99
999.99
999.99
999.99
999.99
999.99
999.99
999.99
999.99
999.99
999.99
999.99
999.99
999.99
999.99
999.99
999.99
999.99
999.99
999.99
999.99
999.99
999.99
999.99
999.99
999.99
999.99
999.99
999.99
999.99
999.99
999.99
999.99
999.99
999.99
999.99
999.99
999.99
999.99
999.99
999.99
999.99
999.99
999.99
999.99
999.99
999.99
999.99
999.99
999.99
999.99
999.99
999.99
999.99
999.99
999.99
999.99
999.99
999.99
999.99
999.99
999.99
999.99
999.99
999.99
999.99
999.99
999.99
999.99
999.99
999.99
999.99
999.99
999.99
999.99
999.99
999.99
999.99
999.99
999.99
999.99
999.99
999.99
999.99
999.99
999.99
999.99
999.99
999.99
999.99
15.4694199881023
15.5697192147531
15.5321393728223
15.4606464689385
15.3730731707317
15.3273672133934
15.2678745644599
15.3088264638395
15.3043135888502
15.2157189598028
15.2732195121951
15.3491931673324
15.3071358885017
15.1742268207699
15.0688675958188
15.0839957508286
15.0578083623693
15.0983560805643
14.8967351916376
14.855968641115
14.7780975609756
999.99
999.99
999.99
999.99
999.99
999.99
999.99
999.99
999.99
999.99
999.99
999.99
999.99
999.99
999.99
999.99
999.99
999.99
999.99
999.99
999.99
999.99
999.99
999.99
999.99
999.99
999.99
999.99
999.99
999.99
999.99
999.99
999.99
999.99
999.99
999.99
999.99
999.99
999.99
999.99
999.99
999.99
999.99
999.99
999.99
999.99
999.99
999.99
999.99
999.99
999.99
999.99
999.99
999.99
999.99
999.99
999.99
999.99
999.99
999.99
999.99
999.99
15.4931156199541
15.5758212677099
15.6003558984569
15.4005741237601
15.2038730711797
15.1834668382523
15.1932976605276
15.2422611419345
15.3862023394724
15.4066348140684
15.3797994026879
15.3951304738433
15.3858190642111
15.1010774199031
14.7680385764062
14.5937653061224
14.5672720258835
14.6384172261409
14.6076329019413
14.5709489431704
14.5586321553011
999.99
999.99
999.99
999.99
999.99
999.99
999.99
999.99
999.99
999.99
999.99
999.99
999.99
999.99
999.99
999.99
999.99
999.99
999.99
999.99
999.99
999.99
999.99
999.99
999.99
999.99
999.99
999.99
999.99
999.99
999.99
999.99
999.99
999.99
999.99
999.99
999.99
999.99
999.99
999.99
999.99
999.99
999.99
999.99
999.99
999.99
999.99
999.99
999.99
999.99
999.99
999.99
999.99
999.99
999.99
999.99
999.99
999.99
999.99
999.99
999.99
999.99
15.4703810656922
15.5003130789496
15.3587735191638
15.437724738676
15.5494216027875
15.6206691595139
15.5531672473868
15.51778805133
15.5611602787456
15.5193712076145
15.5731533101045
15.5466271777003
15.4628675958188
15.4025856208039
15.1416167247386
14.8891175320811
14.5566794425087
14.4206030424068
14.3736968641115
14.4117668054729
14.3051742160279
999.99
999.99
999.99
999.99
999.99
999.99
999.99
999.99
999.99
999.99
999.99
999.99
999.99
999.99
999.99
999.99
999.99
999.99
999.99
999.99
999.99
999.99
999.99
999.99
999.99
999.99
999.99
999.99
999.99
999.99
999.99
999.99
999.99
999.99
999.99
999.99
999.99
999.99
999.99
999.99
999.99
999.99
999.99
999.99
999.99
999.99
999.99
999.99
999.99
999.99
999.99
999.99
999.99
999.99
999.99
999.99
999.99
999.99
999.99
999.99
999.99
999.99
15.559745389649
15.4602756012578
15.5864355400697
15.6372804453132
15.6783554006969
15.7788450752103
15.7794529616725
15.7782642134784
15.6918850174216
15.7256708591825
15.6949477351916
15.6081881533101
15.5090836236934
15.5370977309425
15.2733658536585
15.1583679782442
14.9366898954704
14.7534379196057
14.4708118466899
14.4614459930314
37.4735714285728
999.99
999.99
999.99
999.99
999.99
999.99
999.99
999.99
999.99
999.99
999.99
999.99
999.99
999.99
999.99
999.99
999.99
999.99
999.99
999.99
999.99
999.99
999.99
999.99
999.99
999.99
999.99
999.99
999.99
999.99
999.99
999.99
999.99
999.99
999.99
999.99
999.99
999.99
999.99
999.99
999.99
999.99
999.99
999.99
999.99
999.99
999.99
999.99
999.99
999.99
999.99
999.99
999.99
999.99
999.99
999.99
999.99
999.99
999.99
999.99
999.99
999.99
999.99
15.5888613920286
15.6393972125436
15.6863427381661
15.738212543554
15.746615195037
15.7128257839721
15.7091825444038
15.7282404181185
15.7306330415569
15.6700069686411
15.6312620039092
15.6416027874564
15.5888165207784
15.3366411149826
15.1021254355401
15.0257735191638
14.9973603297357
14.7025191637631
14.4461160023796
37.3121254355415
16.8446387557704
999.99
999.99
999.99
999.99
999.99
999.99
999.99
999.99
999.99
999.99
999.99
999.99
999.99
999.99
999.99
999.99
999.99
999.99
999.99
999.99
999.99
999.99
999.99
999.99
999.99
999.99
999.99
999.99
999.99
999.99
999.99
999.99
999.99
999.99
999.99
999.99
999.99
999.99
999.99
999.99
999.99
999.99
999.99
999.99
999.99
999.99
999.99
999.99
999.99
999.99
999.99
999.99
999.99
999.99
999.99
999.99
999.99
999.99
999.99
999.99
999.99
15.7127532081244
15.7606716240333
15.7083414634146
15.65214625648
15.6743275261324
15.7109436559871
15.7243275261324
15.7220545593609
15.7215191637631
15.7948457550778
15.6810104529617
15.6541879833432
15.4746167247387
15.408402056599
15.2462682926829
15.1884697034078
15.2037073170732
15.2452276706042
15.0765714285715
14.9111010452962
14.5994982578397
999.99
999.99
999.99
999.99
999.99
999.99
999.99
999.99
999.99
999.99
999.99
999.99
999.99
999.99
999.99
999.99
999.99
999.99
999.99
999.99
999.99
999.99
999.99
999.99
999.99
999.99
999.99
999.99
999.99
999.99
999.99
999.99
999.99
999.99
999.99
999.99
999.99
999.99
999.99
999.99
999.99
999.99
999.99
999.99
999.99
999.99
999.99
999.99
999.99
999.99
999.99
999.99
999.99
999.99
999.99
999.99
999.99
999.99
999.99
999.99
999.99
999.99
999.99
999.99
15.6363658536585
15.6613222854877
15.7155551684088
15.7160502818617
15.7185923344948
15.6943333333333
15.6086806039489
15.6904254836973
15.6406864111498
15.5685113169599
15.4132648083624
15.5600979858928
15.4426910569105
15.2344389677346
15.2461904761905
15.3120505084842
15.1137862950058
14.9333304438968
14.7298757259001
14.6856076315119
16.8446387557704
999.99
999.99
999.99
999.99
999.99
999.99
999.99
999.99
999.99
999.99
999.99
999.99
999.99
999.99
999.99
999.99
999.99
999.99
999.99
999.99
999.99
999.99
999.99
999.99
999.99
999.99
999.99
999.99
999.99
999.99
999.99
999.99
999.99
999.99
999.99
999.99
999.99
999.99
999.99
999.99
999.99
999.99
999.99
999.99
999.99
999.99
999.99
999.99
999.99
999.99
999.99
999.99
999.99
999.99
999.99
999.99
999.99
999.99
999.99
999.99
999.99
999.99
999.99
15.8125644599303
15.7817038327526
15.7157927254185
15.6963519163763
15.7892852043851
15.7786202090592
15.6984174385995
15.5845156794425
15.497545338659
15.4482961672474
15.5008040282145
15.4687630662021
15.6166049970256
15.5083170731707
15.4221775303816
15.2575087108014
15.1209831732812
15.1308571428571
15.0904390243902
15.0213493668735
14.9180609756098
999.99
999.99
999.99
999.99
999.99
999.99
999.99
999.99
999.99
999.99
999.99
999.99
999.99
999.99
999.99
999.99
999.99
999.99
999.99
999.99
999.99
999.99
999.99
999.99
999.99
999.99
999.99
999.99
999.99
999.99
999.99
999.99
999.99
999.99
999.99
999.99
999.99
999.99
999.99
999.99
999.99
999.99
999.99
999.99
999.99
999.99
999.99
999.99
999.99
999.99
999.99
999.99
999.99
999.99
999.99
999.99
999.99
999.99
15.9486090094574
16.0006834529172
16.0222559862732
15.8494786792766
15.851349306171
15.9534995851999
16.0496844767651
15.8622147005144
15.7667590557936
15.8060136054422
15.6751091510965
15.5051582877053
15.4669400300275
15.4388803716609
15.4731549976326
15.5107272274764
15.6170541587248
15.6547632321221
15.6568911564626
15.7734118135059
15.7618922774345
999.99
999.99
999.99
999.99
999.99
999.99
999.99
999.99
999.99
999.99
999.99
999.99
999.99
999.99
999.99
999.99
999.99
999.99
999.99
999.99
999.99
999.99
999.99
999.99
999.99
999.99
999.99
999.99
999.99
999.99
999.99
999.99
999.99
999.99
999.99
999.99
999.99
999.99
999.99
999.99
999.99
999.99
999.99
999.99
999.99
999.99
999.99
999.99
999.99
999.99
999.99
999.99
999.99
999.99
999.99
999.99
999.99
999.99
999.99
999.99
999.99
999.99
999.99
15.9501114982578
16.0172148381066
15.8992055749129
16.0855240928019
16.1011393728223
15.933471912977
16.0317386759582
15.8796261578992
16.0833728222996
16.0846233534461
15.8381080139373
16.0614332455171
15.8881672473867
15.6269730602532
15.6163867595819
15.5983106144302
15.7739930313589
15.9015089657517
15.9065993031359
15.7676440894026
15.737724738676
999.99
999.99
999.99
999.99
999.99
999.99
999.99
999.99
999.99
999.99
999.99
999.99
999.99
999.99
999.99
999.99
999.99
999.99
999.99
999.99
999.99
999.99
999.99
999.99
999.99
999.99
999.99
999.99
999.99
999.99
999.99
999.99
999.99
999.99
999.99
999.99
999.99
999.99
999.99
999.99
999.99
999.99
999.99
999.99
999.99
999.99
999.99
999.99
999.99
999.99
999.99
999.99
999.99
999.99
999.99
999.99
999.99
999.99
999.99
999.99
999.99
999.99
15.9625214947371
15.8916424018745
15.8725765720922
16.024149372539
16.1478913223826
16.1665905538896
16.2580068027211
16.3417124201257
16.5363019744483
16.480231292517
16.2045601460096
16.1217167745146
16.0404839887175
15.8784342815056
15.7883477683756
15.8262770581165
15.8835598141696
15.9573122250685
15.8975520159283
15.783700825958
15.7286860793098
999.99
999.99
999.99
999.99
999.99
999.99
999.99
999.99
999.99
999.99
999.99
999.99
999.99
999.99
999.99
999.99
999.99
999.99
999.99
999.99
999.99
999.99
999.99
999.99
999.99
999.99
999.99
999.99
999.99
999.99
999.99
999.99
999.99
999.99
999.99
999.99
999.99
999.99
999.99
999.99
999.99
999.99
999.99
999.99
999.99
999.99
999.99
999.99
999.99
999.99
999.99
999.99
999.99
999.99
999.99
999.99
999.99
999.99
999.99
999.99
999.99
999.99
999.99
999.99
999.99
999.99
16.2079825783972
16.4306872609841
16.5195714285714
16.5313039007394
16.5390592334495
16.3430582986318
16.2155226480836
16.036907113113
16.0981463414634
16.0287651907878
15.9317003484321
15.9172602192573
15.8958257839721
15.9541228860372
15.8469756097561
15.7195738930909
15.741724738676
15.6549065182289
15.5470868530636
15.6672665505226
15.6735018271437
999.99
999.99
999.99
999.99
999.99
999.99
999.99
999.99
999.99
999.99
999.99
999.99
999.99
999.99
999.99
999.99
999.99
999.99
999.99
999.99
999.99
999.99
999.99
999.99
999.99
999.99
999.99
999.99
999.99
999.99
999.99
999.99
999.99
999.99
999.99
999.99
999.99
999.99
999.99
999.99
999.99
999.99
999.99
999.99
999.99
999.99
999.99
999.99
999.99
999.99
999.99
999.99
999.99
999.99
999.99
999.99
999.99
999.99
999.99
999.99
999.99
999.99
16.4263344947735
16.4803361944421
16.4317839721254
16.4455760176766
16.3277944250871
16.2253047505736
16.0608362369338
15.9452757712246
15.9459930313589
15.8982257159854
15.9658048780488
15.9880363729073
15.9987142857143
16.0533031358885
16.003543554007
16.0944894195632
15.8792717770035
15.7942826548823
15.7500967111413
15.6174808362369
15.4313755417693
999.99
999.99
999.99
999.99
999.99
999.99
999.99
999.99
999.99
999.99
999.99
999.99
999.99
999.99
999.99
999.99
999.99
999.99
999.99
999.99
999.99
999.99
999.99
999.99
999.99
999.99
999.99
999.99
999.99
999.99
999.99
999.99
999.99
999.99
999.99
999.99
999.99
999.99
999.99
999.99
999.99
999.99
999.99
999.99
999.99
999.99
999.99
999.99
999.99
999.99
999.99
999.99
999.99
999.99
999.99
999.99
999.99
999.99
999.99
999.99
999.99
999.99
16.5120243902439
16.4617305175491
16.3953414634146
16.3821683521713
16.4112195121951
16.3570618679358
16.1868048780487
16.0945782272457
16.1281219512195
16.1204312908983
16.0674878048781
16.1383271861987
16.1143414634146
16.0973658536585
16.1015853658537
16.0836418798334
16.0614390243902
15.997239143367
15.9770166567519
15.6455487804878
15.2904782867341
999.99
999.99
999.99
999.99
999.99
999.99
999.99
999.99
999.99
999.99
999.99
999.99
999.99
999.99
999.99
999.99
999.99
999.99
999.99
999.99
999.99
999.99
999.99
999.99
999.99
999.99
999.99
999.99
999.99
999.99
999.99
999.99
999.99
999.99
999.99
999.99
999.99
999.99
999.99
999.99
999.99
999.99
999.99
999.99
999.99
999.99
999.99
999.99
999.99
999.99
999.99
999.99
999.99
999.99
999.99
999.99
999.99
999.99
999.99
999.99
999.99
999.99
999.99
16.3876072915781
16.3772613240418
16.2452096541174
16.3121114982579
16.2229709356676
16.4006236933798
16.2608612220617
16.0445296167247
16.0942861392029
16.1593240418118
16.1281394578058
16.1546027874564
16.1842014957083
16.0499651567944
15.9116379705958
15.8528885017422
15.8020981558596
15.5550372227416
15.4091951219512
15.3257692699924
15.2627195121951
999.99
999.99
999.99
999.99
999.99
999.99
999.99
999.99
999.99
999.99
999.99
999.99
999.99
999.99
999.99
999.99
999.99
999.99
999.99
999.99
999.99
999.99
999.99
999.99
999.99
999.99
999.99
999.99
999.99
999.99
999.99
999.99
999.99
999.99
999.99
999.99
999.99
999.99
999.99
999.99
999.99
999.99
999.99
999.99
999.99
999.99
999.99
999.99
999.99
999.99
999.99
999.99
999.99
999.99
999.99
999.99
999.99
999.99
999.99
999.99
999.99
999.99
16.4327886624013
16.3331015430563
16.2703461719012
16.2492366849179
16.4260782515267
16.6936088435374
16.5645190767562
16.0858888335822
16.1004150408527
16.0341031192965
16.0417380952381
16.0288701675792
15.9499314608651
15.8867872075659
15.874860048481
15.9296079309773
15.8075025353389
15.4495903232203
15.2161430230629
15.2463351179853
15.3792223328356
999.99
999.99
999.99
999.99
999.99
999.99
999.99
999.99
999.99
999.99
999.99
999.99
999.99
999.99
999.99
999.99
999.99
999.99
999.99
999.99
999.99
999.99
999.99
999.99
999.99
999.99
999.99
999.99
999.99
999.99
999.99
999.99
999.99
999.99
999.99
999.99
999.99
999.99
999.99
999.99
999.99
999.99
999.99
999.99
999.99
999.99
999.99
999.99
999.99
999.99
999.99
999.99
999.99
999.99
999.99
999.99
999.99
999.99
999.99
999.99
999.99
999.99
999.99
999.99
16.2456338064077
16.2672020905923
16.3713592249511
16.4051114982579
16.3033111243308
16.013756097561
16.1048924959633
16.0793658536585
16.1937663805558
16.2113867595819
16.3717028129514
16.2178083623694
15.9089428911363
15.7784668989547
15.5659318432905
15.5844302710971
15.3311898954704
15.3758865471233
15.6069651567944
15.5379404266168
15.2797491289199
999.99
999.99
999.99
999.99
999.99
999.99
999.99
999.99
999.99
999.99
999.99
999.99
999.99
999.99
999.99
999.99
999.99
999.99
999.99
999.99
999.99
999.99
999.99
999.99
999.99
999.99
999.99
999.99
999.99
999.99
999.99
999.99
999.99
999.99
999.99
999.99
999.99
999.99
999.99
999.99
999.99
999.99
999.99
999.99
999.99
999.99
999.99
999.99
999.99
999.99
999.99
999.99
999.99
999.99
999.99
999.99
999.99
999.99
999.99
999.99
999.99
999.99
16.2065095444484
16.1498894143023
16.1297285042512
16.169906255185
15.9406423411721
15.9388440351751
16.0623843537415
16.1689458271114
16.1637573884997
16.2517017587523
16.2730472224583
16.3410102040816
16.1864206295249
15.9701719761075
15.86619203422
15.6835168145783
15.7540662020906
15.7466661385554
15.889350257176
15.7615359075219
15.5093286875726
999.99
999.99
999.99
999.99
999.99
999.99
999.99
999.99
999.99
999.99
999.99
999.99
999.99
999.99
999.99
999.99
999.99
999.99
999.99
999.99
999.99
999.99
999.99
999.99
999.99
999.99
999.99
999.99
999.99
999.99
999.99
999.99
999.99
999.99
999.99
999.99
999.99
999.99
999.99
999.99
999.99
999.99
999.99
999.99
999.99
999.99
999.99
999.99
999.99
999.99
999.99
999.99
999.99
999.99
999.99
999.99
999.99
999.99
999.99
999.99
999.99
16.243787456446
16.1292526557321
16.1820034843206
16.0899278490694
15.8506341463415
15.8827264383445
16.1844390243902
16.3275181439619
16.3466132404181
16.3025127050225
16.1460243902439
16.4862175575761
16.2596550522648
15.985441148976
15.9652160278746
15.7555593609246
15.7469649018442
15.8355069686411
15.8797595818815
15.855287456446
15.8535789920966
999.99
999.99
999.99
999.99
999.99
999.99
999.99
999.99
999.99
999.99
999.99
999.99
999.99
999.99
999.99
999.99
999.99
999.99
999.99
999.99
999.99
999.99
999.99
999.99
999.99
999.99
999.99
999.99
999.99
999.99
999.99
999.99
999.99
999.99
999.99
999.99
999.99
999.99
999.99
999.99
999.99
999.99
999.99
999.99
999.99
999.99
999.99
999.99
999.99
999.99
999.99
999.99
999.99
999.99
999.99
999.99
999.99
999.99
999.99
999.99
999.99
999.99
999.99
999.99
999.99
16.0494068176944
16.0205012444002
16.1489115646259
16.2726844201095
16.4203146288855
16.3975085448813
16.3937362701178
16.391843952215
16.5217074121737
16.4745886842542
16.3895231842886
16.2076730545877
16.1025272108844
16.1061384339578
15.87274970964
15.8762798018672
15.9116299153808
15.8801360544218
15.6180614733698
21.7795142549626
16.8446387557704
999.99
999.99
999.99
999.99
999.99
999.99
999.99
999.99
999.99
999.99
999.99
999.99
999.99
999.99
999.99
999.99
999.99
999.99
999.99
999.99
999.99
999.99
999.99
999.99
999.99
999.99
999.99
999.99
999.99
999.99
999.99
999.99
999.99
999.99
999.99
999.99
999.99
999.99
999.99
999.99
999.99
999.99
999.99
999.99
999.99
999.99
999.99
999.99
999.99
999.99
999.99
999.99
999.99
999.99
999.99
999.99
999.99
999.99
999.99
999.99
999.99
16.3227804878049
16.0852801903629
16.0976829268293
16.0790916121356
16.2040975609756
16.159995835812
16.1344390243902
16.2343854848305
16.2082682926829
16.5535449137417
16.6176097560976
16.6967055324212
16.5994634146341
16.5328245092207
16.5999726353361
16.2579634146342
16.1008138013087
15.8368414634146
15.5662665080309
16.8446387557704
999.99
999.99
999.99
999.99
999.99
999.99
999.99
999.99
999.99
999.99
999.99
999.99
999.99
999.99
999.99
999.99
999.99
999.99
999.99
999.99
999.99
999.99
999.99
999.99
999.99
999.99
999.99
999.99
999.99
999.99
999.99
999.99
999.99
999.99
999.99
999.99
999.99
999.99
999.99
999.99
999.99
999.99
999.99
999.99
999.99
999.99
999.99
999.99
999.99
999.99
999.99
999.99
999.99
999.99
999.99
999.99
999.99
999.99
999.99
999.99
999.99
999.99
16.3246615110054
16.2024808362369
16.2867983343248
16.3785261324042
16.2483527662106
16.39
16.6445355655647
16.9036341463415
17.002574912892
16.9299616724739
16.7672456021076
16.7073240418118
16.7038959802838
16.6352822299652
16.6216180844735
16.4740033993371
16.2943379790941
15.9934780317838
15.7366202090592
15.484048015637
999.99
999.99
999.99
999.99
999.99
999.99
999.99
999.99
999.99
999.99
999.99
999.99
999.99
999.99
999.99
999.99
999.99
999.99
999.99
999.99
999.99
999.99
999.99
999.99
999.99
999.99
999.99
999.99
999.99
999.99
999.99
999.99
999.99
999.99
999.99
999.99
999.99
999.99
999.99
999.99
999.99
999.99
999.99
999.99
999.99
999.99
999.99
999.99
999.99
999.99
999.99
999.99
999.99
999.99
999.99
999.99
999.99
999.99
999.99
999.99
999.99
999.99
999.99
999.99
17.3277595818815
17.2578069176511
17.1318536585366
17.0759760346732
17.1312717770035
17.2341774453981
17.0274390243902
17.1166452791706
16.8845679442509
16.8448536585366
16.8166341463415
16.6793169032039
16.4273414634146
16.1571855188238
15.971419138268
15.8517108013938
15.7212263108694
15.5039773519163
15.257760856633
16.8446387557704
999.99
999.99
999.99
999.99
999.99
999.99
999.99
999.99
999.99
999.99
999.99
999.99
999.99
999.99
999.99
999.99
999.99
999.99
999.99
999.99
999.99
999.99
999.99
999.99
999.99
999.99
999.99
999.99
999.99
999.99
999.99
999.99
999.99
999.99
999.99
999.99
999.99
999.99
999.99
999.99
999.99
999.99
999.99
999.99
999.99
999.99
999.99
999.99
999.99
999.99
999.99
999.99
999.99
999.99
999.99
999.99
999.99
999.99
999.99
999.99
999.99
17.3854006968641
17.4120516699244
17.2764703832753
17.1888523837852
17.1723275261324
17.1526946545424
17.042031358885
17.0030739355826
17.0050731707317
16.9095395597859
16.8497386759582
16.7939834282315
16.8542055749129
16.7507841420923
16.5800278745645
16.2176279425512
15.8229342228265
15.9073763066202
15.8608438854423
15.6232195121951
999.99
999.99
999.99
999.99
999.99
999.99
999.99
999.99
999.99
999.99
999.99
999.99
999.99
999.99
999.99
999.99
999.99
999.99
999.99
999.99
999.99
999.99
999.99
999.99
999.99
999.99
999.99
999.99
999.99
999.99
999.99
999.99
999.99
999.99
999.99
999.99
999.99
999.99
999.99
999.99
999.99
999.99
999.99
999.99
999.99
999.99
999.99
999.99
999.99
999.99
999.99
999.99
999.99
999.99
999.99
999.99
999.99
999.99
999.99
999.99
999.99
999.99
999.99
999.99
17.3766949094926
17.3905853658537
17.2649407665505
17.0958745644599
16.9918875669245
16.9204843205575
16.9390446162998
17.0794146341463
16.7832988017337
16.8325818815331
16.7954953684032
16.7310243902439
16.4191523752869
16.2120174216028
16.094603297357
15.8947630662021
15.9805156794425
16.1213116342313
16.0062543554007
15.5756716240333
999.99
999.99
999.99
999.99
999.99
999.99
999.99
999.99
999.99
999.99
999.99
999.99
999.99
999.99
999.99
999.99
999.99
999.99
999.99
999.99
999.99
999.99
999.99
999.99
999.99
999.99
999.99
999.99
999.99
999.99
999.99
999.99
999.99
999.99
999.99
999.99
999.99
999.99
999.99
999.99
999.99
999.99
999.99
999.99
999.99
999.99
999.99
999.99
999.99
999.99
999.99
999.99
999.99
999.99
999.99
999.99
999.99
999.99
999.99
999.99
999.99
999.99
17.4637456445993
17.4524845755078
17.3970940766551
17.3316401801649
17.3871393728223
17.4292325146596
17.4113902439024
17.3386954193932
17.2101010452961
17.0441224611201
16.7209198606272
16.5218276536076
16.4060696864112
16.3753031358885
16.261487804878
16.2530837936602
16.2087554176935
16.1595383275261
16.1839128070026
16.0129094076655
999.99
999.99
999.99
999.99
999.99
999.99
999.99
999.99
999.99
999.99
999.99
999.99
999.99
999.99
999.99
999.99
999.99
999.99
999.99
999.99
999.99
999.99
999.99
999.99
999.99
999.99
999.99
999.99
999.99
999.99
999.99
999.99
999.99
999.99
999.99
999.99
999.99
999.99
999.99
999.99
999.99
999.99
999.99
999.99
999.99
999.99
999.99
999.99
999.99
999.99
999.99
999.99
999.99
999.99
999.99
999.99
999.99
999.99
999.99
999.99
999.99
999.99
999.99
999.99
999.99
17.3737521154803
17.3175246876859
17.3592095569935
17.3519873981716
17.253674962668
17.1814836042686
17.1672528621205
16.9905340601439
16.642881533101
16.5849382170477
16.4222692882031
16.2855594216271
16.2137924340468
16.1495431290898
16.0865510204082
16.2038449477352
16.0808426471124
15.9940841214535
15.8862657067586
15.6826326530612
999.99
999.99
999.99
999.99
999.99
999.99
999.99
999.99
999.99
999.99
999.99
999.99
999.99
999.99
999.99
999.99
999.99
999.99
999.99
999.99
999.99
999.99
999.99
999.99
999.99
999.99
999.99
999.99
999.99
999.99
999.99
999.99
999.99
999.99
999.99
999.99
999.99
999.99
999.99
999.99
999.99
999.99
999.99
999.99
999.99
999.99
999.99
999.99
999.99
999.99
999.99
999.99
999.99
999.99
999.99
999.99
999.99
999.99
999.99
999.99
999.99
999.99
999.99
17.515
17.5700255800119
17.5286097560976
17.473499702558
17.367243902439
17.28949851279
17.0439024390244
17.0258108268888
16.8343658536585
16.1819946460441
16.1029512195122
15.9875651397977
15.9632195121951
15.9670803093397
16.1192093991671
16.0652804878049
16.1139363474122
15.9729390243902
15.750760856633
15.623
999.99
999.99
999.99
999.99
999.99
999.99
999.99
999.99
999.99
999.99
999.99
999.99
999.99
999.99
999.99
999.99
999.99
999.99
999.99
999.99
999.99
999.99
999.99
999.99
999.99
999.99
999.99
999.99
999.99
999.99
999.99
999.99
999.99
999.99
999.99
999.99
999.99
999.99
999.99
999.99
999.99
999.99
999.99
999.99
999.99
999.99
999.99
999.99
999.99
999.99
999.99
999.99
999.99
999.99
999.99
999.99
999.99
999.99
999.99
999.99
999.99
999.99
17.3808372810159
17.3314703832753
17.4111845233037
17.5446022896964
17.4516024960847
17.4802200099552
17.4398269251782
17.3153364858138
17.0069019898262
16.5170716774515
16.2875829863177
16.143637630662
16.2136726438344
16.3268272772524
16.286390729522
16.1814550862582
16.1354191139871
16.1690423581687
16.1923325037332
16.0281232502519
999.99
999.99
999.99
999.99
999.99
999.99
999.99
999.99
999.99
999.99
999.99
999.99
999.99
999.99
999.99
999.99
999.99
999.99
999.99
999.99
999.99
999.99
999.99
999.99
999.99
999.99
999.99
999.99
999.99
999.99
999.99
999.99
999.99
999.99
999.99
999.99
999.99
999.99
999.99
999.99
999.99
999.99
999.99
999.99
999.99
999.99
999.99
999.99
999.99
999.99
999.99
999.99
999.99
999.99
999.99
999.99
999.99
999.99
999.99
999.99
999.99
999.99
999.99
17.320074020566
17.4164006968641
17.4429805387949
17.5239163763066
17.4625227330671
17.4213763066202
17.3222078694654
17.276968641115
17.1429609926064
16.947574912892
16.5095689640521
16.420181184669
16.621924194782
16.8266306620209
16.7985495878304
16.6840280445313
16.6005609756098
16.427310189513
16.3229721254355
16.0950401121781
999.99
999.99
999.99
999.99
999.99
999.99
999.99
999.99
999.99
999.99
999.99
999.99
999.99
999.99
999.99
999.99
999.99
999.99
999.99
999.99
999.99
999.99
999.99
999.99
999.99
999.99
999.99
999.99
999.99
999.99
999.99
999.99
999.99
999.99
999.99
999.99
999.99
999.99
999.99
999.99
999.99
999.99
999.99
999.99
999.99
999.99
999.99
999.99
999.99
999.99
999.99
999.99
999.99
999.99
999.99
999.99
999.99
999.99
999.99
999.99
999.99
17.4592477266933
17.4839965156794
17.5220300841336
17.575881533101
17.5227900059488
17.5486202090592
17.6092618339424
17.5680975609756
17.4891769354976
17.3760174216028
17.3139640520098
17.3684425087108
17.3076596413699
17.2962195121951
17.2627789581032
17.0166759581882
16.8759461205065
16.7921804198181
16.5789512195122
16.1332682926829
999.99
999.99
999.99
999.99
999.99
999.99
999.99
999.99
999.99
999.99
999.99
999.99
999.99
999.99
999.99
999.99
999.99
999.99
999.99
999.99
999.99
999.99
999.99
999.99
999.99
999.99
999.99
999.99
999.99
999.99
999.99
999.99
999.99
999.99
999.99
999.99
999.99
999.99
999.99
999.99
999.99
999.99
999.99
999.99
999.99
999.99
999.99
999.99
999.99
999.99
999.99
999.99
999.99
999.99
999.99
999.99
999.99
999.99
999.99
999.99
999.99
999.99
999.99
999.99
17.7004529616725
17.6299306535226
17.6088013937282
17.5365226480836
17.5413101045296
17.4965200135974
17.5058710801394
17.4492774708932
17.2743902439024
17.2331672473868
17.1932369337979
17.0902308149911
17.0718397212544
17.1806650803093
17.0546097560976
16.5709937112263
16.407749553837
15.9642787456446
15.8544982578397
15.5845209059233
999.99
999.99
999.99
999.99
999.99
999.99
999.99
999.99
999.99
999.99
999.99
999.99
999.99
999.99
999.99
999.99
999.99
999.99
999.99
999.99
999.99
999.99
999.99
999.99
999.99
999.99
999.99
999.99
999.99
999.99
999.99
999.99
999.99
999.99
999.99
999.99
999.99
999.99
999.99
999.99
999.99
999.99
999.99
999.99
999.99
999.99
999.99
999.99
999.99
999.99
999.99
999.99
999.99
999.99
999.99
999.99
999.99
999.99
999.99
999.99
999.99
999.99
999.99
17.6896480836237
17.6450135973485
17.5523902439024
17.3441559445908
17.202487804878
17.1748494943486
16.9729442508711
16.8623724823659
16.8022857142857
16.7006954193932
16.8068327526132
16.8105462734767
16.6511114982579
16.5392264808362
16.1457003484321
15.9980259199456
15.8200854083454
15.8190383275261
15.5815100705362
15.1711585365853
999.99
999.99
999.99
999.99
999.99
999.99
999.99
999.99
999.99
999.99
999.99
999.99
999.99
999.99
999.99
999.99
999.99
999.99
999.99
999.99
999.99
999.99
999.99
999.99
999.99
999.99
999.99
999.99
999.99
999.99
999.99
999.99
999.99
999.99
999.99
999.99
999.99
999.99
999.99
999.99
999.99
999.99
999.99
999.99
999.99
999.99
999.99
999.99
999.99
999.99
999.99
999.99
999.99
999.99
999.99
999.99
999.99
999.99
999.99
999.99
999.99
999.99
17.4350381575593
17.311512195122
17.1742450072236
17.1386550522648
17.0605559615875
17.0632857142857
17.0363831902779
17.0229094076655
17.1362588595224
17.3255296167247
17.2413236168947
17.0065365853659
16.9160132574148
16.2682578397213
16.1731628282485
16.2044111498258
16.2001130279595
16.1522937877114
15.9324912891986
15.7970101980114
999.99
999.99
999.99
999.99
999.99
999.99
999.99
999.99
999.99
999.99
999.99
999.99
999.99
999.99
999.99
999.99
999.99
999.99
999.99
999.99
999.99
999.99
999.99
999.99
999.99
999.99
999.99
999.99
999.99
999.99
999.99
999.99
999.99
999.99
999.99
999.99
999.99
999.99
999.99
999.99
999.99
999.99
999.99
999.99
999.99
999.99
999.99
999.99
999.99
999.99
999.99
999.99
999.99
999.99
999.99
999.99
999.99
999.99
999.99
999.99
999.99
999.99
17.7008292682927
17.6670779298037
17.4269024390244
17.2624289113623
17.1501951219512
17.088008328376
17.0335121951219
17.0716085663296
17.1560731707317
17.3313604997026
17.3455609756097
17.0886490184413
17.3112682926829
17.3901594289113
17.3210731707318
16.807757882213
16.4578292682927
16.2552682926829
16.3324229625223
16.2548536585366
999.99
999.99
999.99
999.99
999.99
999.99
999.99
999.99
999.99
999.99
999.99
999.99
999.99
999.99
999.99
999.99
999.99
999.99
999.99
999.99
999.99
999.99
999.99
999.99
999.99
999.99
999.99
999.99
999.99
999.99
999.99
999.99
999.99
999.99
999.99
999.99
999.99
999.99
999.99
999.99
999.99
999.99
999.99
999.99
999.99
999.99
999.99
999.99
999.99
999.99
999.99
999.99
999.99
999.99
999.99
999.99
999.99
999.99
999.99
999.99
999.99
999.99
999.99
17.7204221835076
17.6521890314722
17.6523537414966
17.7127084683963
17.6658880039821
17.5991664643252
17.5511908909905
17.6141199095938
17.6591953708313
17.7145992343398
17.6794229301477
17.6355143864804
17.5363651899784
17.4724911232786
17.3617336983574
17.3710011209719
17.2157178529949
16.832851125221
16.7116239038149
16.3923115978099
999.99
999.99
999.99
999.99
999.99
999.99
999.99
999.99
999.99
999.99
999.99
999.99
999.99
999.99
999.99
999.99
999.99
999.99
999.99
999.99
999.99
999.99
999.99
999.99
999.99
999.99
999.99
999.99
999.99
999.99
999.99
999.99
999.99
999.99
999.99
999.99
999.99
999.99
999.99
999.99
999.99
999.99
999.99
999.99
999.99
999.99
999.99
999.99
999.99
999.99
999.99
999.99
999.99
999.99
999.99
999.99
999.99
999.99
999.99
999.99
999.99
999.99
999.99
999.99
17.7427775983683
17.6834285714286
17.7539746749384
17.6743066202091
17.6137132659131
17.6211045296167
17.5956864111498
17.5334808362369
17.5460032293703
17.6264181184669
17.6462060848135
17.6572264808362
17.5991138777939
17.382724738676
17.404995240928
17.2924041811846
16.711556471488
16.2840235404095
15.9742578397212
17.4407418203426
999.99
999.99
999.99
999.99
999.99
999.99
999.99
999.99
999.99
999.99
999.99
999.99
999.99
999.99
999.99
999.99
999.99
999.99
999.99
999.99
999.99
999.99
999.99
999.99
999.99
999.99
999.99
999.99
999.99
999.99
999.99
999.99
999.99
999.99
999.99
999.99
999.99
999.99
999.99
999.99
999.99
999.99
999.99
999.99
999.99
999.99
999.99
999.99
999.99
999.99
999.99
999.99
999.99
999.99
999.99
999.99
999.99
999.99
17.7993529139199
17.6957950887672
17.6493228803716
17.7359591836735
17.7608395553343
17.7062435665521
17.6478078646092
17.6342861493199
17.6744353741497
17.7179709700656
17.6633358221337
17.6808156365461
17.7015654554505
17.75418162375
17.8403855981417
17.7743863670394
17.7493367346939
17.6090919763503
17.6065802223328
17.5442608546096
999.99
999.99
999.99
999.99
999.99
999.99
999.99
999.99
999.99
999.99
999.99
999.99
999.99
999.99
999.99
999.99
999.99
999.99
999.99
999.99
999.99
999.99
999.99
999.99
999.99
999.99
999.99
999.99
999.99
999.99
999.99
999.99
999.99
999.99
999.99
999.99
999.99
999.99
999.99
999.99
999.99
999.99
999.99
999.99
999.99
999.99
999.99
999.99
999.99
999.99
999.99
999.99
999.99
999.99
999.99
999.99
999.99
999.99
999.99
999.99
17.6667456445993
17.7863406985638
17.7938066202091
17.4651977564375
17.3459405116002
17.2130174216028
17.0169967706297
17.0782717770036
17.180814056259
17.1305017421603
17.1331145576612
17.3518606271777
17.4755065012323
17.5318466898955
17.6287013682332
17.6092229965157
17.6641599388119
17.6447595818815
17.6122049800289
17.6356898954704
999.99
999.99
999.99
999.99
999.99
999.99
999.99
999.99
999.99
999.99
999.99
999.99
999.99
999.99
999.99
999.99
999.99
999.99
999.99
999.99
999.99
999.99
999.99
999.99
999.99
999.99
999.99
999.99
999.99
999.99
999.99
999.99
999.99
999.99
999.99
999.99
999.99
999.99
999.99
999.99
999.99
999.99
999.99
999.99
999.99
999.99
999.99
999.99
999.99
999.99
999.99
999.99
999.99
999.99
999.99
999.99
999.99
999.99
999.99
17.6539170399867
17.6506464992898
17.7045307781649
17.658821789751
17.6491880703501
17.424806122449
17.2780944914552
17.2933520600388
17.1338201730424
16.7406551352248
16.4629907813214
16.4936205408993
16.5878820045567
16.9041982744317
17.1076998142505
17.2709775178364
17.0884541170424
16.9066212875394
16.9750280101333
16.7575159283225
999.99
999.99
999.99
999.99
999.99
999.99
999.99
999.99
999.99
999.99
999.99
999.99
999.99
999.99
999.99
999.99
999.99
999.99
999.99
999.99
999.99
999.99
999.99
999.99
999.99
999.99
999.99
999.99
999.99
999.99
999.99
999.99
999.99
999.99
999.99
999.99
999.99
999.99
999.99
999.99
999.99
999.99
999.99
999.99
999.99
999.99
999.99
999.99
999.99
999.99
999.99
999.99
999.99
999.99
999.99
999.99
999.99
17.9424076655052
17.9698515339509
17.998543554007
17.9742264808363
17.99643728223
17.9883542959123
18.0049982578397
18.0448327526132
18.0402404181185
18.0845888501742
18.0147351916376
17.9419689810487
17.796074912892
17.4568035183139
17.2421195716835
17.0953310104529
16.7825984533016
16.7550174216028
16.9208639415314
17.1701602787456
999.99
999.99
999.99
999.99
999.99
999.99
999.99
999.99
999.99
999.99
999.99
999.99
999.99
999.99
999.99
999.99
999.99
999.99
999.99
999.99
999.99
999.99
999.99
999.99
999.99
999.99
999.99
999.99
999.99
999.99
999.99
999.99
999.99
999.99
999.99
999.99
999.99
999.99
999.99
999.99
999.99
999.99
999.99
999.99
999.99
999.99
999.99
999.99
999.99
999.99
999.99
999.99
999.99
999.99
999.99
999.99
999.99
999.99
999.99
999.99
17.6836888756692
17.7870121951219
17.7588744794765
17.9145853658537
17.8868893515765
17.7840731707317
17.9780975609756
18.0198048780488
18.0551177870315
17.9829756097561
17.9237816775729
17.7199024390244
17.7593045806068
17.8687804878049
17.3576977989292
17.2111341463415
16.9234408090422
17.0111796549673
17.1367317073171
17.0878185603807
17.2520975609757
17.5059298036883
17.7930243902439
17.7898304580607
999.99
999.99
999.99
999.99
999.99
999.99
999.99
999.99
999.99
999.99
999.99
999.99
999.99
999.99
999.99
999.99
999.99
999.99
999.99
999.99
999.99
999.99
999.99
999.99
999.99
999.99
999.99
999.99
999.99
999.99
999.99
999.99
999.99
999.99
999.99
999.99
999.99
999.99
999.99
999.99
999.99
999.99
999.99
999.99
999.99
999.99
999.99
999.99
999.99
999.99
999.99
17.7281916376307
17.6527906008328
17.6729128919861
17.6705829863177
17.6028186453641
17.4367073170732
17.5944804963032
17.5820801393728
17.5276569219002
17.4841986062718
17.391345712586
17.5688641114983
17.491288943656
17.4018972125436
17.7499512195122
17.8838466898955
17.7936488484745
17.6535226480836
17.6068041981814
17.8046864111498
17.6104735276621
16.835299651568
16.2381118381915
16.1652108013937
16.2514993626243
16.2366183394238
16.0967839721254
15.6982572448373
15.8994703832753
16.0517310274497
999.99
999.99
999.99
999.99
999.99
999.99
999.99
999.99
999.99
999.99
999.99
999.99
999.99
999.99
999.99
999.99
999.99
999.99
999.99
999.99
999.99
999.99
999.99
999.99
999.99
999.99
999.99
999.99
999.99
999.99
999.99
999.99
999.99
999.99
999.99
999.99
999.99
999.99
999.99
999.99
999.99
999.99
999.99
999.99
999.99
999.99
16.6445047165803
16.7505052264808
999.99
17.2440801393729
17.6407233789412
17.8247421602787
17.8269708506841
17.7950418118467
17.6997823574403
17.6742682926829
17.8658902014107
17.8496544573808
17.7583432055749
17.8430330585536
17.949381533101
17.8194530466559
17.9011898954704
17.8338153310105
17.6798327526133
17.3784253420583
17.3566864111498
17.4467177700348
29.2103310104486
29.299477351912
16.8446387557704
25.8382786606572
17.1351010452961
16.2512275006374
16.0601724738676
16.0463569303986
16.0421916376307
999.99
999.99
999.99
999.99
999.99
999.99
999.99
999.99
999.99
999.99
999.99
999.99
999.99
999.99
999.99
999.99
999.99
999.99
999.99
999.99
999.99
999.99
999.99
999.99
999.99
999.99
999.99
999.99
999.99
999.99
999.99
999.99
999.99
999.99
999.99
999.99
999.99
999.99
999.99
999.99
999.99
999.99
999.99
999.99
999.99
999.99
999.99
999.99
16.3740479954028
16.3776849178696
16.4182222235712
16.530975277916
16.546306122449
16.5757400033184
16.6649335550996
16.7118252862121
16.9002061536096
17.0232414136386
17.1490544217687
17.482356562137
17.6781828560098
17.6141556329849
17.8548877975938
18.0762866855249
18.091693545711
18.1511660171505
18.0579085780654
17.9897959183674
17.8921761241082
16.8446387557704
18.0352069852331
17.1961520474936
16.8446387557704
16.8446387557704
25.9954384436579
21.019822837865
16.5967211713954
999.99
999.99
999.99
999.99
999.99
999.99
999.99
999.99
999.99
999.99
999.99
999.99
999.99
999.99
999.99
999.99
999.99
999.99
999.99
999.99
999.99
999.99
999.99
999.99
999.99
999.99
999.99
999.99
999.99
999.99
999.99
999.99
999.99
999.99
999.99
999.99
999.99
999.99
999.99
999.99
999.99
999.99
999.99
999.99
999.99
999.99
999.99
999.99
999.99
999.99
999.99
16.2584285714286
16.1852685476332
16.2594947735192
16.4982856293023
16.4880034843206
16.379425087108
16.3807491289199
16.4149367723294
16.5462648083624
16.7289339678763
16.9220766550523
17.2144058808533
16.8302439024391
16.5880368828079
16.4452299651568
16.5468889266592
16.6011254355401
17.0800437664656
17.8498504291663
17.6741846689896
31.3305489929488
16.8446387557704
19.1549468003692
16.8446387557704
16.8446387557704
16.8446387557704
16.8446387557704
16.8446387557704
17.4196620209059
999.99
999.99
999.99
999.99
999.99
999.99
999.99
999.99
999.99
999.99
999.99
999.99
999.99
999.99
999.99
999.99
999.99
999.99
999.99
999.99
999.99
999.99
999.99
999.99
999.99
999.99
999.99
999.99
999.99
999.99
999.99
999.99
999.99
999.99
999.99
999.99
999.99
999.99
999.99
999.99
999.99
999.99
16.6419643231475
999.99
999.99
17.0035441347271
16.9929647966266
16.814181267629
16.5705604616624
16.6707542724407
16.8959479213458
17.0743265306122
17.0159080803053
17.0069155750343
16.7327391737182
16.63247141117
16.0608828604613
15.9312749739991
15.7615715944915
15.6352926950673
16.1381591173055
16.495911799342
16.6728440351751
16.6701095476858
16.7013180686909
16.8228290538107
16.7627414965987
16.5429456429806
16.5216535589846
16.6507908031743
16.6207512858802
16.3314899294638
16.2255332103097
16.1810116973619
16.2879838045867
16.8446387557704
999.99
999.99
999.99
999.99
999.99
999.99
999.99
999.99
999.99
999.99
999.99
999.99
999.99
999.99
999.99
999.99
999.99
999.99
999.99
999.99
999.99
999.99
999.99
999.99
999.99
999.99
999.99
999.99
999.99
999.99
999.99
999.99
999.99
999.99
999.99
999.99
999.99
999.99
999.99
999.99
999.99
999.99
999.99
999.99
999.99
999.99
999.99
999.99
999.99
16.7252529106824
16.7717700348432
16.8860778448203
16.8844581881533
16.8917929803688
16.7736898954704
16.6130987507436
16.674681184669
17.0688505141497
17.2593951729413
17.1101846689896
16.5004115747429
15.9340871080138
15.9863775813716
15.7859407665505
15.9291916376306
15.9785574912892
15.9311292597943
15.7429616724739
15.687640605082
16.0935435540069
15.8942892835897
16.0193902439024
16.1798568029234
16.3384390243903
16.3904289113623
999.99
999.99
999.99
999.99
999.99
999.99
999.99
999.99
999.99
999.99
999.99
999.99
999.99
999.99
999.99
999.99
999.99
999.99
999.99
999.99
999.99
999.99
999.99
999.99
999.99
999.99
999.99
999.99
999.99
999.99
999.99
999.99
999.99
999.99
999.99
999.99
999.99
999.99
999.99
999.99
999.99
999.99
999.99
999.99
999.99
999.99
999.99
999.99
999.99
999.99
999.99
999.99
999.99
999.99
999.99
999.99
999.99
16.7157183082632
16.7300156794425
16.9686474037562
17.0850859465738
16.9328453301606
16.8047537746806
16.8040930285261
16.5602200929152
16.5054155972918
16.7972073029093
16.7607665505226
16.3142969320982
15.8614332171893
15.8259852128836
15.9287828106852
15.9722384918275
15.9025691056911
15.9501417806861
16.1876341463415
999.99
999.99
15.6773836718506
999.99
999.99
999.99
999.99
999.99
999.99
999.99
999.99
999.99
999.99
999.99
999.99
999.99
999.99
999.99
999.99
999.99
999.99
999.99
999.99
999.99
999.99
999.99
999.99
999.99
999.99
999.99
999.99
999.99
999.99
999.99
999.99
999.99
999.99
999.99
999.99
999.99
999.99
999.99
999.99
999.99
999.99
999.99
999.99
999.99
999.99
999.99
999.99
999.99
999.99
999.99
999.99
999.99
999.99
999.99
999.99
999.99
999.99
999.99
999.99
999.99
16.8063946630407
16.9586411149826
16.9402014107249
16.8596898954704
16.6337990141922
16.5959512195122
16.6913061952919
16.8510609756098
16.9132091442169
16.9380321237359
17.0299442508711
17.1890893175831
17.1368641114983
16.753832327696
16.362637630662
999.99
999.99
999.99
999.99
999.99
999.99
999.99
999.99
999.99
999.99
999.99
999.99
999.99
999.99
999.99
999.99
999.99
999.99
999.99
999.99
999.99
999.99
999.99
999.99
999.99
999.99
999.99
999.99
999.99
999.99
999.99
999.99
999.99
999.99
999.99
999.99
999.99
999.99
999.99
999.99
999.99
999.99
999.99
999.99
999.99
999.99
999.99
999.99
999.99
999.99
999.99
999.99
999.99
999.99
999.99
999.99
999.99
999.99
999.99
999.99
999.99
999.99
999.99
999.99
999.99
999.99
999.99
999.99
16.9265388799184
16.7989233449478
17.1988786436645
17.2423327526132
17.2916698393813
17.1000174216028
16.7906999235149
16.7142822299652
16.7784452281805
16.683066881958
16.7714738675958
16.8907398657262
999.99
999.99
999.99
999.99
999.99
999.99
999.99
999.99
999.99
999.99
999.99
999.99
999.99
999.99
999.99
999.99
999.99
999.99
999.99
999.99
999.99
999.99
999.99
999.99
999.99
999.99
999.99
999.99
999.99
999.99
999.99
999.99
999.99
999.99
999.99
999.99
999.99
999.99
999.99
999.99
999.99
999.99
999.99
999.99
999.99
999.99
999.99
999.99
999.99
999.99
999.99
999.99
999.99
999.99
999.99
999.99
999.99
999.99
999.99
999.99
999.99
999.99
999.99
999.99
999.99
999.99
999.99
999.99
999.99
999.99
999.99
999.99
17.2826463414634
17.0973763066202
999.99
999.99
999.99
999.99
999.99
999.99
999.99
999.99
999.99
999.99
999.99
999.99
999.99
999.99
999.99
999.99
999.99
999.99
999.99
999.99
999.99
999.99
999.99
999.99
999.99
999.99
999.99
999.99
999.99
999.99
999.99
999.99
999.99
999.99
999.99
999.99
999.99
999.99
999.99
999.99
999.99
999.99
999.99
999.99
999.99
999.99
999.99
999.99
999.99
999.99
999.99
999.99
999.99
999.99
999.99
999.99
999.99
999.99
999.99
999.99
999.99
999.99
999.99
999.99
999.99
999.99
999.99
999.99
999.99
999.99
999.99
999.99
999.99
999.99
999.99
999.99
999.99
999.99
999.99
999.99
999.99
999.99
999.99
999.99
999.99
999.99
999.99
999.99
999.99
999.99
999.99
999.99
999.99
999.99
999.99
999.99
999.99
999.99
999.99
999.99
999.99
999.99
999.99
999.99
999.99
999.99
999.99
999.99
999.99
999.99
999.99
999.99
999.99
999.99
999.99
999.99
999.99
999.99
999.99
999.99
999.99
999.99
999.99
999.99
999.99
999.99
999.99
999.99
999.99
999.99
999.99
999.99
999.99
999.99
999.99
999.99
999.99
999.99
999.99
999.99
999.99
999.99
999.99
999.99
999.99
999.99
999.99
999.99
999.99
999.99
999.99
999.99
999.99
999.99
999.99
999.99
999.99
999.99
999.99
999.99
999.99
999.99
999.99
999.99
999.99
999.99
999.99
999.99
999.99
999.99
999.99
999.99
999.99
999.99
999.99
999.99
999.99
999.99
999.99
999.99
999.99
999.99
999.99
999.99
999.99
999.99
999.99
999.99
999.99
999.99
999.99
999.99
999.99
999.99
999.99
999.99
999.99
999.99
999.99
999.99
999.99
999.99
999.99
999.99
999.99
999.99
999.99
999.99
999.99
999.99
999.99
999.99
999.99
999.99
999.99
999.99
999.99
999.99
999.99
999.99
999.99
999.99
999.99
999.99
999.99
999.99
999.99
999.99
999.99
999.99
999.99
999.99
999.99
999.99
999.99
999.99
999.99
999.99
999.99
999.99
999.99
999.99
999.99
999.99
999.99
999.99
999.99
999.99
999.99
999.99
999.99
999.99
999.99
999.99
999.99
999.99
999.99
999.99
999.99
999.99
999.99
999.99
999.99
999.99
999.99
999.99
999.99
999.99
999.99
999.99
999.99
999.99
999.99
999.99
999.99
999.99
999.99
999.99
999.99
999.99
999.99
999.99
999.99
999.99
999.99
999.99
999.99
999.99
999.99
999.99
999.99
999.99
999.99
999.99
999.99
999.99
999.99
999.99
999.99
999.99
999.99
999.99
999.99
999.99
999.99
999.99
999.99
999.99
999.99
999.99
999.99
999.99
999.99
999.99
999.99
999.99
999.99
999.99
999.99
999.99
999.99
999.99
999.99
999.99
999.99
999.99
999.99
999.99
999.99
999.99
999.99
999.99
999.99
999.99
999.99
999.99
999.99
999.99
999.99
999.99
999.99
999.99
999.99
999.99
999.99
999.99
999.99
999.99
999.99
999.99
999.99
999.99
999.99
999.99
999.99
999.99
999.99
999.99
999.99
999.99
999.99
999.99
999.99
999.99
999.99
999.99
999.99
999.99
999.99
999.99
999.99
999.99
999.99
999.99
999.99
999.99
999.99
999.99
999.99
999.99
999.99
999.99
999.99
999.99
999.99
999.99
999.99
999.99
999.99
999.99
999.99
999.99
999.99
999.99
999.99
999.99
999.99
999.99
999.99
999.99
999.99
999.99
999.99
999.99
999.99
999.99
999.99
999.99
999.99
999.99
999.99
