999.99
999.99
999.99
999.99
999.99
999.99
999.99
999.99
999.99
999.99
999.99
999.99
999.99
999.99
999.99
999.99
999.99
999.99
999.99
999.99
999.99
999.99
999.99
999.99
999.99
999.99
999.99
999.99
999.99
999.99
999.99
999.99
999.99
999.99
999.99
999.99
999.99
999.99
999.99
999.99
999.99
999.99
999.99
999.99
999.99
999.99
999.99
999.99
999.99
999.99
999.99
999.99
999.99
999.99
999.99
999.99
999.99
999.99
999.99
999.99
999.99
999.99
999.99
999.99
999.99
999.99
999.99
999.99
999.99
999.99
999.99
999.99
999.99
999.99
999.99
999.99
999.99
999.99
999.99
999.99
999.99
999.99
999.99
999.99
999.99
999.99
999.99
999.99
999.99
999.99
999.99
999.99
999.99
999.99
999.99
999.99
999.99
999.99
999.99
999.99
999.99
999.99
999.99
999.99
999.99
999.99
999.99
999.99
999.99
999.99
999.99
999.99
999.99
999.99
999.99
999.99
999.99
999.99
999.99
999.99
999.99
999.99
999.99
999.99
999.99
999.99
999.99
999.99
999.99
999.99
999.99
999.99
999.99
999.99
22.1808669159514
22.1026610860882
22.2549965156795
22.3351406475737
22.5649233449478
22.6189125520523
22.3503449477352
22.2002511260305
21.2820209059234
20.6830463159684
20.4766655052265
20.4326191892581
20.565331010453
20.7364022265658
20.4380662020906
20.4689881873035
20.1349825783972
19.3729666864963
19.0413170731708
18.9291567944251
18.6649094076655
999.99
999.99
999.99
999.99
999.99
999.99
999.99
999.99
999.99
999.99
999.99
999.99
999.99
999.99
999.99
999.99
999.99
999.99
999.99
999.99
999.99
999.99
999.99
999.99
999.99
999.99
999.99
999.99
999.99
999.99
999.99
999.99
999.99
999.99
999.99
999.99
999.99
999.99
999.99
999.99
999.99
999.99
999.99
999.99
999.99
999.99
999.99
999.99
999.99
999.99
999.99
999.99
999.99
999.99
999.99
999.99
999.99
999.99
999.99
999.99
999.99
999.99
22.5321077711275
22.1417845245177
22.309537083126
22.4895389831126
22.6642033349925
22.3030520341391
22.1852590841215
22.163944372276
21.9049285714286
21.05851536986
20.7244367844698
20.6859854678337
20.4194196117471
20.3735712343236
20.4676978596316
20.3931734693878
20.2629683922349
19.856730438636
19.3040385764062
19.1555632823028
18.5877906918865
999.99
999.99
999.99
999.99
999.99
999.99
999.99
999.99
999.99
999.99
999.99
999.99
999.99
999.99
999.99
999.99
999.99
999.99
999.99
999.99
999.99
999.99
999.99
999.99
999.99
999.99
999.99
999.99
999.99
999.99
999.99
999.99
999.99
999.99
999.99
999.99
999.99
999.99
999.99
999.99
999.99
999.99
999.99
999.99
999.99
999.99
999.99
999.99
999.99
999.99
999.99
999.99
999.99
999.99
999.99
999.99
999.99
999.99
999.99
999.99
999.99
999.99
22.8868927509136
22.8874439534291
22.7333763066202
22.6957645109203
22.7396550522649
22.5747623863347
22.4286027874564
22.4267090167418
22.1597979094077
21.6578359819835
20.8805365853658
20.8740836236934
20.829968641115
20.7394796464689
20.4918745644599
20.4558296932099
20.5703797909408
20.4116050820091
19.8335505226482
19.4492682926829
19.0411045296167
999.99
999.99
999.99
999.99
999.99
999.99
999.99
999.99
999.99
999.99
999.99
999.99
999.99
999.99
999.99
999.99
999.99
999.99
999.99
999.99
999.99
999.99
999.99
999.99
999.99
999.99
999.99
999.99
999.99
999.99
999.99
999.99
999.99
999.99
999.99
999.99
999.99
999.99
999.99
999.99
999.99
999.99
999.99
999.99
999.99
999.99
999.99
999.99
999.99
999.99
999.99
999.99
999.99
999.99
999.99
999.99
999.99
999.99
999.99
999.99
999.99
999.99
23.1387023880343
22.9175483980624
22.6918466898955
22.6871091187219
22.7245888501742
22.4673852298802
22.3790522648084
22.3536139202855
22.2916445993031
22.1368884167587
21.7088641114983
21.7034982578397
21.8293797909408
21.9396281125181
21.5472264808363
21.6144221976715
21.3192264808363
20.8864590804794
20.099836236934
19.364756097561
23.0858707782817
999.99
999.99
999.99
999.99
999.99
999.99
999.99
999.99
999.99
999.99
999.99
999.99
999.99
999.99
999.99
999.99
999.99
999.99
999.99
999.99
999.99
999.99
999.99
999.99
999.99
999.99
999.99
999.99
999.99
999.99
999.99
999.99
999.99
999.99
999.99
999.99
999.99
999.99
999.99
999.99
999.99
999.99
999.99
999.99
999.99
999.99
999.99
999.99
999.99
999.99
999.99
999.99
999.99
999.99
999.99
999.99
999.99
999.99
999.99
999.99
999.99
999.99
999.99
22.9194305260474
22.7221533101045
22.5852628537435
22.322456445993
22.2514515169542
22.3036759581882
22.1845849409365
22.0953031358885
22.0670565989632
22.0403658536585
22.0258372567349
21.9810069686411
22.0340279595479
21.9397909407665
21.9043170731707
21.7989790940767
20.9074346902354
20.163024390244
19.508471318093
18.6975087108014
23.0858707782817
999.99
999.99
999.99
999.99
999.99
999.99
999.99
999.99
999.99
999.99
999.99
999.99
999.99
999.99
999.99
999.99
999.99
999.99
999.99
999.99
999.99
999.99
999.99
999.99
999.99
999.99
999.99
999.99
999.99
999.99
999.99
999.99
999.99
999.99
999.99
999.99
999.99
999.99
999.99
999.99
999.99
999.99
999.99
999.99
999.99
999.99
999.99
999.99
999.99
999.99
999.99
999.99
999.99
999.99
999.99
999.99
999.99
999.99
999.99
999.99
999.99
23.006331010453
22.9192600492904
22.9117944250871
22.8505043766465
22.546756097561
22.5409791790601
22.3112926829269
22.1393098495793
22.0338954703833
21.9187580521798
22.065212543554
22.2505546018526
22.2121393728223
22.1468879068582
22.1244006968641
22.1129054984278
22.0382264808362
21.7614878048781
20.8634947735192
20.0414033313505
19.2090801393728
999.99
999.99
999.99
999.99
999.99
999.99
999.99
999.99
999.99
999.99
999.99
999.99
999.99
999.99
999.99
999.99
999.99
999.99
999.99
999.99
999.99
999.99
999.99
999.99
999.99
999.99
999.99
999.99
999.99
999.99
999.99
999.99
999.99
999.99
999.99
999.99
999.99
999.99
999.99
999.99
999.99
999.99
999.99
999.99
999.99
999.99
999.99
999.99
999.99
999.99
999.99
999.99
999.99
999.99
999.99
999.99
999.99
999.99
999.99
999.99
999.99
999.99
999.99
999.99
23.0799547038328
23.0602158012521
22.9831974448316
22.8889089827484
22.7867049941928
22.754
22.7341730545877
22.7124021132546
22.7963066202091
22.6500649273392
22.3439698025552
22.4310938217048
22.6737932636469
22.6625926461007
22.0775238095238
21.3631325174925
20.870199767712
19.9961480128043
18.2022322880372
17.6659753548058
23.0858707782817
999.99
999.99
999.99
999.99
999.99
999.99
999.99
999.99
999.99
999.99
999.99
999.99
999.99
999.99
999.99
999.99
999.99
999.99
999.99
999.99
999.99
999.99
999.99
999.99
999.99
999.99
999.99
999.99
999.99
999.99
999.99
999.99
999.99
999.99
999.99
999.99
999.99
999.99
999.99
999.99
999.99
999.99
999.99
999.99
999.99
999.99
999.99
999.99
999.99
999.99
999.99
999.99
999.99
999.99
999.99
999.99
999.99
999.99
999.99
999.99
999.99
999.99
999.99
22.8289651567944
22.81806271777
22.7388497492989
22.6963414634146
22.827968046231
22.7421114982578
22.7680284694485
22.7385156794425
22.6851715815416
22.7540662020906
22.7729879323532
22.6757108013937
22.1397322172176
21.447181184669
20.9371616384805
20.0938675958189
19.3499994900995
18.6134634146341
18.5226271777003
18.2229010792895
18.0535540069686
999.99
999.99
999.99
999.99
999.99
999.99
999.99
999.99
999.99
999.99
999.99
999.99
999.99
999.99
999.99
999.99
999.99
999.99
999.99
999.99
999.99
999.99
999.99
999.99
999.99
999.99
999.99
999.99
999.99
999.99
999.99
999.99
999.99
999.99
999.99
999.99
999.99
999.99
999.99
999.99
999.99
999.99
999.99
999.99
999.99
999.99
999.99
999.99
999.99
999.99
999.99
999.99
999.99
999.99
999.99
999.99
999.99
999.99
23.1851932968309
23.196935995338
23.1817783510787
22.9826530612245
22.9487743002019
22.8375478679276
22.8603349075502
22.7370386593662
22.5490867842676
22.4768707482993
22.462036878761
22.3486092583375
22.2024899375574
22.3251677451469
22.2967816694792
21.9718443670151
21.7020244671336
21.2617358553177
20.767387755102
20.2970613904098
19.9819463066607
999.99
999.99
999.99
999.99
999.99
999.99
999.99
999.99
999.99
999.99
999.99
999.99
999.99
999.99
999.99
999.99
999.99
999.99
999.99
999.99
999.99
999.99
999.99
999.99
999.99
999.99
999.99
999.99
999.99
999.99
999.99
999.99
999.99
999.99
999.99
999.99
999.99
999.99
999.99
999.99
999.99
999.99
999.99
999.99
999.99
999.99
999.99
999.99
999.99
999.99
999.99
999.99
999.99
999.99
999.99
999.99
999.99
999.99
999.99
999.99
999.99
999.99
999.99
23.3704111498258
23.4236977989292
23.1954668989547
22.8560500552392
22.6590487804878
22.6126058468599
22.7752195121951
22.7063402736467
22.1226341463415
21.8649060933118
21.7728989547038
21.7373475822215
21.769905923345
21.5950717260134
21.171425087108
20.9720204810062
20.5866411149826
20.4008092122036
20.3579860627178
20.3156593864196
20.3090557491289
999.99
999.99
999.99
999.99
999.99
999.99
999.99
999.99
999.99
999.99
999.99
999.99
999.99
999.99
999.99
999.99
999.99
999.99
999.99
999.99
999.99
999.99
999.99
999.99
999.99
999.99
999.99
999.99
999.99
999.99
999.99
999.99
999.99
999.99
999.99
999.99
999.99
999.99
999.99
999.99
999.99
999.99
999.99
999.99
999.99
999.99
999.99
999.99
999.99
999.99
999.99
999.99
999.99
999.99
999.99
999.99
999.99
999.99
999.99
999.99
999.99
999.99
23.1059799924729
22.9124311978212
22.6172112161938
22.4350173609003
22.7309253359881
22.477473078464
22.1469804214369
22.3156595401992
22.0117099717936
21.5403265306123
21.4591579558653
21.3928100094291
21.2737227476356
21.2352826913038
21.0901358885017
21.0591179610452
20.9919867263979
20.8597979458291
20.9379117305459
20.9267474899538
20.7714169570267
999.99
999.99
999.99
999.99
999.99
999.99
999.99
999.99
999.99
999.99
999.99
999.99
999.99
999.99
999.99
999.99
999.99
999.99
999.99
999.99
999.99
999.99
999.99
999.99
999.99
999.99
999.99
999.99
999.99
999.99
999.99
999.99
999.99
999.99
999.99
999.99
999.99
999.99
999.99
999.99
999.99
999.99
999.99
999.99
999.99
999.99
999.99
999.99
999.99
999.99
999.99
999.99
999.99
999.99
999.99
999.99
999.99
999.99
999.99
999.99
999.99
999.99
999.99
999.99
999.99
999.99
22.187818815331
22.1508624118297
22.1903763066202
22.074825953939
21.6166167247387
21.4050962012408
21.0191080139373
21.117953769015
20.9968118466899
21.3097031528852
21.3235087108014
21.2654450582136
21.1693693379791
21.0006971190618
21.0443414634146
21.0815648848474
20.9825400696864
20.7000713010963
20.1672699923514
19.6250104529617
19.3550140222657
999.99
999.99
999.99
999.99
999.99
999.99
999.99
999.99
999.99
999.99
999.99
999.99
999.99
999.99
999.99
999.99
999.99
999.99
999.99
999.99
999.99
999.99
999.99
999.99
999.99
999.99
999.99
999.99
999.99
999.99
999.99
999.99
999.99
999.99
999.99
999.99
999.99
999.99
999.99
999.99
999.99
999.99
999.99
999.99
999.99
999.99
999.99
999.99
999.99
999.99
999.99
999.99
999.99
999.99
999.99
999.99
999.99
999.99
999.99
999.99
999.99
999.99
22.7490836236934
22.5783896490185
22.537787456446
22.6027339168863
21.9620487804878
21.3935123650888
21.4198466898955
21.7246911702218
21.7630348432056
21.8251618084473
21.6201533101045
21.4818598623268
21.3464111498258
21.1931939321832
21.0789721254355
21.0834587405456
21.0274773519164
20.9548488144812
20.7679764595903
20.3588885017422
19.643452281805
999.99
999.99
999.99
999.99
999.99
999.99
999.99
999.99
999.99
999.99
999.99
999.99
999.99
999.99
999.99
999.99
999.99
999.99
999.99
999.99
999.99
999.99
999.99
999.99
999.99
999.99
999.99
999.99
999.99
999.99
999.99
999.99
999.99
999.99
999.99
999.99
999.99
999.99
999.99
999.99
999.99
999.99
999.99
999.99
999.99
999.99
999.99
999.99
999.99
999.99
999.99
999.99
999.99
999.99
999.99
999.99
999.99
999.99
999.99
999.99
999.99
999.99
22.6233902439024
22.5399006543724
22.5272682926829
22.3783545508626
21.9429024390244
21.6728970850684
21.807756097561
21.740738251041
21.9559024390244
21.8740107079119
21.6698536585366
21.4064485425342
21.262756097561
21.1586341463415
21.1781463414634
21.2077346817371
21.3165853658537
21.3243069601428
21.3287257584771
21.104
20.4121046995835
999.99
999.99
999.99
999.99
999.99
999.99
999.99
999.99
999.99
999.99
999.99
999.99
999.99
999.99
999.99
999.99
999.99
999.99
999.99
999.99
999.99
999.99
999.99
999.99
999.99
999.99
999.99
999.99
999.99
999.99
999.99
999.99
999.99
999.99
999.99
999.99
999.99
999.99
999.99
999.99
999.99
999.99
999.99
999.99
999.99
999.99
999.99
999.99
999.99
999.99
999.99
999.99
999.99
999.99
999.99
999.99
999.99
999.99
999.99
999.99
999.99
999.99
999.99
22.7232985467834
22.4233763066202
21.9583159683862
22.0808885017422
22.1467790430866
22.1026097560976
22.0750305090508
21.8854912891986
21.785068071726
21.8050836236934
21.747570748704
21.499331010453
21.2848657261834
21.3276202090592
21.3681263703578
21.3967003484321
21.4199666864961
21.4056531826294
21.3059355400697
20.5605580011897
19.3755592334493
999.99
999.99
999.99
999.99
999.99
999.99
999.99
999.99
999.99
999.99
999.99
999.99
999.99
999.99
999.99
999.99
999.99
999.99
999.99
999.99
999.99
999.99
999.99
999.99
999.99
999.99
999.99
999.99
999.99
999.99
999.99
999.99
999.99
999.99
999.99
999.99
999.99
999.99
999.99
999.99
999.99
999.99
999.99
999.99
999.99
999.99
999.99
999.99
999.99
999.99
999.99
999.99
999.99
999.99
999.99
999.99
999.99
999.99
999.99
999.99
999.99
999.99
22.8433229188165
22.6651798573088
22.2058761063022
21.7598840219015
21.5958815027498
21.6554285714286
21.9961264775988
21.9223984569438
21.7635460670883
21.7707196781151
21.633156462585
21.3636111664178
21.3851496598639
21.5301356396217
21.6525916728381
21.6837287207566
21.5979764251923
21.5756740804591
21.4808537414966
21.0489578279854
20.4428802887008
999.99
999.99
999.99
999.99
999.99
999.99
999.99
999.99
999.99
999.99
999.99
999.99
999.99
999.99
999.99
999.99
999.99
999.99
999.99
999.99
999.99
999.99
999.99
999.99
999.99
999.99
999.99
999.99
999.99
999.99
999.99
999.99
999.99
999.99
999.99
999.99
999.99
999.99
999.99
999.99
999.99
999.99
999.99
999.99
999.99
999.99
999.99
999.99
999.99
999.99
999.99
999.99
999.99
999.99
999.99
999.99
999.99
999.99
999.99
999.99
999.99
999.99
999.99
999.99
21.9310430016147
21.8962020905923
21.8149655817116
21.7204425087108
21.5548565479731
21.7234146341463
21.7980645874055
21.6170905923345
21.3898239993201
21.5230174216028
21.5831302795955
21.6731602787456
21.7712470468259
21.7406341463415
21.8109923514915
21.6877223591399
21.4603519163763
21.084703917736
20.2464512195121
19.9146876009179
19.233531358885
999.99
999.99
999.99
999.99
999.99
999.99
999.99
999.99
999.99
999.99
999.99
999.99
999.99
999.99
999.99
999.99
999.99
999.99
999.99
999.99
999.99
999.99
999.99
999.99
999.99
999.99
999.99
999.99
999.99
999.99
999.99
999.99
999.99
999.99
999.99
999.99
999.99
999.99
999.99
999.99
999.99
999.99
999.99
999.99
999.99
999.99
999.99
999.99
999.99
999.99
999.99
999.99
999.99
999.99
999.99
999.99
999.99
999.99
999.99
999.99
999.99
999.99
21.9944442630116
21.9890142691223
21.8512563079961
21.8900614733698
21.759824681211
21.7698320889331
21.7332823129252
21.747787622366
21.5902097026793
21.6894782644765
21.8229481864132
21.821119047619
21.8335628068003
21.8032567612411
21.8340930305495
21.7926017777724
21.6691109175378
21.4337959689527
20.8791416957026
20.3164487772504
19.6753008130081
999.99
999.99
999.99
999.99
999.99
999.99
999.99
999.99
999.99
999.99
999.99
999.99
999.99
999.99
999.99
999.99
999.99
999.99
999.99
999.99
999.99
999.99
999.99
999.99
999.99
999.99
999.99
999.99
999.99
999.99
999.99
999.99
999.99
999.99
999.99
999.99
999.99
999.99
999.99
999.99
999.99
999.99
999.99
999.99
999.99
999.99
999.99
999.99
999.99
999.99
999.99
999.99
999.99
999.99
999.99
999.99
999.99
999.99
999.99
999.99
999.99
22.198968641115
22.1012563100196
21.9878327526133
21.7974289963457
21.8322229965157
21.8144743774964
21.8264355400697
21.7883105294468
21.7555818815331
21.7107157304326
21.6843275261324
21.7209471403076
21.8326480836237
21.9614345202685
21.908668989547
21.8040684116597
21.5887838021586
21.4134651567944
21.0499024390244
20.8938867595819
20.3277128409961
999.99
999.99
999.99
999.99
999.99
999.99
999.99
999.99
999.99
999.99
999.99
999.99
999.99
999.99
999.99
999.99
999.99
999.99
999.99
999.99
999.99
999.99
999.99
999.99
999.99
999.99
999.99
999.99
999.99
999.99
999.99
999.99
999.99
999.99
999.99
999.99
999.99
999.99
999.99
999.99
999.99
999.99
999.99
999.99
999.99
999.99
999.99
999.99
999.99
999.99
999.99
999.99
999.99
999.99
999.99
999.99
999.99
999.99
999.99
999.99
999.99
999.99
999.99
999.99
999.99
22.5513621406921
22.3291781981085
22.2026190476191
22.1787709474034
22.2609393703942
22.2553211382114
22.2684221167348
22.2675350091256
22.3275425159951
22.2635439688071
22.2335173001979
22.0456343122615
21.8487755102041
21.757044778173
21.5142763398042
20.9633994443702
20.3970907582545
19.8753197278911
19.4975827111332
25.3608950171424
23.0858707782817
999.99
999.99
999.99
999.99
999.99
999.99
999.99
999.99
999.99
999.99
999.99
999.99
999.99
999.99
999.99
999.99
999.99
999.99
999.99
999.99
999.99
999.99
999.99
999.99
999.99
999.99
999.99
999.99
999.99
999.99
999.99
999.99
999.99
999.99
999.99
999.99
999.99
999.99
999.99
999.99
999.99
999.99
999.99
999.99
999.99
999.99
999.99
999.99
999.99
999.99
999.99
999.99
999.99
999.99
999.99
999.99
999.99
999.99
999.99
999.99
999.99
22.7080975609756
22.8082070196312
22.9268048780488
23.0006716240333
22.8433658536585
22.6413099345628
22.5351707317073
22.4523140987507
22.2619024390244
22.1762177275432
22.1354878048781
21.959251041047
21.7180243902439
21.3231701368233
21.0659042236763
20.4015731707317
20.0581790600832
19.4354512195122
19.0586168947055
23.0858707782817
999.99
999.99
999.99
999.99
999.99
999.99
999.99
999.99
999.99
999.99
999.99
999.99
999.99
999.99
999.99
999.99
999.99
999.99
999.99
999.99
999.99
999.99
999.99
999.99
999.99
999.99
999.99
999.99
999.99
999.99
999.99
999.99
999.99
999.99
999.99
999.99
999.99
999.99
999.99
999.99
999.99
999.99
999.99
999.99
999.99
999.99
999.99
999.99
999.99
999.99
999.99
999.99
999.99
999.99
999.99
999.99
999.99
999.99
999.99
999.99
999.99
999.99
23.1505211183819
23.1993135888502
23.244680292343
23.1230034843205
22.9705551117532
22.7998118466899
22.4938082773859
22.2335574912892
22.2823051754908
22.1809651567944
22.0121999660067
21.8659790940767
21.7698339423812
21.4359198606272
21.2366230135124
20.7587368913061
19.982405923345
19.313365343758
19.0035574912892
18.7553630492054
999.99
999.99
999.99
999.99
999.99
999.99
999.99
999.99
999.99
999.99
999.99
999.99
999.99
999.99
999.99
999.99
999.99
999.99
999.99
999.99
999.99
999.99
999.99
999.99
999.99
999.99
999.99
999.99
999.99
999.99
999.99
999.99
999.99
999.99
999.99
999.99
999.99
999.99
999.99
999.99
999.99
999.99
999.99
999.99
999.99
999.99
999.99
999.99
999.99
999.99
999.99
999.99
999.99
999.99
999.99
999.99
999.99
999.99
999.99
999.99
999.99
999.99
999.99
999.99
23.3110731707317
23.1681090337384
22.9182996515679
22.6537374861902
22.6087944250871
22.2797207444548
22.0494425087108
22.0683624543214
21.9079268292683
21.8252195121951
21.7028048780488
21.2477165802669
20.9100418118467
20.2249024390244
19.623818815331
19.3046550522648
18.9793610096031
18.7518275261324
18.4860333135038
23.0858707782817
999.99
999.99
999.99
999.99
999.99
999.99
999.99
999.99
999.99
999.99
999.99
999.99
999.99
999.99
999.99
999.99
999.99
999.99
999.99
999.99
999.99
999.99
999.99
999.99
999.99
999.99
999.99
999.99
999.99
999.99
999.99
999.99
999.99
999.99
999.99
999.99
999.99
999.99
999.99
999.99
999.99
999.99
999.99
999.99
999.99
999.99
999.99
999.99
999.99
999.99
999.99
999.99
999.99
999.99
999.99
999.99
999.99
999.99
999.99
999.99
999.99
23.3325017421603
23.3396496133254
23.2516655052265
23.2828790685816
23.1232334494773
23.0097924704683
22.9275888501742
22.6889411064842
22.5029756097561
22.3750979858927
22.3846898954704
22.0360620379027
21.5834599303136
21.2306896405201
21.1012369337979
20.6200165717685
20.0511649528341
19.4966916376307
19.0048721849239
18.5197473867595
999.99
999.99
999.99
999.99
999.99
999.99
999.99
999.99
999.99
999.99
999.99
999.99
999.99
999.99
999.99
999.99
999.99
999.99
999.99
999.99
999.99
999.99
999.99
999.99
999.99
999.99
999.99
999.99
999.99
999.99
999.99
999.99
999.99
999.99
999.99
999.99
999.99
999.99
999.99
999.99
999.99
999.99
999.99
999.99
999.99
999.99
999.99
999.99
999.99
999.99
999.99
999.99
999.99
999.99
999.99
999.99
999.99
999.99
999.99
999.99
999.99
999.99
999.99
999.99
23.5773739270842
23.6396655052265
23.6629735701538
23.6288710801394
23.6214127645109
23.6424425087108
23.6208425257075
23.5966480836237
23.4964748873969
23.309912891986
23.0518409110224
22.5893240418119
21.9493231919776
21.5663867595819
21.2712422027704
21.0513135888502
20.5178989547038
19.8871461714965
19.1797177700347
18.6453150335685
999.99
999.99
999.99
999.99
999.99
999.99
999.99
999.99
999.99
999.99
999.99
999.99
999.99
999.99
999.99
999.99
999.99
999.99
999.99
999.99
999.99
999.99
999.99
999.99
999.99
999.99
999.99
999.99
999.99
999.99
999.99
999.99
999.99
999.99
999.99
999.99
999.99
999.99
999.99
999.99
999.99
999.99
999.99
999.99
999.99
999.99
999.99
999.99
999.99
999.99
999.99
999.99
999.99
999.99
999.99
999.99
999.99
999.99
999.99
999.99
999.99
999.99
23.577912891986
23.8181513554856
23.8808989547038
23.9840453811507
23.9363867595819
23.715980538795
23.7426341463415
23.8829847879664
23.7794738675958
23.7238641114983
23.6688153310105
23.519682671879
23.1625888501743
22.8839407665505
22.6079547038327
22.0521843290558
21.4873621143876
20.9568170731708
20.2686909152715
19.5691393728222
999.99
999.99
999.99
999.99
999.99
999.99
999.99
999.99
999.99
999.99
999.99
999.99
999.99
999.99
999.99
999.99
999.99
999.99
999.99
999.99
999.99
999.99
999.99
999.99
999.99
999.99
999.99
999.99
999.99
999.99
999.99
999.99
999.99
999.99
999.99
999.99
999.99
999.99
999.99
999.99
999.99
999.99
999.99
999.99
999.99
999.99
999.99
999.99
999.99
999.99
999.99
999.99
999.99
999.99
999.99
999.99
999.99
999.99
999.99
999.99
999.99
999.99
999.99
999.99
999.99
23.722418616227
23.7089684954291
23.7487645594823
23.8612393011934
23.9608442010951
24.057888101106
24.0147217521155
23.863691449453
23.695012444002
23.5873308890481
23.4939079143853
23.1889516444293
22.864600298656
22.5279743592856
22.049612244898
21.2976324041812
20.5807846641333
19.8068882528621
19.1478682514053
19.1952653061224
999.99
999.99
999.99
999.99
999.99
999.99
999.99
999.99
999.99
999.99
999.99
999.99
999.99
999.99
999.99
999.99
999.99
999.99
999.99
999.99
999.99
999.99
999.99
999.99
999.99
999.99
999.99
999.99
999.99
999.99
999.99
999.99
999.99
999.99
999.99
999.99
999.99
999.99
999.99
999.99
999.99
999.99
999.99
999.99
999.99
999.99
999.99
999.99
999.99
999.99
999.99
999.99
999.99
999.99
999.99
999.99
999.99
999.99
999.99
999.99
999.99
999.99
999.99
23.77
23.7400255800119
23.7861951219512
23.9290505651398
23.9263658536585
23.9154390243902
23.9679756097561
23.9661243307555
23.851
23.7076674598453
23.4966097560976
23.2257138607972
23.0875365853658
22.5018078524687
21.7771225461034
21.0462804878049
20.410490184414
19.9278292682927
19.625259964307
19.5450487804878
999.99
999.99
999.99
999.99
999.99
999.99
999.99
999.99
999.99
999.99
999.99
999.99
999.99
999.99
999.99
999.99
999.99
999.99
999.99
999.99
999.99
999.99
999.99
999.99
999.99
999.99
999.99
999.99
999.99
999.99
999.99
999.99
999.99
999.99
999.99
999.99
999.99
999.99
999.99
999.99
999.99
999.99
999.99
999.99
999.99
999.99
999.99
999.99
999.99
999.99
999.99
999.99
999.99
999.99
999.99
999.99
999.99
999.99
999.99
999.99
999.99
999.99
24.134519855771
24.0409457441513
23.9646846143573
24.0033638626182
23.9738958588789
24.0371035340966
23.9125845038789
23.9418536585366
23.8915532785393
23.6342971627675
23.5086022289939
23.2833086112494
22.9150999769331
22.2845032354405
21.5308322548531
20.8428539741893
20.52012493778
19.9616499775401
19.7036212045794
19.3543062317134
999.99
999.99
999.99
999.99
999.99
999.99
999.99
999.99
999.99
999.99
999.99
999.99
999.99
999.99
999.99
999.99
999.99
999.99
999.99
999.99
999.99
999.99
999.99
999.99
999.99
999.99
999.99
999.99
999.99
999.99
999.99
999.99
999.99
999.99
999.99
999.99
999.99
999.99
999.99
999.99
999.99
999.99
999.99
999.99
999.99
999.99
999.99
999.99
999.99
999.99
999.99
999.99
999.99
999.99
999.99
999.99
999.99
999.99
999.99
999.99
999.99
999.99
999.99
24.1024125095606
24.1719965156794
24.2049569983853
24.1734216027874
24.0766293872695
24.0792299651568
23.9622144981729
23.8888989547038
23.548801563695
23.218574912892
22.7454606101811
22.1439198606273
21.3494619699159
21.0096655052265
20.8715852808702
20.4464217727543
19.959362369338
19.652911702218
19.4091045296167
19.2780192912382
999.99
999.99
999.99
999.99
999.99
999.99
999.99
999.99
999.99
999.99
999.99
999.99
999.99
999.99
999.99
999.99
999.99
999.99
999.99
999.99
999.99
999.99
999.99
999.99
999.99
999.99
999.99
999.99
999.99
999.99
999.99
999.99
999.99
999.99
999.99
999.99
999.99
999.99
999.99
999.99
999.99
999.99
999.99
999.99
999.99
999.99
999.99
999.99
999.99
999.99
999.99
999.99
999.99
999.99
999.99
999.99
999.99
999.99
999.99
999.99
999.99
24.1988547633212
24.1113101045296
24.1053348347072
24.1567839721254
24.0749261494009
24.0249965156794
23.9907983343248
23.9309930313589
23.8466377156454
23.6722717770035
23.4822831647828
22.7966445993031
21.8028217047677
21.5641219512195
21.2487042576698
21.1014947735192
20.8855926744285
20.5052818900314
19.8292944250871
19.3641881533101
999.99
999.99
999.99
999.99
999.99
999.99
999.99
999.99
999.99
999.99
999.99
999.99
999.99
999.99
999.99
999.99
999.99
999.99
999.99
999.99
999.99
999.99
999.99
999.99
999.99
999.99
999.99
999.99
999.99
999.99
999.99
999.99
999.99
999.99
999.99
999.99
999.99
999.99
999.99
999.99
999.99
999.99
999.99
999.99
999.99
999.99
999.99
999.99
999.99
999.99
999.99
999.99
999.99
999.99
999.99
999.99
999.99
999.99
999.99
999.99
999.99
999.99
999.99
999.99
24.1633066202091
24.3110389224101
24.1013972125436
24.0444181184669
23.994306620209
23.9360682416929
23.8958153310105
23.7306482535905
23.4767073170731
22.9526933797909
22.466850174216
21.7727028129516
21.5627665505226
21.4659510495454
21.1967177700348
20.8185449137418
20.5831245857057
20.0019494773519
19.5983951729413
19.0571933797909
999.99
999.99
999.99
999.99
999.99
999.99
999.99
999.99
999.99
999.99
999.99
999.99
999.99
999.99
999.99
999.99
999.99
999.99
999.99
999.99
999.99
999.99
999.99
999.99
999.99
999.99
999.99
999.99
999.99
999.99
999.99
999.99
999.99
999.99
999.99
999.99
999.99
999.99
999.99
999.99
999.99
999.99
999.99
999.99
999.99
999.99
999.99
999.99
999.99
999.99
999.99
999.99
999.99
999.99
999.99
999.99
999.99
999.99
999.99
999.99
999.99
999.99
999.99
24.2210174216028
24.2365706637206
24.1911986062718
24.1215628452452
24.0173344947735
23.9459972805303
23.7485993031359
23.4924580606782
23.1834006968641
22.4307594119145
21.9392961672474
21.6590571938472
21.5794912891986
21.5417909407665
21.3622613240418
20.9472532506161
20.4604548313078
19.9509825783972
19.5148503441829
37.9493101045348
999.99
999.99
999.99
999.99
999.99
999.99
999.99
999.99
999.99
999.99
999.99
999.99
999.99
999.99
999.99
999.99
999.99
999.99
999.99
999.99
999.99
999.99
999.99
999.99
999.99
999.99
999.99
999.99
999.99
999.99
999.99
999.99
999.99
999.99
999.99
999.99
999.99
999.99
999.99
999.99
999.99
999.99
999.99
999.99
999.99
999.99
999.99
999.99
999.99
999.99
999.99
999.99
999.99
999.99
999.99
999.99
999.99
999.99
999.99
999.99
999.99
999.99
24.1956229285289
24.0302264808363
23.9478740545594
24.0312090592334
24.0423694229625
23.9370348432056
23.6936857312824
23.5325296167247
23.3052722019206
22.9495540069686
22.7268475397297
22.443149825784
22.1440603382341
21.822087108014
21.6160776748534
21.4130452961672
20.9835257924704
20.3680007648508
20.0030069686411
19.8681123480921
999.99
999.99
999.99
999.99
999.99
999.99
999.99
999.99
999.99
999.99
999.99
999.99
999.99
999.99
999.99
999.99
999.99
999.99
999.99
999.99
999.99
999.99
999.99
999.99
999.99
999.99
999.99
999.99
999.99
999.99
999.99
999.99
999.99
999.99
999.99
999.99
999.99
999.99
999.99
999.99
999.99
999.99
999.99
999.99
999.99
999.99
999.99
999.99
999.99
999.99
999.99
999.99
999.99
999.99
999.99
999.99
999.99
999.99
999.99
999.99
999.99
999.99
24.0986341463415
24.0701802498513
23.9843414634146
23.9255348007139
23.8906829268293
23.8279601427722
23.7408536585366
23.4578405710887
22.7605609756098
22.6850809042237
22.8874390243902
22.6630874479476
22.5231951219512
22.262016061868
21.803756097561
21.4815907198097
21.1061463414634
20.8912682926829
20.5290208209399
20.1191097560976
999.99
999.99
999.99
999.99
999.99
999.99
999.99
999.99
999.99
999.99
999.99
999.99
999.99
999.99
999.99
999.99
999.99
999.99
999.99
999.99
999.99
999.99
999.99
999.99
999.99
999.99
999.99
999.99
999.99
999.99
999.99
999.99
999.99
999.99
999.99
999.99
999.99
999.99
999.99
999.99
999.99
999.99
999.99
999.99
999.99
999.99
999.99
999.99
999.99
999.99
999.99
999.99
999.99
999.99
999.99
999.99
999.99
999.99
999.99
999.99
999.99
999.99
999.99
24.2403215530115
24.2055043928339
24.0633197278912
24.0514704763524
23.8450162601626
23.4728384991117
23.2389455782313
23.0216531886997
22.9809885515182
22.9107683068468
22.8850944914551
22.8691693011529
22.7462505392401
22.4720426839386
22.1307343620375
21.7324002173148
21.1796054421769
20.7460263873544
20.3272754737826
20.0261533101045
999.99
999.99
999.99
999.99
999.99
999.99
999.99
999.99
999.99
999.99
999.99
999.99
999.99
999.99
999.99
999.99
999.99
999.99
999.99
999.99
999.99
999.99
999.99
999.99
999.99
999.99
999.99
999.99
999.99
999.99
999.99
999.99
999.99
999.99
999.99
999.99
999.99
999.99
999.99
999.99
999.99
999.99
999.99
999.99
999.99
999.99
999.99
999.99
999.99
999.99
999.99
999.99
999.99
999.99
999.99
999.99
999.99
999.99
999.99
999.99
999.99
999.99
999.99
999.99
24.0078398062378
23.7714320557492
23.6701574742925
23.3317735191638
23.0022656581966
22.9824738675958
23.0021080139373
23.0072299651568
23.024297272032
22.9417003484321
22.856680292343
22.7774738675958
22.5727722444124
22.2894111498258
21.8017538879919
21.2792055749129
20.7580986657601
20.3855171241608
20.1616777003484
21.5167522733044
999.99
999.99
999.99
999.99
999.99
999.99
999.99
999.99
999.99
999.99
999.99
999.99
999.99
999.99
999.99
999.99
999.99
999.99
999.99
999.99
999.99
999.99
999.99
999.99
999.99
999.99
999.99
999.99
999.99
999.99
999.99
999.99
999.99
999.99
999.99
999.99
999.99
999.99
999.99
999.99
999.99
999.99
999.99
999.99
999.99
999.99
999.99
999.99
999.99
999.99
999.99
999.99
999.99
999.99
999.99
999.99
999.99
999.99
24.0783291307005
24.0404325352985
23.9850053094408
23.9521700680272
23.7983575576572
23.6408266277362
23.5454964327194
23.3910574791487
23.238806122449
23.3241302128228
23.4100579890493
23.3983862193301
23.3165331840053
23.2688361721845
23.1277025883524
22.8798426572294
22.6890986394558
22.5054951094061
22.1709598473536
21.6534156256197
999.99
999.99
999.99
999.99
999.99
999.99
999.99
999.99
999.99
999.99
999.99
999.99
999.99
999.99
999.99
999.99
999.99
999.99
999.99
999.99
999.99
999.99
999.99
999.99
999.99
999.99
999.99
999.99
999.99
999.99
999.99
999.99
999.99
999.99
999.99
999.99
999.99
999.99
999.99
999.99
999.99
999.99
999.99
999.99
999.99
999.99
999.99
999.99
999.99
999.99
999.99
999.99
999.99
999.99
999.99
999.99
999.99
999.99
999.99
999.99
24.2832404181185
24.6059220701963
24.3462891986063
24.2056610860882
24.1249924364749
23.9110209059233
23.7425010622929
23.7225156794425
23.7735461035098
23.6120627177701
23.4836263278661
23.451787456446
23.3573265913147
23.362275261324
23.3241662275856
23.3945156794425
23.2247914506671
23.1208571428571
22.9740901674173
22.811487804878
999.99
999.99
999.99
999.99
999.99
999.99
999.99
999.99
999.99
999.99
999.99
999.99
999.99
999.99
999.99
999.99
999.99
999.99
999.99
999.99
999.99
999.99
999.99
999.99
999.99
999.99
999.99
999.99
999.99
999.99
999.99
999.99
999.99
999.99
999.99
999.99
999.99
999.99
999.99
999.99
999.99
999.99
999.99
999.99
999.99
999.99
999.99
999.99
999.99
999.99
999.99
999.99
999.99
999.99
999.99
999.99
999.99
999.99
999.99
23.4857892815663
23.4434696669864
23.6822830595653
24.050169204029
23.8958757259001
23.8973197278912
23.878206072673
24.0103452310133
23.9138032168251
23.8269202754272
23.8214743087003
23.7392355234777
23.6285929253319
23.5427303799569
23.4336107050792
23.3200771528124
23.0814348237808
22.979400033184
22.9495701902415
22.8785452132072
999.99
999.99
999.99
999.99
999.99
999.99
999.99
999.99
999.99
999.99
999.99
999.99
999.99
999.99
999.99
999.99
999.99
999.99
999.99
999.99
999.99
999.99
999.99
999.99
999.99
999.99
999.99
999.99
999.99
999.99
999.99
999.99
999.99
999.99
999.99
999.99
999.99
999.99
999.99
999.99
999.99
999.99
999.99
999.99
999.99
999.99
999.99
999.99
999.99
999.99
999.99
999.99
999.99
999.99
999.99
999.99
999.99
24.021362369338
24.2149055834112
24.1943606271777
24.0013344947735
23.9662473867596
23.5860150420668
23.4426550522648
23.304830118127
23.2522996515679
23.2488083623693
23.3488118466899
23.3545499277641
23.4190069686411
23.6090114727628
23.5442795954789
23.5943066202091
23.5423640690065
23.3740522648084
23.2774230475057
23.1638397212544
999.99
999.99
999.99
999.99
999.99
999.99
999.99
999.99
999.99
999.99
999.99
999.99
999.99
999.99
999.99
999.99
999.99
999.99
999.99
999.99
999.99
999.99
999.99
999.99
999.99
999.99
999.99
999.99
999.99
999.99
999.99
999.99
999.99
999.99
999.99
999.99
999.99
999.99
999.99
999.99
999.99
999.99
999.99
999.99
999.99
999.99
999.99
999.99
999.99
999.99
999.99
999.99
999.99
999.99
999.99
999.99
999.99
999.99
999.99
999.99
23.8029815585961
23.7574756097561
23.8318375966686
24.0851219512195
24.1117001784653
24.1641707317073
24.1049512195122
24.0566341463415
24.1014574657942
23.8350731707317
23.192
23.0607073170732
23.0489298036883
22.9860365853658
23.0886823319453
23.0655243902439
22.903762641285
22.8578875669245
22.8508536585366
22.7863920285544
22.8500243902439
22.8573729922665
22.8998292682927
22.8229803688281
999.99
999.99
999.99
999.99
999.99
999.99
999.99
999.99
999.99
999.99
999.99
999.99
999.99
999.99
999.99
999.99
999.99
999.99
999.99
999.99
999.99
999.99
999.99
999.99
999.99
999.99
999.99
999.99
999.99
999.99
999.99
999.99
999.99
999.99
999.99
999.99
999.99
999.99
999.99
999.99
999.99
999.99
999.99
999.99
999.99
999.99
999.99
999.99
999.99
999.99
999.99
23.6971010452961
23.6711569643919
23.7118153310105
23.7348403161384
23.6785105804368
23.6418902439024
23.4966785926744
23.5001898954704
23.325468343673
23.623050522648
23.6842888586725
23.8235087108014
24.0110631426872
24.1693780487805
24.0936585365854
24.1241254355401
24.1857334919691
24.0971463414634
23.9282449222401
23.2327648083623
22.9417784482026
22.8946202090592
22.9239932863092
22.7105104529617
22.4787685051415
22.4509855528172
22.5255296167247
22.4752946375457
22.6897804878049
22.6070381575593
999.99
999.99
999.99
999.99
999.99
999.99
999.99
999.99
999.99
999.99
999.99
999.99
999.99
999.99
999.99
999.99
999.99
999.99
999.99
999.99
999.99
999.99
999.99
999.99
999.99
999.99
999.99
999.99
999.99
999.99
999.99
999.99
999.99
999.99
999.99
999.99
999.99
999.99
999.99
999.99
999.99
999.99
999.99
999.99
999.99
999.99
23.6208694654543
23.7764076655052
999.99
24.0056898954704
24.0831335089658
24.0421289198606
23.7615540069686
23.7681114982578
23.6727414804114
23.5987595818816
23.5716401801649
23.6043441828843
23.5514581881533
23.3445715985383
23.1629494773519
23.4212483215773
23.6741219512195
23.823275261324
23.9253031358885
24.0697396107759
24.1276637630662
23.9636306620209
23.9952160278746
24.0392508710801
23.9730243902439
23.7292873289708
23.5515853658536
23.0160015297018
22.7919233449477
22.6721013852299
22.7403763066202
999.99
999.99
999.99
999.99
999.99
999.99
999.99
999.99
999.99
999.99
999.99
999.99
999.99
999.99
999.99
999.99
999.99
999.99
999.99
999.99
999.99
999.99
999.99
999.99
999.99
999.99
999.99
999.99
999.99
999.99
999.99
999.99
999.99
999.99
999.99
999.99
999.99
999.99
999.99
999.99
999.99
999.99
999.99
999.99
999.99
999.99
999.99
999.99
23.2214365032152
23.1952717770035
23.2026495404825
23.2662117139539
23.2330816326531
23.4358320889331
23.9167895769849
23.8702015928323
23.8456727126305
23.9188807035009
23.9104149659864
23.7531816824291
23.6172695552939
23.501924672308
23.5152224542405
23.6783155758436
23.6024215198274
23.6314205020497
23.7106290028206
23.8709727891156
23.9151649245064
23.9943967512049
23.9874912891986
23.9067332815339
23.7859308943089
23.7898843537415
23.8207665505226
23.9422168696152
23.9772943421271
999.99
999.99
999.99
999.99
999.99
999.99
999.99
999.99
999.99
999.99
999.99
999.99
999.99
999.99
999.99
999.99
999.99
999.99
999.99
999.99
999.99
999.99
999.99
999.99
999.99
999.99
999.99
999.99
999.99
999.99
999.99
999.99
999.99
999.99
999.99
999.99
999.99
999.99
999.99
999.99
999.99
999.99
999.99
999.99
999.99
999.99
999.99
999.99
999.99
999.99
999.99
22.8810975609756
22.8774627347667
22.9406829268293
23.1318008838277
23.2352090592334
23.3780696864111
23.3783414634146
23.3902631086938
23.4523519163763
23.5807676553072
23.5108257839721
23.694891051245
23.7564703832752
23.5777906008328
23.5259581881533
23.3636342313249
23.6125609756098
23.7480216707742
23.802085918246
23.9029790940766
23.8679902269058
23.9660226480836
23.9857260134274
24.0013902439024
24.0978966601513
24.0405714285714
24.0158896065267
23.933362369338
23.7103797909408
999.99
999.99
999.99
999.99
999.99
999.99
999.99
999.99
999.99
999.99
999.99
999.99
999.99
999.99
999.99
999.99
999.99
999.99
999.99
999.99
999.99
999.99
999.99
999.99
999.99
999.99
999.99
999.99
999.99
999.99
999.99
999.99
999.99
999.99
999.99
999.99
999.99
999.99
999.99
999.99
999.99
999.99
23.4430103760719
999.99
999.99
23.2229780985565
23.0150400798035
22.9095049776008
22.8034393238557
22.7880979757757
22.7117617064673
22.6961700680272
22.6246331508213
22.6990216019781
22.7134926165588
22.640516237905
22.7062364360378
22.7945799997572
23.0834795088767
23.3914020849268
23.5306752945081
23.5289333041961
23.3976153973785
23.3436466348586
23.562705989713
23.6681562440562
23.6628095238095
23.6754991481423
23.8057051601128
23.7319571602585
23.5758808694209
23.6294081511248
23.740339075785
23.7987055749129
23.8663295414537
24.0451305790609
999.99
999.99
999.99
999.99
999.99
999.99
999.99
999.99
999.99
999.99
999.99
999.99
999.99
999.99
999.99
999.99
999.99
999.99
999.99
999.99
999.99
999.99
999.99
999.99
999.99
999.99
999.99
999.99
999.99
999.99
999.99
999.99
999.99
999.99
999.99
999.99
999.99
999.99
999.99
999.99
999.99
999.99
999.99
999.99
999.99
999.99
999.99
999.99
999.99
23.0092381235659
22.7923205574913
22.6553799609076
22.4827404181185
22.5014229625223
22.5512526132404
22.6154111498258
22.6251428571429
22.5815099855528
22.4454355400697
22.491393728223
22.4066415398997
22.2866445993031
22.2531917226141
22.366637630662
22.485389564035
22.7636759581881
22.9309102574998
23.1108397212544
23.1418062377837
23.39593728223
23.4425344607801
23.6165574912892
23.5242702473018
23.5804041811847
23.5547408855273
999.99
999.99
999.99
999.99
999.99
999.99
999.99
999.99
999.99
999.99
999.99
999.99
999.99
999.99
999.99
999.99
999.99
999.99
999.99
999.99
999.99
999.99
999.99
999.99
999.99
999.99
999.99
999.99
999.99
999.99
999.99
999.99
999.99
999.99
999.99
999.99
999.99
999.99
999.99
999.99
999.99
999.99
999.99
999.99
999.99
999.99
999.99
999.99
999.99
999.99
999.99
999.99
999.99
999.99
999.99
999.99
999.99
22.8321948670009
22.5709732868757
22.4798950454661
22.3949291521487
22.3529041670208
22.3570516840883
22.3401237641993
22.3995481997677
22.4643704144358
22.4278304580607
22.2986085946574
22.0298140279312
22.024774680604
22.1746761281551
22.3249547038328
22.3400041075324
22.3848780487805
22.7006397269199
22.5206202090592
999.99
999.99
23.3808029800855
999.99
999.99
999.99
999.99
999.99
999.99
999.99
999.99
999.99
999.99
999.99
999.99
999.99
999.99
999.99
999.99
999.99
999.99
999.99
999.99
999.99
999.99
999.99
999.99
999.99
999.99
999.99
999.99
999.99
999.99
999.99
999.99
999.99
999.99
999.99
999.99
999.99
999.99
999.99
999.99
999.99
999.99
999.99
999.99
999.99
999.99
999.99
999.99
999.99
999.99
999.99
999.99
999.99
999.99
999.99
999.99
999.99
999.99
999.99
999.99
999.99
22.3828912212118
22.1760296167247
22.155568369168
22.1781132404181
22.1714742075295
22.0965278745645
22.069637035778
22.1405975609756
22.1773114642645
22.1548398062378
22.0844947735192
21.9989250446163
21.8714599303136
21.92935820515
21.9701463414634
999.99
999.99
999.99
999.99
999.99
999.99
999.99
999.99
999.99
999.99
999.99
999.99
999.99
999.99
999.99
999.99
999.99
999.99
999.99
999.99
999.99
999.99
999.99
999.99
999.99
999.99
999.99
999.99
999.99
999.99
999.99
999.99
999.99
999.99
999.99
999.99
999.99
999.99
999.99
999.99
999.99
999.99
999.99
999.99
999.99
999.99
999.99
999.99
999.99
999.99
999.99
999.99
999.99
999.99
999.99
999.99
999.99
999.99
999.99
999.99
999.99
999.99
999.99
999.99
999.99
999.99
999.99
999.99
22.2092939576782
22.1422665505227
22.1206451092037
22.0493397212544
21.9663729922665
21.8916393728223
21.9296491884083
21.780212543554
21.7023802158579
21.7602329395768
21.7903344947735
21.6921531401377
999.99
999.99
999.99
999.99
999.99
999.99
999.99
999.99
999.99
999.99
999.99
999.99
999.99
999.99
999.99
999.99
999.99
999.99
999.99
999.99
999.99
999.99
999.99
999.99
999.99
999.99
999.99
999.99
999.99
999.99
999.99
999.99
999.99
999.99
999.99
999.99
999.99
999.99
999.99
999.99
999.99
999.99
999.99
999.99
999.99
999.99
999.99
999.99
999.99
999.99
999.99
999.99
999.99
999.99
999.99
999.99
999.99
999.99
999.99
999.99
999.99
999.99
999.99
999.99
999.99
999.99
999.99
999.99
999.99
999.99
999.99
999.99
21.7890993031359
21.7834634146342
999.99
999.99
999.99
999.99
999.99
999.99
999.99
999.99
999.99
999.99
999.99
999.99
999.99
999.99
999.99
999.99
999.99
999.99
999.99
999.99
999.99
999.99
999.99
999.99
999.99
999.99
999.99
999.99
999.99
999.99
999.99
999.99
999.99
999.99
999.99
999.99
999.99
999.99
999.99
999.99
999.99
999.99
999.99
999.99
999.99
999.99
999.99
999.99
999.99
999.99
999.99
999.99
999.99
999.99
999.99
999.99
999.99
999.99
999.99
999.99
999.99
999.99
999.99
999.99
999.99
999.99
999.99
999.99
999.99
999.99
999.99
999.99
999.99
999.99
999.99
999.99
999.99
999.99
999.99
999.99
999.99
999.99
999.99
999.99
999.99
999.99
999.99
999.99
999.99
999.99
999.99
999.99
999.99
999.99
999.99
999.99
999.99
999.99
999.99
999.99
999.99
999.99
999.99
999.99
999.99
999.99
999.99
999.99
999.99
999.99
999.99
999.99
999.99
999.99
999.99
999.99
999.99
999.99
999.99
999.99
999.99
999.99
999.99
999.99
999.99
999.99
999.99
999.99
999.99
999.99
999.99
999.99
999.99
999.99
999.99
999.99
999.99
999.99
999.99
999.99
999.99
999.99
999.99
999.99
999.99
999.99
999.99
999.99
999.99
999.99
999.99
999.99
999.99
999.99
999.99
999.99
999.99
999.99
999.99
999.99
999.99
999.99
999.99
999.99
999.99
999.99
999.99
999.99
999.99
999.99
999.99
999.99
999.99
999.99
999.99
999.99
999.99
999.99
999.99
999.99
999.99
999.99
999.99
999.99
999.99
999.99
999.99
999.99
999.99
999.99
999.99
999.99
999.99
999.99
999.99
999.99
999.99
999.99
999.99
999.99
999.99
999.99
999.99
999.99
999.99
999.99
999.99
999.99
999.99
999.99
999.99
999.99
999.99
999.99
999.99
999.99
999.99
999.99
999.99
999.99
999.99
999.99
999.99
999.99
999.99
999.99
999.99
999.99
999.99
999.99
999.99
999.99
999.99
999.99
999.99
999.99
999.99
999.99
999.99
999.99
999.99
999.99
999.99
999.99
999.99
999.99
999.99
999.99
999.99
999.99
999.99
999.99
999.99
999.99
999.99
999.99
999.99
999.99
999.99
999.99
999.99
999.99
999.99
999.99
999.99
999.99
999.99
999.99
999.99
999.99
999.99
999.99
999.99
999.99
999.99
999.99
999.99
999.99
999.99
999.99
999.99
999.99
999.99
999.99
999.99
999.99
999.99
999.99
999.99
999.99
999.99
999.99
999.99
999.99
999.99
999.99
999.99
999.99
999.99
999.99
999.99
999.99
999.99
999.99
999.99
999.99
999.99
999.99
999.99
999.99
999.99
999.99
999.99
999.99
999.99
999.99
999.99
999.99
999.99
999.99
999.99
999.99
999.99
999.99
999.99
999.99
999.99
999.99
999.99
999.99
999.99
999.99
999.99
999.99
999.99
999.99
999.99
999.99
999.99
999.99
999.99
999.99
999.99
999.99
999.99
999.99
999.99
999.99
999.99
999.99
999.99
999.99
999.99
999.99
999.99
999.99
999.99
999.99
999.99
999.99
999.99
999.99
999.99
999.99
999.99
999.99
999.99
999.99
999.99
999.99
999.99
999.99
999.99
999.99
999.99
999.99
999.99
999.99
999.99
999.99
999.99
999.99
999.99
999.99
999.99
999.99
999.99
999.99
999.99
999.99
999.99
999.99
999.99
999.99
999.99
999.99
999.99
999.99
999.99
999.99
999.99
999.99
999.99
999.99
999.99
999.99
999.99
999.99
999.99
999.99
999.99
