999.99
999.99
999.99
999.99
999.99
999.99
999.99
999.99
999.99
999.99
999.99
999.99
999.99
999.99
999.99
999.99
999.99
999.99
999.99
999.99
999.99
999.99
999.99
999.99
999.99
999.99
999.99
999.99
999.99
999.99
999.99
999.99
999.99
999.99
999.99
999.99
999.99
999.99
999.99
999.99
999.99
999.99
999.99
999.99
999.99
999.99
999.99
999.99
999.99
999.99
999.99
999.99
999.99
999.99
999.99
999.99
999.99
999.99
999.99
999.99
999.99
999.99
999.99
999.99
999.99
999.99
999.99
999.99
999.99
999.99
999.99
999.99
999.99
999.99
999.99
999.99
999.99
999.99
999.99
999.99
999.99
999.99
999.99
999.99
999.99
999.99
999.99
999.99
999.99
999.99
999.99
999.99
999.99
999.99
999.99
999.99
999.99
999.99
999.99
999.99
999.99
999.99
999.99
999.99
999.99
999.99
999.99
999.99
999.99
999.99
999.99
999.99
999.99
999.99
999.99
999.99
999.99
999.99
999.99
999.99
999.99
999.99
999.99
999.99
999.99
999.99
999.99
999.99
999.99
999.99
999.99
999.99
999.99
999.99
21.7099629472253
21.5930395172941
21.3547351916376
21.2490738505991
21.0370348432056
21.1409312484066
21.315637630662
21.4583440979009
21.3512508710801
21.4417589869975
21.5936620209059
21.6264681737061
21.4314912891986
21.2373407835472
21.311118466899
21.6742216367809
21.6741637630662
21.5663326251381
21.5167839721255
21.3279059233449
20.7404668989547
999.99
999.99
999.99
999.99
999.99
999.99
999.99
999.99
999.99
999.99
999.99
999.99
999.99
999.99
999.99
999.99
999.99
999.99
999.99
999.99
999.99
999.99
999.99
999.99
999.99
999.99
999.99
999.99
999.99
999.99
999.99
999.99
999.99
999.99
999.99
999.99
999.99
999.99
999.99
999.99
999.99
999.99
999.99
999.99
999.99
999.99
999.99
999.99
999.99
999.99
999.99
999.99
999.99
999.99
999.99
999.99
999.99
999.99
999.99
999.99
999.99
999.99
21.8009442205199
21.7611553375663
21.6905671976107
21.6760481795336
21.7317172722748
21.786346653474
22.1262620706818
22.3735215068776
22.2859664011946
22.2401278090058
22.2547035838726
22.3278799487671
22.3451719761075
22.2805727640253
22.0833434544549
21.9782755102041
21.8771567944251
21.6138349439717
21.449930811349
21.1937664412583
20.5305009955201
999.99
999.99
999.99
999.99
999.99
999.99
999.99
999.99
999.99
999.99
999.99
999.99
999.99
999.99
999.99
999.99
999.99
999.99
999.99
999.99
999.99
999.99
999.99
999.99
999.99
999.99
999.99
999.99
999.99
999.99
999.99
999.99
999.99
999.99
999.99
999.99
999.99
999.99
999.99
999.99
999.99
999.99
999.99
999.99
999.99
999.99
999.99
999.99
999.99
999.99
999.99
999.99
999.99
999.99
999.99
999.99
999.99
999.99
999.99
999.99
999.99
999.99
22.2261245857058
22.307782697374
22.2600278745645
22.4497261833943
22.6307665505227
22.3860050990057
22.1751289198607
22.1477368063228
22.1674111498258
22.2367995240928
22.3901637630662
22.3719616724739
22.2195365853659
22.1241584940937
22.2079756097561
22.0738615619953
21.6722787456446
21.4372201920626
20.7907595818816
20.6331392878389
20.6955818815331
999.99
999.99
999.99
999.99
999.99
999.99
999.99
999.99
999.99
999.99
999.99
999.99
999.99
999.99
999.99
999.99
999.99
999.99
999.99
999.99
999.99
999.99
999.99
999.99
999.99
999.99
999.99
999.99
999.99
999.99
999.99
999.99
999.99
999.99
999.99
999.99
999.99
999.99
999.99
999.99
999.99
999.99
999.99
999.99
999.99
999.99
999.99
999.99
999.99
999.99
999.99
999.99
999.99
999.99
999.99
999.99
999.99
999.99
999.99
999.99
999.99
999.99
22.4913850599133
22.5257308574828
22.5387421602788
22.5208890966262
22.4875714285714
22.3980685816266
22.2948815331011
22.3062644684286
22.387668989547
22.5369043936432
22.5377003484321
22.547456445993
22.6445714285714
22.5346215687941
22.4684320557491
22.1730191212713
21.7679442508711
21.125488569729
20.5859930313589
20.4350383275261
23.2535338378232
999.99
999.99
999.99
999.99
999.99
999.99
999.99
999.99
999.99
999.99
999.99
999.99
999.99
999.99
999.99
999.99
999.99
999.99
999.99
999.99
999.99
999.99
999.99
999.99
999.99
999.99
999.99
999.99
999.99
999.99
999.99
999.99
999.99
999.99
999.99
999.99
999.99
999.99
999.99
999.99
999.99
999.99
999.99
999.99
999.99
999.99
999.99
999.99
999.99
999.99
999.99
999.99
999.99
999.99
999.99
999.99
999.99
999.99
999.99
999.99
999.99
999.99
999.99
22.9609481601088
22.8593135888502
22.8521686071216
22.725362369338
22.438648933458
22.3783170731707
22.3712185773774
22.3817944250871
22.4948502591995
22.3974668989547
22.4483177530381
22.3927073170732
22.4254383445228
22.5468885017421
22.3322717770035
21.8910592334495
21.5201004504123
20.8626724738676
20.5324132744115
23.2535338378232
23.2535338378232
999.99
999.99
999.99
999.99
999.99
999.99
999.99
999.99
999.99
999.99
999.99
999.99
999.99
999.99
999.99
999.99
999.99
999.99
999.99
999.99
999.99
999.99
999.99
999.99
999.99
999.99
999.99
999.99
999.99
999.99
999.99
999.99
999.99
999.99
999.99
999.99
999.99
999.99
999.99
999.99
999.99
999.99
999.99
999.99
999.99
999.99
999.99
999.99
999.99
999.99
999.99
999.99
999.99
999.99
999.99
999.99
999.99
999.99
999.99
999.99
999.99
23.0063599048186
23.2675173791111
23.1662578397212
22.7502237613665
22.6174703832752
22.5442430526047
22.5412020905923
22.6551787201495
22.7569860627178
22.6802658281635
22.6674878048781
22.6457277980794
22.506212543554
22.5152801053794
22.5767073170732
22.4425540069686
22.2330905923345
21.8288254440385
21.2674216027875
20.7539012492564
20.4627526132404
999.99
999.99
999.99
999.99
999.99
999.99
999.99
999.99
999.99
999.99
999.99
999.99
999.99
999.99
999.99
999.99
999.99
999.99
999.99
999.99
999.99
999.99
999.99
999.99
999.99
999.99
999.99
999.99
999.99
999.99
999.99
999.99
999.99
999.99
999.99
999.99
999.99
999.99
999.99
999.99
999.99
999.99
999.99
999.99
999.99
999.99
999.99
999.99
999.99
999.99
999.99
999.99
999.99
999.99
999.99
999.99
999.99
999.99
999.99
999.99
999.99
999.99
999.99
999.99
22.8679930313589
22.7431660576187
22.7166376306619
22.6116119656667
22.8573658536585
23.0314285714286
23.0178397212544
22.8167914789949
22.6978490127759
22.907540126342
22.6854181184669
22.5478460950115
22.6560534262485
22.4841612985468
22.400619047619
21.8602516359311
21.1017142857144
20.5552386617943
20.1115400696864
28.9470983824865
23.2535338378232
999.99
999.99
999.99
999.99
999.99
999.99
999.99
999.99
999.99
999.99
999.99
999.99
999.99
999.99
999.99
999.99
999.99
999.99
999.99
999.99
999.99
999.99
999.99
999.99
999.99
999.99
999.99
999.99
999.99
999.99
999.99
999.99
999.99
999.99
999.99
999.99
999.99
999.99
999.99
999.99
999.99
999.99
999.99
999.99
999.99
999.99
999.99
999.99
999.99
999.99
999.99
999.99
999.99
999.99
999.99
999.99
999.99
999.99
999.99
999.99
999.99
999.99
999.99
22.9799233449477
22.8241672473867
22.7089480751253
22.7989616724739
22.9401658876519
22.8915017421603
22.9614804963032
22.4893484320558
22.6079835981983
22.6659337979094
22.6697859267443
22.7247317073171
22.6226819070281
22.386425087108
21.9935346307471
21.1710696864112
20.5317570323787
20.0664285714286
19.7877177700348
19.3872759411915
19.5094529616725
999.99
999.99
999.99
999.99
999.99
999.99
999.99
999.99
999.99
999.99
999.99
999.99
999.99
999.99
999.99
999.99
999.99
999.99
999.99
999.99
999.99
999.99
999.99
999.99
999.99
999.99
999.99
999.99
999.99
999.99
999.99
999.99
999.99
999.99
999.99
999.99
999.99
999.99
999.99
999.99
999.99
999.99
999.99
999.99
999.99
999.99
999.99
999.99
999.99
999.99
999.99
999.99
999.99
999.99
999.99
999.99
999.99
999.99
23.0160858636137
23.0980893782855
23.0737814428567
22.9577109673138
22.9290773834816
22.8924089928655
22.7190385096335
22.9410972291355
22.9793225849531
23.1573333333333
22.9506601917388
22.8757078148332
22.9846305527565
22.6631617720259
22.6373140987507
22.6722331176373
22.6476933595567
22.3638654388585
22.1802448979592
21.6387955865273
20.9555219115606
999.99
999.99
999.99
999.99
999.99
999.99
999.99
999.99
999.99
999.99
999.99
999.99
999.99
999.99
999.99
999.99
999.99
999.99
999.99
999.99
999.99
999.99
999.99
999.99
999.99
999.99
999.99
999.99
999.99
999.99
999.99
999.99
999.99
999.99
999.99
999.99
999.99
999.99
999.99
999.99
999.99
999.99
999.99
999.99
999.99
999.99
999.99
999.99
999.99
999.99
999.99
999.99
999.99
999.99
999.99
999.99
999.99
999.99
999.99
999.99
999.99
999.99
999.99
23.1406968641115
23.1550356930399
23.0913588850174
22.9759428911362
22.866968641115
22.9422914931588
22.8824181184669
22.9782264808363
22.825181184669
22.7985271522053
23.1178013937283
23.1363431630832
23.1330801393728
22.8857751338489
22.7861533101045
22.6256272626837
22.4652334494773
22.105612815501
21.9791289198607
21.5744130194612
21.0508954703833
999.99
999.99
999.99
999.99
999.99
999.99
999.99
999.99
999.99
999.99
999.99
999.99
999.99
999.99
999.99
999.99
999.99
999.99
999.99
999.99
999.99
999.99
999.99
999.99
999.99
999.99
999.99
999.99
999.99
999.99
999.99
999.99
999.99
999.99
999.99
999.99
999.99
999.99
999.99
999.99
999.99
999.99
999.99
999.99
999.99
999.99
999.99
999.99
999.99
999.99
999.99
999.99
999.99
999.99
999.99
999.99
999.99
999.99
999.99
999.99
999.99
999.99
23.4840190241474
23.407742059108
23.2905296167247
23.2882592237371
23.1359923676788
23.0726936185539
23.1527489629998
23.0723247742881
23.0509849012776
23.0914761904762
23.0679518831923
23.0851458356097
23.0130572424092
22.922444074834
22.7069800895968
22.4149025968507
22.0721332337813
21.8789632385971
21.7756585365854
21.4965371721562
21.289231292517
999.99
999.99
999.99
999.99
999.99
999.99
999.99
999.99
999.99
999.99
999.99
999.99
999.99
999.99
999.99
999.99
999.99
999.99
999.99
999.99
999.99
999.99
999.99
999.99
999.99
999.99
999.99
999.99
999.99
999.99
999.99
999.99
999.99
999.99
999.99
999.99
999.99
999.99
999.99
999.99
999.99
999.99
999.99
999.99
999.99
999.99
999.99
999.99
999.99
999.99
999.99
999.99
999.99
999.99
999.99
999.99
999.99
999.99
999.99
999.99
999.99
999.99
999.99
999.99
999.99
999.99
23.1981881533101
23.2834109798589
23.324031358885
23.4004752273307
23.3437282229965
23.2183714625648
23.1322473867596
22.9742501062293
22.8447979094077
22.635843035608
22.2829198606271
22.0970907623013
21.9945017421603
22.0732545253675
21.9053170731707
21.7853466474038
21.6870871080139
21.5709759496898
21.0172054899294
20.2093048780488
19.9606176595564
999.99
999.99
999.99
999.99
999.99
999.99
999.99
999.99
999.99
999.99
999.99
999.99
999.99
999.99
999.99
999.99
999.99
999.99
999.99
999.99
999.99
999.99
999.99
999.99
999.99
999.99
999.99
999.99
999.99
999.99
999.99
999.99
999.99
999.99
999.99
999.99
999.99
999.99
999.99
999.99
999.99
999.99
999.99
999.99
999.99
999.99
999.99
999.99
999.99
999.99
999.99
999.99
999.99
999.99
999.99
999.99
999.99
999.99
999.99
999.99
999.99
999.99
23.3230522648084
23.2898078524688
23.2807944250871
23.3138981048695
23.0718153310105
23.0222237613665
23.0527177700348
22.8647136058469
22.7604808362369
22.5874630747004
22.5961602787456
22.3685329310784
22.2718710801394
22.2727527832073
22.048268292683
21.9423539559786
22.0094494773519
21.9395223931333
21.7324059658366
21.3922909407666
20.7501089487549
999.99
999.99
999.99
999.99
999.99
999.99
999.99
999.99
999.99
999.99
999.99
999.99
999.99
999.99
999.99
999.99
999.99
999.99
999.99
999.99
999.99
999.99
999.99
999.99
999.99
999.99
999.99
999.99
999.99
999.99
999.99
999.99
999.99
999.99
999.99
999.99
999.99
999.99
999.99
999.99
999.99
999.99
999.99
999.99
999.99
999.99
999.99
999.99
999.99
999.99
999.99
999.99
999.99
999.99
999.99
999.99
999.99
999.99
999.99
999.99
999.99
999.99
23.3663658536586
23.2674342653183
23.0841951219512
22.9388780487805
22.8370731707317
22.9621790600833
23.0577317073171
23.0364431885782
22.9593414634146
22.8800398572278
22.728731707317
22.4964598453302
22.4562195121951
22.1338780487805
21.9488048780488
21.724759666865
21.7095365853659
21.8951998810232
21.8456347412254
21.3243292682927
20.6434384295062
999.99
999.99
999.99
999.99
999.99
999.99
999.99
999.99
999.99
999.99
999.99
999.99
999.99
999.99
999.99
999.99
999.99
999.99
999.99
999.99
999.99
999.99
999.99
999.99
999.99
999.99
999.99
999.99
999.99
999.99
999.99
999.99
999.99
999.99
999.99
999.99
999.99
999.99
999.99
999.99
999.99
999.99
999.99
999.99
999.99
999.99
999.99
999.99
999.99
999.99
999.99
999.99
999.99
999.99
999.99
999.99
999.99
999.99
999.99
999.99
999.99
999.99
999.99
23.2317468343673
23.2675156794425
23.160063907538
23.0961428571429
23.1364850854084
23.3092195121951
23.1139747599218
22.6430975609756
22.6638651312994
22.797118466899
22.6252625138098
22.3236794425087
22.1295334409791
21.8502020905923
21.823041471913
21.691149825784
21.581116682247
21.4757545678592
21.1240993031359
20.7227637460695
20.0501498257839
999.99
999.99
999.99
999.99
999.99
999.99
999.99
999.99
999.99
999.99
999.99
999.99
999.99
999.99
999.99
999.99
999.99
999.99
999.99
999.99
999.99
999.99
999.99
999.99
999.99
999.99
999.99
999.99
999.99
999.99
999.99
999.99
999.99
999.99
999.99
999.99
999.99
999.99
999.99
999.99
999.99
999.99
999.99
999.99
999.99
999.99
999.99
999.99
999.99
999.99
999.99
999.99
999.99
999.99
999.99
999.99
999.99
999.99
999.99
999.99
999.99
999.99
23.1669781046267
23.3168790443006
23.3790982974987
23.2400510204082
23.1648926133214
23.1044829931973
23.0092703727536
22.7123544051767
22.6185996997252
22.6005914219346
22.7654523809524
22.527074829932
22.4516705131785
22.0595959847354
21.7956923680835
21.6836690725071
21.5995145706111
21.41601421449
20.981162601626
20.9562549988467
20.7589172888667
999.99
999.99
999.99
999.99
999.99
999.99
999.99
999.99
999.99
999.99
999.99
999.99
999.99
999.99
999.99
999.99
999.99
999.99
999.99
999.99
999.99
999.99
999.99
999.99
999.99
999.99
999.99
999.99
999.99
999.99
999.99
999.99
999.99
999.99
999.99
999.99
999.99
999.99
999.99
999.99
999.99
999.99
999.99
999.99
999.99
999.99
999.99
999.99
999.99
999.99
999.99
999.99
999.99
999.99
999.99
999.99
999.99
999.99
999.99
999.99
999.99
999.99
999.99
999.99
23.256324466729
23.3288745644599
23.3467720744455
23.1834982578397
22.9854579756948
22.738850174216
22.5742884337554
22.5361289198606
22.3552849494348
22.4947804878049
22.5380540494603
22.3804041811847
22.0827890711311
22.0748048780488
22.0816592164528
21.9253727373162
21.8400975609756
21.3765132999065
20.6386376306619
20.3385567264384
19.6584268292683
999.99
999.99
999.99
999.99
999.99
999.99
999.99
999.99
999.99
999.99
999.99
999.99
999.99
999.99
999.99
999.99
999.99
999.99
999.99
999.99
999.99
999.99
999.99
999.99
999.99
999.99
999.99
999.99
999.99
999.99
999.99
999.99
999.99
999.99
999.99
999.99
999.99
999.99
999.99
999.99
999.99
999.99
999.99
999.99
999.99
999.99
999.99
999.99
999.99
999.99
999.99
999.99
999.99
999.99
999.99
999.99
999.99
999.99
999.99
999.99
999.99
999.99
23.1817128632536
23.2109679774349
23.3173482357845
23.1664789281566
23.1368875831118
23.0800906752945
22.9842346938775
22.8713974614236
22.7424545399361
22.6305794756927
22.5054252408876
22.3109863945578
22.3520446041593
22.4439293180687
22.4126826091531
22.0833152035353
21.9906693213871
22.0255250964157
21.5946296665007
20.8619318473374
20.0398952215033
999.99
999.99
999.99
999.99
999.99
999.99
999.99
999.99
999.99
999.99
999.99
999.99
999.99
999.99
999.99
999.99
999.99
999.99
999.99
999.99
999.99
999.99
999.99
999.99
999.99
999.99
999.99
999.99
999.99
999.99
999.99
999.99
999.99
999.99
999.99
999.99
999.99
999.99
999.99
999.99
999.99
999.99
999.99
999.99
999.99
999.99
999.99
999.99
999.99
999.99
999.99
999.99
999.99
999.99
999.99
999.99
999.99
999.99
999.99
999.99
999.99
23.0644146341463
22.9329717005184
22.9437142857143
23.0118378516189
23.0102822299652
22.9870620379026
22.8478397212543
22.9024027364664
22.7872717770035
22.8191709866576
22.7019965156794
22.4262603042407
22.5714076655052
22.5644132744115
22.6221742160279
22.4762687176
22.0309983853148
21.9373083623693
21.8370139372822
21.6403310104529
21.0784276366109
999.99
999.99
999.99
999.99
999.99
999.99
999.99
999.99
999.99
999.99
999.99
999.99
999.99
999.99
999.99
999.99
999.99
999.99
999.99
999.99
999.99
999.99
999.99
999.99
999.99
999.99
999.99
999.99
999.99
999.99
999.99
999.99
999.99
999.99
999.99
999.99
999.99
999.99
999.99
999.99
999.99
999.99
999.99
999.99
999.99
999.99
999.99
999.99
999.99
999.99
999.99
999.99
999.99
999.99
999.99
999.99
999.99
999.99
999.99
999.99
999.99
999.99
999.99
999.99
999.99
22.8372094133311
23.0457263978762
23.1150476190476
23.1127862950058
22.9104257103198
22.7899520491123
22.7827547823413
22.7487473037996
22.7592106294035
22.6433799568608
22.5711233311885
22.5340423096068
22.5363979591837
22.3623132307057
22.2838388086942
21.8956973456842
21.5039780985564
20.7936768707483
20.4874985067198
26.6523882953578
23.2535338378232
999.99
999.99
999.99
999.99
999.99
999.99
999.99
999.99
999.99
999.99
999.99
999.99
999.99
999.99
999.99
999.99
999.99
999.99
999.99
999.99
999.99
999.99
999.99
999.99
999.99
999.99
999.99
999.99
999.99
999.99
999.99
999.99
999.99
999.99
999.99
999.99
999.99
999.99
999.99
999.99
999.99
999.99
999.99
999.99
999.99
999.99
999.99
999.99
999.99
999.99
999.99
999.99
999.99
999.99
999.99
999.99
999.99
999.99
999.99
999.99
999.99
23.0617804878049
22.992258774539
22.992487804878
22.9123967876264
22.9043414634146
22.8725681142177
22.8531707317073
22.8168607971446
22.7460243902439
22.7763955978584
22.7158780487805
22.6180327186199
22.7018780487805
22.6906853063653
22.4443688280785
22.1585487804878
21.94948364069
20.8811219512194
20.2723075550268
23.2535338378232
999.99
999.99
999.99
999.99
999.99
999.99
999.99
999.99
999.99
999.99
999.99
999.99
999.99
999.99
999.99
999.99
999.99
999.99
999.99
999.99
999.99
999.99
999.99
999.99
999.99
999.99
999.99
999.99
999.99
999.99
999.99
999.99
999.99
999.99
999.99
999.99
999.99
999.99
999.99
999.99
999.99
999.99
999.99
999.99
999.99
999.99
999.99
999.99
999.99
999.99
999.99
999.99
999.99
999.99
999.99
999.99
999.99
999.99
999.99
999.99
999.99
999.99
23.3975855358205
23.4652717770035
23.3767093566755
23.3069337979094
23.1335395597859
23.0721080139373
22.9323437579672
22.8861149825784
22.8176734086853
22.9243414634146
23.0037394408091
22.957331010453
22.9882323446928
23.0873449477352
23.1037597518484
22.8886406900654
22.3768554006969
21.565719979604
21.0241097560975
20.2637072320898
999.99
999.99
999.99
999.99
999.99
999.99
999.99
999.99
999.99
999.99
999.99
999.99
999.99
999.99
999.99
999.99
999.99
999.99
999.99
999.99
999.99
999.99
999.99
999.99
999.99
999.99
999.99
999.99
999.99
999.99
999.99
999.99
999.99
999.99
999.99
999.99
999.99
999.99
999.99
999.99
999.99
999.99
999.99
999.99
999.99
999.99
999.99
999.99
999.99
999.99
999.99
999.99
999.99
999.99
999.99
999.99
999.99
999.99
999.99
999.99
999.99
999.99
999.99
999.99
23.5807735191638
23.5401350386675
23.4668536585366
23.3125400696864
23.1883972125436
23.110543554007
23.1135052264809
23.1937808277386
23.3121567944251
23.2100069686411
23.1025505226481
23.1118982748364
23.0459756097561
22.8713916036373
22.377594968981
21.9842229965157
21.1731222911532
20.1801254355401
29.9552846094928
23.2535338378232
999.99
999.99
999.99
999.99
999.99
999.99
999.99
999.99
999.99
999.99
999.99
999.99
999.99
999.99
999.99
999.99
999.99
999.99
999.99
999.99
999.99
999.99
999.99
999.99
999.99
999.99
999.99
999.99
999.99
999.99
999.99
999.99
999.99
999.99
999.99
999.99
999.99
999.99
999.99
999.99
999.99
999.99
999.99
999.99
999.99
999.99
999.99
999.99
999.99
999.99
999.99
999.99
999.99
999.99
999.99
999.99
999.99
999.99
999.99
999.99
999.99
23.7233972125435
23.6773559955809
23.6451010452962
23.6309202005609
23.501487804878
23.5410492903884
23.5700383275261
23.3900517549078
23.2929756097561
23.3455402396533
23.1800557491289
22.9634858502592
22.975905923345
22.8131592589445
22.6969442508711
22.2727333220022
21.6246727288178
21.1463919860628
20.3746757032379
36.5927282229915
999.99
999.99
999.99
999.99
999.99
999.99
999.99
999.99
999.99
999.99
999.99
999.99
999.99
999.99
999.99
999.99
999.99
999.99
999.99
999.99
999.99
999.99
999.99
999.99
999.99
999.99
999.99
999.99
999.99
999.99
999.99
999.99
999.99
999.99
999.99
999.99
999.99
999.99
999.99
999.99
999.99
999.99
999.99
999.99
999.99
999.99
999.99
999.99
999.99
999.99
999.99
999.99
999.99
999.99
999.99
999.99
999.99
999.99
999.99
999.99
999.99
999.99
999.99
999.99
23.6948328375967
23.7099198606272
23.677774368998
23.6013902439024
23.6712135633551
23.681393728223
23.5313958528087
23.257149825784
23.0280757202345
23.078094076655
23.0639317583071
22.9128118466899
22.6380194612051
22.1907177700349
21.7532099090677
21.2087317073171
20.9225696864112
21.1762767910257
20.2026533101043
23.2535338378232
999.99
999.99
999.99
999.99
999.99
999.99
999.99
999.99
999.99
999.99
999.99
999.99
999.99
999.99
999.99
999.99
999.99
999.99
999.99
999.99
999.99
999.99
999.99
999.99
999.99
999.99
999.99
999.99
999.99
999.99
999.99
999.99
999.99
999.99
999.99
999.99
999.99
999.99
999.99
999.99
999.99
999.99
999.99
999.99
999.99
999.99
999.99
999.99
999.99
999.99
999.99
999.99
999.99
999.99
999.99
999.99
999.99
999.99
999.99
999.99
999.99
999.99
23.7574738675958
23.8248248491544
23.7863170731707
23.6913838701453
23.562881533101
23.5180255800119
23.5617142857143
23.2437316223336
23.1006306620209
23.0983503866746
23.0417386759582
22.8268652162829
22.4240104529617
22.116881533101
21.9350104529617
21.4578786436645
21.2087327271182
21.0656933797909
20.7805553667035
23.2535338378232
999.99
999.99
999.99
999.99
999.99
999.99
999.99
999.99
999.99
999.99
999.99
999.99
999.99
999.99
999.99
999.99
999.99
999.99
999.99
999.99
999.99
999.99
999.99
999.99
999.99
999.99
999.99
999.99
999.99
999.99
999.99
999.99
999.99
999.99
999.99
999.99
999.99
999.99
999.99
999.99
999.99
999.99
999.99
999.99
999.99
999.99
999.99
999.99
999.99
999.99
999.99
999.99
999.99
999.99
999.99
999.99
999.99
999.99
999.99
999.99
999.99
999.99
999.99
999.99
999.99
23.6293399701344
23.5755291068242
23.6462200099552
23.4868885867256
23.3779576903932
23.3199573504595
23.0640552513688
23.0271889424419
22.7311652563464
22.6037278466414
22.4058870084619
22.2665293981959
22.1602956694873
21.823055676286
21.5422857142857
21.2742757590841
20.7895151695419
20.2786535589846
20.4506184729692
20.7112653061224
999.99
999.99
999.99
999.99
999.99
999.99
999.99
999.99
999.99
999.99
999.99
999.99
999.99
999.99
999.99
999.99
999.99
999.99
999.99
999.99
999.99
999.99
999.99
999.99
999.99
999.99
999.99
999.99
999.99
999.99
999.99
999.99
999.99
999.99
999.99
999.99
999.99
999.99
999.99
999.99
999.99
999.99
999.99
999.99
999.99
999.99
999.99
999.99
999.99
999.99
999.99
999.99
999.99
999.99
999.99
999.99
999.99
999.99
999.99
999.99
999.99
999.99
999.99
23.725
23.6574515169542
23.5361707317073
23.3625240928019
23.2730243902439
23.412
23.1992195121951
22.9913622843545
22.8490975609756
22.7420779298037
22.6020243902439
22.4423527662106
22.4029268292683
22.2544318857823
22.1069660916121
21.647256097561
21.4230208209399
21.1112804878048
20.861745984533
20.922743902439
999.99
999.99
999.99
999.99
999.99
999.99
999.99
999.99
999.99
999.99
999.99
999.99
999.99
999.99
999.99
999.99
999.99
999.99
999.99
999.99
999.99
999.99
999.99
999.99
999.99
999.99
999.99
999.99
999.99
999.99
999.99
999.99
999.99
999.99
999.99
999.99
999.99
999.99
999.99
999.99
999.99
999.99
999.99
999.99
999.99
999.99
999.99
999.99
999.99
999.99
999.99
999.99
999.99
999.99
999.99
999.99
999.99
999.99
999.99
999.99
999.99
999.99
23.7774301011303
23.6854275759084
23.4469826876616
23.3442195121951
23.2555939856014
23.3245052264808
23.2567662955724
23.018743653559
22.8757826609525
22.8185067197611
22.7461747987714
22.706993529119
22.4984549162913
22.0950706819313
21.7456586822712
21.6184996661365
21.5484290691887
21.3398522866612
21.0592080637133
21.0988280299628
999.99
999.99
999.99
999.99
999.99
999.99
999.99
999.99
999.99
999.99
999.99
999.99
999.99
999.99
999.99
999.99
999.99
999.99
999.99
999.99
999.99
999.99
999.99
999.99
999.99
999.99
999.99
999.99
999.99
999.99
999.99
999.99
999.99
999.99
999.99
999.99
999.99
999.99
999.99
999.99
999.99
999.99
999.99
999.99
999.99
999.99
999.99
999.99
999.99
999.99
999.99
999.99
999.99
999.99
999.99
999.99
999.99
999.99
999.99
999.99
999.99
999.99
999.99
23.4635906348262
23.2161149825784
23.1105913146936
23.1696097560976
23.1553309254695
23.1467351916376
23.2312478116767
23.1928606271777
23.247172856293
23.2381567944251
23.2497930653522
22.9621149825784
22.4510564289964
22.0758327526132
21.8273046655902
21.3941827993541
21.1132264808362
20.971330415569
20.9570034843205
20.7466970340783
999.99
999.99
999.99
999.99
999.99
999.99
999.99
999.99
999.99
999.99
999.99
999.99
999.99
999.99
999.99
999.99
999.99
999.99
999.99
999.99
999.99
999.99
999.99
999.99
999.99
999.99
999.99
999.99
999.99
999.99
999.99
999.99
999.99
999.99
999.99
999.99
999.99
999.99
999.99
999.99
999.99
999.99
999.99
999.99
999.99
999.99
999.99
999.99
999.99
999.99
999.99
999.99
999.99
999.99
999.99
999.99
999.99
999.99
999.99
999.99
999.99
23.2482333644939
23.1873902439024
23.2558574827909
23.194487804878
23.3383595648848
23.4439860627178
23.5747963797059
23.6858954703833
23.7064004419138
23.6877909407665
23.7269774793915
23.696968641115
23.5543563355146
23.395268292683
23.0714279765446
22.6602473867596
22.1771318942806
21.3332980368828
20.3672665505227
20.2111149825784
999.99
999.99
999.99
999.99
999.99
999.99
999.99
999.99
999.99
999.99
999.99
999.99
999.99
999.99
999.99
999.99
999.99
999.99
999.99
999.99
999.99
999.99
999.99
999.99
999.99
999.99
999.99
999.99
999.99
999.99
999.99
999.99
999.99
999.99
999.99
999.99
999.99
999.99
999.99
999.99
999.99
999.99
999.99
999.99
999.99
999.99
999.99
999.99
999.99
999.99
999.99
999.99
999.99
999.99
999.99
999.99
999.99
999.99
999.99
999.99
999.99
999.99
999.99
999.99
23.5712857142857
23.6039588680207
23.5993728222996
23.7729581881533
23.7531289198606
23.6893655987083
23.6475714285714
23.6316033823404
23.6709547038328
23.7392195121951
23.6696933797909
23.386482620889
23.1007456445993
23.0530424067307
22.8604843205575
22.4754728477946
22.1230354380894
21.5506759581882
20.3232365088808
20.117362369338
999.99
999.99
999.99
999.99
999.99
999.99
999.99
999.99
999.99
999.99
999.99
999.99
999.99
999.99
999.99
999.99
999.99
999.99
999.99
999.99
999.99
999.99
999.99
999.99
999.99
999.99
999.99
999.99
999.99
999.99
999.99
999.99
999.99
999.99
999.99
999.99
999.99
999.99
999.99
999.99
999.99
999.99
999.99
999.99
999.99
999.99
999.99
999.99
999.99
999.99
999.99
999.99
999.99
999.99
999.99
999.99
999.99
999.99
999.99
999.99
999.99
999.99
999.99
23.6370383275261
23.6310251550948
23.654574912892
23.6386511430271
23.6560766550523
23.6675783122291
23.6178118466899
23.6095947990142
23.7214320557491
23.815743010113
23.6029616724739
23.4941993711227
23.270850174216
23.3272717770035
23.3014146341463
22.9594281465114
22.316909917566
21.1368466898955
34.4449622673628
23.2535338378232
999.99
999.99
999.99
999.99
999.99
999.99
999.99
999.99
999.99
999.99
999.99
999.99
999.99
999.99
999.99
999.99
999.99
999.99
999.99
999.99
999.99
999.99
999.99
999.99
999.99
999.99
999.99
999.99
999.99
999.99
999.99
999.99
999.99
999.99
999.99
999.99
999.99
999.99
999.99
999.99
999.99
999.99
999.99
999.99
999.99
999.99
999.99
999.99
999.99
999.99
999.99
999.99
999.99
999.99
999.99
999.99
999.99
999.99
999.99
999.99
999.99
999.99
23.9904812611541
23.7343832752614
23.6585773774114
23.7343205574913
23.6824487974845
23.7703135888502
23.7449254695334
23.7267038327526
23.8171691170222
23.8282090592334
23.8196504631597
23.8106933797909
23.6484547463245
23.6062961672474
23.4706756182545
23.1598327526132
22.8346560720659
22.2108579077079
21.191630662021
20.7752345542619
999.99
999.99
999.99
999.99
999.99
999.99
999.99
999.99
999.99
999.99
999.99
999.99
999.99
999.99
999.99
999.99
999.99
999.99
999.99
999.99
999.99
999.99
999.99
999.99
999.99
999.99
999.99
999.99
999.99
999.99
999.99
999.99
999.99
999.99
999.99
999.99
999.99
999.99
999.99
999.99
999.99
999.99
999.99
999.99
999.99
999.99
999.99
999.99
999.99
999.99
999.99
999.99
999.99
999.99
999.99
999.99
999.99
999.99
999.99
999.99
999.99
999.99
23.9989268292683
23.9958465199286
24.0190975609756
24.0311064842356
24.0141951219512
24.0227864366449
23.8956097560975
24.0004521118382
23.8846585365854
23.7330416418798
23.7056341463415
23.724759071981
23.850243902439
23.8461237358715
23.6946097560976
23.4354794765021
23.041
22.8491707317073
22.2286751933371
20.9418414634147
999.99
999.99
999.99
999.99
999.99
999.99
999.99
999.99
999.99
999.99
999.99
999.99
999.99
999.99
999.99
999.99
999.99
999.99
999.99
999.99
999.99
999.99
999.99
999.99
999.99
999.99
999.99
999.99
999.99
999.99
999.99
999.99
999.99
999.99
999.99
999.99
999.99
999.99
999.99
999.99
999.99
999.99
999.99
999.99
999.99
999.99
999.99
999.99
999.99
999.99
999.99
999.99
999.99
999.99
999.99
999.99
999.99
999.99
999.99
999.99
999.99
999.99
999.99
24.1042515347603
24.1825265148296
23.955074829932
23.8765182147814
23.9576524805044
23.8436161136674
23.7995772357724
23.7255877150384
23.6654346275095
23.6067839296337
23.71056222001
23.671592198926
23.7273723245396
23.646726772208
23.5424093247055
23.3647797735394
23.0018168242907
22.3451394416184
21.3469999473911
20.5214289032687
999.99
999.99
999.99
999.99
999.99
999.99
999.99
999.99
999.99
999.99
999.99
999.99
999.99
999.99
999.99
999.99
999.99
999.99
999.99
999.99
999.99
999.99
999.99
999.99
999.99
999.99
999.99
999.99
999.99
999.99
999.99
999.99
999.99
999.99
999.99
999.99
999.99
999.99
999.99
999.99
999.99
999.99
999.99
999.99
999.99
999.99
999.99
999.99
999.99
999.99
999.99
999.99
999.99
999.99
999.99
999.99
999.99
999.99
999.99
999.99
999.99
999.99
999.99
999.99
24.0712715220532
24.0080034843206
23.9152237613665
23.8649547038328
23.7844599303136
23.6809860627178
23.6953066202091
23.6420940766551
23.4989371122631
23.5731393728223
23.557965071811
23.5641916376307
23.5353756267528
23.2583972125436
22.8923863346648
22.3941846689895
21.8006884507521
21.0349847879662
20.5541167247387
21.9439524942614
999.99
999.99
999.99
999.99
999.99
999.99
999.99
999.99
999.99
999.99
999.99
999.99
999.99
999.99
999.99
999.99
999.99
999.99
999.99
999.99
999.99
999.99
999.99
999.99
999.99
999.99
999.99
999.99
999.99
999.99
999.99
999.99
999.99
999.99
999.99
999.99
999.99
999.99
999.99
999.99
999.99
999.99
999.99
999.99
999.99
999.99
999.99
999.99
999.99
999.99
999.99
999.99
999.99
999.99
999.99
999.99
999.99
999.99
24.4358301262206
24.3287265658197
24.215525053924
24.1639013605442
24.1071309109009
24.1350256852295
23.9808003982081
23.7246932098241
23.6208673469388
23.691000809366
23.4625233947237
23.3483766890456
23.4694917039987
23.4713452674348
23.3755490293678
23.3231054563408
23.3576054421769
22.9290690571292
22.4567080637133
22.3977171528933
999.99
999.99
999.99
999.99
999.99
999.99
999.99
999.99
999.99
999.99
999.99
999.99
999.99
999.99
999.99
999.99
999.99
999.99
999.99
999.99
999.99
999.99
999.99
999.99
999.99
999.99
999.99
999.99
999.99
999.99
999.99
999.99
999.99
999.99
999.99
999.99
999.99
999.99
999.99
999.99
999.99
999.99
999.99
999.99
999.99
999.99
999.99
999.99
999.99
999.99
999.99
999.99
999.99
999.99
999.99
999.99
999.99
999.99
999.99
999.99
24.4002195121951
24.408897594969
24.3587787456446
24.2355130449562
24.1986478286734
24.2001846689895
24.1025264723379
24.1341254355401
24.1037758137163
24.0296341463415
23.7159194357101
23.4643379790941
23.4554273816606
23.4886968641115
23.4435254525368
23.2613797909408
22.9640928868871
22.9221567944251
22.8651279000595
22.8627491289199
999.99
999.99
999.99
999.99
999.99
999.99
999.99
999.99
999.99
999.99
999.99
999.99
999.99
999.99
999.99
999.99
999.99
999.99
999.99
999.99
999.99
999.99
999.99
999.99
999.99
999.99
999.99
999.99
999.99
999.99
999.99
999.99
999.99
999.99
999.99
999.99
999.99
999.99
999.99
999.99
999.99
999.99
999.99
999.99
999.99
999.99
999.99
999.99
999.99
999.99
999.99
999.99
999.99
999.99
999.99
999.99
999.99
999.99
999.99
24.216056329849
24.1100471718729
24.1006455948233
24.067590638873
24.0634693047951
24.0295408163265
24.1078223826116
24.2351572112486
24.3411933818144
24.2072540235606
24.0885611981854
23.9953551518168
23.9120034600396
23.7349278247885
23.4196230984958
23.301993529119
23.2653277224037
23.3604211050274
23.2987502579854
23.3105013273602
999.99
999.99
999.99
999.99
999.99
999.99
999.99
999.99
999.99
999.99
999.99
999.99
999.99
999.99
999.99
999.99
999.99
999.99
999.99
999.99
999.99
999.99
999.99
999.99
999.99
999.99
999.99
999.99
999.99
999.99
999.99
999.99
999.99
999.99
999.99
999.99
999.99
999.99
999.99
999.99
999.99
999.99
999.99
999.99
999.99
999.99
999.99
999.99
999.99
999.99
999.99
999.99
999.99
999.99
999.99
999.99
999.99
24.5898588850174
24.4630211608736
24.5631445993031
24.7003310104529
24.6652839721254
24.6830282144981
24.6851149825784
24.4924748024135
24.4462543554007
24.451243902439
24.3375087108014
24.3019954108949
24.3202456445993
24.2837294127645
24.1482793405286
23.918787456446
23.6740786946545
23.5909512195122
23.2970721509306
22.824087108014
999.99
999.99
999.99
999.99
999.99
999.99
999.99
999.99
999.99
999.99
999.99
999.99
999.99
999.99
999.99
999.99
999.99
999.99
999.99
999.99
999.99
999.99
999.99
999.99
999.99
999.99
999.99
999.99
999.99
999.99
999.99
999.99
999.99
999.99
999.99
999.99
999.99
999.99
999.99
999.99
999.99
999.99
999.99
999.99
999.99
999.99
999.99
999.99
999.99
999.99
999.99
999.99
999.99
999.99
999.99
999.99
999.99
999.99
999.99
999.99
24.5016359309935
24.5556341463415
24.5710380725758
24.5927317073171
24.5443271861987
24.5094268292683
24.5896585365854
24.6056463414634
24.6175728732897
24.6450121951219
24.6343022010708
24.5624756097561
24.3223712076145
24.1507317073171
24.0608953004164
24.067243902439
23.9831784651993
23.8809006543724
23.7924146341463
23.5873587150505
23.2520487804877
22.8628643664485
22.488268292683
22.0908834027365
999.99
999.99
999.99
999.99
999.99
999.99
999.99
999.99
999.99
999.99
999.99
999.99
999.99
999.99
999.99
999.99
999.99
999.99
999.99
999.99
999.99
999.99
999.99
999.99
999.99
999.99
999.99
999.99
999.99
999.99
999.99
999.99
999.99
999.99
999.99
999.99
999.99
999.99
999.99
999.99
999.99
999.99
999.99
999.99
999.99
999.99
999.99
999.99
999.99
999.99
999.99
24.4983101045296
24.5180483555707
24.5195923344948
24.5742975269822
24.6233989971956
24.7157073170732
24.5764482026005
24.449881533101
24.5598581626583
24.4985853658537
24.481165122801
24.608594076655
24.5773189428061
24.5866289198606
24.468574912892
24.4941759581882
24.5863775813716
24.5405278745645
24.493508030934
24.4191742160279
24.2499435710037
24.0177944250871
23.9996663550608
23.8547003484321
23.6640140222657
23.4439172261409
23.1128257839721
22.913928953854
22.5994529616724
22.1628004589105
999.99
999.99
999.99
999.99
999.99
999.99
999.99
999.99
999.99
999.99
999.99
999.99
999.99
999.99
999.99
999.99
999.99
999.99
999.99
999.99
999.99
999.99
999.99
999.99
999.99
999.99
999.99
999.99
999.99
999.99
999.99
999.99
999.99
999.99
999.99
999.99
999.99
999.99
999.99
999.99
999.99
999.99
999.99
999.99
999.99
999.99
24.4953225121101
24.4945470383275
999.99
24.3695888501742
24.3016543723974
24.3024773519164
24.2941867935753
24.2310662020906
24.3185585960737
24.3701777003484
24.414186538625
24.498069856378
24.5589860627178
24.5535730432566
24.5099703832752
24.4412824849155
24.4941829268293
24.4444181184669
24.4581341463415
24.369789241098
24.492118466899
24.5892787456446
24.5697142857143
24.5362543554007
24.4437717770035
24.3923716325316
24.307
24.1548124415739
24.0418571428572
23.8824923939832
23.741712543554
999.99
999.99
999.99
999.99
999.99
999.99
999.99
999.99
999.99
999.99
999.99
999.99
999.99
999.99
999.99
999.99
999.99
999.99
999.99
999.99
999.99
999.99
999.99
999.99
999.99
999.99
999.99
999.99
999.99
999.99
999.99
999.99
999.99
999.99
999.99
999.99
999.99
999.99
999.99
999.99
999.99
999.99
999.99
999.99
999.99
999.99
999.99
999.99
23.8533168020332
23.8162178529949
24.2647989899113
24.3747952546873
24.1964489795918
24.1340740003319
24.2129475166628
24.28149991704
24.1829001485187
24.0930796416127
24.106462585034
24.1854710469554
24.1993301484782
24.211050107848
24.2352921689794
24.3055985747065
24.3920754936121
24.360976540527
24.3872940932471
24.5324557823129
24.6072898622864
24.5993916400588
24.4955614733698
24.3776772612674
24.4041336485814
24.4967210884354
24.5339059233449
24.5235923102138
24.4316888169902
999.99
999.99
999.99
999.99
999.99
999.99
999.99
999.99
999.99
999.99
999.99
999.99
999.99
999.99
999.99
999.99
999.99
999.99
999.99
999.99
999.99
999.99
999.99
999.99
999.99
999.99
999.99
999.99
999.99
999.99
999.99
999.99
999.99
999.99
999.99
999.99
999.99
999.99
999.99
999.99
999.99
999.99
999.99
999.99
999.99
999.99
999.99
999.99
999.99
999.99
999.99
23.4710174216028
23.5786957593269
23.4981986062718
23.6639528341973
23.9438432055749
24.0916236933798
24.0998536585366
23.9621789750999
24.0804390243902
24.0796159598878
23.9315296167247
23.8391932523158
23.8892857142857
23.9784303560806
24.0247839721254
23.9897075720235
23.9598397212544
24.0031080139373
24.0127231239908
23.9801167247387
23.9716800373927
24.0301533101045
24.0308163508116
24.2227282229965
24.3082128834877
24.4085540069686
24.364284779468
24.2229477351917
24.1542264808362
999.99
999.99
999.99
999.99
999.99
999.99
999.99
999.99
999.99
999.99
999.99
999.99
999.99
999.99
999.99
999.99
999.99
999.99
999.99
999.99
999.99
999.99
999.99
999.99
999.99
999.99
999.99
999.99
999.99
999.99
999.99
999.99
999.99
999.99
999.99
999.99
999.99
999.99
999.99
999.99
999.99
999.99
23.4297514639407
999.99
999.99
23.4104890492783
23.3486099948605
23.2722804048449
23.1634965986395
23.0058889995022
23.0159427940123
23.061537414966
23.1078531607765
23.0612701218501
23.2190491123278
23.2338666488606
23.3637574249212
23.4867586956257
23.8077096399535
23.9749843225809
24.1764038493446
24.0455434487894
23.8540723411316
23.7859591836735
23.7627783308445
23.6296876251988
23.650693877551
23.7374229382413
23.855988219678
23.9217491653413
24.0062007632321
23.9822859287677
24.0206957148118
24.089393894143
24.1537697475183
24.0873011448482
999.99
999.99
999.99
999.99
999.99
999.99
999.99
999.99
999.99
999.99
999.99
999.99
999.99
999.99
999.99
999.99
999.99
999.99
999.99
999.99
999.99
999.99
999.99
999.99
999.99
999.99
999.99
999.99
999.99
999.99
999.99
999.99
999.99
999.99
999.99
999.99
999.99
999.99
999.99
999.99
999.99
999.99
999.99
999.99
999.99
999.99
999.99
999.99
999.99
23.3615930143622
23.3623048780488
23.3584247471743
23.19143728223
23.2200633976375
23.1950418118467
23.3113820005099
23.2716393728223
23.0739584431036
22.9279497747939
22.8193902439024
22.7462705872355
22.6081602787456
22.6563744369849
23.1723832752613
23.4876024475227
23.5509337979094
23.6366659301436
23.6062160278746
23.7095876604062
23.8542090592334
23.9168594374097
23.8318919860627
23.7473630492054
23.6472229965157
23.7456325316563
999.99
999.99
999.99
999.99
999.99
999.99
999.99
999.99
999.99
999.99
999.99
999.99
999.99
999.99
999.99
999.99
999.99
999.99
999.99
999.99
999.99
999.99
999.99
999.99
999.99
999.99
999.99
999.99
999.99
999.99
999.99
999.99
999.99
999.99
999.99
999.99
999.99
999.99
999.99
999.99
999.99
999.99
999.99
999.99
999.99
999.99
999.99
999.99
999.99
999.99
999.99
999.99
999.99
999.99
999.99
999.99
999.99
23.2137360131441
23.0915034843206
23.117444406674
23.1556445993031
23.0992207586187
23.0346602787457
22.9768404861052
22.733762485482
22.5880662020906
22.5983110393473
22.4544703832753
22.4876669782726
22.60006271777
22.7906489617858
22.7858176538908
23.0553358828361
23.5195934959349
23.691933259681
23.8250081300813
999.99
999.99
23.9172848361236
999.99
999.99
999.99
999.99
999.99
999.99
999.99
999.99
999.99
999.99
999.99
999.99
999.99
999.99
999.99
999.99
999.99
999.99
999.99
999.99
999.99
999.99
999.99
999.99
999.99
999.99
999.99
999.99
999.99
999.99
999.99
999.99
999.99
999.99
999.99
999.99
999.99
999.99
999.99
999.99
999.99
999.99
999.99
999.99
999.99
999.99
999.99
999.99
999.99
999.99
999.99
999.99
999.99
999.99
999.99
999.99
999.99
999.99
999.99
999.99
999.99
23.3474728477947
23.5047857142857
23.3443669584431
23.2455348432056
23.268097645959
23.2021951219512
23.0641972465369
22.6993466898955
22.7371222911532
22.7770690915271
22.7177770034843
22.5246038072576
22.567850174216
22.6583702727968
22.814275261324
999.99
999.99
999.99
999.99
999.99
999.99
999.99
999.99
999.99
999.99
999.99
999.99
999.99
999.99
999.99
999.99
999.99
999.99
999.99
999.99
999.99
999.99
999.99
999.99
999.99
999.99
999.99
999.99
999.99
999.99
999.99
999.99
999.99
999.99
999.99
999.99
999.99
999.99
999.99
999.99
999.99
999.99
999.99
999.99
999.99
999.99
999.99
999.99
999.99
999.99
999.99
999.99
999.99
999.99
999.99
999.99
999.99
999.99
999.99
999.99
999.99
999.99
999.99
999.99
999.99
999.99
999.99
999.99
23.2657257584771
23.4013205574913
23.3416468088723
23.118456445993
22.9820153820005
22.9983118466899
23.0109038837427
22.9453397212543
22.8068788136314
22.6619737401207
22.6305226480836
22.5172436474887
999.99
999.99
999.99
999.99
999.99
999.99
999.99
999.99
999.99
999.99
999.99
999.99
999.99
999.99
999.99
999.99
999.99
999.99
999.99
999.99
999.99
999.99
999.99
999.99
999.99
999.99
999.99
999.99
999.99
999.99
999.99
999.99
999.99
999.99
999.99
999.99
999.99
999.99
999.99
999.99
999.99
999.99
999.99
999.99
999.99
999.99
999.99
999.99
999.99
999.99
999.99
999.99
999.99
999.99
999.99
999.99
999.99
999.99
999.99
999.99
999.99
999.99
999.99
999.99
999.99
999.99
999.99
999.99
999.99
999.99
999.99
999.99
23.2382996515679
23.1138919860627
999.99
999.99
999.99
999.99
999.99
999.99
999.99
999.99
999.99
999.99
999.99
999.99
999.99
999.99
999.99
999.99
999.99
999.99
999.99
999.99
999.99
999.99
999.99
999.99
999.99
999.99
999.99
999.99
999.99
999.99
999.99
999.99
999.99
999.99
999.99
999.99
999.99
999.99
999.99
999.99
999.99
999.99
999.99
999.99
999.99
999.99
999.99
999.99
999.99
999.99
999.99
999.99
999.99
999.99
999.99
999.99
999.99
999.99
999.99
999.99
999.99
999.99
999.99
999.99
999.99
999.99
999.99
999.99
999.99
999.99
999.99
999.99
999.99
999.99
999.99
999.99
999.99
999.99
999.99
999.99
999.99
999.99
999.99
999.99
999.99
999.99
999.99
999.99
999.99
999.99
999.99
999.99
999.99
999.99
999.99
999.99
999.99
999.99
999.99
999.99
999.99
999.99
999.99
999.99
999.99
999.99
999.99
999.99
999.99
999.99
999.99
999.99
999.99
999.99
999.99
999.99
999.99
999.99
999.99
999.99
999.99
999.99
999.99
999.99
999.99
999.99
999.99
999.99
999.99
999.99
999.99
999.99
999.99
999.99
999.99
999.99
999.99
999.99
999.99
999.99
999.99
999.99
999.99
999.99
999.99
999.99
999.99
999.99
999.99
999.99
999.99
999.99
999.99
999.99
999.99
999.99
999.99
999.99
999.99
999.99
999.99
999.99
999.99
999.99
999.99
999.99
999.99
999.99
999.99
999.99
999.99
999.99
999.99
999.99
999.99
999.99
999.99
999.99
999.99
999.99
999.99
999.99
999.99
999.99
999.99
999.99
999.99
999.99
999.99
999.99
999.99
999.99
999.99
999.99
999.99
999.99
999.99
999.99
999.99
999.99
999.99
999.99
999.99
999.99
999.99
999.99
999.99
999.99
999.99
999.99
999.99
999.99
999.99
999.99
999.99
999.99
999.99
999.99
999.99
999.99
999.99
999.99
999.99
999.99
999.99
999.99
999.99
999.99
999.99
999.99
999.99
999.99
999.99
999.99
999.99
999.99
999.99
999.99
999.99
999.99
999.99
999.99
999.99
999.99
999.99
999.99
999.99
999.99
999.99
999.99
999.99
999.99
999.99
999.99
999.99
999.99
999.99
999.99
999.99
999.99
999.99
999.99
999.99
999.99
999.99
999.99
999.99
999.99
999.99
999.99
999.99
999.99
999.99
999.99
999.99
999.99
999.99
999.99
999.99
999.99
999.99
999.99
999.99
999.99
999.99
999.99
999.99
999.99
999.99
999.99
999.99
999.99
999.99
999.99
999.99
999.99
999.99
999.99
999.99
999.99
999.99
999.99
999.99
999.99
999.99
999.99
999.99
999.99
999.99
999.99
999.99
999.99
999.99
999.99
999.99
999.99
999.99
999.99
999.99
999.99
999.99
999.99
999.99
999.99
999.99
999.99
999.99
999.99
999.99
999.99
999.99
999.99
999.99
999.99
999.99
999.99
999.99
999.99
999.99
999.99
999.99
999.99
999.99
999.99
999.99
999.99
999.99
999.99
999.99
999.99
999.99
999.99
999.99
999.99
999.99
999.99
999.99
999.99
999.99
999.99
999.99
999.99
999.99
999.99
999.99
999.99
999.99
999.99
999.99
999.99
999.99
999.99
999.99
999.99
999.99
999.99
999.99
999.99
999.99
999.99
999.99
999.99
999.99
999.99
999.99
999.99
999.99
999.99
999.99
999.99
999.99
999.99
999.99
999.99
999.99
999.99
999.99
999.99
999.99
999.99
999.99
999.99
999.99
999.99
999.99
999.99
999.99
999.99
999.99
999.99
999.99
