999.99
999.99
999.99
999.99
999.99
999.99
999.99
999.99
999.99
999.99
999.99
999.99
999.99
999.99
999.99
999.99
999.99
999.99
999.99
999.99
999.99
999.99
999.99
999.99
999.99
999.99
999.99
999.99
999.99
999.99
999.99
999.99
999.99
999.99
999.99
999.99
999.99
999.99
999.99
999.99
999.99
999.99
999.99
999.99
999.99
999.99
999.99
999.99
999.99
999.99
999.99
999.99
999.99
999.99
999.99
999.99
999.99
999.99
999.99
999.99
999.99
999.99
999.99
999.99
999.99
999.99
999.99
999.99
999.99
999.99
999.99
999.99
999.99
999.99
999.99
999.99
999.99
999.99
999.99
999.99
999.99
999.99
999.99
999.99
999.99
999.99
999.99
999.99
999.99
999.99
999.99
999.99
999.99
999.99
999.99
999.99
999.99
999.99
999.99
999.99
999.99
999.99
999.99
999.99
999.99
999.99
999.99
999.99
999.99
999.99
999.99
999.99
999.99
999.99
999.99
999.99
999.99
999.99
999.99
999.99
999.99
999.99
999.99
999.99
999.99
999.99
999.99
999.99
999.99
999.99
999.99
999.99
999.99
999.99
21.832744794765
21.994275261324
21.9736411149826
21.9319536840316
21.8428954703833
22.0292555451687
21.5559581881534
21.4418842525708
21.2643902439024
21.2015201835642
20.8052508710801
20.7784869550438
20.5658083623693
20.4399909067732
20.1216167247387
19.8596898954703
19.5487456445993
19.2068352171327
18.9371219512196
18.7601881533101
18.5660766550523
999.99
999.99
999.99
999.99
999.99
999.99
999.99
999.99
999.99
999.99
999.99
999.99
999.99
999.99
999.99
999.99
999.99
999.99
999.99
999.99
999.99
999.99
999.99
999.99
999.99
999.99
999.99
999.99
999.99
999.99
999.99
999.99
999.99
999.99
999.99
999.99
999.99
999.99
999.99
999.99
999.99
999.99
999.99
999.99
999.99
999.99
999.99
999.99
999.99
999.99
999.99
999.99
999.99
999.99
999.99
999.99
999.99
999.99
999.99
999.99
999.99
999.99
21.8309864451432
21.8196220058517
22.0111791936287
22.0785619043572
22.0283631159781
22.0100827374376
21.7577732702838
21.6374784749117
21.2377832254853
20.8342780475664
20.7104275759084
20.4479463026139
20.1820400696864
20.0981165972635
19.6599718765554
19.3141632653061
19.0486082628173
19.1609554079811
19.1653544051767
19.0472991720186
18.8564614235938
999.99
999.99
999.99
999.99
999.99
999.99
999.99
999.99
999.99
999.99
999.99
999.99
999.99
999.99
999.99
999.99
999.99
999.99
999.99
999.99
999.99
999.99
999.99
999.99
999.99
999.99
999.99
999.99
999.99
999.99
999.99
999.99
999.99
999.99
999.99
999.99
999.99
999.99
999.99
999.99
999.99
999.99
999.99
999.99
999.99
999.99
999.99
999.99
999.99
999.99
999.99
999.99
999.99
999.99
999.99
999.99
999.99
999.99
999.99
999.99
999.99
999.99
21.8303763066202
21.8383933033059
22.0288083623693
22.177509220702
22.1579512195122
22.0471520353531
21.986299651568
21.9370848984448
21.770118466899
21.4802190022945
21.1734738675958
20.9962682926829
20.7250975609756
20.647415568964
20.5493902439024
20.4738515339508
20.2000243902439
19.9796697543979
19.7451080139373
19.5503048355571
19.5572857142857
999.99
999.99
999.99
999.99
999.99
999.99
999.99
999.99
999.99
999.99
999.99
999.99
999.99
999.99
999.99
999.99
999.99
999.99
999.99
999.99
999.99
999.99
999.99
999.99
999.99
999.99
999.99
999.99
999.99
999.99
999.99
999.99
999.99
999.99
999.99
999.99
999.99
999.99
999.99
999.99
999.99
999.99
999.99
999.99
999.99
999.99
999.99
999.99
999.99
999.99
999.99
999.99
999.99
999.99
999.99
999.99
999.99
999.99
999.99
999.99
999.99
999.99
21.9528546783377
22.0126849664316
22.0995400696864
22.1417731792301
22.0756864111498
21.9509450157219
21.8996236933798
21.9404783717175
21.685243902439
21.4868490694315
21.3661916376307
21.3915574912892
21.3736480836237
21.2030253250616
20.9157421602787
20.6675613155434
20.325425087108
19.9509806237784
19.8849442508712
19.4914947735191
39.4481881533115
999.99
999.99
999.99
999.99
999.99
999.99
999.99
999.99
999.99
999.99
999.99
999.99
999.99
999.99
999.99
999.99
999.99
999.99
999.99
999.99
999.99
999.99
999.99
999.99
999.99
999.99
999.99
999.99
999.99
999.99
999.99
999.99
999.99
999.99
999.99
999.99
999.99
999.99
999.99
999.99
999.99
999.99
999.99
999.99
999.99
999.99
999.99
999.99
999.99
999.99
999.99
999.99
999.99
999.99
999.99
999.99
999.99
999.99
999.99
999.99
999.99
999.99
999.99
22.1171136228435
22.1022369337979
22.1063814056259
22.0707526132404
22.0309288688706
21.9342857142857
21.8698736296422
21.6022578397213
21.4537133508966
21.4944355400697
21.5796144301861
21.5752404181185
21.3384401291748
21.0647630662021
20.7834320557491
20.3690174216028
20.1255911447269
19.8322613240418
19.5895847709697
22.4890589747834
22.4890589747834
999.99
999.99
999.99
999.99
999.99
999.99
999.99
999.99
999.99
999.99
999.99
999.99
999.99
999.99
999.99
999.99
999.99
999.99
999.99
999.99
999.99
999.99
999.99
999.99
999.99
999.99
999.99
999.99
999.99
999.99
999.99
999.99
999.99
999.99
999.99
999.99
999.99
999.99
999.99
999.99
999.99
999.99
999.99
999.99
999.99
999.99
999.99
999.99
999.99
999.99
999.99
999.99
999.99
999.99
999.99
999.99
999.99
999.99
999.99
999.99
999.99
21.8863209824084
21.8461957168352
21.9719163763066
22.1866508030934
22.1324111498258
22.0050129174811
21.9165853658537
21.8392603892241
21.744512195122
21.5365537520184
21.4912369337979
21.4120561740461
21.2403867595819
21.0596436644854
20.7779512195122
20.4623321152375
20.3758432055749
20.1639200305941
19.962149825784
19.6284945185689
20.0785574912892
999.99
999.99
999.99
999.99
999.99
999.99
999.99
999.99
999.99
999.99
999.99
999.99
999.99
999.99
999.99
999.99
999.99
999.99
999.99
999.99
999.99
999.99
999.99
999.99
999.99
999.99
999.99
999.99
999.99
999.99
999.99
999.99
999.99
999.99
999.99
999.99
999.99
999.99
999.99
999.99
999.99
999.99
999.99
999.99
999.99
999.99
999.99
999.99
999.99
999.99
999.99
999.99
999.99
999.99
999.99
999.99
999.99
999.99
999.99
999.99
999.99
999.99
999.99
999.99
21.7763832752613
21.5929934279482
21.5293054587689
21.4783887142007
21.2509860627178
21.3940476190476
21.4232102206736
21.2791195150279
21.0338095238095
20.7116888473415
20.7100290360047
20.7682344126229
20.6395818815331
20.4848293532761
20.3336666666667
19.988231438203
19.4950209059234
19.131144471828
18.6753507549361
19.0911622050367
22.4890589747834
999.99
999.99
999.99
999.99
999.99
999.99
999.99
999.99
999.99
999.99
999.99
999.99
999.99
999.99
999.99
999.99
999.99
999.99
999.99
999.99
999.99
999.99
999.99
999.99
999.99
999.99
999.99
999.99
999.99
999.99
999.99
999.99
999.99
999.99
999.99
999.99
999.99
999.99
999.99
999.99
999.99
999.99
999.99
999.99
999.99
999.99
999.99
999.99
999.99
999.99
999.99
999.99
999.99
999.99
999.99
999.99
999.99
999.99
999.99
999.99
999.99
999.99
999.99
21.5639825783972
21.551787456446
21.4756606611711
21.5920348432056
21.346319112773
21.2958641114983
21.171215517974
21.0941358885017
21.057285374352
21.0481672473868
20.9331799099176
20.8377212543554
20.7467155604657
20.3576515679442
19.9460756352512
19.5506933797909
19.1723685731283
18.5048327526132
18.2889790940766
18.4656604062208
18.5922142857143
999.99
999.99
999.99
999.99
999.99
999.99
999.99
999.99
999.99
999.99
999.99
999.99
999.99
999.99
999.99
999.99
999.99
999.99
999.99
999.99
999.99
999.99
999.99
999.99
999.99
999.99
999.99
999.99
999.99
999.99
999.99
999.99
999.99
999.99
999.99
999.99
999.99
999.99
999.99
999.99
999.99
999.99
999.99
999.99
999.99
999.99
999.99
999.99
999.99
999.99
999.99
999.99
999.99
999.99
999.99
999.99
999.99
999.99
22.0236575410652
21.8969608914357
21.840469080196
21.6988193130911
21.6713610298373
21.7402651402025
21.9761554387371
22.1641083457773
22.3696024839442
22.3657823129252
22.1025564026919
21.3788309274929
21.2532722504826
21.2753575576572
21.3173478371718
21.1745647917704
21.2188748598785
21.0544642442343
20.9494557823129
20.7178918201427
20.32811882302
999.99
999.99
999.99
999.99
999.99
999.99
999.99
999.99
999.99
999.99
999.99
999.99
999.99
999.99
999.99
999.99
999.99
999.99
999.99
999.99
999.99
999.99
999.99
999.99
999.99
999.99
999.99
999.99
999.99
999.99
999.99
999.99
999.99
999.99
999.99
999.99
999.99
999.99
999.99
999.99
999.99
999.99
999.99
999.99
999.99
999.99
999.99
999.99
999.99
999.99
999.99
999.99
999.99
999.99
999.99
999.99
999.99
999.99
999.99
999.99
999.99
999.99
999.99
22.3614181184669
22.3413567604317
22.396668989547
22.2362661680972
22.0590452961672
21.9706129004844
21.8480557491289
22.0248771139627
22.2691045296167
22.2980847284779
22.2719163763066
22.251962692275
22.1758397212543
21.8424711481261
21.5461533101045
21.5466611710716
21.4363066202091
21.3852749213903
21.3619825783972
21.2947129259794
21.1211184668989
999.99
999.99
999.99
999.99
999.99
999.99
999.99
999.99
999.99
999.99
999.99
999.99
999.99
999.99
999.99
999.99
999.99
999.99
999.99
999.99
999.99
999.99
999.99
999.99
999.99
999.99
999.99
999.99
999.99
999.99
999.99
999.99
999.99
999.99
999.99
999.99
999.99
999.99
999.99
999.99
999.99
999.99
999.99
999.99
999.99
999.99
999.99
999.99
999.99
999.99
999.99
999.99
999.99
999.99
999.99
999.99
999.99
999.99
999.99
999.99
999.99
999.99
22.6250455753985
22.6362567227962
22.5086912228306
22.3441629739344
22.214281068525
22.1069100227837
22.1006754604281
22.1618615296208
22.1300084619214
22.1831972789116
22.3105632984901
22.3956510701842
22.3938453625353
22.4281989664396
22.4745550024888
22.377033928622
22.1829847353576
22.2443539964469
22.2944805043969
22.2715730634907
22.0904793429567
999.99
999.99
999.99
999.99
999.99
999.99
999.99
999.99
999.99
999.99
999.99
999.99
999.99
999.99
999.99
999.99
999.99
999.99
999.99
999.99
999.99
999.99
999.99
999.99
999.99
999.99
999.99
999.99
999.99
999.99
999.99
999.99
999.99
999.99
999.99
999.99
999.99
999.99
999.99
999.99
999.99
999.99
999.99
999.99
999.99
999.99
999.99
999.99
999.99
999.99
999.99
999.99
999.99
999.99
999.99
999.99
999.99
999.99
999.99
999.99
999.99
999.99
999.99
999.99
999.99
999.99
22.4972961672474
22.4410057788731
22.4077526132404
22.347308999745
22.3574006968641
22.3890273646639
22.3992090592335
22.4698394663041
22.5091602787456
22.5075756777428
22.5153693379791
22.4832637885612
22.4545331010453
22.4578627517634
22.4549337979094
22.4512393983173
22.4134355400697
22.0930259199456
21.3906298121865
20.4211585365854
20.0768675108354
999.99
999.99
999.99
999.99
999.99
999.99
999.99
999.99
999.99
999.99
999.99
999.99
999.99
999.99
999.99
999.99
999.99
999.99
999.99
999.99
999.99
999.99
999.99
999.99
999.99
999.99
999.99
999.99
999.99
999.99
999.99
999.99
999.99
999.99
999.99
999.99
999.99
999.99
999.99
999.99
999.99
999.99
999.99
999.99
999.99
999.99
999.99
999.99
999.99
999.99
999.99
999.99
999.99
999.99
999.99
999.99
999.99
999.99
999.99
999.99
999.99
999.99
22.6994529616724
22.5728864621399
22.4875261324042
22.4013455426192
22.3643414634146
22.4219845330161
22.4177979094077
22.5214934137843
22.5269825783972
22.537541174471
22.5283170731707
22.5211980113878
22.519637630662
22.4994397892411
22.4402404181185
22.456960312739
22.395149825784
22.3171771054644
22.0337023030508
21.4793850174216
20.5405994731027
999.99
999.99
999.99
999.99
999.99
999.99
999.99
999.99
999.99
999.99
999.99
999.99
999.99
999.99
999.99
999.99
999.99
999.99
999.99
999.99
999.99
999.99
999.99
999.99
999.99
999.99
999.99
999.99
999.99
999.99
999.99
999.99
999.99
999.99
999.99
999.99
999.99
999.99
999.99
999.99
999.99
999.99
999.99
999.99
999.99
999.99
999.99
999.99
999.99
999.99
999.99
999.99
999.99
999.99
999.99
999.99
999.99
999.99
999.99
999.99
999.99
999.99
22.7022195121951
22.6081094586556
22.5911463414634
22.4831713265913
22.449756097561
22.3947626412849
22.3503414634146
22.3458518738846
22.4145853658537
22.3538197501487
22.4453170731707
22.5222195121951
22.4939268292683
22.4671707317073
22.464487804878
22.5070130874479
22.4476585365854
22.3288661511005
22.2418691255205
21.9334146341463
21.0968042831647
999.99
999.99
999.99
999.99
999.99
999.99
999.99
999.99
999.99
999.99
999.99
999.99
999.99
999.99
999.99
999.99
999.99
999.99
999.99
999.99
999.99
999.99
999.99
999.99
999.99
999.99
999.99
999.99
999.99
999.99
999.99
999.99
999.99
999.99
999.99
999.99
999.99
999.99
999.99
999.99
999.99
999.99
999.99
999.99
999.99
999.99
999.99
999.99
999.99
999.99
999.99
999.99
999.99
999.99
999.99
999.99
999.99
999.99
999.99
999.99
999.99
999.99
999.99
22.5567520183564
22.6331324041812
22.5461640180165
22.5920418118467
22.5886479986403
22.5513135888502
22.5148132064247
22.488574912892
22.5587097815926
22.6009965156794
22.5233572703323
22.4981358885017
22.4924033313504
22.5542891986063
22.5748057278831
22.50506271777
22.4784722529107
22.2538347922155
21.876799651568
21.005455851109
19.7110975609755
999.99
999.99
999.99
999.99
999.99
999.99
999.99
999.99
999.99
999.99
999.99
999.99
999.99
999.99
999.99
999.99
999.99
999.99
999.99
999.99
999.99
999.99
999.99
999.99
999.99
999.99
999.99
999.99
999.99
999.99
999.99
999.99
999.99
999.99
999.99
999.99
999.99
999.99
999.99
999.99
999.99
999.99
999.99
999.99
999.99
999.99
999.99
999.99
999.99
999.99
999.99
999.99
999.99
999.99
999.99
999.99
999.99
999.99
999.99
999.99
999.99
999.99
22.6398265144249
22.6775772357723
22.6426206926554
22.6387493777999
22.6038750905478
22.536425170068
22.5924211879874
22.5638804546209
22.5941465559454
22.6406051103368
22.5568231292517
22.5684477351916
22.6062295220289
22.5981035340966
22.5974753446887
22.5954570267131
22.5475368828078
22.3018799710246
21.9694395221503
21.3704155527767
20.5881309938608
999.99
999.99
999.99
999.99
999.99
999.99
999.99
999.99
999.99
999.99
999.99
999.99
999.99
999.99
999.99
999.99
999.99
999.99
999.99
999.99
999.99
999.99
999.99
999.99
999.99
999.99
999.99
999.99
999.99
999.99
999.99
999.99
999.99
999.99
999.99
999.99
999.99
999.99
999.99
999.99
999.99
999.99
999.99
999.99
999.99
999.99
999.99
999.99
999.99
999.99
999.99
999.99
999.99
999.99
999.99
999.99
999.99
999.99
999.99
999.99
999.99
999.99
999.99
999.99
22.5235007223591
22.5575087108014
22.5083136738336
22.6166759581882
22.6166840316138
22.6503205574913
22.679954958783
22.7263867595819
22.7030841335939
22.7129721254355
22.7193514064757
22.5806202090592
22.485646553922
22.4165087108014
22.3840229455256
22.1715376901504
21.7194895470383
21.0104068156709
20.08243728223
19.9923441828844
19.4770993031359
999.99
999.99
999.99
999.99
999.99
999.99
999.99
999.99
999.99
999.99
999.99
999.99
999.99
999.99
999.99
999.99
999.99
999.99
999.99
999.99
999.99
999.99
999.99
999.99
999.99
999.99
999.99
999.99
999.99
999.99
999.99
999.99
999.99
999.99
999.99
999.99
999.99
999.99
999.99
999.99
999.99
999.99
999.99
999.99
999.99
999.99
999.99
999.99
999.99
999.99
999.99
999.99
999.99
999.99
999.99
999.99
999.99
999.99
999.99
999.99
999.99
999.99
22.4552281076619
22.4131697361872
22.4503066242559
22.5551702339473
22.663744379965
22.7333223826116
22.7616700680272
22.6556444333831
22.6239861497246
22.6241139040982
22.6057837111049
22.5466292517007
22.3934063604026
22.2753789613406
22.2552204449894
22.0514357707389
21.8593369006139
21.3763056125484
20.7187766716442
20.1805694496716
20.0171792765887
999.99
999.99
999.99
999.99
999.99
999.99
999.99
999.99
999.99
999.99
999.99
999.99
999.99
999.99
999.99
999.99
999.99
999.99
999.99
999.99
999.99
999.99
999.99
999.99
999.99
999.99
999.99
999.99
999.99
999.99
999.99
999.99
999.99
999.99
999.99
999.99
999.99
999.99
999.99
999.99
999.99
999.99
999.99
999.99
999.99
999.99
999.99
999.99
999.99
999.99
999.99
999.99
999.99
999.99
999.99
999.99
999.99
999.99
999.99
999.99
999.99
22.2858013937282
22.274170476757
22.3886968641115
22.371509815586
22.3687456445993
22.4476729837682
22.5076898954704
22.5408732047251
22.5514181184669
22.5368676808022
22.6312160278746
22.4798840826039
22.5979198606272
22.2937815925895
22.243118466899
22.1973098495793
21.9448545083708
21.2407770034843
20.528606271777
20.1031411149825
19.875111328291
999.99
999.99
999.99
999.99
999.99
999.99
999.99
999.99
999.99
999.99
999.99
999.99
999.99
999.99
999.99
999.99
999.99
999.99
999.99
999.99
999.99
999.99
999.99
999.99
999.99
999.99
999.99
999.99
999.99
999.99
999.99
999.99
999.99
999.99
999.99
999.99
999.99
999.99
999.99
999.99
999.99
999.99
999.99
999.99
999.99
999.99
999.99
999.99
999.99
999.99
999.99
999.99
999.99
999.99
999.99
999.99
999.99
999.99
999.99
999.99
999.99
999.99
999.99
999.99
999.99
22.2498424710753
22.376587190974
22.3169455782313
22.2937043305127
22.3921056910569
22.3900519329683
22.549868518496
22.4986317405011
22.4645543974877
22.4252285548366
22.2919280190363
22.1019418450307
21.9199659863945
21.5406636618954
20.8171223660196
20.3956999801705
19.948631989381
19.4803367346939
19.3939645760743
25.4028580918428
22.4890589747834
999.99
999.99
999.99
999.99
999.99
999.99
999.99
999.99
999.99
999.99
999.99
999.99
999.99
999.99
999.99
999.99
999.99
999.99
999.99
999.99
999.99
999.99
999.99
999.99
999.99
999.99
999.99
999.99
999.99
999.99
999.99
999.99
999.99
999.99
999.99
999.99
999.99
999.99
999.99
999.99
999.99
999.99
999.99
999.99
999.99
999.99
999.99
999.99
999.99
999.99
999.99
999.99
999.99
999.99
999.99
999.99
999.99
999.99
999.99
999.99
999.99
22.5496585365854
22.367248066627
22.3627804878049
22.2438524687686
22.2625853658537
22.2883842950625
22.2778292682927
22.318496728138
22.3993414634146
22.2870279595479
21.9031463414634
21.7563259964307
21.2631463414634
20.9691754907793
20.5764271267102
20.1623414634146
19.9647037477692
19.4768048780487
19.1930255800119
22.4890589747834
999.99
999.99
999.99
999.99
999.99
999.99
999.99
999.99
999.99
999.99
999.99
999.99
999.99
999.99
999.99
999.99
999.99
999.99
999.99
999.99
999.99
999.99
999.99
999.99
999.99
999.99
999.99
999.99
999.99
999.99
999.99
999.99
999.99
999.99
999.99
999.99
999.99
999.99
999.99
999.99
999.99
999.99
999.99
999.99
999.99
999.99
999.99
999.99
999.99
999.99
999.99
999.99
999.99
999.99
999.99
999.99
999.99
999.99
999.99
999.99
999.99
999.99
22.6615564714881
22.5473135888502
22.4407408005439
22.3883972125435
22.3436236933798
22.2153972125436
22.0927566074615
22.2294216027875
22.291732472168
22.2438885017422
22.1898672558851
21.942425087108
21.8675805217983
21.5014041811847
21.172342143282
20.5528879068581
20.29906271777
19.6838316478287
19.287275261324
18.9620928868871
999.99
999.99
999.99
999.99
999.99
999.99
999.99
999.99
999.99
999.99
999.99
999.99
999.99
999.99
999.99
999.99
999.99
999.99
999.99
999.99
999.99
999.99
999.99
999.99
999.99
999.99
999.99
999.99
999.99
999.99
999.99
999.99
999.99
999.99
999.99
999.99
999.99
999.99
999.99
999.99
999.99
999.99
999.99
999.99
999.99
999.99
999.99
999.99
999.99
999.99
999.99
999.99
999.99
999.99
999.99
999.99
999.99
999.99
999.99
999.99
999.99
999.99
999.99
999.99
22.7785923344948
22.7040085833262
22.569968641115
22.5507795529872
22.4788989547038
22.3981165972635
22.3666306620209
22.3086338913912
22.2124878048781
22.0188327526133
21.7511045296168
21.3496470638226
20.9100104529617
20.3386010028045
19.8466553921985
19.6519024390244
19.6587381660576
19.3009616724738
29.1558036882724
22.4890589747834
999.99
999.99
999.99
999.99
999.99
999.99
999.99
999.99
999.99
999.99
999.99
999.99
999.99
999.99
999.99
999.99
999.99
999.99
999.99
999.99
999.99
999.99
999.99
999.99
999.99
999.99
999.99
999.99
999.99
999.99
999.99
999.99
999.99
999.99
999.99
999.99
999.99
999.99
999.99
999.99
999.99
999.99
999.99
999.99
999.99
999.99
999.99
999.99
999.99
999.99
999.99
999.99
999.99
999.99
999.99
999.99
999.99
999.99
999.99
999.99
999.99
22.9499651567944
22.9683420582986
22.8639059233449
22.8069918415909
22.7980522648084
22.8099448457551
22.7273972125435
22.5936159598878
22.5236620209059
22.448828333475
22.3763832752613
22.0809181609586
21.8107944250871
21.2790153820005
20.9900522648084
20.4589423812356
20.0029885272372
19.800637630662
19.6359270842186
19.2039198606271
999.99
999.99
999.99
999.99
999.99
999.99
999.99
999.99
999.99
999.99
999.99
999.99
999.99
999.99
999.99
999.99
999.99
999.99
999.99
999.99
999.99
999.99
999.99
999.99
999.99
999.99
999.99
999.99
999.99
999.99
999.99
999.99
999.99
999.99
999.99
999.99
999.99
999.99
999.99
999.99
999.99
999.99
999.99
999.99
999.99
999.99
999.99
999.99
999.99
999.99
999.99
999.99
999.99
999.99
999.99
999.99
999.99
999.99
999.99
999.99
999.99
999.99
999.99
999.99
23.0773935582561
23.1649790940767
23.2679125520523
23.177850174216
23.1163144386845
23.061637630662
22.9648005438939
22.7608153310104
22.5774410639925
22.3923205574913
22.1616402651484
21.7582439024391
21.3687179400017
20.8421881533101
20.3588945355655
20.1283728222996
20.0146289198606
19.9418772839296
19.5371550522647
18.9402221466814
999.99
999.99
999.99
999.99
999.99
999.99
999.99
999.99
999.99
999.99
999.99
999.99
999.99
999.99
999.99
999.99
999.99
999.99
999.99
999.99
999.99
999.99
999.99
999.99
999.99
999.99
999.99
999.99
999.99
999.99
999.99
999.99
999.99
999.99
999.99
999.99
999.99
999.99
999.99
999.99
999.99
999.99
999.99
999.99
999.99
999.99
999.99
999.99
999.99
999.99
999.99
999.99
999.99
999.99
999.99
999.99
999.99
999.99
999.99
999.99
999.99
999.99
23.2674878048781
23.1480275346308
23.1497351916376
23.1611980963712
23.1502682926829
22.9894354550863
22.960756097561
22.9656774878899
22.6688153310104
22.453946630407
22.1223832752613
21.7612132234215
21.4984634146342
21.3296620209059
20.9873344947735
20.6301228010538
20.4363431630832
20.2206585365854
19.9318930058638
19.7851655052265
999.99
999.99
999.99
999.99
999.99
999.99
999.99
999.99
999.99
999.99
999.99
999.99
999.99
999.99
999.99
999.99
999.99
999.99
999.99
999.99
999.99
999.99
999.99
999.99
999.99
999.99
999.99
999.99
999.99
999.99
999.99
999.99
999.99
999.99
999.99
999.99
999.99
999.99
999.99
999.99
999.99
999.99
999.99
999.99
999.99
999.99
999.99
999.99
999.99
999.99
999.99
999.99
999.99
999.99
999.99
999.99
999.99
999.99
999.99
999.99
999.99
999.99
999.99
999.99
999.99
23.2526580388253
23.1607405698746
23.0626157292185
22.7460630455633
22.5077784967646
22.3236669863662
22.3167834743653
22.18573649067
21.88868740667
21.723159914531
21.5647959183674
21.1914244315216
20.7247904430065
20.5693044956233
20.4788775510204
20.4144599303136
20.5064024450946
20.2932829766053
19.8217004334155
19.6153265306122
999.99
999.99
999.99
999.99
999.99
999.99
999.99
999.99
999.99
999.99
999.99
999.99
999.99
999.99
999.99
999.99
999.99
999.99
999.99
999.99
999.99
999.99
999.99
999.99
999.99
999.99
999.99
999.99
999.99
999.99
999.99
999.99
999.99
999.99
999.99
999.99
999.99
999.99
999.99
999.99
999.99
999.99
999.99
999.99
999.99
999.99
999.99
999.99
999.99
999.99
999.99
999.99
999.99
999.99
999.99
999.99
999.99
999.99
999.99
999.99
999.99
999.99
999.99
23.362
23.32601189768
23.2777317073171
23.1230618679358
22.8384390243902
22.709747769185
22.4918536585366
22.2675157644259
21.7297804878049
21.5009488399762
21.3968536585366
21.1619077929804
21.0881219512195
20.9654628197501
20.7269553837001
20.4710609756098
20.4269321832243
20.3105365853658
20.4966139202855
20.6443292682927
999.99
999.99
999.99
999.99
999.99
999.99
999.99
999.99
999.99
999.99
999.99
999.99
999.99
999.99
999.99
999.99
999.99
999.99
999.99
999.99
999.99
999.99
999.99
999.99
999.99
999.99
999.99
999.99
999.99
999.99
999.99
999.99
999.99
999.99
999.99
999.99
999.99
999.99
999.99
999.99
999.99
999.99
999.99
999.99
999.99
999.99
999.99
999.99
999.99
999.99
999.99
999.99
999.99
999.99
999.99
999.99
999.99
999.99
999.99
999.99
999.99
999.99
23.5604382231179
23.4857565953211
23.4478433634013
23.323368840219
23.21036589008
23.0466545545047
22.8222122521822
22.5977919362867
22.2396313540288
22.1055256346441
22.0278338938193
21.9709880537581
21.6358433876823
21.3184738675958
21.1044058808532
20.8711217448311
20.6886022896964
20.5956910123954
20.6996376306621
20.4349372093871
999.99
999.99
999.99
999.99
999.99
999.99
999.99
999.99
999.99
999.99
999.99
999.99
999.99
999.99
999.99
999.99
999.99
999.99
999.99
999.99
999.99
999.99
999.99
999.99
999.99
999.99
999.99
999.99
999.99
999.99
999.99
999.99
999.99
999.99
999.99
999.99
999.99
999.99
999.99
999.99
999.99
999.99
999.99
999.99
999.99
999.99
999.99
999.99
999.99
999.99
999.99
999.99
999.99
999.99
999.99
999.99
999.99
999.99
999.99
999.99
999.99
999.99
999.99
23.5966895555367
23.5000348432056
23.4564220277046
23.3622822299651
23.3105089657517
23.1468536585366
23.0652925979434
22.7704599303136
22.5664125095606
22.2629581881533
22.1516914251721
22.0952682926829
21.8742073595649
21.7471986062718
21.5677416503782
21.2378499192657
21.1930261324042
20.7896496983088
20.4633623693379
20.038758477097
999.99
999.99
999.99
999.99
999.99
999.99
999.99
999.99
999.99
999.99
999.99
999.99
999.99
999.99
999.99
999.99
999.99
999.99
999.99
999.99
999.99
999.99
999.99
999.99
999.99
999.99
999.99
999.99
999.99
999.99
999.99
999.99
999.99
999.99
999.99
999.99
999.99
999.99
999.99
999.99
999.99
999.99
999.99
999.99
999.99
999.99
999.99
999.99
999.99
999.99
999.99
999.99
999.99
999.99
999.99
999.99
999.99
999.99
999.99
999.99
999.99
23.5504343503017
23.5498153310105
23.5663808107419
23.5503066202091
23.4906157049375
23.3929895470383
23.4190501402227
23.3090801393728
23.1792571598538
23.0841045296167
23.0011724313759
22.7548118466899
22.5584837256735
22.4530557491289
22.316110138523
22.2770801393728
21.9935408345372
21.5518392113537
21.1749146341464
20.6550174216028
999.99
999.99
999.99
999.99
999.99
999.99
999.99
999.99
999.99
999.99
999.99
999.99
999.99
999.99
999.99
999.99
999.99
999.99
999.99
999.99
999.99
999.99
999.99
999.99
999.99
999.99
999.99
999.99
999.99
999.99
999.99
999.99
999.99
999.99
999.99
999.99
999.99
999.99
999.99
999.99
999.99
999.99
999.99
999.99
999.99
999.99
999.99
999.99
999.99
999.99
999.99
999.99
999.99
999.99
999.99
999.99
999.99
999.99
999.99
999.99
999.99
999.99
999.99
999.99
23.5012473867596
23.5500219257245
23.604850174216
23.5937282229965
23.5432195121951
23.4518442253761
23.3822264808362
23.3887393558256
23.2714425087108
23.1755400696864
23.1332020905923
22.9890744454832
22.7135156794425
22.4860208209399
22.416606271777
22.090020056089
21.9780045891051
21.8613240418118
21.1640394323106
20.3009721254355
999.99
999.99
999.99
999.99
999.99
999.99
999.99
999.99
999.99
999.99
999.99
999.99
999.99
999.99
999.99
999.99
999.99
999.99
999.99
999.99
999.99
999.99
999.99
999.99
999.99
999.99
999.99
999.99
999.99
999.99
999.99
999.99
999.99
999.99
999.99
999.99
999.99
999.99
999.99
999.99
999.99
999.99
999.99
999.99
999.99
999.99
999.99
999.99
999.99
999.99
999.99
999.99
999.99
999.99
999.99
999.99
999.99
999.99
999.99
999.99
999.99
999.99
999.99
23.4291393728223
23.3797081669074
23.4713066202091
23.4611781252656
23.4617595818815
23.360969235999
23.3515609756098
23.3749844480326
23.2567386759582
23.2077645959038
23.1384912891986
23.1154163338149
23.0158850174216
22.9044146341463
22.7460975609756
22.3520757202345
22.0838937707146
21.6002508710802
21.0348287583921
38.1132926829319
999.99
999.99
999.99
999.99
999.99
999.99
999.99
999.99
999.99
999.99
999.99
999.99
999.99
999.99
999.99
999.99
999.99
999.99
999.99
999.99
999.99
999.99
999.99
999.99
999.99
999.99
999.99
999.99
999.99
999.99
999.99
999.99
999.99
999.99
999.99
999.99
999.99
999.99
999.99
999.99
999.99
999.99
999.99
999.99
999.99
999.99
999.99
999.99
999.99
999.99
999.99
999.99
999.99
999.99
999.99
999.99
999.99
999.99
999.99
999.99
999.99
999.99
22.7925136398402
22.8632857142857
23.1213344947735
23.0775017421603
23.1385878303731
23.2140069686411
23.1760718109969
23.2111742160279
23.1373713775814
23.0840592334495
23.0766558171156
23.0633101045296
23.0842959972805
23.0070034843206
22.8523600747854
22.6517038327526
22.3530534545763
21.9729269142517
21.3979303135889
21.1174296762131
999.99
999.99
999.99
999.99
999.99
999.99
999.99
999.99
999.99
999.99
999.99
999.99
999.99
999.99
999.99
999.99
999.99
999.99
999.99
999.99
999.99
999.99
999.99
999.99
999.99
999.99
999.99
999.99
999.99
999.99
999.99
999.99
999.99
999.99
999.99
999.99
999.99
999.99
999.99
999.99
999.99
999.99
999.99
999.99
999.99
999.99
999.99
999.99
999.99
999.99
999.99
999.99
999.99
999.99
999.99
999.99
999.99
999.99
999.99
999.99
999.99
999.99
23.315487804878
22.8687947650208
22.7258292682927
22.7751207614515
22.9004390243902
22.9194271267103
22.953756097561
22.9041665675193
22.9601951219512
22.8098923259964
22.8039512195122
22.8616847114813
22.8320731707317
22.7958500892326
22.6866097560976
22.5613503866746
22.1243414634146
21.7764146341463
21.5231017251636
20.6853292682927
999.99
999.99
999.99
999.99
999.99
999.99
999.99
999.99
999.99
999.99
999.99
999.99
999.99
999.99
999.99
999.99
999.99
999.99
999.99
999.99
999.99
999.99
999.99
999.99
999.99
999.99
999.99
999.99
999.99
999.99
999.99
999.99
999.99
999.99
999.99
999.99
999.99
999.99
999.99
999.99
999.99
999.99
999.99
999.99
999.99
999.99
999.99
999.99
999.99
999.99
999.99
999.99
999.99
999.99
999.99
999.99
999.99
999.99
999.99
999.99
999.99
999.99
999.99
23.4135043968807
23.353390110357
23.018268707483
22.6476005880044
22.3338453625353
22.5038678629096
22.4477620706819
22.4402150222373
22.3132669653227
22.2308646375861
22.2202969138875
22.2210259401797
22.2179007798241
22.359576970705
22.2561104197777
22.0615194692987
21.9892909407665
21.6196415520402
20.7773329691186
19.9012412477186
999.99
999.99
999.99
999.99
999.99
999.99
999.99
999.99
999.99
999.99
999.99
999.99
999.99
999.99
999.99
999.99
999.99
999.99
999.99
999.99
999.99
999.99
999.99
999.99
999.99
999.99
999.99
999.99
999.99
999.99
999.99
999.99
999.99
999.99
999.99
999.99
999.99
999.99
999.99
999.99
999.99
999.99
999.99
999.99
999.99
999.99
999.99
999.99
999.99
999.99
999.99
999.99
999.99
999.99
999.99
999.99
999.99
999.99
999.99
999.99
999.99
999.99
999.99
999.99
23.3244062207869
23.2527804878049
23.0938666610012
22.6180209059234
22.6679995750829
22.5375121951219
22.4319547038327
22.5955087108014
22.1940467408855
21.9448885017422
22.009063907538
22.0839860627178
22.4042751763406
22.1781533101046
22.0526178295232
21.4248397212544
20.5305064162488
19.8551793150335
19.6773432055749
21.0932232514637
999.99
999.99
999.99
999.99
999.99
999.99
999.99
999.99
999.99
999.99
999.99
999.99
999.99
999.99
999.99
999.99
999.99
999.99
999.99
999.99
999.99
999.99
999.99
999.99
999.99
999.99
999.99
999.99
999.99
999.99
999.99
999.99
999.99
999.99
999.99
999.99
999.99
999.99
999.99
999.99
999.99
999.99
999.99
999.99
999.99
999.99
999.99
999.99
999.99
999.99
999.99
999.99
999.99
999.99
999.99
999.99
999.99
999.99
23.3214905466053
23.439309833392
23.3133931475029
23.2340408163265
23.1784144682263
23.2050946776093
23.2314219346275
22.8819091506918
22.8403775510204
22.6820007668743
22.6208286875726
22.5434689790253
22.712656296665
23.1073010942628
22.8181158121785
22.2495804266976
22.1309897959184
22.2640258572197
22.0426483325038
21.0441946990576
999.99
999.99
999.99
999.99
999.99
999.99
999.99
999.99
999.99
999.99
999.99
999.99
999.99
999.99
999.99
999.99
999.99
999.99
999.99
999.99
999.99
999.99
999.99
999.99
999.99
999.99
999.99
999.99
999.99
999.99
999.99
999.99
999.99
999.99
999.99
999.99
999.99
999.99
999.99
999.99
999.99
999.99
999.99
999.99
999.99
999.99
999.99
999.99
999.99
999.99
999.99
999.99
999.99
999.99
999.99
999.99
999.99
999.99
999.99
999.99
23.2116829268293
23.2989736551372
23.1433571428571
23.4273846349962
23.4808488994646
23.484850174216
23.2328070876179
23.198456445993
23.0388071726013
22.9110069686411
22.9384715730433
22.6684773519164
22.813310189513
22.7492961672474
23.0562051499957
23.0598327526132
22.9126314268718
22.8096829268292
22.4499670264298
21.8523519163763
999.99
999.99
999.99
999.99
999.99
999.99
999.99
999.99
999.99
999.99
999.99
999.99
999.99
999.99
999.99
999.99
999.99
999.99
999.99
999.99
999.99
999.99
999.99
999.99
999.99
999.99
999.99
999.99
999.99
999.99
999.99
999.99
999.99
999.99
999.99
999.99
999.99
999.99
999.99
999.99
999.99
999.99
999.99
999.99
999.99
999.99
999.99
999.99
999.99
999.99
999.99
999.99
999.99
999.99
999.99
999.99
999.99
999.99
999.99
22.679162518666
22.5733742791584
22.8795194126431
23.1907658099528
23.2780915878547
23.2306598639456
23.239493943919
23.2585453164014
23.2144711157515
23.2000321884851
23.0589688272691
22.9573911564626
22.8533376351135
22.8262162767546
22.5654458938841
22.310306371329
22.2877105707244
22.4236369669819
22.5046863221196
22.4830009125601
999.99
999.99
999.99
999.99
999.99
999.99
999.99
999.99
999.99
999.99
999.99
999.99
999.99
999.99
999.99
999.99
999.99
999.99
999.99
999.99
999.99
999.99
999.99
999.99
999.99
999.99
999.99
999.99
999.99
999.99
999.99
999.99
999.99
999.99
999.99
999.99
999.99
999.99
999.99
999.99
999.99
999.99
999.99
999.99
999.99
999.99
999.99
999.99
999.99
999.99
999.99
999.99
999.99
999.99
999.99
999.99
999.99
22.9929860627178
22.9234237273731
22.9641289198606
22.9555993031359
22.939287456446
22.6369614175236
22.961087108014
23.1833424832158
23.0472648083624
23.291881533101
23.2691114982578
23.2561583241268
23.2435121951219
23.2180777598368
23.0245432990567
22.8861393728223
22.8099512195122
22.7153658536585
22.6735749978754
22.5008954703833
999.99
999.99
999.99
999.99
999.99
999.99
999.99
999.99
999.99
999.99
999.99
999.99
999.99
999.99
999.99
999.99
999.99
999.99
999.99
999.99
999.99
999.99
999.99
999.99
999.99
999.99
999.99
999.99
999.99
999.99
999.99
999.99
999.99
999.99
999.99
999.99
999.99
999.99
999.99
999.99
999.99
999.99
999.99
999.99
999.99
999.99
999.99
999.99
999.99
999.99
999.99
999.99
999.99
999.99
999.99
999.99
999.99
999.99
999.99
999.99
23.1018667459845
23.1539512195122
22.7623146936348
22.9492804878049
22.876505651398
22.7967804878049
22.7508048780488
22.649
22.5539351576442
22.8604390243902
22.628754907793
23.1922073170732
23.4247953599048
23.0806097560976
22.6463622843545
22.7839512195122
22.7740226055919
22.6654782867341
22.6009024390244
22.4550356930399
22.4480731707317
22.2352052349792
22.1088780487805
21.935515169542
999.99
999.99
999.99
999.99
999.99
999.99
999.99
999.99
999.99
999.99
999.99
999.99
999.99
999.99
999.99
999.99
999.99
999.99
999.99
999.99
999.99
999.99
999.99
999.99
999.99
999.99
999.99
999.99
999.99
999.99
999.99
999.99
999.99
999.99
999.99
999.99
999.99
999.99
999.99
999.99
999.99
999.99
999.99
999.99
999.99
999.99
999.99
999.99
999.99
999.99
999.99
23.0151567944251
23.1162201920625
23.0741602787457
23.0337017931503
23.0638973400187
23.1419738675958
23.1040161468514
22.8524930313589
22.7106202090593
22.9628048780488
22.8972252910682
22.5941724738676
22.6863414634146
22.670043554007
22.6568153310105
22.5704912891986
22.6887876264128
22.5818797909408
22.5371866236084
22.4573693379791
22.3664237273732
22.3154547038328
22.2502066796975
22.1983536585366
22.2202924279765
22.1530711311294
22.0262578397213
21.7695458485595
21.3692717770034
21.2970972210419
999.99
999.99
999.99
999.99
999.99
999.99
999.99
999.99
999.99
999.99
999.99
999.99
999.99
999.99
999.99
999.99
999.99
999.99
999.99
999.99
999.99
999.99
999.99
999.99
999.99
999.99
999.99
999.99
999.99
999.99
999.99
999.99
999.99
999.99
999.99
999.99
999.99
999.99
999.99
999.99
999.99
999.99
999.99
999.99
999.99
999.99
23.4264765870655
23.3975156794425
999.99
23.2943797909408
23.1701840741055
22.9165609756097
22.9778064077505
23.1306864111498
23.0373497068072
22.9742264808362
22.9958792385485
22.9547717345118
23.1363292682927
23.2028408260389
22.9546620209059
22.8590531996261
22.7947770034843
22.6989860627178
22.629456445993
22.56765666695
22.3831132404181
22.1570418118467
22.1703780487805
22.1075400696864
22.1882543554007
22.4527819325232
22.6291132404181
22.6171203365344
22.2385156794425
21.9089635421093
21.7849076655053
999.99
999.99
999.99
999.99
999.99
999.99
999.99
999.99
999.99
999.99
999.99
999.99
999.99
999.99
999.99
999.99
999.99
999.99
999.99
999.99
999.99
999.99
999.99
999.99
999.99
999.99
999.99
999.99
999.99
999.99
999.99
999.99
999.99
999.99
999.99
999.99
999.99
999.99
999.99
999.99
999.99
999.99
999.99
999.99
999.99
999.99
999.99
999.99
23.2344996418555
23.223137381782
23.3426432395683
23.4718612908578
23.5537755102041
23.3541859963498
23.1037284131976
22.8642465571594
22.9054993423901
22.8478508378962
22.8203741496599
22.8513155798905
22.7791241365077
22.7961735523478
22.7213497634628
22.7462959972805
22.9270705160113
22.8314095068129
22.4617308777169
22.2996598639456
22.2542766716443
22.0797261631601
22.1952940932471
22.2753722274157
22.1506476688236
22.339
22.4375087108014
22.3693060496061
22.2876966152315
999.99
999.99
999.99
999.99
999.99
999.99
999.99
999.99
999.99
999.99
999.99
999.99
999.99
999.99
999.99
999.99
999.99
999.99
999.99
999.99
999.99
999.99
999.99
999.99
999.99
999.99
999.99
999.99
999.99
999.99
999.99
999.99
999.99
999.99
999.99
999.99
999.99
999.99
999.99
999.99
999.99
999.99
999.99
999.99
999.99
999.99
999.99
999.99
999.99
999.99
999.99
23.3246515679443
23.3283909237699
23.4045226480836
23.6735653947481
23.4052404181185
23.4176480836237
23.3299059233449
23.3334402991417
23.4146829268293
23.0555558766041
22.982212543554
22.786316733237
22.4914773519164
22.7651800798844
22.5830034843206
22.6598929208804
22.7523031358885
22.6501239908218
22.5304182884338
22.5353379790941
22.5069677062973
22.4603101045296
22.3891014702133
22.1803571428572
21.8209080479307
21.6284407665505
21.62535820515
21.8016585365854
22.1492926829268
999.99
999.99
999.99
999.99
999.99
999.99
999.99
999.99
999.99
999.99
999.99
999.99
999.99
999.99
999.99
999.99
999.99
999.99
999.99
999.99
999.99
999.99
999.99
999.99
999.99
999.99
999.99
999.99
999.99
999.99
999.99
999.99
999.99
999.99
999.99
999.99
999.99
999.99
999.99
999.99
999.99
999.99
23.2496291727875
999.99
999.99
23.1940349261656
23.280572986601
23.2879558652729
23.203949536031
23.1865477020076
23.1848441201585
23.0563401360544
23.0116922183508
22.9765648281918
23.1561991040319
23.205756502244
23.3699047619048
23.3528444358112
23.5469304795089
23.4858918970324
23.388431060229
23.678656618388
23.3035674464908
23.383612552457
23.2151961174714
23.1993182143767
22.9924693877551
22.7514516747806
22.654331176373
22.5795644801645
22.5047846358055
22.5013022658201
22.3635952886806
22.2569399369504
21.8980736077893
21.8456839223494
999.99
999.99
999.99
999.99
999.99
999.99
999.99
999.99
999.99
999.99
999.99
999.99
999.99
999.99
999.99
999.99
999.99
999.99
999.99
999.99
999.99
999.99
999.99
999.99
999.99
999.99
999.99
999.99
999.99
999.99
999.99
999.99
999.99
999.99
999.99
999.99
999.99
999.99
999.99
999.99
999.99
999.99
999.99
999.99
999.99
999.99
999.99
999.99
999.99
22.8591712416079
23.0465662020905
22.6340623778363
22.3210278745644
22.6825159343928
22.9755766550522
23.2246580266848
23.1885243902439
23.1216372057449
22.7962681227161
22.3775853658537
22.733819410215
22.9252020905924
22.8163084898445
23.0035540069686
23.243020650973
23.4010731707317
23.3996273476672
23.2595993031359
23.3987756437495
23.3802543554007
23.3044823659386
23.1533484320557
23.0131271352086
22.7597560975609
22.526279425512
999.99
999.99
999.99
999.99
999.99
999.99
999.99
999.99
999.99
999.99
999.99
999.99
999.99
999.99
999.99
999.99
999.99
999.99
999.99
999.99
999.99
999.99
999.99
999.99
999.99
999.99
999.99
999.99
999.99
999.99
999.99
999.99
999.99
999.99
999.99
999.99
999.99
999.99
999.99
999.99
999.99
999.99
999.99
999.99
999.99
999.99
999.99
999.99
999.99
999.99
999.99
999.99
999.99
999.99
999.99
999.99
999.99
22.987157842554
22.9462740998839
23.1423491969066
23.1364047619047
22.7097164386278
22.7771416957027
22.6617777116796
22.4664680603949
22.4902803320019
22.7806266961276
22.9163135888502
22.9865418260106
22.9109895470383
22.9655048015637
23.0917804878049
23.2904245772074
23.481619047619
23.3473007846803
23.4484018583043
999.99
999.99
23.4568337440866
999.99
999.99
999.99
999.99
999.99
999.99
999.99
999.99
999.99
999.99
999.99
999.99
999.99
999.99
999.99
999.99
999.99
999.99
999.99
999.99
999.99
999.99
999.99
999.99
999.99
999.99
999.99
999.99
999.99
999.99
999.99
999.99
999.99
999.99
999.99
999.99
999.99
999.99
999.99
999.99
999.99
999.99
999.99
999.99
999.99
999.99
999.99
999.99
999.99
999.99
999.99
999.99
999.99
999.99
999.99
999.99
999.99
999.99
999.99
999.99
999.99
23.106426276876
22.9412491289198
22.8129358375117
22.6661480836237
22.4722440724059
22.4479111498259
22.4695084558511
22.6541341463415
22.9113608396362
22.8850163168182
22.9438222996516
23.0851055494179
23.0106306620209
23.1524150590635
23.197881533101
999.99
999.99
999.99
999.99
999.99
999.99
999.99
999.99
999.99
999.99
999.99
999.99
999.99
999.99
999.99
999.99
999.99
999.99
999.99
999.99
999.99
999.99
999.99
999.99
999.99
999.99
999.99
999.99
999.99
999.99
999.99
999.99
999.99
999.99
999.99
999.99
999.99
999.99
999.99
999.99
999.99
999.99
999.99
999.99
999.99
999.99
999.99
999.99
999.99
999.99
999.99
999.99
999.99
999.99
999.99
999.99
999.99
999.99
999.99
999.99
999.99
999.99
999.99
999.99
999.99
999.99
999.99
999.99
22.023175235829
22.1747038327526
22.5293348347072
22.3828414634146
22.5313204725079
22.2761324041811
22.6833133338999
22.7186620209059
22.7508683606696
22.8044757372312
23.1009442508711
23.1803505566415
999.99
999.99
999.99
999.99
999.99
999.99
999.99
999.99
999.99
999.99
999.99
999.99
999.99
999.99
999.99
999.99
999.99
999.99
999.99
999.99
999.99
999.99
999.99
999.99
999.99
999.99
999.99
999.99
999.99
999.99
999.99
999.99
999.99
999.99
999.99
999.99
999.99
999.99
999.99
999.99
999.99
999.99
999.99
999.99
999.99
999.99
999.99
999.99
999.99
999.99
999.99
999.99
999.99
999.99
999.99
999.99
999.99
999.99
999.99
999.99
999.99
999.99
999.99
999.99
999.99
999.99
999.99
999.99
999.99
999.99
999.99
999.99
22.1680871080139
22.1222508710801
999.99
999.99
999.99
999.99
999.99
999.99
999.99
999.99
999.99
999.99
999.99
999.99
999.99
999.99
999.99
999.99
999.99
999.99
999.99
999.99
999.99
999.99
999.99
999.99
999.99
999.99
999.99
999.99
999.99
999.99
999.99
999.99
999.99
999.99
999.99
999.99
999.99
999.99
999.99
999.99
999.99
999.99
999.99
999.99
999.99
999.99
999.99
999.99
999.99
999.99
999.99
999.99
999.99
999.99
999.99
999.99
999.99
999.99
999.99
999.99
999.99
999.99
999.99
999.99
999.99
999.99
999.99
999.99
999.99
999.99
999.99
999.99
999.99
999.99
999.99
999.99
999.99
999.99
999.99
999.99
999.99
999.99
999.99
999.99
999.99
999.99
999.99
999.99
999.99
999.99
999.99
999.99
999.99
999.99
999.99
999.99
999.99
999.99
999.99
999.99
999.99
999.99
999.99
999.99
999.99
999.99
999.99
999.99
999.99
999.99
999.99
999.99
999.99
999.99
999.99
999.99
999.99
999.99
999.99
999.99
999.99
999.99
999.99
999.99
999.99
999.99
999.99
999.99
999.99
999.99
999.99
999.99
999.99
999.99
999.99
999.99
999.99
999.99
999.99
999.99
999.99
999.99
999.99
999.99
999.99
999.99
999.99
999.99
999.99
999.99
999.99
999.99
999.99
999.99
999.99
999.99
999.99
999.99
999.99
999.99
999.99
999.99
999.99
999.99
999.99
999.99
999.99
999.99
999.99
999.99
999.99
999.99
999.99
999.99
999.99
999.99
999.99
999.99
999.99
999.99
999.99
999.99
999.99
999.99
999.99
999.99
999.99
999.99
999.99
999.99
999.99
999.99
999.99
999.99
999.99
999.99
999.99
999.99
999.99
999.99
999.99
999.99
999.99
999.99
999.99
999.99
999.99
999.99
999.99
999.99
999.99
999.99
999.99
999.99
999.99
999.99
999.99
999.99
999.99
999.99
999.99
999.99
999.99
999.99
999.99
999.99
999.99
999.99
999.99
999.99
999.99
999.99
999.99
999.99
999.99
999.99
999.99
999.99
999.99
999.99
999.99
999.99
999.99
999.99
999.99
999.99
999.99
999.99
999.99
999.99
999.99
999.99
999.99
999.99
999.99
999.99
999.99
999.99
999.99
999.99
999.99
999.99
999.99
999.99
999.99
999.99
999.99
999.99
999.99
999.99
999.99
999.99
999.99
999.99
999.99
999.99
999.99
999.99
999.99
999.99
999.99
999.99
999.99
999.99
999.99
999.99
999.99
999.99
999.99
999.99
999.99
999.99
999.99
999.99
999.99
999.99
999.99
999.99
999.99
999.99
999.99
999.99
999.99
999.99
999.99
999.99
999.99
999.99
999.99
999.99
999.99
999.99
999.99
999.99
999.99
999.99
999.99
999.99
999.99
999.99
999.99
999.99
999.99
999.99
999.99
999.99
999.99
999.99
999.99
999.99
999.99
999.99
999.99
999.99
999.99
999.99
999.99
999.99
999.99
999.99
999.99
999.99
999.99
999.99
999.99
999.99
999.99
999.99
999.99
999.99
999.99
999.99
999.99
999.99
999.99
999.99
999.99
999.99
999.99
999.99
999.99
999.99
999.99
999.99
999.99
999.99
999.99
999.99
999.99
999.99
999.99
999.99
999.99
999.99
999.99
999.99
999.99
999.99
999.99
999.99
999.99
999.99
999.99
999.99
999.99
999.99
999.99
999.99
999.99
999.99
999.99
999.99
999.99
999.99
999.99
999.99
999.99
999.99
999.99
999.99
999.99
999.99
999.99
999.99
999.99
999.99
999.99
999.99
999.99
999.99
999.99
