999.99
999.99
999.99
999.99
999.99
999.99
999.99
999.99
999.99
999.99
999.99
999.99
999.99
999.99
999.99
999.99
999.99
999.99
999.99
999.99
999.99
999.99
999.99
999.99
999.99
999.99
999.99
999.99
999.99
999.99
999.99
999.99
999.99
999.99
999.99
999.99
999.99
999.99
999.99
999.99
999.99
999.99
999.99
999.99
999.99
999.99
999.99
999.99
999.99
999.99
999.99
999.99
999.99
999.99
999.99
999.99
999.99
999.99
999.99
999.99
999.99
999.99
999.99
999.99
999.99
999.99
999.99
999.99
999.99
999.99
999.99
999.99
999.99
999.99
999.99
999.99
999.99
999.99
999.99
999.99
999.99
999.99
999.99
999.99
999.99
999.99
999.99
999.99
999.99
999.99
999.99
999.99
999.99
999.99
999.99
999.99
999.99
999.99
999.99
999.99
999.99
999.99
999.99
999.99
999.99
999.99
999.99
999.99
999.99
999.99
999.99
999.99
999.99
999.99
999.99
999.99
999.99
999.99
999.99
999.99
999.99
999.99
999.99
999.99
999.99
999.99
999.99
999.99
999.99
999.99
999.99
999.99
999.99
999.99
18.8469223251466
18.9415901249256
18.8603240418118
18.8768415059064
19.1455540069687
18.6341834792215
18.4708432055749
18.5170256649953
18.650668989547
18.7213767315374
18.7398710801394
18.7714042661681
18.6524459930313
18.586706892156
18.3980383275262
18.724072235914
18.9144111498258
18.8489852128835
19.0090139372823
18.8220731707317
18.3621463414634
999.99
999.99
999.99
999.99
999.99
999.99
999.99
999.99
999.99
999.99
999.99
999.99
999.99
999.99
999.99
999.99
999.99
999.99
999.99
999.99
999.99
999.99
999.99
999.99
999.99
999.99
999.99
999.99
999.99
999.99
999.99
999.99
999.99
999.99
999.99
999.99
999.99
999.99
999.99
999.99
999.99
999.99
999.99
999.99
999.99
999.99
999.99
999.99
999.99
999.99
999.99
999.99
999.99
999.99
999.99
999.99
999.99
999.99
999.99
999.99
999.99
999.99
19.1009862508954
19.254482821207
19.0615318566451
19.0285619893406
18.9772394225983
19.1092745996674
19.2791973618716
19.2969299979361
19.1875079641613
19.0975874661584
19.0280808860129
19.0194801563695
18.8841615231458
19.1027155786765
18.8250816326531
18.7141734693878
18.5712205077153
18.659865319477
18.8868539074166
18.7992266204519
17.9922100547536
999.99
999.99
999.99
999.99
999.99
999.99
999.99
999.99
999.99
999.99
999.99
999.99
999.99
999.99
999.99
999.99
999.99
999.99
999.99
999.99
999.99
999.99
999.99
999.99
999.99
999.99
999.99
999.99
999.99
999.99
999.99
999.99
999.99
999.99
999.99
999.99
999.99
999.99
999.99
999.99
999.99
999.99
999.99
999.99
999.99
999.99
999.99
999.99
999.99
999.99
999.99
999.99
999.99
999.99
999.99
999.99
999.99
999.99
999.99
999.99
999.99
999.99
19.8469539389819
19.16085969236
18.9947944250871
19.0820956913402
19.2224529616725
19.4591250106229
19.6153972125436
19.5865827313674
19.7241219512195
19.2851097136058
18.7195296167247
18.5448745644599
18.483606271777
18.4624658791536
18.4341707317073
18.4263682331945
18.6866898954704
18.824358800034
18.7230383275262
17.8430790345883
17.5474912891986
999.99
999.99
999.99
999.99
999.99
999.99
999.99
999.99
999.99
999.99
999.99
999.99
999.99
999.99
999.99
999.99
999.99
999.99
999.99
999.99
999.99
999.99
999.99
999.99
999.99
999.99
999.99
999.99
999.99
999.99
999.99
999.99
999.99
999.99
999.99
999.99
999.99
999.99
999.99
999.99
999.99
999.99
999.99
999.99
999.99
999.99
999.99
999.99
999.99
999.99
999.99
999.99
999.99
999.99
999.99
999.99
999.99
999.99
999.99
999.99
999.99
999.99
19.3796633806407
19.596530466559
18.7051951219512
18.3920213308405
19.0697212543554
19.6027276281126
18.9652543554007
19.5556158749042
19.8756550522648
19.6027248236594
18.8795993031359
18.7060104529617
18.5104146341463
18.2551760856633
18.4489965156795
18.6170434265318
18.6530104529616
18.8223406135803
18.4163031358887
17.5491533101045
39.0503170731721
999.99
999.99
999.99
999.99
999.99
999.99
999.99
999.99
999.99
999.99
999.99
999.99
999.99
999.99
999.99
999.99
999.99
999.99
999.99
999.99
999.99
999.99
999.99
999.99
999.99
999.99
999.99
999.99
999.99
999.99
999.99
999.99
999.99
999.99
999.99
999.99
999.99
999.99
999.99
999.99
999.99
999.99
999.99
999.99
999.99
999.99
999.99
999.99
999.99
999.99
999.99
999.99
999.99
999.99
999.99
999.99
999.99
999.99
999.99
999.99
999.99
999.99
999.99
19.0468206849664
19.2935017421603
19.2462747514235
19.2918989547039
19.0777458995496
19.0928432055748
19.4467300076485
19.3444041811847
18.991040877029
18.7605644599303
18.6696550522648
18.6187700348432
18.6825247726693
18.7761114982578
18.7333797909408
18.6365958188153
18.4786488484746
18.2206376306621
17.5974474377497
39.5116376306634
20.8277802400455
999.99
999.99
999.99
999.99
999.99
999.99
999.99
999.99
999.99
999.99
999.99
999.99
999.99
999.99
999.99
999.99
999.99
999.99
999.99
999.99
999.99
999.99
999.99
999.99
999.99
999.99
999.99
999.99
999.99
999.99
999.99
999.99
999.99
999.99
999.99
999.99
999.99
999.99
999.99
999.99
999.99
999.99
999.99
999.99
999.99
999.99
999.99
999.99
999.99
999.99
999.99
999.99
999.99
999.99
999.99
999.99
999.99
999.99
999.99
999.99
999.99
19.0962807852469
18.8096257329821
19.2928222996516
19.1549088127815
19.3589233449478
19.5721503356845
19.5749442508711
19.3012133933883
18.96406271777
18.7444536415399
18.7990139372822
18.6369003994221
18.5894878048781
18.5344649443358
18.6618118466899
18.8197039177361
18.8515365853659
18.764772754313
18.545662020906
18.0973263363644
17.4737212543554
999.99
999.99
999.99
999.99
999.99
999.99
999.99
999.99
999.99
999.99
999.99
999.99
999.99
999.99
999.99
999.99
999.99
999.99
999.99
999.99
999.99
999.99
999.99
999.99
999.99
999.99
999.99
999.99
999.99
999.99
999.99
999.99
999.99
999.99
999.99
999.99
999.99
999.99
999.99
999.99
999.99
999.99
999.99
999.99
999.99
999.99
999.99
999.99
999.99
999.99
999.99
999.99
999.99
999.99
999.99
999.99
999.99
999.99
999.99
999.99
999.99
999.99
999.99
999.99
19.3477804878049
19.3366788476246
18.9068838559814
19.036877680519
19.3770162601625
19.1912380952381
18.9102009291522
19.0369316449959
18.9443646922183
19.0516884507521
19.1872915214866
18.7814401858304
18.801412311266
18.4397589303418
18.0779523809524
18.3398852157163
18.2732485481998
18.1563586867228
17.9735238095238
17.3943502450355
20.8277802400455
999.99
999.99
999.99
999.99
999.99
999.99
999.99
999.99
999.99
999.99
999.99
999.99
999.99
999.99
999.99
999.99
999.99
999.99
999.99
999.99
999.99
999.99
999.99
999.99
999.99
999.99
999.99
999.99
999.99
999.99
999.99
999.99
999.99
999.99
999.99
999.99
999.99
999.99
999.99
999.99
999.99
999.99
999.99
999.99
999.99
999.99
999.99
999.99
999.99
999.99
999.99
999.99
999.99
999.99
999.99
999.99
999.99
999.99
999.99
999.99
999.99
999.99
999.99
19.5324982578397
19.7797247386761
19.4571854338404
19.5730871080139
20.0518047930653
19.9358048780488
19.2302887736891
19.2483031358885
19.2933341548398
19.3792648083624
19.4050596583666
19.8619407665504
19.1284579756947
18.9166794425087
19.0543658536585
18.7880034843205
18.8823021160873
18.7581184668989
18.4589895470383
18.0194599303136
17.8264738675958
999.99
999.99
999.99
999.99
999.99
999.99
999.99
999.99
999.99
999.99
999.99
999.99
999.99
999.99
999.99
999.99
999.99
999.99
999.99
999.99
999.99
999.99
999.99
999.99
999.99
999.99
999.99
999.99
999.99
999.99
999.99
999.99
999.99
999.99
999.99
999.99
999.99
999.99
999.99
999.99
999.99
999.99
999.99
999.99
999.99
999.99
999.99
999.99
999.99
999.99
999.99
999.99
999.99
999.99
999.99
999.99
999.99
999.99
19.6958358221337
19.6836869453314
19.581787027482
19.5581229467397
19.618219038716
19.5517048282727
19.3499645740509
19.3988780487806
19.5860453406823
19.7514149659864
19.5710025859243
19.6916243570599
19.7429978956484
19.9235194956031
20.2711827669795
20.4926077650573
20.4801742079342
19.9635111996018
19.6506734693878
19.8142395885183
19.741765304099
999.99
999.99
999.99
999.99
999.99
999.99
999.99
999.99
999.99
999.99
999.99
999.99
999.99
999.99
999.99
999.99
999.99
999.99
999.99
999.99
999.99
999.99
999.99
999.99
999.99
999.99
999.99
999.99
999.99
999.99
999.99
999.99
999.99
999.99
999.99
999.99
999.99
999.99
999.99
999.99
999.99
999.99
999.99
999.99
999.99
999.99
999.99
999.99
999.99
999.99
999.99
999.99
999.99
999.99
999.99
999.99
999.99
999.99
999.99
999.99
999.99
999.99
999.99
19.8258222996516
20.0734057958698
20.0913344947735
19.9114318857822
19.7657212543554
19.6952811251806
19.9287909407665
20.0185908897765
20.1095574912892
20.1328918160959
20.2911289198606
19.933190107929
19.7619790940766
20.1418813631342
20.5079477351916
20.4612466219087
20.0192613240418
19.8493342398232
19.7953449477352
19.8211904478627
19.8569790940767
999.99
999.99
999.99
999.99
999.99
999.99
999.99
999.99
999.99
999.99
999.99
999.99
999.99
999.99
999.99
999.99
999.99
999.99
999.99
999.99
999.99
999.99
999.99
999.99
999.99
999.99
999.99
999.99
999.99
999.99
999.99
999.99
999.99
999.99
999.99
999.99
999.99
999.99
999.99
999.99
999.99
999.99
999.99
999.99
999.99
999.99
999.99
999.99
999.99
999.99
999.99
999.99
999.99
999.99
999.99
999.99
999.99
999.99
999.99
999.99
999.99
999.99
20.185025385764
20.282863998187
20.304718931475
20.0700534464826
20.2007023394724
20.3232367314564
20.3391418616228
20.3793900577483
20.438006304961
20.6225170068027
20.5741962833914
20.7185767096844
20.6206426082628
20.4703236695035
20.4658734030197
20.3861301217691
20.2950897627344
19.6469048185606
19.7015765720922
19.826148684578
19.8637977434876
999.99
999.99
999.99
999.99
999.99
999.99
999.99
999.99
999.99
999.99
999.99
999.99
999.99
999.99
999.99
999.99
999.99
999.99
999.99
999.99
999.99
999.99
999.99
999.99
999.99
999.99
999.99
999.99
999.99
999.99
999.99
999.99
999.99
999.99
999.99
999.99
999.99
999.99
999.99
999.99
999.99
999.99
999.99
999.99
999.99
999.99
999.99
999.99
999.99
999.99
999.99
999.99
999.99
999.99
999.99
999.99
999.99
999.99
999.99
999.99
999.99
999.99
999.99
999.99
999.99
999.99
20.5446829268293
20.5305625053115
20.4598571428571
20.5701943571004
20.4436759581882
20.2973799609076
20.2364843205575
20.3018925809467
20.2106550522648
20.3002085493329
20.2786515679442
20.2055144896745
20.1257804878049
20.1367948500042
20.0316271777004
19.9220780997706
19.9611916376307
19.7640419818135
19.8322609841081
20.0001080139373
19.8142640435115
999.99
999.99
999.99
999.99
999.99
999.99
999.99
999.99
999.99
999.99
999.99
999.99
999.99
999.99
999.99
999.99
999.99
999.99
999.99
999.99
999.99
999.99
999.99
999.99
999.99
999.99
999.99
999.99
999.99
999.99
999.99
999.99
999.99
999.99
999.99
999.99
999.99
999.99
999.99
999.99
999.99
999.99
999.99
999.99
999.99
999.99
999.99
999.99
999.99
999.99
999.99
999.99
999.99
999.99
999.99
999.99
999.99
999.99
999.99
999.99
999.99
999.99
20.4277735191638
20.4233058553582
20.431787456446
20.3882634486275
20.3736097560976
20.3688438854423
20.3857073170732
20.4228382765361
20.3908954703833
20.261213138438
20.2464285714286
20.2124200730857
20.1463240418118
20.0976960992607
20.088818815331
20.1640092631937
20.2573658536585
20.1636819920115
20.1272682076995
20.1387038327526
19.913911702218
999.99
999.99
999.99
999.99
999.99
999.99
999.99
999.99
999.99
999.99
999.99
999.99
999.99
999.99
999.99
999.99
999.99
999.99
999.99
999.99
999.99
999.99
999.99
999.99
999.99
999.99
999.99
999.99
999.99
999.99
999.99
999.99
999.99
999.99
999.99
999.99
999.99
999.99
999.99
999.99
999.99
999.99
999.99
999.99
999.99
999.99
999.99
999.99
999.99
999.99
999.99
999.99
999.99
999.99
999.99
999.99
999.99
999.99
999.99
999.99
999.99
999.99
20.0109512195123
20.0278887566925
20.301731707317
20.2224586555622
20.2704634146341
20.4067114812611
20.2468048780488
20.2080957763236
20.2861707317073
20.1682807852469
20.1993902439024
20.3488554431886
20.2971463414634
20.2253902439024
20.3859024390244
20.0698768590125
19.7658780487805
20.131255800119
20.146500892326
20.1296097560976
20.2935758477097
999.99
999.99
999.99
999.99
999.99
999.99
999.99
999.99
999.99
999.99
999.99
999.99
999.99
999.99
999.99
999.99
999.99
999.99
999.99
999.99
999.99
999.99
999.99
999.99
999.99
999.99
999.99
999.99
999.99
999.99
999.99
999.99
999.99
999.99
999.99
999.99
999.99
999.99
999.99
999.99
999.99
999.99
999.99
999.99
999.99
999.99
999.99
999.99
999.99
999.99
999.99
999.99
999.99
999.99
999.99
999.99
999.99
999.99
999.99
999.99
999.99
999.99
999.99
20.3932241862837
20.538243902439
20.5498991246707
20.4992229965157
20.5149096626158
20.5196411149826
20.5578275686241
20.2958954703833
20.2918431205915
20.250543554007
20.4835958188154
20.762724738676
20.5520203960228
20.5077804878049
20.2374521118382
20.0265679442509
20.1821662275856
20.1671544148891
20.1291027874564
19.8716699243647
19.4360540069686
999.99
999.99
999.99
999.99
999.99
999.99
999.99
999.99
999.99
999.99
999.99
999.99
999.99
999.99
999.99
999.99
999.99
999.99
999.99
999.99
999.99
999.99
999.99
999.99
999.99
999.99
999.99
999.99
999.99
999.99
999.99
999.99
999.99
999.99
999.99
999.99
999.99
999.99
999.99
999.99
999.99
999.99
999.99
999.99
999.99
999.99
999.99
999.99
999.99
999.99
999.99
999.99
999.99
999.99
999.99
999.99
999.99
999.99
999.99
999.99
999.99
999.99
20.2888344016964
20.5350916708146
20.6739592868676
20.618474863116
20.4698219516242
20.4042891156463
20.450458445127
20.5643092749295
20.2840617384372
20.4764225983076
20.6932585034014
21.0815665339306
21.2601003411478
21.1711387091422
20.9966773988597
20.9282409158785
20.8211689045636
20.6704689102291
20.3261659200265
20.0941678584581
20.0207997345279
999.99
999.99
999.99
999.99
999.99
999.99
999.99
999.99
999.99
999.99
999.99
999.99
999.99
999.99
999.99
999.99
999.99
999.99
999.99
999.99
999.99
999.99
999.99
999.99
999.99
999.99
999.99
999.99
999.99
999.99
999.99
999.99
999.99
999.99
999.99
999.99
999.99
999.99
999.99
999.99
999.99
999.99
999.99
999.99
999.99
999.99
999.99
999.99
999.99
999.99
999.99
999.99
999.99
999.99
999.99
999.99
999.99
999.99
999.99
999.99
999.99
999.99
999.99
999.99
20.3568135463585
20.3198048780488
20.3692852043851
20.4379651567944
20.3462306450242
20.4132717770035
20.4288891816096
20.6619825783972
20.8209383870146
20.7709790940766
20.7980100280445
20.8554947735192
20.4800195461885
20.6022299651568
21.1159250446163
20.2451489759497
19.9304878048781
19.7426493583751
19.9097822299651
19.8221463414635
19.178818815331
999.99
999.99
999.99
999.99
999.99
999.99
999.99
999.99
999.99
999.99
999.99
999.99
999.99
999.99
999.99
999.99
999.99
999.99
999.99
999.99
999.99
999.99
999.99
999.99
999.99
999.99
999.99
999.99
999.99
999.99
999.99
999.99
999.99
999.99
999.99
999.99
999.99
999.99
999.99
999.99
999.99
999.99
999.99
999.99
999.99
999.99
999.99
999.99
999.99
999.99
999.99
999.99
999.99
999.99
999.99
999.99
999.99
999.99
999.99
999.99
999.99
999.99
20.4683298287786
20.544631242741
20.661074328125
20.6824852331176
20.7412927517229
20.6929203583872
20.7169795918367
20.6953896631823
20.5474091365279
20.3675461257674
20.3401791511369
20.1916360544218
19.8184330209181
19.5574444997511
19.7366357893545
19.6488762297304
19.5392619047619
19.4735487986985
19.5690222332836
19.4505053276516
18.9990291189647
999.99
999.99
999.99
999.99
999.99
999.99
999.99
999.99
999.99
999.99
999.99
999.99
999.99
999.99
999.99
999.99
999.99
999.99
999.99
999.99
999.99
999.99
999.99
999.99
999.99
999.99
999.99
999.99
999.99
999.99
999.99
999.99
999.99
999.99
999.99
999.99
999.99
999.99
999.99
999.99
999.99
999.99
999.99
999.99
999.99
999.99
999.99
999.99
999.99
999.99
999.99
999.99
999.99
999.99
999.99
999.99
999.99
999.99
999.99
999.99
999.99
20.677818815331
20.8194019716155
20.8562996515679
20.862261154075
20.8565226480836
20.8754350301691
21.195787456446
20.9856779977904
20.8083693379791
20.7865404096201
20.7869860627178
20.6636649103425
19.8539651567945
19.625862071896
19.9306236933798
19.7858450752103
19.4861155774624
19.722381533101
19.6854181184669
19.4983205574913
19.306895810317
999.99
999.99
999.99
999.99
999.99
999.99
999.99
999.99
999.99
999.99
999.99
999.99
999.99
999.99
999.99
999.99
999.99
999.99
999.99
999.99
999.99
999.99
999.99
999.99
999.99
999.99
999.99
999.99
999.99
999.99
999.99
999.99
999.99
999.99
999.99
999.99
999.99
999.99
999.99
999.99
999.99
999.99
999.99
999.99
999.99
999.99
999.99
999.99
999.99
999.99
999.99
999.99
999.99
999.99
999.99
999.99
999.99
999.99
999.99
999.99
999.99
999.99
999.99
999.99
999.99
21.0266905530802
21.0213391405343
21.0666904761905
21.2037618218019
21.2773560562833
21.2836679940269
21.2869839907409
21.1437741828439
21.10092629104
20.291724406836
19.9197199290186
19.6685974780156
19.4100340136054
19.4428324531478
19.6313544881367
19.5772074951337
19.5415834577733
19.2402551020408
18.9433870914219
18.4829374663607
20.8277802400455
999.99
999.99
999.99
999.99
999.99
999.99
999.99
999.99
999.99
999.99
999.99
999.99
999.99
999.99
999.99
999.99
999.99
999.99
999.99
999.99
999.99
999.99
999.99
999.99
999.99
999.99
999.99
999.99
999.99
999.99
999.99
999.99
999.99
999.99
999.99
999.99
999.99
999.99
999.99
999.99
999.99
999.99
999.99
999.99
999.99
999.99
999.99
999.99
999.99
999.99
999.99
999.99
999.99
999.99
999.99
999.99
999.99
999.99
999.99
999.99
999.99
21.5218292682927
21.6351397977394
21.5897317073171
21.4840963712076
21.5569756097561
21.5741992861392
21.5647804878049
21.5493081499108
21.2973658536585
20.3493825104107
20.2380975609756
19.9636811421773
19.2464390243902
19.6512337894111
20.0721760856633
19.918012195122
19.8298143961927
19.5040365853658
19.042751338489
20.8277802400455
999.99
999.99
999.99
999.99
999.99
999.99
999.99
999.99
999.99
999.99
999.99
999.99
999.99
999.99
999.99
999.99
999.99
999.99
999.99
999.99
999.99
999.99
999.99
999.99
999.99
999.99
999.99
999.99
999.99
999.99
999.99
999.99
999.99
999.99
999.99
999.99
999.99
999.99
999.99
999.99
999.99
999.99
999.99
999.99
999.99
999.99
999.99
999.99
999.99
999.99
999.99
999.99
999.99
999.99
999.99
999.99
999.99
999.99
999.99
999.99
999.99
999.99
21.2542511260304
21.4281010452962
21.6888527237189
21.7601080139373
21.7006357610266
21.6136445993031
21.4829181609586
21.297243902439
20.6332352341292
19.8160801393728
19.948752698224
20.2073658536584
20.5880322937028
20.2903519163763
20.4537575422793
20.3374530466558
20.4081655052265
20.0950681567094
19.478456445993
18.9738864621399
999.99
999.99
999.99
999.99
999.99
999.99
999.99
999.99
999.99
999.99
999.99
999.99
999.99
999.99
999.99
999.99
999.99
999.99
999.99
999.99
999.99
999.99
999.99
999.99
999.99
999.99
999.99
999.99
999.99
999.99
999.99
999.99
999.99
999.99
999.99
999.99
999.99
999.99
999.99
999.99
999.99
999.99
999.99
999.99
999.99
999.99
999.99
999.99
999.99
999.99
999.99
999.99
999.99
999.99
999.99
999.99
999.99
999.99
999.99
999.99
999.99
999.99
999.99
999.99
21.0202473867596
21.0014095351407
20.9386236933798
20.8984935837512
21.0116027874565
21.1232253760517
20.5659337979094
20.1607707147106
19.9961324041812
20.6744529616724
20.8464947735191
21.0476319367723
21.0805853658537
21.0488572278406
20.8850780147871
20.571362369338
20.4466585365853
19.6979529616724
19.1018401461716
20.8277802400455
999.99
999.99
999.99
999.99
999.99
999.99
999.99
999.99
999.99
999.99
999.99
999.99
999.99
999.99
999.99
999.99
999.99
999.99
999.99
999.99
999.99
999.99
999.99
999.99
999.99
999.99
999.99
999.99
999.99
999.99
999.99
999.99
999.99
999.99
999.99
999.99
999.99
999.99
999.99
999.99
999.99
999.99
999.99
999.99
999.99
999.99
999.99
999.99
999.99
999.99
999.99
999.99
999.99
999.99
999.99
999.99
999.99
999.99
999.99
999.99
999.99
21.02506271777
21.0863282059998
21.016700348432
21.1529337979094
21.3644599303136
21.5689538539985
21.4191149825784
21.2252312399082
20.7928083623693
20.8268003739271
21.1988780487805
21.0131858587576
21.2503588850174
21.3162944675788
21.4057108013937
21.1999795189938
21.1336595563865
20.7224041811847
20.4761907028129
19.9628013937281
999.99
999.99
999.99
999.99
999.99
999.99
999.99
999.99
999.99
999.99
999.99
999.99
999.99
999.99
999.99
999.99
999.99
999.99
999.99
999.99
999.99
999.99
999.99
999.99
999.99
999.99
999.99
999.99
999.99
999.99
999.99
999.99
999.99
999.99
999.99
999.99
999.99
999.99
999.99
999.99
999.99
999.99
999.99
999.99
999.99
999.99
999.99
999.99
999.99
999.99
999.99
999.99
999.99
999.99
999.99
999.99
999.99
999.99
999.99
999.99
999.99
999.99
999.99
999.99
21.1726851363984
21.2277944250871
21.255831902779
21.4435958188153
21.6222488314778
21.7003101045296
21.7318169456956
21.6718432055749
21.6363248066627
21.2151916376306
20.4070928019038
20.1012369337979
20.4910644174386
21.0618989547038
20.9293839551288
21.0852578397213
20.95643728223
21.0574490524347
20.7273292682926
20.431255205235
999.99
999.99
999.99
999.99
999.99
999.99
999.99
999.99
999.99
999.99
999.99
999.99
999.99
999.99
999.99
999.99
999.99
999.99
999.99
999.99
999.99
999.99
999.99
999.99
999.99
999.99
999.99
999.99
999.99
999.99
999.99
999.99
999.99
999.99
999.99
999.99
999.99
999.99
999.99
999.99
999.99
999.99
999.99
999.99
999.99
999.99
999.99
999.99
999.99
999.99
999.99
999.99
999.99
999.99
999.99
999.99
999.99
999.99
999.99
999.99
999.99
999.99
21.1805365853659
21.4412745814566
21.4857421602787
21.5739767995241
21.6896202090593
21.7794680887227
21.72906271777
21.755175235829
21.7082822299652
21.7602968471148
21.7320348432056
21.717396107759
21.7643902439024
21.7175331010453
20.4546306620209
20.7802939576783
21.3066332115238
21.3084512195122
20.9775342908133
20.2520313588849
999.99
999.99
999.99
999.99
999.99
999.99
999.99
999.99
999.99
999.99
999.99
999.99
999.99
999.99
999.99
999.99
999.99
999.99
999.99
999.99
999.99
999.99
999.99
999.99
999.99
999.99
999.99
999.99
999.99
999.99
999.99
999.99
999.99
999.99
999.99
999.99
999.99
999.99
999.99
999.99
999.99
999.99
999.99
999.99
999.99
999.99
999.99
999.99
999.99
999.99
999.99
999.99
999.99
999.99
999.99
999.99
999.99
999.99
999.99
999.99
999.99
999.99
999.99
999.99
999.99
21.8375007466401
21.8910021610072
21.8126744649079
21.7054378346222
21.7305047287208
21.758169954716
21.7664235938278
21.8183217229783
21.9330776505724
21.9430328278843
21.8700756595321
21.566127268754
21.0040393230463
21.0432461120082
21.1328163265306
21.3652068193131
21.2349027546771
20.7637511199601
20.0793286187765
20.1377346938776
999.99
999.99
999.99
999.99
999.99
999.99
999.99
999.99
999.99
999.99
999.99
999.99
999.99
999.99
999.99
999.99
999.99
999.99
999.99
999.99
999.99
999.99
999.99
999.99
999.99
999.99
999.99
999.99
999.99
999.99
999.99
999.99
999.99
999.99
999.99
999.99
999.99
999.99
999.99
999.99
999.99
999.99
999.99
999.99
999.99
999.99
999.99
999.99
999.99
999.99
999.99
999.99
999.99
999.99
999.99
999.99
999.99
999.99
999.99
999.99
999.99
999.99
999.99
21.861
21.861262343843
21.8423902439024
21.818
21.821243902439
21.708745389649
22.0268048780488
22.0688346222487
22.1138536585366
22.2681356335514
22.3085853658536
22.3684330755503
22.2045853658536
21.7706234384295
21.5295877453896
20.9008780487805
20.6003848899465
20.363
20.038266508031
19.7848414634146
999.99
999.99
999.99
999.99
999.99
999.99
999.99
999.99
999.99
999.99
999.99
999.99
999.99
999.99
999.99
999.99
999.99
999.99
999.99
999.99
999.99
999.99
999.99
999.99
999.99
999.99
999.99
999.99
999.99
999.99
999.99
999.99
999.99
999.99
999.99
999.99
999.99
999.99
999.99
999.99
999.99
999.99
999.99
999.99
999.99
999.99
999.99
999.99
999.99
999.99
999.99
999.99
999.99
999.99
999.99
999.99
999.99
999.99
999.99
999.99
999.99
999.99
21.8220760237468
21.70568740667
21.7329447486312
21.7764086610254
21.8052624531074
21.8990447984072
21.9530147142736
21.963887506222
22.0273728465806
21.9613170731707
21.9785214340347
22.048137381782
22.1102539062026
21.8016217023395
21.5938269251781
20.8105027983829
20.8568603782977
20.9354325049472
20.6553830263812
20.0812868312108
999.99
999.99
999.99
999.99
999.99
999.99
999.99
999.99
999.99
999.99
999.99
999.99
999.99
999.99
999.99
999.99
999.99
999.99
999.99
999.99
999.99
999.99
999.99
999.99
999.99
999.99
999.99
999.99
999.99
999.99
999.99
999.99
999.99
999.99
999.99
999.99
999.99
999.99
999.99
999.99
999.99
999.99
999.99
999.99
999.99
999.99
999.99
999.99
999.99
999.99
999.99
999.99
999.99
999.99
999.99
999.99
999.99
999.99
999.99
999.99
999.99
999.99
999.99
22.0643412084644
21.7088466898955
21.5747420752953
21.7198850174216
21.8068431205915
21.857724738676
21.929226225886
21.8891393728223
21.8281705617404
22.0944599303136
21.8533762216368
21.874487804878
20.9504329055835
20.6917317073171
20.047938896915
20.6630347582222
20.9850400696864
20.421748364069
20.4399860627178
19.8955246027025
999.99
999.99
999.99
999.99
999.99
999.99
999.99
999.99
999.99
999.99
999.99
999.99
999.99
999.99
999.99
999.99
999.99
999.99
999.99
999.99
999.99
999.99
999.99
999.99
999.99
999.99
999.99
999.99
999.99
999.99
999.99
999.99
999.99
999.99
999.99
999.99
999.99
999.99
999.99
999.99
999.99
999.99
999.99
999.99
999.99
999.99
999.99
999.99
999.99
999.99
999.99
999.99
999.99
999.99
999.99
999.99
999.99
999.99
999.99
999.99
999.99
21.5569816435795
21.6201916376307
21.854047420753
21.7188954703833
21.5108998895215
21.5569163763066
21.376143876944
21.5971114982578
21.692831307895
21.356724738676
21.5900694314609
21.744724738676
21.7331873034759
21.6513902439025
21.380840231155
21.5599094076655
20.9355365853658
20.5927648508541
20.7591149825784
20.213181184669
999.99
999.99
999.99
999.99
999.99
999.99
999.99
999.99
999.99
999.99
999.99
999.99
999.99
999.99
999.99
999.99
999.99
999.99
999.99
999.99
999.99
999.99
999.99
999.99
999.99
999.99
999.99
999.99
999.99
999.99
999.99
999.99
999.99
999.99
999.99
999.99
999.99
999.99
999.99
999.99
999.99
999.99
999.99
999.99
999.99
999.99
999.99
999.99
999.99
999.99
999.99
999.99
999.99
999.99
999.99
999.99
999.99
999.99
999.99
999.99
999.99
999.99
999.99
999.99
21.8747595818815
22.0337436899804
22.1433588850174
21.7496968641115
21.4708745644599
21.2530445313163
38.1649895470402
20.8277802400455
20.8277802400455
21.3565331010453
20.8277802400455
23.3086821619783
22.8343728222997
21.8489175660747
21.1460383275261
20.9208891816096
20.8613628792386
20.8409355400697
20.3850209909068
20.0556411149825
999.99
999.99
999.99
999.99
999.99
999.99
999.99
999.99
999.99
999.99
999.99
999.99
999.99
999.99
999.99
999.99
999.99
999.99
999.99
999.99
999.99
999.99
999.99
999.99
999.99
999.99
999.99
999.99
999.99
999.99
999.99
999.99
999.99
999.99
999.99
999.99
999.99
999.99
999.99
999.99
999.99
999.99
999.99
999.99
999.99
999.99
999.99
999.99
999.99
999.99
999.99
999.99
999.99
999.99
999.99
999.99
999.99
999.99
999.99
999.99
999.99
999.99
999.99
21.771693379791
21.7779008243393
20.8277802400455
21.8466708591824
21.3412961672474
21.8547188748193
21.7654529616724
21.6355506926149
20.8277802400455
20.8277802400455
22.1334076655053
22.2424687685901
22.1776062717773
20.9967003484321
21.2329512195122
21.6676027874564
21.6940582986317
21.4265209059234
20.9234561060593
20.5438449477352
999.99
999.99
999.99
999.99
999.99
999.99
999.99
999.99
999.99
999.99
999.99
999.99
999.99
999.99
999.99
999.99
999.99
999.99
999.99
999.99
999.99
999.99
999.99
999.99
999.99
999.99
999.99
999.99
999.99
999.99
999.99
999.99
999.99
999.99
999.99
999.99
999.99
999.99
999.99
999.99
999.99
999.99
999.99
999.99
999.99
999.99
999.99
999.99
999.99
999.99
999.99
999.99
999.99
999.99
999.99
999.99
999.99
999.99
999.99
999.99
999.99
999.99
21.8173440129175
21.9008083623694
21.5293017761537
21.3015923344948
21.2282666779978
21.7001045296168
20.8277802400455
39.0504808362388
21.7352184074106
21.818212543554
22.1940088382766
22.3142369337979
22.5565893600747
22.4479825783972
21.9713628792386
21.8702648083624
21.9167935752528
21.8849664315458
21.3104477351917
21.009113112943
999.99
999.99
999.99
999.99
999.99
999.99
999.99
999.99
999.99
999.99
999.99
999.99
999.99
999.99
999.99
999.99
999.99
999.99
999.99
999.99
999.99
999.99
999.99
999.99
999.99
999.99
999.99
999.99
999.99
999.99
999.99
999.99
999.99
999.99
999.99
999.99
999.99
999.99
999.99
999.99
999.99
999.99
999.99
999.99
999.99
999.99
999.99
999.99
999.99
999.99
999.99
999.99
999.99
999.99
999.99
999.99
999.99
999.99
999.99
999.99
999.99
999.99
21.8406097560975
21.6833646638905
21.8953902439024
22.0569595478882
21.7395853658537
21.7314830458061
21.7075853658536
21.9687900059488
21.6414634146341
21.6726281975015
22.6374146341465
32.6815740630558
22.8576585365854
21.1637685901253
21.2654878048779
21.8247031528852
21.9165853658537
21.7786585365854
21.4106406900654
21.1886585365854
999.99
999.99
999.99
999.99
999.99
999.99
999.99
999.99
999.99
999.99
999.99
999.99
999.99
999.99
999.99
999.99
999.99
999.99
999.99
999.99
999.99
999.99
999.99
999.99
999.99
999.99
999.99
999.99
999.99
999.99
999.99
999.99
999.99
999.99
999.99
999.99
999.99
999.99
999.99
999.99
999.99
999.99
999.99
999.99
999.99
999.99
999.99
999.99
999.99
999.99
999.99
999.99
999.99
999.99
999.99
999.99
999.99
999.99
999.99
999.99
999.99
999.99
999.99
21.6538652729385
21.5920148073507
21.4436734693878
21.7942074991805
21.929306620209
22.0848170165151
22.2287791604447
21.4997646343487
21.3334922847188
21.2528668694128
21.2469977600797
20.8277802400455
20.8277802400455
21.8463433492374
21.4493506719761
21.4785583208893
21.6646291687407
21.5239848608093
21.4490622807123
20.783512112162
999.99
999.99
999.99
999.99
999.99
999.99
999.99
999.99
999.99
999.99
999.99
999.99
999.99
999.99
999.99
999.99
999.99
999.99
999.99
999.99
999.99
999.99
999.99
999.99
999.99
999.99
999.99
999.99
999.99
999.99
999.99
999.99
999.99
999.99
999.99
999.99
999.99
999.99
999.99
999.99
999.99
999.99
999.99
999.99
999.99
999.99
999.99
999.99
999.99
999.99
999.99
999.99
999.99
999.99
999.99
999.99
999.99
999.99
999.99
999.99
999.99
999.99
999.99
999.99
32.8988994646063
20.8277802400455
20.8277802400455
22.36506271777
21.5449860627178
21.2003135888501
21.0155226480836
20.8261567944251
21.139030764001
21.6624668989547
21.6543568454151
21.2944668989547
20.7608590974761
20.8605296167247
21.0608226395853
21.0301846689896
21.1769332030254
20.7687070621228
20.0212073170732
21.2204321407303
999.99
999.99
999.99
999.99
999.99
999.99
999.99
999.99
999.99
999.99
999.99
999.99
999.99
999.99
999.99
999.99
999.99
999.99
999.99
999.99
999.99
999.99
999.99
999.99
999.99
999.99
999.99
999.99
999.99
999.99
999.99
999.99
999.99
999.99
999.99
999.99
999.99
999.99
999.99
999.99
999.99
999.99
999.99
999.99
999.99
999.99
999.99
999.99
999.99
999.99
999.99
999.99
999.99
999.99
999.99
999.99
999.99
999.99
21.8589325676731
21.9582012832498
21.7609198606272
21.5719523809524
21.6915150157624
21.8263973299016
20.8277802400455
20.8277802400455
20.6021156462585
20.6590322775154
20.5793807035009
20.5724557337509
20.8277802400455
20.9677144759153
20.9277826447652
20.408462000267
20.4095102040816
20.4172966184689
20.3600752447321
20.1947514679875
999.99
999.99
999.99
999.99
999.99
999.99
999.99
999.99
999.99
999.99
999.99
999.99
999.99
999.99
999.99
999.99
999.99
999.99
999.99
999.99
999.99
999.99
999.99
999.99
999.99
999.99
999.99
999.99
999.99
999.99
999.99
999.99
999.99
999.99
999.99
999.99
999.99
999.99
999.99
999.99
999.99
999.99
999.99
999.99
999.99
999.99
999.99
999.99
999.99
999.99
999.99
999.99
999.99
999.99
999.99
999.99
999.99
999.99
999.99
999.99
21.389862369338
21.3322722869041
21.3240940766551
21.461632276706
21.4989601427722
21.2236202090592
20.916662445823
20.5736236933798
20.4473752868191
20.3247038327526
20.5726546273477
20.5959721254355
20.5753729922665
20.2463797909408
20.2676714540665
20.9636759581881
21.1723921135378
21.1264703832752
20.9298391263703
20.8668885017422
999.99
999.99
999.99
999.99
999.99
999.99
999.99
999.99
999.99
999.99
999.99
999.99
999.99
999.99
999.99
999.99
999.99
999.99
999.99
999.99
999.99
999.99
999.99
999.99
999.99
999.99
999.99
999.99
999.99
999.99
999.99
999.99
999.99
999.99
999.99
999.99
999.99
999.99
999.99
999.99
999.99
999.99
999.99
999.99
999.99
999.99
999.99
999.99
999.99
999.99
999.99
999.99
999.99
999.99
999.99
999.99
999.99
999.99
999.99
20.6778072838892
21.2147496226331
21.0118921519827
20.9374274848547
20.9021010452962
20.8643605442177
20.5487354405177
20.4309511527395
20.5927622406488
20.7779911232785
20.1510135083183
20.2795165920028
20.2919477554258
20.265512361042
20.4349168477623
20.5640590675295
20.3247252141785
20.7295344284056
21.0294318655482
20.8799514683922
999.99
999.99
999.99
999.99
999.99
999.99
999.99
999.99
999.99
999.99
999.99
999.99
999.99
999.99
999.99
999.99
999.99
999.99
999.99
999.99
999.99
999.99
999.99
999.99
999.99
999.99
999.99
999.99
999.99
999.99
999.99
999.99
999.99
999.99
999.99
999.99
999.99
999.99
999.99
999.99
999.99
999.99
999.99
999.99
999.99
999.99
999.99
999.99
999.99
999.99
999.99
999.99
999.99
999.99
999.99
999.99
999.99
20.3154982578397
20.2032405880853
20.2816445993031
20.8462648083624
20.8360487804878
20.964302031104
21.3893397212544
21.2538455851109
20.8923362369338
20.6133763066202
20.4831271777003
20.5705336959293
20.0148989547038
20.255599133169
34.9567009433132
35.9726480836209
21.3082801053792
20.4322473867595
20.3085864706382
20.2284216027874
999.99
999.99
999.99
999.99
999.99
999.99
999.99
999.99
999.99
999.99
999.99
999.99
999.99
999.99
999.99
999.99
999.99
999.99
999.99
999.99
999.99
999.99
999.99
999.99
999.99
999.99
999.99
999.99
999.99
999.99
999.99
999.99
999.99
999.99
999.99
999.99
999.99
999.99
999.99
999.99
999.99
999.99
999.99
999.99
999.99
999.99
999.99
999.99
999.99
999.99
999.99
999.99
999.99
999.99
999.99
999.99
999.99
999.99
999.99
999.99
20.5896769779893
20.6985
20.6087221891731
20.1296097560976
20.0838911362283
20.656231707317
21.0351707317073
20.8512682926829
20.6733277810827
21.0169390243902
20.7155139797739
20.5890609756098
20.6376853063653
20.4444024390244
20.5540350981559
20.3590609756098
19.7946424747175
19.8477025580012
19.9790731707317
19.8544455681142
19.8812439024391
19.8550880428317
20.9255609756095
21.4514063057704
999.99
999.99
999.99
999.99
999.99
999.99
999.99
999.99
999.99
999.99
999.99
999.99
999.99
999.99
999.99
999.99
999.99
999.99
999.99
999.99
999.99
999.99
999.99
999.99
999.99
999.99
999.99
999.99
999.99
999.99
999.99
999.99
999.99
999.99
999.99
999.99
999.99
999.99
999.99
999.99
999.99
999.99
999.99
999.99
999.99
999.99
999.99
999.99
999.99
999.99
999.99
20.4063205574912
20.2445912297103
20.3396829268292
20.338313163933
20.2334270417268
20.1790731707317
20.27348661511
20.5401202090592
20.4720267697799
20.4274947735192
20.2341765105804
20.6917613240418
20.8286491884082
20.7366393728223
20.6824181184669
20.4144111498258
20.3583803858248
20.3730592334495
20.4759190957763
20.943918118467
21.045248661511
20.7632752613241
20.5376938896915
20.2946585365854
20.1646256479986
20.0318058128665
20.0712996515679
19.8792926829269
20.6751742160282
20.6222835047166
999.99
999.99
999.99
999.99
999.99
999.99
999.99
999.99
999.99
999.99
999.99
999.99
999.99
999.99
999.99
999.99
999.99
999.99
999.99
999.99
999.99
999.99
999.99
999.99
999.99
999.99
999.99
999.99
999.99
999.99
999.99
999.99
999.99
999.99
999.99
999.99
999.99
999.99
999.99
999.99
999.99
999.99
999.99
999.99
999.99
999.99
20.9528674258519
20.9496724738676
999.99
20.6545261324042
20.4773084898445
20.5850383275261
20.4774684286564
20.6859024390244
20.6633249766296
20.6585888501742
20.669496133254
20.6337132659131
20.8083101045296
20.7871970765701
20.6660905923345
20.6288688705703
20.5221445993032
20.2957456445993
20.3043379790941
20.3816646553922
20.3674668989547
20.460543554007
20.5230331010453
20.7096411149826
21.0295853658537
20.6986416248831
20.7526846689895
20.7176457040877
20.4588745644599
20.4637717345118
20.3106480836237
999.99
999.99
999.99
999.99
999.99
999.99
999.99
999.99
999.99
999.99
999.99
999.99
999.99
999.99
999.99
999.99
999.99
999.99
999.99
999.99
999.99
999.99
999.99
999.99
999.99
999.99
999.99
999.99
999.99
999.99
999.99
999.99
999.99
999.99
999.99
999.99
999.99
999.99
999.99
999.99
999.99
999.99
999.99
999.99
999.99
999.99
999.99
999.99
21.320481767008
20.9574128090261
20.6472361649003
20.5566082628174
20.4250476190476
20.5653544051767
20.689362486696
20.2177965820474
20.0920208533145
20.7232007632322
21.1358911564626
21.0766465903435
21.0170242202771
20.9547350257176
20.9253047303395
20.8731706103024
20.5583354073336
20.0320044960281
19.7602655550025
19.6792176870748
19.7521909739505
19.927621071034
20.0279080803053
20.7238691781293
20.5609551186328
20.0434693877551
20.3003488468558
20.6320972089014
20.5817566782811
999.99
999.99
999.99
999.99
999.99
999.99
999.99
999.99
999.99
999.99
999.99
999.99
999.99
999.99
999.99
999.99
999.99
999.99
999.99
999.99
999.99
999.99
999.99
999.99
999.99
999.99
999.99
999.99
999.99
999.99
999.99
999.99
999.99
999.99
999.99
999.99
999.99
999.99
999.99
999.99
999.99
999.99
999.99
999.99
999.99
999.99
999.99
999.99
999.99
999.99
999.99
21.6167839721253
21.1740932268208
20.9991672473868
20.9758083623694
20.4044703832753
20.2130522648084
20.2692334494774
20.3511341038497
20.0578153310104
20.3309533440979
20.6661289198606
20.9521711566245
21.0737700348432
20.9677039177361
20.8103972125436
20.5390114727628
20.7023693379791
20.9191991161724
20.7658118466899
20.6604181184669
20.4625512025155
19.9875522648083
19.8093183479223
20.9824216027874
21.4533058553582
21.4681289198606
21.3412679527492
20.6063466898955
20.2163240418118
999.99
999.99
999.99
999.99
999.99
999.99
999.99
999.99
999.99
999.99
999.99
999.99
999.99
999.99
999.99
999.99
999.99
999.99
999.99
999.99
999.99
999.99
999.99
999.99
999.99
999.99
999.99
999.99
999.99
999.99
999.99
999.99
999.99
999.99
999.99
999.99
999.99
999.99
999.99
999.99
999.99
999.99
21.1971797278102
999.99
999.99
21.3718090260495
21.945509957225
22.0234031856645
21.9616861561995
22.0824218516675
21.7917683230341
21.592843537415
21.6427906089265
21.1598253185867
20.6835390741663
20.5550315207582
20.498944084951
20.3979784020688
20.0693595486975
19.6985863047182
19.6703550688568
19.5873913284529
19.8426963663514
20.6768596397512
20.6023676787788
20.6807047473361
20.7016122448979
20.6849674634875
20.4630540899287
20.4394165078286
20.4624786792766
20.5318193535594
20.5973794510071
20.5717735191638
20.9253884187821
20.5442307947569
999.99
999.99
999.99
999.99
999.99
999.99
999.99
999.99
999.99
999.99
999.99
999.99
999.99
999.99
999.99
999.99
999.99
999.99
999.99
999.99
999.99
999.99
999.99
999.99
999.99
999.99
999.99
999.99
999.99
999.99
999.99
999.99
999.99
999.99
999.99
999.99
999.99
999.99
999.99
999.99
999.99
999.99
999.99
999.99
999.99
999.99
999.99
999.99
999.99
20.9473666185094
20.9656358885018
21.2186245432141
21.7877020905923
24.3115739457809
21.8048195121952
21.313419835132
21.2459947735191
21.1259536840316
21.0034571258605
20.8652613240418
20.8792561400527
20.8471045296167
20.6457012832497
20.4161219512195
20.4659957508286
20.3612404181185
20.544672558851
20.4754982578397
20.4415858757542
20.5730348432056
20.5566392453472
20.5783275261324
20.520176425597
20.9120487804878
20.9849080479307
999.99
999.99
999.99
999.99
999.99
999.99
999.99
999.99
999.99
999.99
999.99
999.99
999.99
999.99
999.99
999.99
999.99
999.99
999.99
999.99
999.99
999.99
999.99
999.99
999.99
999.99
999.99
999.99
999.99
999.99
999.99
999.99
999.99
999.99
999.99
999.99
999.99
999.99
999.99
999.99
999.99
999.99
999.99
999.99
999.99
999.99
999.99
999.99
999.99
999.99
999.99
999.99
999.99
999.99
999.99
999.99
999.99
20.8831558312796
21.1652706155633
21.4173579785275
21.3448350754936
21.1306077448231
21.104024970964
20.9088108552166
20.8658182346109
21.1381539049885
21.0966600379593
20.8715412311266
20.7722105889352
20.7185331010453
20.6298659528059
20.7988153310104
20.8094684569843
20.6533263646923
20.409529276791
20.1819279907085
999.99
999.99
20.4413442395399
999.99
999.99
999.99
999.99
999.99
999.99
999.99
999.99
999.99
999.99
999.99
999.99
999.99
999.99
999.99
999.99
999.99
999.99
999.99
999.99
999.99
999.99
999.99
999.99
999.99
999.99
999.99
999.99
999.99
999.99
999.99
999.99
999.99
999.99
999.99
999.99
999.99
999.99
999.99
999.99
999.99
999.99
999.99
999.99
999.99
999.99
999.99
999.99
999.99
999.99
999.99
999.99
999.99
999.99
999.99
999.99
999.99
999.99
999.99
999.99
999.99
21.0403255715136
21.0277264808362
21.0001253505566
20.9505818815331
20.8111629132319
20.7539094076655
20.7395029319283
20.709
20.9482723718874
20.6978805132999
20.6500348432056
20.6006284524518
20.5046933797909
20.429392538455
20.3700418118467
999.99
999.99
999.99
999.99
999.99
999.99
999.99
999.99
999.99
999.99
999.99
999.99
999.99
999.99
999.99
999.99
999.99
999.99
999.99
999.99
999.99
999.99
999.99
999.99
999.99
999.99
999.99
999.99
999.99
999.99
999.99
999.99
999.99
999.99
999.99
999.99
999.99
999.99
999.99
999.99
999.99
999.99
999.99
999.99
999.99
999.99
999.99
999.99
999.99
999.99
999.99
999.99
999.99
999.99
999.99
999.99
999.99
999.99
999.99
999.99
999.99
999.99
999.99
999.99
999.99
999.99
999.99
999.99
20.3470144471828
20.2515191637631
20.589461205065
20.540456445993
20.6604586555622
20.5375923344948
20.3240500552392
20.2846445993031
20.3706125605507
20.5336213988273
19.9939477351916
20.0046722189173
999.99
999.99
999.99
999.99
999.99
999.99
999.99
999.99
999.99
999.99
999.99
999.99
999.99
999.99
999.99
999.99
999.99
999.99
999.99
999.99
999.99
999.99
999.99
999.99
999.99
999.99
999.99
999.99
999.99
999.99
999.99
999.99
999.99
999.99
999.99
999.99
999.99
999.99
999.99
999.99
999.99
999.99
999.99
999.99
999.99
999.99
999.99
999.99
999.99
999.99
999.99
999.99
999.99
999.99
999.99
999.99
999.99
999.99
999.99
999.99
999.99
999.99
999.99
999.99
999.99
999.99
999.99
999.99
999.99
999.99
999.99
999.99
19.8117229965157
19.9448327526133
999.99
999.99
999.99
999.99
999.99
999.99
999.99
999.99
999.99
999.99
999.99
999.99
999.99
999.99
999.99
999.99
999.99
999.99
999.99
999.99
999.99
999.99
999.99
999.99
999.99
999.99
999.99
999.99
999.99
999.99
999.99
999.99
999.99
999.99
999.99
999.99
999.99
999.99
999.99
999.99
999.99
999.99
999.99
999.99
999.99
999.99
999.99
999.99
999.99
999.99
999.99
999.99
999.99
999.99
999.99
999.99
999.99
999.99
999.99
999.99
999.99
999.99
999.99
999.99
999.99
999.99
999.99
999.99
999.99
999.99
999.99
999.99
999.99
999.99
999.99
999.99
999.99
999.99
999.99
999.99
999.99
999.99
999.99
999.99
999.99
999.99
999.99
999.99
999.99
999.99
999.99
999.99
999.99
999.99
999.99
999.99
999.99
999.99
999.99
999.99
999.99
999.99
999.99
999.99
999.99
999.99
999.99
999.99
999.99
999.99
999.99
999.99
999.99
999.99
999.99
999.99
999.99
999.99
999.99
999.99
999.99
999.99
999.99
999.99
999.99
999.99
999.99
999.99
999.99
999.99
999.99
999.99
999.99
999.99
999.99
999.99
999.99
999.99
999.99
999.99
999.99
999.99
999.99
999.99
999.99
999.99
999.99
999.99
999.99
999.99
999.99
999.99
999.99
999.99
999.99
999.99
999.99
999.99
999.99
999.99
999.99
999.99
999.99
999.99
999.99
999.99
999.99
999.99
999.99
999.99
999.99
999.99
999.99
999.99
999.99
999.99
999.99
999.99
999.99
999.99
999.99
999.99
999.99
999.99
999.99
999.99
999.99
999.99
999.99
999.99
999.99
999.99
999.99
999.99
999.99
999.99
999.99
999.99
999.99
999.99
999.99
999.99
999.99
999.99
999.99
999.99
999.99
999.99
999.99
999.99
999.99
999.99
999.99
999.99
999.99
999.99
999.99
999.99
999.99
999.99
999.99
999.99
999.99
999.99
999.99
999.99
999.99
999.99
999.99
999.99
999.99
999.99
999.99
999.99
999.99
999.99
999.99
999.99
999.99
999.99
999.99
999.99
999.99
999.99
999.99
999.99
999.99
999.99
999.99
999.99
999.99
999.99
999.99
999.99
999.99
999.99
999.99
999.99
999.99
999.99
999.99
999.99
999.99
999.99
999.99
999.99
999.99
999.99
999.99
999.99
999.99
999.99
999.99
999.99
999.99
999.99
999.99
999.99
999.99
999.99
999.99
999.99
999.99
999.99
999.99
999.99
999.99
999.99
999.99
999.99
999.99
999.99
999.99
999.99
999.99
999.99
999.99
999.99
999.99
999.99
999.99
999.99
999.99
999.99
999.99
999.99
999.99
999.99
999.99
999.99
999.99
999.99
999.99
999.99
999.99
999.99
999.99
999.99
999.99
999.99
999.99
999.99
999.99
999.99
999.99
999.99
999.99
999.99
999.99
999.99
999.99
999.99
999.99
999.99
999.99
999.99
999.99
999.99
999.99
999.99
999.99
999.99
999.99
999.99
999.99
999.99
999.99
999.99
999.99
999.99
999.99
999.99
999.99
999.99
999.99
999.99
999.99
999.99
999.99
999.99
999.99
999.99
999.99
999.99
999.99
999.99
999.99
999.99
999.99
999.99
999.99
999.99
999.99
999.99
999.99
999.99
999.99
999.99
999.99
999.99
999.99
999.99
999.99
999.99
999.99
999.99
999.99
999.99
999.99
999.99
999.99
999.99
999.99
999.99
999.99
999.99
999.99
999.99
999.99
999.99
999.99
999.99
999.99
999.99
999.99
999.99
999.99
999.99
999.99
999.99
999.99
