999.99
999.99
999.99
999.99
999.99
999.99
999.99
999.99
999.99
999.99
999.99
999.99
999.99
999.99
999.99
999.99
999.99
999.99
999.99
999.99
999.99
999.99
999.99
999.99
999.99
999.99
999.99
999.99
999.99
999.99
999.99
999.99
999.99
999.99
999.99
999.99
999.99
999.99
999.99
999.99
999.99
999.99
999.99
999.99
999.99
999.99
999.99
999.99
999.99
999.99
999.99
999.99
999.99
999.99
999.99
999.99
999.99
999.99
999.99
999.99
999.99
999.99
999.99
999.99
999.99
999.99
999.99
999.99
999.99
999.99
999.99
999.99
999.99
999.99
999.99
999.99
999.99
999.99
999.99
999.99
999.99
999.99
999.99
999.99
999.99
999.99
999.99
999.99
999.99
999.99
999.99
999.99
999.99
999.99
999.99
999.99
999.99
999.99
999.99
999.99
999.99
999.99
999.99
999.99
999.99
999.99
999.99
999.99
999.99
999.99
999.99
999.99
999.99
999.99
999.99
999.99
999.99
999.99
999.99
999.99
999.99
999.99
999.99
999.99
999.99
999.99
999.99
999.99
999.99
999.99
999.99
999.99
999.99
999.99
22.1512257159854
22.1638021585791
22.2706829268293
22.3253131639331
22.3819616724738
22.4399179909918
22.5822822299651
22.569721764256
22.601212543554
22.6668809382171
22.6653275261324
22.6089286989037
22.5410243902439
22.3824101300246
22.0603135888501
21.8834969830883
21.5610487804878
21.0096615110055
20.2567944250872
19.7882264808362
19.0257421602787
999.99
999.99
999.99
999.99
999.99
999.99
999.99
999.99
999.99
999.99
999.99
999.99
999.99
999.99
999.99
999.99
999.99
999.99
999.99
999.99
999.99
999.99
999.99
999.99
999.99
999.99
999.99
999.99
999.99
999.99
999.99
999.99
999.99
999.99
999.99
999.99
999.99
999.99
999.99
999.99
999.99
999.99
999.99
999.99
999.99
999.99
999.99
999.99
999.99
999.99
999.99
999.99
999.99
999.99
999.99
999.99
999.99
999.99
999.99
999.99
999.99
999.99
21.8693861889789
22.1118728769319
22.1397789945246
22.2218315749858
22.4019771030363
22.4317076448664
22.3844614235938
22.4155449805145
22.3875465405674
22.3919298886717
22.338581134893
22.3611456312448
22.4087799900448
22.3073794327963
22.0672717770034
21.8417551020408
20.9296149825784
20.1416530672948
19.6921105027377
19.2060176462019
19.0033352414136
999.99
999.99
999.99
999.99
999.99
999.99
999.99
999.99
999.99
999.99
999.99
999.99
999.99
999.99
999.99
999.99
999.99
999.99
999.99
999.99
999.99
999.99
999.99
999.99
999.99
999.99
999.99
999.99
999.99
999.99
999.99
999.99
999.99
999.99
999.99
999.99
999.99
999.99
999.99
999.99
999.99
999.99
999.99
999.99
999.99
999.99
999.99
999.99
999.99
999.99
999.99
999.99
999.99
999.99
999.99
999.99
999.99
999.99
999.99
999.99
999.99
999.99
21.7182711821195
21.8496088212799
21.8022996515679
21.9120843035608
21.9603728222997
21.8479105124501
22.0113170731707
22.0539670264299
21.7997421602788
21.9318431205915
21.6804285714285
21.440512195122
21.5178153310104
21.5480333984873
21.2127456445992
20.8672171326589
20.4482090592335
20.1433910087533
19.8795470383275
19.6458611370783
19.5689477351916
999.99
999.99
999.99
999.99
999.99
999.99
999.99
999.99
999.99
999.99
999.99
999.99
999.99
999.99
999.99
999.99
999.99
999.99
999.99
999.99
999.99
999.99
999.99
999.99
999.99
999.99
999.99
999.99
999.99
999.99
999.99
999.99
999.99
999.99
999.99
999.99
999.99
999.99
999.99
999.99
999.99
999.99
999.99
999.99
999.99
999.99
999.99
999.99
999.99
999.99
999.99
999.99
999.99
999.99
999.99
999.99
999.99
999.99
999.99
999.99
999.99
999.99
22.6167008583326
22.465175235829
22.528968641115
22.4910229455256
22.0880662020906
22.1098869720405
21.8685365853659
21.8746859862327
22.1137700348432
22.1938953004164
21.9764843205575
21.828818815331
21.4830766550522
21.1743440979009
21.0454912891986
20.864538794935
20.5954390243902
20.4549430611031
19.8680418118466
19.7371149825783
23.7089158407732
999.99
999.99
999.99
999.99
999.99
999.99
999.99
999.99
999.99
999.99
999.99
999.99
999.99
999.99
999.99
999.99
999.99
999.99
999.99
999.99
999.99
999.99
999.99
999.99
999.99
999.99
999.99
999.99
999.99
999.99
999.99
999.99
999.99
999.99
999.99
999.99
999.99
999.99
999.99
999.99
999.99
999.99
999.99
999.99
999.99
999.99
999.99
999.99
999.99
999.99
999.99
999.99
999.99
999.99
999.99
999.99
999.99
999.99
999.99
999.99
999.99
999.99
999.99
22.9147587320473
22.7182648083623
22.627583836152
22.6581916376307
22.6088725248577
22.7592613240418
22.6497108863772
22.6445191637631
22.6163631341888
22.3082717770035
22.1690478456701
22.0696655052265
21.7703497917906
21.3999512195122
21.2169965156794
20.6945540069686
20.1469378771141
19.9070209059233
19.7510395172941
23.7089158407732
23.7089158407732
999.99
999.99
999.99
999.99
999.99
999.99
999.99
999.99
999.99
999.99
999.99
999.99
999.99
999.99
999.99
999.99
999.99
999.99
999.99
999.99
999.99
999.99
999.99
999.99
999.99
999.99
999.99
999.99
999.99
999.99
999.99
999.99
999.99
999.99
999.99
999.99
999.99
999.99
999.99
999.99
999.99
999.99
999.99
999.99
999.99
999.99
999.99
999.99
999.99
999.99
999.99
999.99
999.99
999.99
999.99
999.99
999.99
999.99
999.99
999.99
999.99
23.452149825784
23.4088335174641
23.1712996515679
23.0140832837596
22.8398571428571
22.6119871675023
22.5903379790941
22.6134765870655
22.7280383275261
22.961603892241
23.061331010453
22.9769416163848
22.600968641115
22.2085146596414
21.3958919860626
20.9951483810657
20.925031358885
20.8877003484321
20.5714390243903
20.4060826888757
20.4643797909407
999.99
999.99
999.99
999.99
999.99
999.99
999.99
999.99
999.99
999.99
999.99
999.99
999.99
999.99
999.99
999.99
999.99
999.99
999.99
999.99
999.99
999.99
999.99
999.99
999.99
999.99
999.99
999.99
999.99
999.99
999.99
999.99
999.99
999.99
999.99
999.99
999.99
999.99
999.99
999.99
999.99
999.99
999.99
999.99
999.99
999.99
999.99
999.99
999.99
999.99
999.99
999.99
999.99
999.99
999.99
999.99
999.99
999.99
999.99
999.99
999.99
999.99
999.99
999.99
23.3491080139373
23.3240815840911
23.2895946573751
23.1199150732274
22.9033542392567
22.7488095238095
22.9082636469222
22.9029197756437
22.7204216027874
22.8913646355627
22.7564576074332
22.4193195376901
22.0135702671312
21.5482999631738
21.421380952381
21.4780009348178
21.2540092915215
20.8451758023852
20.5670046457607
20.3303610945866
23.7089158407732
999.99
999.99
999.99
999.99
999.99
999.99
999.99
999.99
999.99
999.99
999.99
999.99
999.99
999.99
999.99
999.99
999.99
999.99
999.99
999.99
999.99
999.99
999.99
999.99
999.99
999.99
999.99
999.99
999.99
999.99
999.99
999.99
999.99
999.99
999.99
999.99
999.99
999.99
999.99
999.99
999.99
999.99
999.99
999.99
999.99
999.99
999.99
999.99
999.99
999.99
999.99
999.99
999.99
999.99
999.99
999.99
999.99
999.99
999.99
999.99
999.99
999.99
999.99
23.510668989547
23.5451324041812
23.3218950454661
22.963480836237
22.8313015212034
22.7887804878049
22.6612154329906
22.7648919860627
22.8717280530296
22.8176864111498
22.6271515254525
22.4694146341463
21.9021029999149
21.5088885017422
21.3457694399592
21.1268710801394
20.7379366023626
20.1995400696864
19.9159512195122
19.6082825698987
18.7154337979094
999.99
999.99
999.99
999.99
999.99
999.99
999.99
999.99
999.99
999.99
999.99
999.99
999.99
999.99
999.99
999.99
999.99
999.99
999.99
999.99
999.99
999.99
999.99
999.99
999.99
999.99
999.99
999.99
999.99
999.99
999.99
999.99
999.99
999.99
999.99
999.99
999.99
999.99
999.99
999.99
999.99
999.99
999.99
999.99
999.99
999.99
999.99
999.99
999.99
999.99
999.99
999.99
999.99
999.99
999.99
999.99
999.99
999.99
23.1860364194458
23.2356101891084
23.3375558806509
23.5822848846856
23.6423166361131
23.5248777169404
23.2920619407787
23.0501732205077
23.0263090887753
22.9842993197279
23.0145620196919
22.7608279409324
22.8677485340359
23.1193280238925
23.0834925153881
22.7876701509872
22.3054128616347
21.9474961008794
21.7569115646258
21.4606104197777
20.8944283650403
999.99
999.99
999.99
999.99
999.99
999.99
999.99
999.99
999.99
999.99
999.99
999.99
999.99
999.99
999.99
999.99
999.99
999.99
999.99
999.99
999.99
999.99
999.99
999.99
999.99
999.99
999.99
999.99
999.99
999.99
999.99
999.99
999.99
999.99
999.99
999.99
999.99
999.99
999.99
999.99
999.99
999.99
999.99
999.99
999.99
999.99
999.99
999.99
999.99
999.99
999.99
999.99
999.99
999.99
999.99
999.99
999.99
999.99
999.99
999.99
999.99
999.99
999.99
23.3348362369338
23.4775222231665
23.491275261324
23.6170542194272
23.6803031358885
23.5036148551032
23.2877038327526
23.1920288943656
23.1523763066202
23.1463773264214
23.2084947735192
23.2241918075975
22.9779825783972
23.0393494518569
22.8439651567944
22.5690153820004
22.2971254355401
21.9902122036203
21.9114076655052
21.8031343588
21.477149825784
999.99
999.99
999.99
999.99
999.99
999.99
999.99
999.99
999.99
999.99
999.99
999.99
999.99
999.99
999.99
999.99
999.99
999.99
999.99
999.99
999.99
999.99
999.99
999.99
999.99
999.99
999.99
999.99
999.99
999.99
999.99
999.99
999.99
999.99
999.99
999.99
999.99
999.99
999.99
999.99
999.99
999.99
999.99
999.99
999.99
999.99
999.99
999.99
999.99
999.99
999.99
999.99
999.99
999.99
999.99
999.99
999.99
999.99
999.99
999.99
999.99
999.99
23.7194973999118
23.7087112060767
23.5051992699519
23.4750653724905
23.6001383773021
23.577874111215
23.4252599966816
23.3590953473596
23.278012444002
23.206619047619
23.2270899286544
23.2929228188598
22.7855397378464
22.5061165001396
22.5023099386096
22.4784334640459
22.7499930313589
22.586195603524
22.25556197113
21.8911779148305
21.6051410320226
999.99
999.99
999.99
999.99
999.99
999.99
999.99
999.99
999.99
999.99
999.99
999.99
999.99
999.99
999.99
999.99
999.99
999.99
999.99
999.99
999.99
999.99
999.99
999.99
999.99
999.99
999.99
999.99
999.99
999.99
999.99
999.99
999.99
999.99
999.99
999.99
999.99
999.99
999.99
999.99
999.99
999.99
999.99
999.99
999.99
999.99
999.99
999.99
999.99
999.99
999.99
999.99
999.99
999.99
999.99
999.99
999.99
999.99
999.99
999.99
999.99
999.99
999.99
999.99
999.99
999.99
23.7558466898955
23.7504965581712
23.6514390243902
23.4836046570919
23.3266515679443
23.1681269652418
23.1346794425087
23.0042542704173
22.8703275261324
22.5999400866831
22.6549547038327
22.6153027109714
22.3759024390244
22.340123225971
22.0818919860627
21.9380843885443
21.6176620209059
21.5371249256395
21.2623273561655
20.6618501742161
20.1963906688196
999.99
999.99
999.99
999.99
999.99
999.99
999.99
999.99
999.99
999.99
999.99
999.99
999.99
999.99
999.99
999.99
999.99
999.99
999.99
999.99
999.99
999.99
999.99
999.99
999.99
999.99
999.99
999.99
999.99
999.99
999.99
999.99
999.99
999.99
999.99
999.99
999.99
999.99
999.99
999.99
999.99
999.99
999.99
999.99
999.99
999.99
999.99
999.99
999.99
999.99
999.99
999.99
999.99
999.99
999.99
999.99
999.99
999.99
999.99
999.99
999.99
999.99
23.7814041811846
23.8233220022096
23.724212543554
23.5722031103935
23.7361428571429
23.5345981133679
22.9826271777003
22.7918325826464
22.7688989547038
22.7625391348687
22.726574912892
22.5453614345202
22.1959930313589
21.9919886122206
21.9685574912892
22.022356420498
21.9082090592334
21.8971658026685
21.7817226990736
21.599193379791
21.0821154924789
999.99
999.99
999.99
999.99
999.99
999.99
999.99
999.99
999.99
999.99
999.99
999.99
999.99
999.99
999.99
999.99
999.99
999.99
999.99
999.99
999.99
999.99
999.99
999.99
999.99
999.99
999.99
999.99
999.99
999.99
999.99
999.99
999.99
999.99
999.99
999.99
999.99
999.99
999.99
999.99
999.99
999.99
999.99
999.99
999.99
999.99
999.99
999.99
999.99
999.99
999.99
999.99
999.99
999.99
999.99
999.99
999.99
999.99
999.99
999.99
999.99
999.99
23.7779268292683
23.7072992266508
23.7419512195122
23.8204104699583
23.8222926829268
23.7965603807257
23.5144634146341
23.0993860797145
23.0907073170732
23.1270701963117
22.9001463414634
22.8151487209994
22.5831463414634
22.1560243902439
22.1867804878049
22.0160511600238
21.853512195122
21.8165580011898
21.8402349791791
21.892012195122
21.5245562165377
999.99
999.99
999.99
999.99
999.99
999.99
999.99
999.99
999.99
999.99
999.99
999.99
999.99
999.99
999.99
999.99
999.99
999.99
999.99
999.99
999.99
999.99
999.99
999.99
999.99
999.99
999.99
999.99
999.99
999.99
999.99
999.99
999.99
999.99
999.99
999.99
999.99
999.99
999.99
999.99
999.99
999.99
999.99
999.99
999.99
999.99
999.99
999.99
999.99
999.99
999.99
999.99
999.99
999.99
999.99
999.99
999.99
999.99
999.99
999.99
999.99
999.99
999.99
23.7784182034503
23.7901324041812
23.7352204470129
23.6077108013937
23.6326549672814
23.6488850174216
23.4007954448883
23.204818815331
23.2397353616045
23.0998327526132
22.8604264468428
22.6396027874564
22.3694302710972
22.1966097560976
22.2032440724059
22.3445331010453
22.1109302286054
21.8402943825954
21.4848763066202
20.8591078439704
19.8739721254355
999.99
999.99
999.99
999.99
999.99
999.99
999.99
999.99
999.99
999.99
999.99
999.99
999.99
999.99
999.99
999.99
999.99
999.99
999.99
999.99
999.99
999.99
999.99
999.99
999.99
999.99
999.99
999.99
999.99
999.99
999.99
999.99
999.99
999.99
999.99
999.99
999.99
999.99
999.99
999.99
999.99
999.99
999.99
999.99
999.99
999.99
999.99
999.99
999.99
999.99
999.99
999.99
999.99
999.99
999.99
999.99
999.99
999.99
999.99
999.99
999.99
999.99
23.4400589441011
23.3629159615066
23.1909970316503
23.3163835241414
23.4263688604532
23.1780714285714
23.1108145560425
22.9253930645429
22.7697728170388
22.4634282395885
22.3629523809524
22.5405603119297
22.4804135698301
22.3383549858968
22.187500238763
22.071694043471
21.9230479771921
21.6460076039934
21.234099800896
20.498292249916
20.1482822299651
999.99
999.99
999.99
999.99
999.99
999.99
999.99
999.99
999.99
999.99
999.99
999.99
999.99
999.99
999.99
999.99
999.99
999.99
999.99
999.99
999.99
999.99
999.99
999.99
999.99
999.99
999.99
999.99
999.99
999.99
999.99
999.99
999.99
999.99
999.99
999.99
999.99
999.99
999.99
999.99
999.99
999.99
999.99
999.99
999.99
999.99
999.99
999.99
999.99
999.99
999.99
999.99
999.99
999.99
999.99
999.99
999.99
999.99
999.99
999.99
999.99
999.99
999.99
999.99
23.57215220532
23.5286794425087
23.2882607291578
23.0910243902439
23.1304244072406
23.1045296167247
22.9918062377836
22.6705609756097
22.2882696524177
21.8366655052265
21.672476672049
21.4802229965157
21.4011726013428
21.0248292682927
20.9062735616555
20.7194382595394
20.475756097561
20.3213814906093
19.9223013937281
19.7544382595394
19.1378989547038
999.99
999.99
999.99
999.99
999.99
999.99
999.99
999.99
999.99
999.99
999.99
999.99
999.99
999.99
999.99
999.99
999.99
999.99
999.99
999.99
999.99
999.99
999.99
999.99
999.99
999.99
999.99
999.99
999.99
999.99
999.99
999.99
999.99
999.99
999.99
999.99
999.99
999.99
999.99
999.99
999.99
999.99
999.99
999.99
999.99
999.99
999.99
999.99
999.99
999.99
999.99
999.99
999.99
999.99
999.99
999.99
999.99
999.99
999.99
999.99
999.99
999.99
23.3632976706447
23.2871723909076
23.2426430594844
23.1300728388916
23.0246033742468
23.0061284221005
22.9783945578231
22.8603675128588
22.5742928225424
22.4614777667164
22.1705496040178
21.9276734693877
21.4990797731347
21.1652478845197
20.935207940285
20.8996628889509
20.7887531939605
20.6105149044746
20.4404023560644
20.4605963368096
20.2704698025552
999.99
999.99
999.99
999.99
999.99
999.99
999.99
999.99
999.99
999.99
999.99
999.99
999.99
999.99
999.99
999.99
999.99
999.99
999.99
999.99
999.99
999.99
999.99
999.99
999.99
999.99
999.99
999.99
999.99
999.99
999.99
999.99
999.99
999.99
999.99
999.99
999.99
999.99
999.99
999.99
999.99
999.99
999.99
999.99
999.99
999.99
999.99
999.99
999.99
999.99
999.99
999.99
999.99
999.99
999.99
999.99
999.99
999.99
999.99
999.99
999.99
23.6534459930314
23.6740175065862
23.5834564459931
23.3059165462735
23.1798327526132
23.0733488569729
23.060905923345
22.957616384805
22.8413031358885
22.6877851618934
22.4429581881533
22.2484199031189
21.8548048780489
21.2425998980199
20.8903797909408
20.8640591484661
20.756072830798
20.7073397212544
20.6187038327526
20.4597595818815
20.4329328630917
999.99
999.99
999.99
999.99
999.99
999.99
999.99
999.99
999.99
999.99
999.99
999.99
999.99
999.99
999.99
999.99
999.99
999.99
999.99
999.99
999.99
999.99
999.99
999.99
999.99
999.99
999.99
999.99
999.99
999.99
999.99
999.99
999.99
999.99
999.99
999.99
999.99
999.99
999.99
999.99
999.99
999.99
999.99
999.99
999.99
999.99
999.99
999.99
999.99
999.99
999.99
999.99
999.99
999.99
999.99
999.99
999.99
999.99
999.99
999.99
999.99
999.99
999.99
999.99
999.99
23.5120312395035
23.281474780156
23.2274047619048
23.2206177202588
23.141415095485
23.0874982578397
22.9891542368285
22.5878108511697
22.2358903491202
21.795474614236
21.5406047218412
21.0728351584536
20.8440680272109
20.698592077521
20.5204954371993
20.3611386929549
20.4944596814336
20.4808129251701
20.1309728720757
19.7294898019887
23.7089158407732
999.99
999.99
999.99
999.99
999.99
999.99
999.99
999.99
999.99
999.99
999.99
999.99
999.99
999.99
999.99
999.99
999.99
999.99
999.99
999.99
999.99
999.99
999.99
999.99
999.99
999.99
999.99
999.99
999.99
999.99
999.99
999.99
999.99
999.99
999.99
999.99
999.99
999.99
999.99
999.99
999.99
999.99
999.99
999.99
999.99
999.99
999.99
999.99
999.99
999.99
999.99
999.99
999.99
999.99
999.99
999.99
999.99
999.99
999.99
999.99
999.99
23.829243902439
23.5139250446163
23.4646829268293
23.5647180249851
23.5729268292683
23.4770761451517
23.3935609756097
23.3396412849494
22.9798536585366
22.3524729327782
21.7599756097562
21.2214069006544
20.8131707317073
20.5641136228435
20.3427632361689
20.1419512195122
20.0821933372992
19.777487804878
19.4572343842953
23.7089158407732
999.99
999.99
999.99
999.99
999.99
999.99
999.99
999.99
999.99
999.99
999.99
999.99
999.99
999.99
999.99
999.99
999.99
999.99
999.99
999.99
999.99
999.99
999.99
999.99
999.99
999.99
999.99
999.99
999.99
999.99
999.99
999.99
999.99
999.99
999.99
999.99
999.99
999.99
999.99
999.99
999.99
999.99
999.99
999.99
999.99
999.99
999.99
999.99
999.99
999.99
999.99
999.99
999.99
999.99
999.99
999.99
999.99
999.99
999.99
999.99
999.99
999.99
24.0663666185094
24.1062857142857
23.8693694229625
23.8319965156794
23.8626670349282
23.9523379790941
23.9508817030679
23.8860731707317
23.8291368233195
23.5406027874564
22.9545755927595
22.0404041811848
21.2347796379707
20.7457003484321
20.4380318687856
20.237542364239
20.0498170731707
19.7600092631937
19.3517926829268
28.4478995495794
999.99
999.99
999.99
999.99
999.99
999.99
999.99
999.99
999.99
999.99
999.99
999.99
999.99
999.99
999.99
999.99
999.99
999.99
999.99
999.99
999.99
999.99
999.99
999.99
999.99
999.99
999.99
999.99
999.99
999.99
999.99
999.99
999.99
999.99
999.99
999.99
999.99
999.99
999.99
999.99
999.99
999.99
999.99
999.99
999.99
999.99
999.99
999.99
999.99
999.99
999.99
999.99
999.99
999.99
999.99
999.99
999.99
999.99
999.99
999.99
999.99
999.99
999.99
999.99
24.665756097561
24.5299046485935
24.4203449477352
24.3432409280191
24.2428048780488
24.2401598538285
23.9835993031359
23.6549452706722
23.4174738675958
22.998
22.1795923344949
21.5345195886803
21.1435574912892
20.5448488144811
19.8443917736041
19.510149825784
19.3130533695929
18.4453484320556
23.7089158407732
23.7089158407732
999.99
999.99
999.99
999.99
999.99
999.99
999.99
999.99
999.99
999.99
999.99
999.99
999.99
999.99
999.99
999.99
999.99
999.99
999.99
999.99
999.99
999.99
999.99
999.99
999.99
999.99
999.99
999.99
999.99
999.99
999.99
999.99
999.99
999.99
999.99
999.99
999.99
999.99
999.99
999.99
999.99
999.99
999.99
999.99
999.99
999.99
999.99
999.99
999.99
999.99
999.99
999.99
999.99
999.99
999.99
999.99
999.99
999.99
999.99
999.99
999.99
24.6166027874565
24.5744063057704
24.6117770034843
24.6336440894026
24.442243902439
24.5874805812866
24.4382996515679
24.1726042321747
23.7493972125435
23.5840575337809
23.3109651567944
23.16415815416
22.3781602787456
21.9628578227246
21.6772195121951
21.1747226990737
20.3962429676212
19.7495592334495
19.4773252315799
19.5562839721255
999.99
999.99
999.99
999.99
999.99
999.99
999.99
999.99
999.99
999.99
999.99
999.99
999.99
999.99
999.99
999.99
999.99
999.99
999.99
999.99
999.99
999.99
999.99
999.99
999.99
999.99
999.99
999.99
999.99
999.99
999.99
999.99
999.99
999.99
999.99
999.99
999.99
999.99
999.99
999.99
999.99
999.99
999.99
999.99
999.99
999.99
999.99
999.99
999.99
999.99
999.99
999.99
999.99
999.99
999.99
999.99
999.99
999.99
999.99
999.99
999.99
999.99
999.99
999.99
24.9471929973655
24.7307003484321
24.6110364578907
24.6471358885017
24.5474395342908
24.4933658536585
24.2522487464944
23.9119094076655
23.4595576612561
23.4797108013937
23.3259382170477
22.9282752613241
22.5518564629897
22.1605958188153
21.6014686836066
21.1047630662021
20.5475331010453
20.0866889606527
19.7078222996515
18.1606567519334
999.99
999.99
999.99
999.99
999.99
999.99
999.99
999.99
999.99
999.99
999.99
999.99
999.99
999.99
999.99
999.99
999.99
999.99
999.99
999.99
999.99
999.99
999.99
999.99
999.99
999.99
999.99
999.99
999.99
999.99
999.99
999.99
999.99
999.99
999.99
999.99
999.99
999.99
999.99
999.99
999.99
999.99
999.99
999.99
999.99
999.99
999.99
999.99
999.99
999.99
999.99
999.99
999.99
999.99
999.99
999.99
999.99
999.99
999.99
999.99
999.99
999.99
24.9269337979094
24.9828624118297
24.8912682926829
24.808060933118
24.6075574912892
24.5811531401377
24.226905923345
23.8618546783377
23.5493205574913
23.4701279000595
23.5190452961672
23.25579400017
22.8815156794426
22.6963519163763
22.5721114982578
22.0464133593949
21.1693232769609
20.6208850174216
20.4414557661256
19.9016236933797
999.99
999.99
999.99
999.99
999.99
999.99
999.99
999.99
999.99
999.99
999.99
999.99
999.99
999.99
999.99
999.99
999.99
999.99
999.99
999.99
999.99
999.99
999.99
999.99
999.99
999.99
999.99
999.99
999.99
999.99
999.99
999.99
999.99
999.99
999.99
999.99
999.99
999.99
999.99
999.99
999.99
999.99
999.99
999.99
999.99
999.99
999.99
999.99
999.99
999.99
999.99
999.99
999.99
999.99
999.99
999.99
999.99
999.99
999.99
999.99
999.99
999.99
999.99
999.99
999.99
24.9407924340468
24.9268440675497
24.7814420109507
24.5676367444063
24.3641921353907
24.1685956974104
24.0334041811846
23.8592195728975
23.6871239422598
23.5271782952325
23.416419113987
23.1493761730748
22.7398282727725
22.0899642826791
21.5771224489796
21.1311192135391
20.9007596790054
20.6148183175709
20.5995609391883
20.4001428571429
999.99
999.99
999.99
999.99
999.99
999.99
999.99
999.99
999.99
999.99
999.99
999.99
999.99
999.99
999.99
999.99
999.99
999.99
999.99
999.99
999.99
999.99
999.99
999.99
999.99
999.99
999.99
999.99
999.99
999.99
999.99
999.99
999.99
999.99
999.99
999.99
999.99
999.99
999.99
999.99
999.99
999.99
999.99
999.99
999.99
999.99
999.99
999.99
999.99
999.99
999.99
999.99
999.99
999.99
999.99
999.99
999.99
999.99
999.99
999.99
999.99
999.99
999.99
24.893
25.043753123141
24.909512195122
24.8359369422963
24.5348780487805
24.0960499702558
24.066
24.0338691255205
23.9701707317073
23.8471891731113
23.6022195121952
23.2373676383106
23.1027804878049
22.5675455086258
22.2926299821534
21.8729268292683
21.3420868530636
21.0706829268293
20.9971136228435
21.117256097561
999.99
999.99
999.99
999.99
999.99
999.99
999.99
999.99
999.99
999.99
999.99
999.99
999.99
999.99
999.99
999.99
999.99
999.99
999.99
999.99
999.99
999.99
999.99
999.99
999.99
999.99
999.99
999.99
999.99
999.99
999.99
999.99
999.99
999.99
999.99
999.99
999.99
999.99
999.99
999.99
999.99
999.99
999.99
999.99
999.99
999.99
999.99
999.99
999.99
999.99
999.99
999.99
999.99
999.99
999.99
999.99
999.99
999.99
999.99
999.99
999.99
999.99
24.847527540701
24.9504907914385
24.8953750561498
24.8183578894973
24.6776615110054
24.6239128919861
24.4531821316272
24.1741528123444
24.172333389989
24.1641946241911
23.9543165389892
23.7618611249379
23.3810342483216
23.0475734196117
22.599128434241
22.1484889218031
21.9245403185665
21.4437484854739
21.1158409656545
21.0053533003922
999.99
999.99
999.99
999.99
999.99
999.99
999.99
999.99
999.99
999.99
999.99
999.99
999.99
999.99
999.99
999.99
999.99
999.99
999.99
999.99
999.99
999.99
999.99
999.99
999.99
999.99
999.99
999.99
999.99
999.99
999.99
999.99
999.99
999.99
999.99
999.99
999.99
999.99
999.99
999.99
999.99
999.99
999.99
999.99
999.99
999.99
999.99
999.99
999.99
999.99
999.99
999.99
999.99
999.99
999.99
999.99
999.99
999.99
999.99
999.99
999.99
999.99
999.99
24.990759666865
24.763456445993
24.7854530466559
24.8853379790941
24.8335478031784
24.6118954703833
24.4416732387184
24.2780836236934
24.1581920625478
24.0381986062718
23.7372908132915
23.2787282229966
22.7165246027025
22.4746515679442
22.2495279170562
21.9679180759751
21.5971777003484
21.3135645449137
20.852200348432
20.581431630832
999.99
999.99
999.99
999.99
999.99
999.99
999.99
999.99
999.99
999.99
999.99
999.99
999.99
999.99
999.99
999.99
999.99
999.99
999.99
999.99
999.99
999.99
999.99
999.99
999.99
999.99
999.99
999.99
999.99
999.99
999.99
999.99
999.99
999.99
999.99
999.99
999.99
999.99
999.99
999.99
999.99
999.99
999.99
999.99
999.99
999.99
999.99
999.99
999.99
999.99
999.99
999.99
999.99
999.99
999.99
999.99
999.99
999.99
999.99
999.99
999.99
25.0698591824594
25.1010801393728
24.9915671794
24.7960905923345
24.7722163678083
24.6314285714286
24.6319049035438
24.4771533101045
24.4411561995411
24.3579163763066
24.1807458145661
24.0289268292683
23.6512733067053
23.2578780487806
22.5538647063823
22.3108397212544
22.1694844055409
21.7797451346987
21.2725505226481
20.7046759581882
999.99
999.99
999.99
999.99
999.99
999.99
999.99
999.99
999.99
999.99
999.99
999.99
999.99
999.99
999.99
999.99
999.99
999.99
999.99
999.99
999.99
999.99
999.99
999.99
999.99
999.99
999.99
999.99
999.99
999.99
999.99
999.99
999.99
999.99
999.99
999.99
999.99
999.99
999.99
999.99
999.99
999.99
999.99
999.99
999.99
999.99
999.99
999.99
999.99
999.99
999.99
999.99
999.99
999.99
999.99
999.99
999.99
999.99
999.99
999.99
999.99
999.99
999.99
999.99
25.0430522648083
24.9580443613495
24.8489094076655
24.8423275261324
24.7757421602787
24.6568079374522
24.6091881533101
24.5984150590635
24.389763066202
24.0151149825784
23.8382229965157
23.4698670009349
22.8649965156796
22.292909492649
22.3542787456446
22.3677647658706
22.21983292258
21.6355365853659
20.4967339168861
19.5857839721254
999.99
999.99
999.99
999.99
999.99
999.99
999.99
999.99
999.99
999.99
999.99
999.99
999.99
999.99
999.99
999.99
999.99
999.99
999.99
999.99
999.99
999.99
999.99
999.99
999.99
999.99
999.99
999.99
999.99
999.99
999.99
999.99
999.99
999.99
999.99
999.99
999.99
999.99
999.99
999.99
999.99
999.99
999.99
999.99
999.99
999.99
999.99
999.99
999.99
999.99
999.99
999.99
999.99
999.99
999.99
999.99
999.99
999.99
999.99
999.99
999.99
999.99
999.99
24.7828989547038
24.8413259114472
24.7756968641115
24.6386604062208
24.6119512195122
24.6566091612136
24.5154773519164
24.3234193082349
24.2432682926829
23.975779722954
23.7486898954704
23.3360373927085
22.9988432055749
23.0227456445993
22.8114599303136
22.5614569558936
22.4163666185093
21.6346986062718
20.7079078779637
20.039869337979
999.99
999.99
999.99
999.99
999.99
999.99
999.99
999.99
999.99
999.99
999.99
999.99
999.99
999.99
999.99
999.99
999.99
999.99
999.99
999.99
999.99
999.99
999.99
999.99
999.99
999.99
999.99
999.99
999.99
999.99
999.99
999.99
999.99
999.99
999.99
999.99
999.99
999.99
999.99
999.99
999.99
999.99
999.99
999.99
999.99
999.99
999.99
999.99
999.99
999.99
999.99
999.99
999.99
999.99
999.99
999.99
999.99
999.99
999.99
999.99
999.99
999.99
24.9282002209569
24.8196585365854
24.8291893430781
24.6487317073171
24.549181184669
24.5852961672474
24.5427091017252
24.5216620209059
24.4019750998555
24.1732613240418
23.9287662105889
23.5350487804878
23.2849843630493
23.2173066202091
23.0457641709867
22.7790418118467
22.4933190277896
22.1703455426192
21.7079041811847
21.1820039092377
999.99
999.99
999.99
999.99
999.99
999.99
999.99
999.99
999.99
999.99
999.99
999.99
999.99
999.99
999.99
999.99
999.99
999.99
999.99
999.99
999.99
999.99
999.99
999.99
999.99
999.99
999.99
999.99
999.99
999.99
999.99
999.99
999.99
999.99
999.99
999.99
999.99
999.99
999.99
999.99
999.99
999.99
999.99
999.99
999.99
999.99
999.99
999.99
999.99
999.99
999.99
999.99
999.99
999.99
999.99
999.99
999.99
999.99
999.99
999.99
999.99
999.99
25.1664390243903
25.1480969660916
24.8886829268293
24.5321903628793
24.4847804878049
24.5296537775134
24.5031951219512
24.446490779298
24.3290243902439
24.2532284354551
23.9937804878049
23.6993503866746
23.3623902439024
23.1963509815586
23.1394146341464
22.9274544913742
22.7287317073171
22.4626341463415
22.0277864366448
21.6644756097561
999.99
999.99
999.99
999.99
999.99
999.99
999.99
999.99
999.99
999.99
999.99
999.99
999.99
999.99
999.99
999.99
999.99
999.99
999.99
999.99
999.99
999.99
999.99
999.99
999.99
999.99
999.99
999.99
999.99
999.99
999.99
999.99
999.99
999.99
999.99
999.99
999.99
999.99
999.99
999.99
999.99
999.99
999.99
999.99
999.99
999.99
999.99
999.99
999.99
999.99
999.99
999.99
999.99
999.99
999.99
999.99
999.99
999.99
999.99
999.99
999.99
999.99
999.99
25.3100603119296
24.8461468898089
24.9114353741497
24.9688257475507
24.558980919197
24.4811521830624
24.454156047785
24.4799019412643
24.2091156462585
24.0198996082669
23.9768086942094
23.7592301816621
23.6628920690227
23.6922562675278
23.7328476024556
23.56321211459
23.110775095404
22.6576724354227
22.2453050925308
22.1673920690227
999.99
999.99
999.99
999.99
999.99
999.99
999.99
999.99
999.99
999.99
999.99
999.99
999.99
999.99
999.99
999.99
999.99
999.99
999.99
999.99
999.99
999.99
999.99
999.99
999.99
999.99
999.99
999.99
999.99
999.99
999.99
999.99
999.99
999.99
999.99
999.99
999.99
999.99
999.99
999.99
999.99
999.99
999.99
999.99
999.99
999.99
999.99
999.99
999.99
999.99
999.99
999.99
999.99
999.99
999.99
999.99
999.99
999.99
999.99
999.99
999.99
999.99
999.99
999.99
24.7732456021076
24.2602648083624
24.3396440894026
24.2475609756098
24.3336788476247
24.2844425087108
24.2263588850174
24.0415853658537
23.9583989122121
24.0082682926829
23.9519826633806
23.8764634146341
23.8916571768505
23.7800975609756
23.5293744369848
23.2480975609756
22.6285037817625
22.1111092886887
21.8558362369338
23.1580239653245
999.99
999.99
999.99
999.99
999.99
999.99
999.99
999.99
999.99
999.99
999.99
999.99
999.99
999.99
999.99
999.99
999.99
999.99
999.99
999.99
999.99
999.99
999.99
999.99
999.99
999.99
999.99
999.99
999.99
999.99
999.99
999.99
999.99
999.99
999.99
999.99
999.99
999.99
999.99
999.99
999.99
999.99
999.99
999.99
999.99
999.99
999.99
999.99
999.99
999.99
999.99
999.99
999.99
999.99
999.99
999.99
999.99
999.99
24.5974257366242
24.7319930495696
24.5837723577235
24.3762346938776
23.9848271113323
23.947630540616
24.0335326862452
24.2976056465418
24.1475680272109
24.1597939799358
24.1801621868259
24.1121747077177
24.1563933963829
24.1231428733302
24.0277695370831
23.9915931398139
23.9522993197279
23.8205344344758
23.6216161440186
23.3583596781961
999.99
999.99
999.99
999.99
999.99
999.99
999.99
999.99
999.99
999.99
999.99
999.99
999.99
999.99
999.99
999.99
999.99
999.99
999.99
999.99
999.99
999.99
999.99
999.99
999.99
999.99
999.99
999.99
999.99
999.99
999.99
999.99
999.99
999.99
999.99
999.99
999.99
999.99
999.99
999.99
999.99
999.99
999.99
999.99
999.99
999.99
999.99
999.99
999.99
999.99
999.99
999.99
999.99
999.99
999.99
999.99
999.99
999.99
999.99
999.99
24.2444041811847
24.2385768675108
24.4357090592334
24.434249256395
24.4019521543299
24.4020383275261
24.1932646383955
24.0372961672473
23.8058084473528
23.5013170731708
23.6664796464689
23.7417317073171
24.0042263108694
24.0994668989547
24.2490204810062
24.183637630662
24.1838670009348
24.1974808362369
24.115380640775
23.9823519163763
999.99
999.99
999.99
999.99
999.99
999.99
999.99
999.99
999.99
999.99
999.99
999.99
999.99
999.99
999.99
999.99
999.99
999.99
999.99
999.99
999.99
999.99
999.99
999.99
999.99
999.99
999.99
999.99
999.99
999.99
999.99
999.99
999.99
999.99
999.99
999.99
999.99
999.99
999.99
999.99
999.99
999.99
999.99
999.99
999.99
999.99
999.99
999.99
999.99
999.99
999.99
999.99
999.99
999.99
999.99
999.99
999.99
999.99
999.99
24.8941868259499
24.8043204704844
24.6356889829102
24.5928887020603
24.6818331674133
24.5383367346939
24.3662417454787
24.1564670729684
23.7401182847916
23.5354838227974
23.5715787391697
23.4362898622864
23.3927113375987
23.6041189646591
23.3858825933705
23.4758522482164
23.6302638694978
23.5013593827775
23.6101177627506
23.6650910900946
999.99
999.99
999.99
999.99
999.99
999.99
999.99
999.99
999.99
999.99
999.99
999.99
999.99
999.99
999.99
999.99
999.99
999.99
999.99
999.99
999.99
999.99
999.99
999.99
999.99
999.99
999.99
999.99
999.99
999.99
999.99
999.99
999.99
999.99
999.99
999.99
999.99
999.99
999.99
999.99
999.99
999.99
999.99
999.99
999.99
999.99
999.99
999.99
999.99
999.99
999.99
999.99
999.99
999.99
999.99
999.99
999.99
24.760681184669
24.362569558936
24.3374094076655
24.4421324041812
24.371137630662
24.4387907707997
24.7141236933798
24.6858267187898
24.7299494773519
24.608094076655
24.2647996515679
24.2675864706382
24.2724337979094
24.218537605167
23.9809554686836
23.5661393728223
23.0783406985638
23.0973588850174
23.2203541259454
23.1146585365854
999.99
999.99
999.99
999.99
999.99
999.99
999.99
999.99
999.99
999.99
999.99
999.99
999.99
999.99
999.99
999.99
999.99
999.99
999.99
999.99
999.99
999.99
999.99
999.99
999.99
999.99
999.99
999.99
999.99
999.99
999.99
999.99
999.99
999.99
999.99
999.99
999.99
999.99
999.99
999.99
999.99
999.99
999.99
999.99
999.99
999.99
999.99
999.99
999.99
999.99
999.99
999.99
999.99
999.99
999.99
999.99
999.99
999.99
999.99
999.99
24.9229500297442
24.725487804878
24.4136210588935
24.5473414634147
24.3913581201666
24.0503780487805
24.2459756097561
24.4679512195122
24.5948697204045
24.4648292682927
24.2634800713861
24.4224024390244
24.3824247471743
24.4452926829268
24.4708964901844
24.4003536585366
24.3233016061868
24.0893622843546
23.9403658536585
23.4123616894704
22.632975609756
22.0480220107079
21.6436585365854
21.6511659726353
999.99
999.99
999.99
999.99
999.99
999.99
999.99
999.99
999.99
999.99
999.99
999.99
999.99
999.99
999.99
999.99
999.99
999.99
999.99
999.99
999.99
999.99
999.99
999.99
999.99
999.99
999.99
999.99
999.99
999.99
999.99
999.99
999.99
999.99
999.99
999.99
999.99
999.99
999.99
999.99
999.99
999.99
999.99
999.99
999.99
999.99
999.99
999.99
999.99
999.99
999.99
24.627850174216
25.0926661850939
24.8867421602787
24.6398611370783
24.5457972295402
24.7561010452962
24.9074632446673
25.1118379790941
25.116890456361
24.8758466898955
24.4109943910938
24.3579111498258
24.1202001359735
24.0878693379791
23.9315923344948
24.1809860627178
24.3076073765616
24.2565487804878
24.2988281635081
24.3963449477352
24.4183353446078
24.3388275261324
24.3144762471318
24.2605696864111
24.2067381660576
23.909509815586
23.4848083623693
22.8255898699753
21.9479337979093
21.5323032208719
999.99
999.99
999.99
999.99
999.99
999.99
999.99
999.99
999.99
999.99
999.99
999.99
999.99
999.99
999.99
999.99
999.99
999.99
999.99
999.99
999.99
999.99
999.99
999.99
999.99
999.99
999.99
999.99
999.99
999.99
999.99
999.99
999.99
999.99
999.99
999.99
999.99
999.99
999.99
999.99
999.99
999.99
999.99
999.99
999.99
999.99
24.1110435115153
24.4175714285714
999.99
24.5785609756098
24.7238367468344
24.7105540069687
24.6331205065012
24.5810871080139
24.6799444208379
24.7194947735192
24.7670620379026
24.5568545083709
24.3783763066202
24.0991038497493
23.7316202090591
23.9672549502847
23.9910400696864
24.1384181184669
24.1165156794425
24.2321014702133
24.2374773519164
23.9882264808362
24.0951881533101
24.0650696864111
24.2401306620209
24.3726133254016
24.2821236933798
24.159436389904
24.196306620209
24.381228010538
24.3726324041812
999.99
999.99
999.99
999.99
999.99
999.99
999.99
999.99
999.99
999.99
999.99
999.99
999.99
999.99
999.99
999.99
999.99
999.99
999.99
999.99
999.99
999.99
999.99
999.99
999.99
999.99
999.99
999.99
999.99
999.99
999.99
999.99
999.99
999.99
999.99
999.99
999.99
999.99
999.99
999.99
999.99
999.99
999.99
999.99
999.99
999.99
999.99
999.99
23.32718451521
23.4526484154637
23.6639362705225
24.0874426746308
24.3107414965986
24.4677176041148
24.5611624923616
24.7480721752116
24.9037978932203
24.9223582213373
24.8729115646259
24.8015472042475
24.721657403473
24.6393552347769
24.5988629136366
24.5679348419915
24.5677902770864
24.3369990044798
23.998631408661
23.7760204081633
24.0983409656545
24.0998944829568
23.8978889165422
24.1740273120551
24.3301785299486
24.3481496598639
24.2396913887506
24.125802636105
24.225799734528
999.99
999.99
999.99
999.99
999.99
999.99
999.99
999.99
999.99
999.99
999.99
999.99
999.99
999.99
999.99
999.99
999.99
999.99
999.99
999.99
999.99
999.99
999.99
999.99
999.99
999.99
999.99
999.99
999.99
999.99
999.99
999.99
999.99
999.99
999.99
999.99
999.99
999.99
999.99
999.99
999.99
999.99
999.99
999.99
999.99
999.99
999.99
999.99
999.99
999.99
999.99
23.0804459930314
23.2846117956998
23.3322473867596
23.3483308404861
23.5180174216028
23.9749268292683
24.1864390243903
24.4984663890542
24.7884390243902
24.9045385399847
24.9580836236934
24.8034700433415
25.0005958188153
24.9216313418883
24.6258536585367
24.3094595903799
24.3237282229965
24.3357715645449
24.1341684371547
23.6305087108014
23.5748326676298
23.623243902439
23.8603450327186
24.1186184668989
24.0703870995156
24.0564303135888
24.178639415314
24.1670017421603
24.2414494773519
999.99
999.99
999.99
999.99
999.99
999.99
999.99
999.99
999.99
999.99
999.99
999.99
999.99
999.99
999.99
999.99
999.99
999.99
999.99
999.99
999.99
999.99
999.99
999.99
999.99
999.99
999.99
999.99
999.99
999.99
999.99
999.99
999.99
999.99
999.99
999.99
999.99
999.99
999.99
999.99
999.99
999.99
22.9084067509217
999.99
999.99
22.7308535755766
22.6893271902455
22.7953707482993
22.8017068233599
22.8221538908246
22.7251026235599
22.5776666666667
22.5151194624191
22.6836495485761
22.7883761407002
23.1010534667168
23.3003109341297
23.3513174738068
23.5085785631325
23.6752018477825
23.9130457939273
24.2459144500156
24.5535171727228
24.6258718288029
24.7792958354074
24.8683259357284
24.7158163265306
24.6489111761302
24.6495546706487
24.7298250636364
24.753418616227
24.2603113711874
24.203373194608
24.3117303799568
24.1912510329533
24.3370598141696
999.99
999.99
999.99
999.99
999.99
999.99
999.99
999.99
999.99
999.99
999.99
999.99
999.99
999.99
999.99
999.99
999.99
999.99
999.99
999.99
999.99
999.99
999.99
999.99
999.99
999.99
999.99
999.99
999.99
999.99
999.99
999.99
999.99
999.99
999.99
999.99
999.99
999.99
999.99
999.99
999.99
999.99
999.99
999.99
999.99
999.99
999.99
999.99
999.99
22.6987677402906
22.5057351916376
22.579454066457
22.6926236933798
22.556448712501
22.349637630662
22.5500670519249
22.5629651567944
22.467440554092
22.4123371292598
22.3980174216028
22.5522897934903
22.9693588850175
23.041612815501
22.9843414634146
23.2440356080564
23.2349651567945
23.2176279425512
23.5887595818815
23.3828041981814
23.9565749128919
24.0495579162063
23.5850174216028
24.0070345882553
24.3466968641116
24.7228058978499
999.99
999.99
999.99
999.99
999.99
999.99
999.99
999.99
999.99
999.99
999.99
999.99
999.99
999.99
999.99
999.99
999.99
999.99
999.99
999.99
999.99
999.99
999.99
999.99
999.99
999.99
999.99
999.99
999.99
999.99
999.99
999.99
999.99
999.99
999.99
999.99
999.99
999.99
999.99
999.99
999.99
999.99
999.99
999.99
999.99
999.99
999.99
999.99
999.99
999.99
999.99
999.99
999.99
999.99
999.99
999.99
999.99
22.6489667431517
22.5354285714286
22.54931837625
22.6444378629501
22.394101951786
22.1592752613241
22.1241441602221
22.2394918699187
22.4723784312059
22.555769015042
22.6055319396051
22.9733521429988
23.0948734030198
22.9721193733888
22.9611521486644
22.840736777995
22.6165296167248
22.6470501118949
22.733818815331
999.99
999.99
22.6514174952551
999.99
999.99
999.99
999.99
999.99
999.99
999.99
999.99
999.99
999.99
999.99
999.99
999.99
999.99
999.99
999.99
999.99
999.99
999.99
999.99
999.99
999.99
999.99
999.99
999.99
999.99
999.99
999.99
999.99
999.99
999.99
999.99
999.99
999.99
999.99
999.99
999.99
999.99
999.99
999.99
999.99
999.99
999.99
999.99
999.99
999.99
999.99
999.99
999.99
999.99
999.99
999.99
999.99
999.99
999.99
999.99
999.99
999.99
999.99
999.99
999.99
22.2157721594289
22.3028031358886
22.1732541854339
22.0822369337979
22.2867504886547
22.3125452961672
22.4176051669924
22.4733379790941
22.544666610011
22.7940247301776
22.7422961672474
22.7464968981048
22.5527073170732
22.288875584261
22.2011114982578
999.99
999.99
999.99
999.99
999.99
999.99
999.99
999.99
999.99
999.99
999.99
999.99
999.99
999.99
999.99
999.99
999.99
999.99
999.99
999.99
999.99
999.99
999.99
999.99
999.99
999.99
999.99
999.99
999.99
999.99
999.99
999.99
999.99
999.99
999.99
999.99
999.99
999.99
999.99
999.99
999.99
999.99
999.99
999.99
999.99
999.99
999.99
999.99
999.99
999.99
999.99
999.99
999.99
999.99
999.99
999.99
999.99
999.99
999.99
999.99
999.99
999.99
999.99
999.99
999.99
999.99
999.99
999.99
22.1133021160873
22.0545505226481
22.0536831817795
22.1454198606272
21.9326222486615
21.8838414634146
22.0749756097561
22.0998135888502
22.1327968896065
22.2690881278151
22.3551393728223
22.1572620888927
999.99
999.99
999.99
999.99
999.99
999.99
999.99
999.99
999.99
999.99
999.99
999.99
999.99
999.99
999.99
999.99
999.99
999.99
999.99
999.99
999.99
999.99
999.99
999.99
999.99
999.99
999.99
999.99
999.99
999.99
999.99
999.99
999.99
999.99
999.99
999.99
999.99
999.99
999.99
999.99
999.99
999.99
999.99
999.99
999.99
999.99
999.99
999.99
999.99
999.99
999.99
999.99
999.99
999.99
999.99
999.99
999.99
999.99
999.99
999.99
999.99
999.99
999.99
999.99
999.99
999.99
999.99
999.99
999.99
999.99
999.99
999.99
21.7529529616725
21.6516550522648
999.99
999.99
999.99
999.99
999.99
999.99
999.99
999.99
999.99
999.99
999.99
999.99
999.99
999.99
999.99
999.99
999.99
999.99
999.99
999.99
999.99
999.99
999.99
999.99
999.99
999.99
999.99
999.99
999.99
999.99
999.99
999.99
999.99
999.99
999.99
999.99
999.99
999.99
999.99
999.99
999.99
999.99
999.99
999.99
999.99
999.99
999.99
999.99
999.99
999.99
999.99
999.99
999.99
999.99
999.99
999.99
999.99
999.99
999.99
999.99
999.99
999.99
999.99
999.99
999.99
999.99
999.99
999.99
999.99
999.99
999.99
999.99
999.99
999.99
999.99
999.99
999.99
999.99
999.99
999.99
999.99
999.99
999.99
999.99
999.99
999.99
999.99
999.99
999.99
999.99
999.99
999.99
999.99
999.99
999.99
999.99
999.99
999.99
999.99
999.99
999.99
999.99
999.99
999.99
999.99
999.99
999.99
999.99
999.99
999.99
999.99
999.99
999.99
999.99
999.99
999.99
999.99
999.99
999.99
999.99
999.99
999.99
999.99
999.99
999.99
999.99
999.99
999.99
999.99
999.99
999.99
999.99
999.99
999.99
999.99
999.99
999.99
999.99
999.99
999.99
999.99
999.99
999.99
999.99
999.99
999.99
999.99
999.99
999.99
999.99
999.99
999.99
999.99
999.99
999.99
999.99
999.99
999.99
999.99
999.99
999.99
999.99
999.99
999.99
999.99
999.99
999.99
999.99
999.99
999.99
999.99
999.99
999.99
999.99
999.99
999.99
999.99
999.99
999.99
999.99
999.99
999.99
999.99
999.99
999.99
999.99
999.99
999.99
999.99
999.99
999.99
999.99
999.99
999.99
999.99
999.99
999.99
999.99
999.99
999.99
999.99
999.99
999.99
999.99
999.99
999.99
999.99
999.99
999.99
999.99
999.99
999.99
999.99
999.99
999.99
999.99
999.99
999.99
999.99
999.99
999.99
999.99
999.99
999.99
999.99
999.99
999.99
999.99
999.99
999.99
999.99
999.99
999.99
999.99
999.99
999.99
999.99
999.99
999.99
999.99
999.99
999.99
999.99
999.99
999.99
999.99
999.99
999.99
999.99
999.99
999.99
999.99
999.99
999.99
999.99
999.99
999.99
999.99
999.99
999.99
999.99
999.99
999.99
999.99
999.99
999.99
999.99
999.99
999.99
999.99
999.99
999.99
999.99
999.99
999.99
999.99
999.99
999.99
999.99
999.99
999.99
999.99
999.99
999.99
999.99
999.99
999.99
999.99
999.99
999.99
999.99
999.99
999.99
999.99
999.99
999.99
999.99
999.99
999.99
999.99
999.99
999.99
999.99
999.99
999.99
999.99
999.99
999.99
999.99
999.99
999.99
999.99
999.99
999.99
999.99
999.99
999.99
999.99
999.99
999.99
999.99
999.99
999.99
999.99
999.99
999.99
999.99
999.99
999.99
999.99
999.99
999.99
999.99
999.99
999.99
999.99
999.99
999.99
999.99
999.99
999.99
999.99
999.99
999.99
999.99
999.99
999.99
999.99
999.99
999.99
999.99
999.99
999.99
999.99
999.99
999.99
999.99
999.99
999.99
999.99
999.99
999.99
999.99
999.99
999.99
999.99
999.99
999.99
999.99
999.99
999.99
999.99
999.99
999.99
999.99
999.99
999.99
999.99
999.99
999.99
999.99
999.99
999.99
999.99
999.99
999.99
999.99
999.99
999.99
999.99
999.99
999.99
999.99
999.99
999.99
999.99
999.99
999.99
999.99
999.99
999.99
999.99
999.99
999.99
999.99
999.99
999.99
999.99
999.99
999.99
999.99
