999.99
999.99
999.99
999.99
999.99
999.99
999.99
999.99
999.99
999.99
999.99
999.99
999.99
999.99
999.99
999.99
999.99
999.99
999.99
999.99
999.99
999.99
999.99
999.99
999.99
999.99
999.99
999.99
999.99
999.99
999.99
999.99
999.99
999.99
999.99
999.99
999.99
999.99
999.99
999.99
999.99
999.99
999.99
999.99
999.99
999.99
999.99
999.99
999.99
999.99
999.99
999.99
999.99
999.99
999.99
999.99
999.99
999.99
999.99
999.99
999.99
999.99
999.99
999.99
999.99
999.99
999.99
999.99
999.99
999.99
999.99
999.99
999.99
999.99
999.99
999.99
999.99
999.99
999.99
999.99
999.99
999.99
999.99
999.99
999.99
999.99
999.99
999.99
999.99
999.99
999.99
999.99
999.99
999.99
999.99
999.99
999.99
999.99
999.99
999.99
999.99
999.99
999.99
999.99
999.99
999.99
999.99
999.99
999.99
999.99
999.99
999.99
999.99
999.99
999.99
999.99
999.99
999.99
999.99
999.99
999.99
999.99
999.99
999.99
999.99
999.99
999.99
999.99
999.99
999.99
999.99
999.99
999.99
999.99
18.4038462649783
18.9084232174726
19.1039477351916
19.0995929293787
19.0765853658537
19.2602801903629
19.2869059233449
18.8621997110563
18.8574216027875
18.9940322937027
19.0784703832753
19.2141808447353
18.5065400696864
18.8394834707232
18.5844668989547
18.4138870570239
18.3526898954704
17.9767110563441
17.7713693379791
17.6050209059233
17.1581324041812
999.99
999.99
999.99
999.99
999.99
999.99
999.99
999.99
999.99
999.99
999.99
999.99
999.99
999.99
999.99
999.99
999.99
999.99
999.99
999.99
999.99
999.99
999.99
999.99
999.99
999.99
999.99
999.99
999.99
999.99
999.99
999.99
999.99
999.99
999.99
999.99
999.99
999.99
999.99
999.99
999.99
999.99
999.99
999.99
999.99
999.99
999.99
999.99
999.99
999.99
999.99
999.99
999.99
999.99
999.99
999.99
999.99
999.99
999.99
999.99
999.99
999.99
18.9110287729607
18.6358002161007
19.2398369835739
19.2568058796392
19.1452083125933
19.0917158700482
18.5834171229467
18.5116055676286
18.3752381781981
18.7600066287074
18.8860833748133
18.7112791159295
18.9701602787456
18.7759948949241
18.7310736684918
18.7955408163265
18.4889721254355
18.0539255727277
17.6865328521653
17.5194708749651
17.1512453957193
999.99
999.99
999.99
999.99
999.99
999.99
999.99
999.99
999.99
999.99
999.99
999.99
999.99
999.99
999.99
999.99
999.99
999.99
999.99
999.99
999.99
999.99
999.99
999.99
999.99
999.99
999.99
999.99
999.99
999.99
999.99
999.99
999.99
999.99
999.99
999.99
999.99
999.99
999.99
999.99
999.99
999.99
999.99
999.99
999.99
999.99
999.99
999.99
999.99
999.99
999.99
999.99
999.99
999.99
999.99
999.99
999.99
999.99
999.99
999.99
999.99
999.99
18.6858733746919
18.9463184329056
18.9434111498258
18.3945445738081
18.324668989547
18.2089478201751
18.171512195122
18.1661876434095
18.4892613240418
18.4681290898275
18.5479442508711
18.9620766550523
18.6906933797909
18.5147083368743
18.3705679442509
18.316058553582
18.3222055749129
18.2459666015127
17.8625574912892
17.6400684116597
17.5760278745645
999.99
999.99
999.99
999.99
999.99
999.99
999.99
999.99
999.99
999.99
999.99
999.99
999.99
999.99
999.99
999.99
999.99
999.99
999.99
999.99
999.99
999.99
999.99
999.99
999.99
999.99
999.99
999.99
999.99
999.99
999.99
999.99
999.99
999.99
999.99
999.99
999.99
999.99
999.99
999.99
999.99
999.99
999.99
999.99
999.99
999.99
999.99
999.99
999.99
999.99
999.99
999.99
999.99
999.99
999.99
999.99
999.99
999.99
999.99
999.99
999.99
999.99
18.684308999745
18.848939066882
18.9046655052265
18.7806651652927
18.4764912891985
18.4397328121016
18.6760592334495
18.461731877284
18.4963066202091
18.6934335854508
18.725456445993
18.5067804878049
18.4490069686411
18.2183911787201
18.2422508710801
18.283342738166
18.4213763066202
18.1014541514406
17.6950452961673
17.4115331010453
39.2852682926843
999.99
999.99
999.99
999.99
999.99
999.99
999.99
999.99
999.99
999.99
999.99
999.99
999.99
999.99
999.99
999.99
999.99
999.99
999.99
999.99
999.99
999.99
999.99
999.99
999.99
999.99
999.99
999.99
999.99
999.99
999.99
999.99
999.99
999.99
999.99
999.99
999.99
999.99
999.99
999.99
999.99
999.99
999.99
999.99
999.99
999.99
999.99
999.99
999.99
999.99
999.99
999.99
999.99
999.99
999.99
999.99
999.99
999.99
999.99
999.99
999.99
999.99
999.99
18.2023547208294
18.1625296167247
18.3203721424322
18.4167073170733
18.7225942891136
18.9030905923345
18.7581147276281
18.6662160278746
18.5295875754228
18.6023275261324
18.5494287413954
18.293574912892
18.1454873799609
18.1024459930314
18.2691080139373
18.1086515679442
18.2447426701793
17.8903135888503
17.3197084218578
17.5326655052265
19.7454972650467
999.99
999.99
999.99
999.99
999.99
999.99
999.99
999.99
999.99
999.99
999.99
999.99
999.99
999.99
999.99
999.99
999.99
999.99
999.99
999.99
999.99
999.99
999.99
999.99
999.99
999.99
999.99
999.99
999.99
999.99
999.99
999.99
999.99
999.99
999.99
999.99
999.99
999.99
999.99
999.99
999.99
999.99
999.99
999.99
999.99
999.99
999.99
999.99
999.99
999.99
999.99
999.99
999.99
999.99
999.99
999.99
999.99
999.99
999.99
999.99
999.99
18.1921375031869
18.202629302286
18.1148745644599
18.3167984193083
18.6775574912892
18.8320219257245
18.8175888501742
18.8142833347497
18.4835923344948
18.64329548738
18.6891602787457
18.6679560635676
18.4248013937282
18.4285646298972
18.3560836236934
18.2468161808447
18.2071149825784
18.2811290898275
18.122118466899
17.8720929718705
17.3460034843206
999.99
999.99
999.99
999.99
999.99
999.99
999.99
999.99
999.99
999.99
999.99
999.99
999.99
999.99
999.99
999.99
999.99
999.99
999.99
999.99
999.99
999.99
999.99
999.99
999.99
999.99
999.99
999.99
999.99
999.99
999.99
999.99
999.99
999.99
999.99
999.99
999.99
999.99
999.99
999.99
999.99
999.99
999.99
999.99
999.99
999.99
999.99
999.99
999.99
999.99
999.99
999.99
999.99
999.99
999.99
999.99
999.99
999.99
999.99
999.99
999.99
999.99
999.99
999.99
18.6026202090592
18.7656401801649
18.8109605110336
18.7442223449761
18.9929361207898
18.8877619047619
18.8798954703833
18.567435200136
18.5795029036005
18.5728859522393
18.4421521486643
18.3578571428571
18.6868002322881
18.9139010792896
18.8441904761905
18.3289342794822
18.3032206736353
18.221054106116
17.7466004645761
16.9453462791422
19.7454972650467
999.99
999.99
999.99
999.99
999.99
999.99
999.99
999.99
999.99
999.99
999.99
999.99
999.99
999.99
999.99
999.99
999.99
999.99
999.99
999.99
999.99
999.99
999.99
999.99
999.99
999.99
999.99
999.99
999.99
999.99
999.99
999.99
999.99
999.99
999.99
999.99
999.99
999.99
999.99
999.99
999.99
999.99
999.99
999.99
999.99
999.99
999.99
999.99
999.99
999.99
999.99
999.99
999.99
999.99
999.99
999.99
999.99
999.99
999.99
999.99
999.99
999.99
999.99
19.0866933797909
19.1447386759582
19.2775789071131
18.8688362369339
18.5626978839126
18.5182717770035
18.147172856293
18.3479128919861
18.393656072066
18.4630418118467
18.7283461375032
18.7260069686411
18.8367869465455
18.5706480836237
18.5353904988527
18.5445923344947
18.5621546698394
18.2813414634146
17.9983797909408
17.4426898954703
17.0919547038328
999.99
999.99
999.99
999.99
999.99
999.99
999.99
999.99
999.99
999.99
999.99
999.99
999.99
999.99
999.99
999.99
999.99
999.99
999.99
999.99
999.99
999.99
999.99
999.99
999.99
999.99
999.99
999.99
999.99
999.99
999.99
999.99
999.99
999.99
999.99
999.99
999.99
999.99
999.99
999.99
999.99
999.99
999.99
999.99
999.99
999.99
999.99
999.99
999.99
999.99
999.99
999.99
999.99
999.99
999.99
999.99
999.99
999.99
19.005243736519
18.8018141007742
18.8038787812567
19.0550370001659
19.2395184596147
19.4120262153642
19.1568493041476
19.581850506056
19.4638091960163
19.3729183673469
19.3475646541781
19.0457390077982
18.5552585236356
18.8204444997511
18.9084376403744
18.8045591504894
18.6570922879562
18.5560043139207
18.5435578231293
18.6612983242077
18.6844489795918
999.99
999.99
999.99
999.99
999.99
999.99
999.99
999.99
999.99
999.99
999.99
999.99
999.99
999.99
999.99
999.99
999.99
999.99
999.99
999.99
999.99
999.99
999.99
999.99
999.99
999.99
999.99
999.99
999.99
999.99
999.99
999.99
999.99
999.99
999.99
999.99
999.99
999.99
999.99
999.99
999.99
999.99
999.99
999.99
999.99
999.99
999.99
999.99
999.99
999.99
999.99
999.99
999.99
999.99
999.99
999.99
999.99
999.99
999.99
999.99
999.99
999.99
999.99
18.635425087108
18.9049951559446
19.0266167247387
18.8456120506501
18.961968641115
18.9012661680972
18.9874181184669
19.2545413444378
19.7968571428571
19.8576818220447
19.7027282229965
19.476461205065
19.4527630662021
19.4862111838192
19.1042996515679
18.7471007053624
18.731031358885
18.9166693294807
18.9203763066202
18.9136462989717
18.7120731707317
999.99
999.99
999.99
999.99
999.99
999.99
999.99
999.99
999.99
999.99
999.99
999.99
999.99
999.99
999.99
999.99
999.99
999.99
999.99
999.99
999.99
999.99
999.99
999.99
999.99
999.99
999.99
999.99
999.99
999.99
999.99
999.99
999.99
999.99
999.99
999.99
999.99
999.99
999.99
999.99
999.99
999.99
999.99
999.99
999.99
999.99
999.99
999.99
999.99
999.99
999.99
999.99
999.99
999.99
999.99
999.99
999.99
999.99
999.99
999.99
999.99
999.99
18.6728635570826
18.8997923288292
19.082618715779
19.1385112764916
19.1379351252696
19.0021662680539
19.2679309772689
19.6516170727661
19.84756263481
19.9501292517007
19.952449809192
19.5979566624985
19.1915400696865
18.8305881217448
19.0656779492285
19.1892573986169
19.0852470549195
19.0268370624871
18.7061768707483
18.5618477663522
18.6373640285382
999.99
999.99
999.99
999.99
999.99
999.99
999.99
999.99
999.99
999.99
999.99
999.99
999.99
999.99
999.99
999.99
999.99
999.99
999.99
999.99
999.99
999.99
999.99
999.99
999.99
999.99
999.99
999.99
999.99
999.99
999.99
999.99
999.99
999.99
999.99
999.99
999.99
999.99
999.99
999.99
999.99
999.99
999.99
999.99
999.99
999.99
999.99
999.99
999.99
999.99
999.99
999.99
999.99
999.99
999.99
999.99
999.99
999.99
999.99
999.99
999.99
999.99
999.99
999.99
999.99
999.99
19.2351428571429
19.2374746324467
19.5737073170732
19.5409858077674
19.7575296167247
19.7772601342738
19.2744808362369
19.1241621483812
19.5052264808363
19.6000239653268
19.2579094076655
19.2481773604147
19.1913101045296
19.0125726183395
18.8977909407666
18.5601188068327
18.5455958188153
18.6138766040622
18.658923005014
18.4110783972125
18.204402056599
999.99
999.99
999.99
999.99
999.99
999.99
999.99
999.99
999.99
999.99
999.99
999.99
999.99
999.99
999.99
999.99
999.99
999.99
999.99
999.99
999.99
999.99
999.99
999.99
999.99
999.99
999.99
999.99
999.99
999.99
999.99
999.99
999.99
999.99
999.99
999.99
999.99
999.99
999.99
999.99
999.99
999.99
999.99
999.99
999.99
999.99
999.99
999.99
999.99
999.99
999.99
999.99
999.99
999.99
999.99
999.99
999.99
999.99
999.99
999.99
999.99
999.99
19.4464111498259
19.8505317413104
19.6888780487805
19.4379717855018
19.5848989547038
19.5572886037223
19.7537108013938
19.9037830373077
19.9878745644599
19.8957226990737
19.5957874564459
19.30257610266
19.0038292682927
18.811508030934
19.2497804878049
19.0962773859098
18.7780836236934
18.7154337554177
18.6394502422028
18.5908972125436
18.4030915271522
999.99
999.99
999.99
999.99
999.99
999.99
999.99
999.99
999.99
999.99
999.99
999.99
999.99
999.99
999.99
999.99
999.99
999.99
999.99
999.99
999.99
999.99
999.99
999.99
999.99
999.99
999.99
999.99
999.99
999.99
999.99
999.99
999.99
999.99
999.99
999.99
999.99
999.99
999.99
999.99
999.99
999.99
999.99
999.99
999.99
999.99
999.99
999.99
999.99
999.99
999.99
999.99
999.99
999.99
999.99
999.99
999.99
999.99
999.99
999.99
999.99
999.99
19.460512195122
19.6783307555027
19.7177804878049
19.5493825104105
19.3450731707317
19.3462617489589
19.3045365853659
19.5314348602022
19.8808536585366
19.8888851873885
19.6730243902439
19.3396603212373
19.1896097560975
19.1868780487805
19.3989268292682
19.7355175490779
19.3711951219512
19.0251986912552
18.9428845925044
18.8611097560976
18.6742766210589
999.99
999.99
999.99
999.99
999.99
999.99
999.99
999.99
999.99
999.99
999.99
999.99
999.99
999.99
999.99
999.99
999.99
999.99
999.99
999.99
999.99
999.99
999.99
999.99
999.99
999.99
999.99
999.99
999.99
999.99
999.99
999.99
999.99
999.99
999.99
999.99
999.99
999.99
999.99
999.99
999.99
999.99
999.99
999.99
999.99
999.99
999.99
999.99
999.99
999.99
999.99
999.99
999.99
999.99
999.99
999.99
999.99
999.99
999.99
999.99
999.99
999.99
999.99
19.4713040707062
19.5709825783972
19.4585342058299
19.3069860627178
19.2801768505142
19.0989059233449
18.9852843545509
19.5105505226481
19.5482835047166
19.1673414634146
19.1192473867596
19.1228675958188
19.3747711396277
19.3544773519164
19.4302541854338
19.5223658536585
19.2057486190193
18.8554773519164
18.7587473867596
18.8965462734767
18.3757752613239
999.99
999.99
999.99
999.99
999.99
999.99
999.99
999.99
999.99
999.99
999.99
999.99
999.99
999.99
999.99
999.99
999.99
999.99
999.99
999.99
999.99
999.99
999.99
999.99
999.99
999.99
999.99
999.99
999.99
999.99
999.99
999.99
999.99
999.99
999.99
999.99
999.99
999.99
999.99
999.99
999.99
999.99
999.99
999.99
999.99
999.99
999.99
999.99
999.99
999.99
999.99
999.99
999.99
999.99
999.99
999.99
999.99
999.99
999.99
999.99
999.99
999.99
19.9808870327429
19.8792828106853
20.0653621629497
19.5423282727725
19.176171071641
19.3127653061225
19.3658675654676
19.3578633648581
19.3440928423719
19.4923938111831
19.7879897959184
19.559193960511
19.5652919585443
19.7803824456612
19.7312561663571
19.733043719927
19.7334769755612
19.5994013099588
19.2873780487805
19.1034990894633
18.9325520988883
999.99
999.99
999.99
999.99
999.99
999.99
999.99
999.99
999.99
999.99
999.99
999.99
999.99
999.99
999.99
999.99
999.99
999.99
999.99
999.99
999.99
999.99
999.99
999.99
999.99
999.99
999.99
999.99
999.99
999.99
999.99
999.99
999.99
999.99
999.99
999.99
999.99
999.99
999.99
999.99
999.99
999.99
999.99
999.99
999.99
999.99
999.99
999.99
999.99
999.99
999.99
999.99
999.99
999.99
999.99
999.99
999.99
999.99
999.99
999.99
999.99
999.99
999.99
999.99
19.5751121781253
19.5804494773519
19.3549993201326
19.3895679442509
19.3183675533271
19.6419651567944
19.8984978329226
19.7172822299652
19.7409518993797
19.5808397212543
19.5481268802584
19.5607770034843
19.3292323446928
19.7360069686411
19.3430465709186
19.3883028809382
19.6509076655052
19.3694378346222
18.7287804878048
18.4481901929125
17.4905418118467
999.99
999.99
999.99
999.99
999.99
999.99
999.99
999.99
999.99
999.99
999.99
999.99
999.99
999.99
999.99
999.99
999.99
999.99
999.99
999.99
999.99
999.99
999.99
999.99
999.99
999.99
999.99
999.99
999.99
999.99
999.99
999.99
999.99
999.99
999.99
999.99
999.99
999.99
999.99
999.99
999.99
999.99
999.99
999.99
999.99
999.99
999.99
999.99
999.99
999.99
999.99
999.99
999.99
999.99
999.99
999.99
999.99
999.99
999.99
999.99
999.99
999.99
19.6026583261502
19.4691402853824
19.3240778266095
19.4938393894143
19.7496049383465
20.0404154637465
20.0951530612245
19.8836231956196
19.5361721056062
19.1976358885018
19.1768625210941
19.6836020408163
19.8122451933777
19.5017664675626
20.2090251510479
20.4462619007152
20.6156247718599
20.2535129963942
19.7037543554006
19.2229710024403
18.6049475692716
999.99
999.99
999.99
999.99
999.99
999.99
999.99
999.99
999.99
999.99
999.99
999.99
999.99
999.99
999.99
999.99
999.99
999.99
999.99
999.99
999.99
999.99
999.99
999.99
999.99
999.99
999.99
999.99
999.99
999.99
999.99
999.99
999.99
999.99
999.99
999.99
999.99
999.99
999.99
999.99
999.99
999.99
999.99
999.99
999.99
999.99
999.99
999.99
999.99
999.99
999.99
999.99
999.99
999.99
999.99
999.99
999.99
999.99
999.99
999.99
999.99
19.9750209059233
20.0169445058214
20.0804006968641
20.2111448117617
20.1787142857143
20.0457070621229
20.1928606271777
20.3586985637801
20.3540975609756
20.1888138013087
20.105425087108
19.9169577632362
20.1213763066202
20.5184044361349
21.0509860627178
21.2263799609076
20.8334571258604
20.9574825783972
20.6075644599303
20.3503222996515
19.9077008583327
999.99
999.99
999.99
999.99
999.99
999.99
999.99
999.99
999.99
999.99
999.99
999.99
999.99
999.99
999.99
999.99
999.99
999.99
999.99
999.99
999.99
999.99
999.99
999.99
999.99
999.99
999.99
999.99
999.99
999.99
999.99
999.99
999.99
999.99
999.99
999.99
999.99
999.99
999.99
999.99
999.99
999.99
999.99
999.99
999.99
999.99
999.99
999.99
999.99
999.99
999.99
999.99
999.99
999.99
999.99
999.99
999.99
999.99
999.99
999.99
999.99
999.99
999.99
999.99
999.99
20.2665632661155
20.2831640949063
20.2870986394558
20.4606911398706
20.2658875871586
20.1071632653061
20.3604777060141
20.2892270615563
20.2713642065989
20.2403765555002
21.1476845233036
21.2782275593164
21.0919149659864
20.7988077978365
20.8412767546043
20.7537106253566
20.3132326198772
19.5859013605442
19.1703960511034
19.2645837430749
19.7454972650467
999.99
999.99
999.99
999.99
999.99
999.99
999.99
999.99
999.99
999.99
999.99
999.99
999.99
999.99
999.99
999.99
999.99
999.99
999.99
999.99
999.99
999.99
999.99
999.99
999.99
999.99
999.99
999.99
999.99
999.99
999.99
999.99
999.99
999.99
999.99
999.99
999.99
999.99
999.99
999.99
999.99
999.99
999.99
999.99
999.99
999.99
999.99
999.99
999.99
999.99
999.99
999.99
999.99
999.99
999.99
999.99
999.99
999.99
999.99
999.99
999.99
20.3035121951219
20.4561005353956
20.665756097561
20.9508596073765
20.9662682926829
20.7763408685306
20.7125121951219
21.0471945270673
21.1982195121951
21.220759666865
21.4816341463414
21.4033164782868
20.8677317073171
20.6959530041642
20.4985597858417
20.255
20.2120493753718
20.0035487804878
19.2306115407496
19.7454972650467
999.99
999.99
999.99
999.99
999.99
999.99
999.99
999.99
999.99
999.99
999.99
999.99
999.99
999.99
999.99
999.99
999.99
999.99
999.99
999.99
999.99
999.99
999.99
999.99
999.99
999.99
999.99
999.99
999.99
999.99
999.99
999.99
999.99
999.99
999.99
999.99
999.99
999.99
999.99
999.99
999.99
999.99
999.99
999.99
999.99
999.99
999.99
999.99
999.99
999.99
999.99
999.99
999.99
999.99
999.99
999.99
999.99
999.99
999.99
999.99
999.99
999.99
20.6160347582222
20.7053763066202
20.7820046740885
20.9871463414634
20.9721943571004
21.1870871080139
21.3139726353361
21.1300592334493
21.2101579841933
21.459724738676
21.3027015382001
20.9695470383275
21.0867368063228
20.8158919860627
20.652293702728
20.1404808362369
19.8043135888502
19.913341548398
19.5386167247387
19.2738136313419
999.99
999.99
999.99
999.99
999.99
999.99
999.99
999.99
999.99
999.99
999.99
999.99
999.99
999.99
999.99
999.99
999.99
999.99
999.99
999.99
999.99
999.99
999.99
999.99
999.99
999.99
999.99
999.99
999.99
999.99
999.99
999.99
999.99
999.99
999.99
999.99
999.99
999.99
999.99
999.99
999.99
999.99
999.99
999.99
999.99
999.99
999.99
999.99
999.99
999.99
999.99
999.99
999.99
999.99
999.99
999.99
999.99
999.99
999.99
999.99
999.99
999.99
999.99
999.99
20.9106585365853
20.7683052604742
20.5601707317073
20.4484284014618
20.348787456446
20.445188918161
20.6300766550523
20.9081668224698
21.0619233449477
20.9809163763066
20.8904181184669
20.7636598963202
20.7014181184669
19.8760811591739
19.3207560125779
19.9564494773519
20.1604453131639
19.4815783972125
18.560171836492
19.7454972650467
999.99
999.99
999.99
999.99
999.99
999.99
999.99
999.99
999.99
999.99
999.99
999.99
999.99
999.99
999.99
999.99
999.99
999.99
999.99
999.99
999.99
999.99
999.99
999.99
999.99
999.99
999.99
999.99
999.99
999.99
999.99
999.99
999.99
999.99
999.99
999.99
999.99
999.99
999.99
999.99
999.99
999.99
999.99
999.99
999.99
999.99
999.99
999.99
999.99
999.99
999.99
999.99
999.99
999.99
999.99
999.99
999.99
999.99
999.99
999.99
999.99
20.2658222996515
20.4785361604487
20.5053797909408
20.324817625563
19.9751010452962
20.5480253250615
20.5580696864111
20.315173451177
20.4939825783971
20.1620039942212
20.5135191637631
20.4391807597518
20.8095644599303
20.6702422877539
20.5950522648084
20.7599269142517
20.5637711396276
20.1153972125435
19.9876970340783
19.2412543554006
999.99
999.99
999.99
999.99
999.99
999.99
999.99
999.99
999.99
999.99
999.99
999.99
999.99
999.99
999.99
999.99
999.99
999.99
999.99
999.99
999.99
999.99
999.99
999.99
999.99
999.99
999.99
999.99
999.99
999.99
999.99
999.99
999.99
999.99
999.99
999.99
999.99
999.99
999.99
999.99
999.99
999.99
999.99
999.99
999.99
999.99
999.99
999.99
999.99
999.99
999.99
999.99
999.99
999.99
999.99
999.99
999.99
999.99
999.99
999.99
999.99
999.99
999.99
999.99
20.5367504886547
20.359905923345
20.2117736891307
20.3436202090592
20.5380508200901
20.411606271777
20.150421517804
19.783644599303
18.9549608226396
19.0318710801394
19.2283376391603
18.7871184668988
20.3388371717513
20.5737804878049
20.5190084133594
20.6069547038327
20.6962229965157
20.3067909407665
19.7865888501741
18.658202005609
999.99
999.99
999.99
999.99
999.99
999.99
999.99
999.99
999.99
999.99
999.99
999.99
999.99
999.99
999.99
999.99
999.99
999.99
999.99
999.99
999.99
999.99
999.99
999.99
999.99
999.99
999.99
999.99
999.99
999.99
999.99
999.99
999.99
999.99
999.99
999.99
999.99
999.99
999.99
999.99
999.99
999.99
999.99
999.99
999.99
999.99
999.99
999.99
999.99
999.99
999.99
999.99
999.99
999.99
999.99
999.99
999.99
999.99
999.99
999.99
999.99
999.99
19.9860174216028
19.9922423727373
20.0575156794425
20.3709059233449
20.4230522648084
20.5021548398062
20.3766864111498
19.0308274836406
18.940425087108
18.6652577547377
18.4060487804878
27.8589878473697
20.201574912892
20.2378885017422
20.7595017421603
21.0292858842526
21.0481171921475
20.6992839721254
20.3165495028469
19.6116637630661
999.99
999.99
999.99
999.99
999.99
999.99
999.99
999.99
999.99
999.99
999.99
999.99
999.99
999.99
999.99
999.99
999.99
999.99
999.99
999.99
999.99
999.99
999.99
999.99
999.99
999.99
999.99
999.99
999.99
999.99
999.99
999.99
999.99
999.99
999.99
999.99
999.99
999.99
999.99
999.99
999.99
999.99
999.99
999.99
999.99
999.99
999.99
999.99
999.99
999.99
999.99
999.99
999.99
999.99
999.99
999.99
999.99
999.99
999.99
999.99
999.99
999.99
999.99
999.99
999.99
20.1764216027874
20.1580322208598
20.2495246391239
19.7377142128714
19.3970761572922
19.675607485826
19.9635515181683
20.1069041265524
19.8393982080637
19.7454972650467
19.7454972650467
37.79387908073
20.8831174713788
20.8739657638189
20.8516326530612
20.7824890492783
20.3676378491908
19.7547090592334
19.1443392417051
18.917306122449
999.99
999.99
999.99
999.99
999.99
999.99
999.99
999.99
999.99
999.99
999.99
999.99
999.99
999.99
999.99
999.99
999.99
999.99
999.99
999.99
999.99
999.99
999.99
999.99
999.99
999.99
999.99
999.99
999.99
999.99
999.99
999.99
999.99
999.99
999.99
999.99
999.99
999.99
999.99
999.99
999.99
999.99
999.99
999.99
999.99
999.99
999.99
999.99
999.99
999.99
999.99
999.99
999.99
999.99
999.99
999.99
999.99
999.99
999.99
999.99
999.99
999.99
999.99
19.714
19.7250696014277
19.9661951219512
19.9196870910173
20.1929268292683
20.4990588935158
19.7454972650467
19.7454972650467
19.7454972650467
20.8441433670434
19.7454972650467
20.808760856633
20.8312195121951
20.7000951814396
20.7248673408686
20.8465731707317
20.5381856038072
20.1189756097561
19.738258774539
19.5471585365854
999.99
999.99
999.99
999.99
999.99
999.99
999.99
999.99
999.99
999.99
999.99
999.99
999.99
999.99
999.99
999.99
999.99
999.99
999.99
999.99
999.99
999.99
999.99
999.99
999.99
999.99
999.99
999.99
999.99
999.99
999.99
999.99
999.99
999.99
999.99
999.99
999.99
999.99
999.99
999.99
999.99
999.99
999.99
999.99
999.99
999.99
999.99
999.99
999.99
999.99
999.99
999.99
999.99
999.99
999.99
999.99
999.99
999.99
999.99
999.99
999.99
999.99
20.0063862375408
19.9278486809358
22.6210232854624
19.7454972650467
19.7454972650467
20.7535475360876
20.6575120372956
19.7454972650467
19.7454972650467
20.5426022896964
20.5693035850867
20.5891458437033
20.619075805218
20.502024888004
20.5613969697338
20.8171738518131
20.5665783972126
20.3081349415435
19.9567103036336
19.7738648035062
999.99
999.99
999.99
999.99
999.99
999.99
999.99
999.99
999.99
999.99
999.99
999.99
999.99
999.99
999.99
999.99
999.99
999.99
999.99
999.99
999.99
999.99
999.99
999.99
999.99
999.99
999.99
999.99
999.99
999.99
999.99
999.99
999.99
999.99
999.99
999.99
999.99
999.99
999.99
999.99
999.99
999.99
999.99
999.99
999.99
999.99
999.99
999.99
999.99
999.99
999.99
999.99
999.99
999.99
999.99
999.99
999.99
999.99
999.99
999.99
999.99
999.99
999.99
27.6667150505539
19.7454972650467
19.7454972650467
19.7454972650467
20.9366135803519
20.6905400696864
20.9041228010538
21.0312473867596
20.9877147956148
20.9272996515679
20.9420524347752
20.8742787456446
20.7453600747854
19.7454972650467
19.7454972650467
20.9003726523329
21.0603797909408
20.4512013257415
20.035168989547
19.5794498172857
999.99
999.99
999.99
999.99
999.99
999.99
999.99
999.99
999.99
999.99
999.99
999.99
999.99
999.99
999.99
999.99
999.99
999.99
999.99
999.99
999.99
999.99
999.99
999.99
999.99
999.99
999.99
999.99
999.99
999.99
999.99
999.99
999.99
999.99
999.99
999.99
999.99
999.99
999.99
999.99
999.99
999.99
999.99
999.99
999.99
999.99
999.99
999.99
999.99
999.99
999.99
999.99
999.99
999.99
999.99
999.99
999.99
999.99
999.99
999.99
999.99
20.2410000849834
20.2683519163763
20.4438890116427
20.55606271777
20.4565360754653
20.7258153310105
20.784576697544
20.7299895470383
20.7607825274072
20.8878815331011
21.0497580521798
19.7454972650467
20.9321324041812
20.9820905923345
21.0477689300586
19.7454972650467
19.7454972650467
20.6425898699753
20.5198170731708
20.0380487804878
999.99
999.99
999.99
999.99
999.99
999.99
999.99
999.99
999.99
999.99
999.99
999.99
999.99
999.99
999.99
999.99
999.99
999.99
999.99
999.99
999.99
999.99
999.99
999.99
999.99
999.99
999.99
999.99
999.99
999.99
999.99
999.99
999.99
999.99
999.99
999.99
999.99
999.99
999.99
999.99
999.99
999.99
999.99
999.99
999.99
999.99
999.99
999.99
999.99
999.99
999.99
999.99
999.99
999.99
999.99
999.99
999.99
999.99
999.99
999.99
999.99
999.99
999.99
999.99
20.9197212543555
20.5886991586641
20.5419233449477
20.6789860627178
20.603881533101
20.675059148466
20.6033484320558
21.0769727203195
21.1359268292683
21.0123832752613
21.0906445993031
24.0135166142444
19.7454972650467
19.7454972650467
20.2741114982579
20.1202957423302
20.045514999575
19.825331010453
19.0586649103424
18.1334146341463
999.99
999.99
999.99
999.99
999.99
999.99
999.99
999.99
999.99
999.99
999.99
999.99
999.99
999.99
999.99
999.99
999.99
999.99
999.99
999.99
999.99
999.99
999.99
999.99
999.99
999.99
999.99
999.99
999.99
999.99
999.99
999.99
999.99
999.99
999.99
999.99
999.99
999.99
999.99
999.99
999.99
999.99
999.99
999.99
999.99
999.99
999.99
999.99
999.99
999.99
999.99
999.99
999.99
999.99
999.99
999.99
999.99
999.99
999.99
999.99
999.99
999.99
999.99
20.3712229965157
20.4175652247812
20.7496202090592
20.8809546188493
20.7534773519164
20.6626066966941
20.8272717770035
38.9743719724705
20.7968989547038
20.4347924704681
20.6106829268293
19.9323471573045
20.1359790940765
20.692487804878
20.6634459930313
20.3873488569729
19.6214071556046
18.8531881533101
18.0436534375796
17.36018815331
999.99
999.99
999.99
999.99
999.99
999.99
999.99
999.99
999.99
999.99
999.99
999.99
999.99
999.99
999.99
999.99
999.99
999.99
999.99
999.99
999.99
999.99
999.99
999.99
999.99
999.99
999.99
999.99
999.99
999.99
999.99
999.99
999.99
999.99
999.99
999.99
999.99
999.99
999.99
999.99
999.99
999.99
999.99
999.99
999.99
999.99
999.99
999.99
999.99
999.99
999.99
999.99
999.99
999.99
999.99
999.99
999.99
999.99
999.99
999.99
999.99
999.99
19.7454972650467
19.7454972650467
20.5158573978075
20.6643344947735
20.3107178550183
20.7216620209059
20.658460015297
20.9609547038327
21.5830888926659
19.7454972650467
19.7454972650467
20.387787456446
20.1192788306281
20.2865714285713
20.8641735361604
20.7052787456446
20.6642884337554
20.4409733152035
19.7988101045296
19.3822829098325
999.99
999.99
999.99
999.99
999.99
999.99
999.99
999.99
999.99
999.99
999.99
999.99
999.99
999.99
999.99
999.99
999.99
999.99
999.99
999.99
999.99
999.99
999.99
999.99
999.99
999.99
999.99
999.99
999.99
999.99
999.99
999.99
999.99
999.99
999.99
999.99
999.99
999.99
999.99
999.99
999.99
999.99
999.99
999.99
999.99
999.99
999.99
999.99
999.99
999.99
999.99
999.99
999.99
999.99
999.99
999.99
999.99
999.99
999.99
999.99
999.99
999.99
19.7454972650467
23.134967281384
19.7454972650467
21.218753123141
20.8358292682927
20.8219857227841
20.9183170731707
20.4971302795955
20.5856341463414
20.5484187983343
19.7454972650467
19.7454972650467
21.2310975609756
20.4358203450328
20.2952682926829
20.6945181439619
20.8850975609756
20.9507073170732
20.3124681737061
19.9425853658537
999.99
999.99
999.99
999.99
999.99
999.99
999.99
999.99
999.99
999.99
999.99
999.99
999.99
999.99
999.99
999.99
999.99
999.99
999.99
999.99
999.99
999.99
999.99
999.99
999.99
999.99
999.99
999.99
999.99
999.99
999.99
999.99
999.99
999.99
999.99
999.99
999.99
999.99
999.99
999.99
999.99
999.99
999.99
999.99
999.99
999.99
999.99
999.99
999.99
999.99
999.99
999.99
999.99
999.99
999.99
999.99
999.99
999.99
999.99
999.99
999.99
999.99
999.99
19.7454972650467
19.7454972650467
20.7782653061225
21.1117261247152
20.9961530612245
21.1206283937727
20.9876008793761
20.6743427381661
20.8244901277584
20.9746023443286
21.2895318566452
21.2526493442112
20.969256429401
20.6740325486531
21.0163261987722
20.8109072972437
20.6565460428074
20.2887316364975
19.85013312047
19.3214863945578
999.99
999.99
999.99
999.99
999.99
999.99
999.99
999.99
999.99
999.99
999.99
999.99
999.99
999.99
999.99
999.99
999.99
999.99
999.99
999.99
999.99
999.99
999.99
999.99
999.99
999.99
999.99
999.99
999.99
999.99
999.99
999.99
999.99
999.99
999.99
999.99
999.99
999.99
999.99
999.99
999.99
999.99
999.99
999.99
999.99
999.99
999.99
999.99
999.99
999.99
999.99
999.99
999.99
999.99
999.99
999.99
999.99
999.99
999.99
999.99
999.99
999.99
999.99
999.99
21.000314948585
21.2466933797909
21.0068823829353
21.019362369338
20.8141244157389
20.8048606271777
20.6473693379791
20.8212160278746
21.2712866491035
20.6891602787456
20.2791380980708
20.6809790940767
20.9804773519163
20.8064320557491
20.5656541174471
20.3059790940767
19.967593779213
19.3696486785077
19.0134041811847
20.1522481516081
999.99
999.99
999.99
999.99
999.99
999.99
999.99
999.99
999.99
999.99
999.99
999.99
999.99
999.99
999.99
999.99
999.99
999.99
999.99
999.99
999.99
999.99
999.99
999.99
999.99
999.99
999.99
999.99
999.99
999.99
999.99
999.99
999.99
999.99
999.99
999.99
999.99
999.99
999.99
999.99
999.99
999.99
999.99
999.99
999.99
999.99
999.99
999.99
999.99
999.99
999.99
999.99
999.99
999.99
999.99
999.99
999.99
999.99
19.7454972650467
19.7454972650467
19.7454972650467
21.0435578231292
21.0077704496433
21.2085033689859
21.370912643106
21.3365360916526
21.2668537414966
21.1551088091394
20.9730754936121
20.847017524797
20.7373010618882
20.3448415949366
20.1751147336984
20.244293453848
20.4362993197279
20.4211778743622
20.3038598805376
20.2013561291263
999.99
999.99
999.99
999.99
999.99
999.99
999.99
999.99
999.99
999.99
999.99
999.99
999.99
999.99
999.99
999.99
999.99
999.99
999.99
999.99
999.99
999.99
999.99
999.99
999.99
999.99
999.99
999.99
999.99
999.99
999.99
999.99
999.99
999.99
999.99
999.99
999.99
999.99
999.99
999.99
999.99
999.99
999.99
999.99
999.99
999.99
999.99
999.99
999.99
999.99
999.99
999.99
999.99
999.99
999.99
999.99
999.99
999.99
999.99
999.99
21.5416724738676
21.3816486785077
19.7454972650467
19.7454972650467
19.7454972650467
20.9675679442509
20.9694899294637
20.9390731707318
21.0096663550608
20.9101358885017
20.9641827143707
20.9983066202091
20.9288475397297
20.6089128919861
20.3668138013088
20.6519268292683
20.8698071726013
20.7926027874564
20.6018909662615
20.3346202090592
999.99
999.99
999.99
999.99
999.99
999.99
999.99
999.99
999.99
999.99
999.99
999.99
999.99
999.99
999.99
999.99
999.99
999.99
999.99
999.99
999.99
999.99
999.99
999.99
999.99
999.99
999.99
999.99
999.99
999.99
999.99
999.99
999.99
999.99
999.99
999.99
999.99
999.99
999.99
999.99
999.99
999.99
999.99
999.99
999.99
999.99
999.99
999.99
999.99
999.99
999.99
999.99
999.99
999.99
999.99
999.99
999.99
999.99
999.99
19.7454972650467
19.7454972650467
19.7454972650467
21.1402901718689
19.7454972650467
19.7454972650467
19.7454972650467
19.7454972650467
19.7454972650467
19.7454972650467
21.3003029902026
21.0049903766384
20.6478349884868
20.5243104363697
20.4829735458729
20.6067480504397
20.6446365359945
20.3530710967314
20.5220985301914
20.3799022731044
999.99
999.99
999.99
999.99
999.99
999.99
999.99
999.99
999.99
999.99
999.99
999.99
999.99
999.99
999.99
999.99
999.99
999.99
999.99
999.99
999.99
999.99
999.99
999.99
999.99
999.99
999.99
999.99
999.99
999.99
999.99
999.99
999.99
999.99
999.99
999.99
999.99
999.99
999.99
999.99
999.99
999.99
999.99
999.99
999.99
999.99
999.99
999.99
999.99
999.99
999.99
999.99
999.99
999.99
999.99
999.99
999.99
35.3624494773492
35.3820171666497
35.0380313588822
20.2960592334495
20.3542909407666
30.4204575507891
19.7454972650467
20.8293335599558
19.7454972650467
19.7454972650467
36.4980331010425
20.8535572363389
20.9118397212544
20.8674052009858
20.772134953684
20.9012195121951
20.8295938641965
20.7917770034843
20.7815762726268
20.6155331010453
999.99
999.99
999.99
999.99
999.99
999.99
999.99
999.99
999.99
999.99
999.99
999.99
999.99
999.99
999.99
999.99
999.99
999.99
999.99
999.99
999.99
999.99
999.99
999.99
999.99
999.99
999.99
999.99
999.99
999.99
999.99
999.99
999.99
999.99
999.99
999.99
999.99
999.99
999.99
999.99
999.99
999.99
999.99
999.99
999.99
999.99
999.99
999.99
999.99
999.99
999.99
999.99
999.99
999.99
999.99
999.99
999.99
999.99
999.99
999.99
20.100754907793
19.622024390244
19.187267102915
19.7454972650467
19.7454972650467
19.7454972650467
20.6628536585365
20.5236341463414
20.4888798334326
20.5185853658537
20.777010707912
21.3784756097561
19.7454972650467
20.3193902439024
20.6706543723974
20.7613414634146
20.7846573468174
20.771497323022
20.3038780487804
20.0180577037478
20.0400975609755
19.9376847114812
20.1302926829268
20.0818810232004
999.99
999.99
999.99
999.99
999.99
999.99
999.99
999.99
999.99
999.99
999.99
999.99
999.99
999.99
999.99
999.99
999.99
999.99
999.99
999.99
999.99
999.99
999.99
999.99
999.99
999.99
999.99
999.99
999.99
999.99
999.99
999.99
999.99
999.99
999.99
999.99
999.99
999.99
999.99
999.99
999.99
999.99
999.99
999.99
999.99
999.99
999.99
999.99
999.99
999.99
999.99
19.9959721254355
19.9596294722529
19.7454972650467
19.7454972650467
19.7454972650467
20.1093832752613
20.4996022775559
20.3413763066202
32.171161893443
19.7454972650467
19.7454972650467
19.7454972650467
19.5045758477096
19.7190505226481
20.3031707317073
20.3417839721254
20.3738048780487
20.8109756097561
20.7558738845925
20.7145766550523
20.3453752868192
20.1319878048781
20.0009350726609
20.1839547038328
20.2337407155605
20.3124782867341
20.3162682926829
20.1784699583581
20.0314390243902
19.5406636355911
999.99
999.99
999.99
999.99
999.99
999.99
999.99
999.99
999.99
999.99
999.99
999.99
999.99
999.99
999.99
999.99
999.99
999.99
999.99
999.99
999.99
999.99
999.99
999.99
999.99
999.99
999.99
999.99
999.99
999.99
999.99
999.99
999.99
999.99
999.99
999.99
999.99
999.99
999.99
999.99
999.99
999.99
999.99
999.99
999.99
999.99
24.1470375660753
23.9803401393731
999.99
20.5071059233447
20.5237229880171
19.4754878048779
19.0510151270502
19.7454972650467
19.7454972650467
19.7454972650467
19.7454972650467
19.7454972650467
19.7454972650467
36.2977275431269
19.7454972650467
19.7454972650467
31.2186376306577
19.7454972650467
20.8367909407665
20.9627913656837
20.6366759581881
20.566212543554
20.5341324041812
20.5342160278746
20.5019059233449
20.3082677827823
20.2147543554007
20.2688378516189
20.243799651568
20.4866625308065
20.5790400696864
999.99
999.99
999.99
999.99
999.99
999.99
999.99
999.99
999.99
999.99
999.99
999.99
999.99
999.99
999.99
999.99
999.99
999.99
999.99
999.99
999.99
999.99
999.99
999.99
999.99
999.99
999.99
999.99
999.99
999.99
999.99
999.99
999.99
999.99
999.99
999.99
999.99
999.99
999.99
999.99
999.99
999.99
999.99
999.99
999.99
999.99
999.99
999.99
24.65246
24.65246
21.6814321968219
21.4817044068362
22.1305208163262
22.1222214965983
24.4191066508029
20.5062501742155
22.6688600990652
19.7454972650467
19.7454972650467
19.7454972650467
19.7454972650467
20.4451015430562
19.7454972650467
19.7454972650467
19.7454972650467
19.7454972650467
19.7454972650467
20.752693877551
20.6761384602622
20.5944108220326
20.6918728222997
20.8917567086323
20.8686132404181
19.7454972650467
20.372636884022
20.286894074227
20.2674192799071
999.99
999.99
999.99
999.99
999.99
999.99
999.99
999.99
999.99
999.99
999.99
999.99
999.99
999.99
999.99
999.99
999.99
999.99
999.99
999.99
999.99
999.99
999.99
999.99
999.99
999.99
999.99
999.99
999.99
999.99
999.99
999.99
999.99
999.99
999.99
999.99
999.99
999.99
999.99
999.99
999.99
999.99
999.99
999.99
999.99
999.99
999.99
999.99
999.99
999.99
999.99
24.4741512891989
23.8059649664304
22.7835112195122
23.9619581235673
18.6747282229965
24.65246
24.65246
19.6361785501828
19.4743484320556
20.1163378091272
20.2870369337977
24.2635387507442
19.7454972650467
19.7454972650467
19.7454972650467
18.7918915611456
19.7454972650467
19.7454972650467
19.7454972650467
19.7454972650467
19.7454972650467
19.7454972650467
19.9866126455343
20.7078954703833
20.8825761876434
20.8451777003485
20.405359394918
19.7454972650467
19.7454972650467
999.99
999.99
999.99
999.99
999.99
999.99
999.99
999.99
999.99
999.99
999.99
999.99
999.99
999.99
999.99
999.99
999.99
999.99
999.99
999.99
999.99
999.99
999.99
999.99
999.99
999.99
999.99
999.99
999.99
999.99
999.99
999.99
999.99
999.99
999.99
999.99
999.99
999.99
999.99
999.99
999.99
999.99
21.5079465161243
999.99
999.99
19.9246928820309
19.872584406755
19.3464813339971
19.086745628412
19.3563720756595
19.540481714399
19.5825578231292
24.65246
23.2445723030918
21.4084919628342
18.7924057189801
18.9714219346275
19.1058032148017
19.2799583540733
21.8448752380954
24.65246
24.65246
24.65246
24.65246
24.65246
24.65246
19.7454972650467
19.7454972650467
19.7454972650467
19.7454972650467
19.7454972650467
19.7454972650467
19.7454972650467
19.7454972650467
19.7454972650467
19.7454972650467
999.99
999.99
999.99
999.99
999.99
999.99
999.99
999.99
999.99
999.99
999.99
999.99
999.99
999.99
999.99
999.99
999.99
999.99
999.99
999.99
999.99
999.99
999.99
999.99
999.99
999.99
999.99
999.99
999.99
999.99
999.99
999.99
999.99
999.99
999.99
999.99
999.99
999.99
999.99
999.99
999.99
999.99
999.99
999.99
999.99
999.99
999.99
999.99
999.99
19.3305374352001
19.4689320557491
23.931429922665
22.3795738327526
24.0471590566844
19.3210686411148
19.3217383360245
19.3652979094077
19.5297354465879
19.3548663210674
19.557881533101
19.6578430356081
19.5554529616725
19.4087389309086
19.7955296167248
19.7793388782175
24.3111039024392
19.2984291663126
19.2037421602787
18.929851363984
19.1558222996515
18.9314686836067
19.5567045296166
19.7802797824423
19.7454972650467
19.7454972650467
999.99
999.99
999.99
999.99
999.99
999.99
999.99
999.99
999.99
999.99
999.99
999.99
999.99
999.99
999.99
999.99
999.99
999.99
999.99
999.99
999.99
999.99
999.99
999.99
999.99
999.99
999.99
999.99
999.99
999.99
999.99
999.99
999.99
999.99
999.99
999.99
999.99
999.99
999.99
999.99
999.99
999.99
999.99
999.99
999.99
999.99
999.99
999.99
999.99
999.99
999.99
999.99
999.99
999.99
999.99
999.99
999.99
19.3215182289454
18.9755528455284
18.7993412367922
21.0210834843204
18.6844092235348
18.8973257839721
19.155215971219
19.4939025900112
18.8432432792272
18.9361328574263
18.8241846689896
20.4320572114111
19.6331265969802
21.5018419047618
21.3909255284552
18.0294612543537
20.2530544483156
24.65246
24.65246
999.99
999.99
24.65246
999.99
999.99
999.99
999.99
999.99
999.99
999.99
999.99
999.99
999.99
999.99
999.99
999.99
999.99
999.99
999.99
999.99
999.99
999.99
999.99
999.99
999.99
999.99
999.99
999.99
999.99
999.99
999.99
999.99
999.99
999.99
999.99
999.99
999.99
999.99
999.99
999.99
999.99
999.99
999.99
999.99
999.99
999.99
999.99
999.99
999.99
999.99
999.99
999.99
999.99
999.99
999.99
999.99
999.99
999.99
999.99
999.99
999.99
999.99
999.99
999.99
19.3996123905839
19.1749825783972
19.1531924024815
18.6162961672474
18.8447037477692
20.9439780139365
17.8543906416254
18.4012090592334
18.0197768335175
24.65246
18.5419735888503
23.5241568641116
24.65246
24.65246
24.65246
999.99
999.99
999.99
999.99
999.99
999.99
999.99
999.99
999.99
999.99
999.99
999.99
999.99
999.99
999.99
999.99
999.99
999.99
999.99
999.99
999.99
999.99
999.99
999.99
999.99
999.99
999.99
999.99
999.99
999.99
999.99
999.99
999.99
999.99
999.99
999.99
999.99
999.99
999.99
999.99
999.99
999.99
999.99
999.99
999.99
999.99
999.99
999.99
999.99
999.99
999.99
999.99
999.99
999.99
999.99
999.99
999.99
999.99
999.99
999.99
999.99
999.99
999.99
999.99
999.99
999.99
999.99
999.99
19.079419733152
18.8955958188153
18.7702863941532
19.5365209059234
23.773300809043
20.0133699999991
22.8682805574912
24.65246
24.65246
24.65246
24.65246
24.65246
999.99
999.99
999.99
999.99
999.99
999.99
999.99
999.99
999.99
999.99
999.99
999.99
999.99
999.99
999.99
999.99
999.99
999.99
999.99
999.99
999.99
999.99
999.99
999.99
999.99
999.99
999.99
999.99
999.99
999.99
999.99
999.99
999.99
999.99
999.99
999.99
999.99
999.99
999.99
999.99
999.99
999.99
999.99
999.99
999.99
999.99
999.99
999.99
999.99
999.99
999.99
999.99
999.99
999.99
999.99
999.99
999.99
999.99
999.99
999.99
999.99
999.99
999.99
999.99
999.99
999.99
999.99
999.99
999.99
999.99
999.99
999.99
18.761094076655
18.6291777003484
999.99
999.99
999.99
999.99
999.99
999.99
999.99
999.99
999.99
999.99
999.99
999.99
999.99
999.99
999.99
999.99
999.99
999.99
999.99
999.99
999.99
999.99
999.99
999.99
999.99
999.99
999.99
999.99
999.99
999.99
999.99
999.99
999.99
999.99
999.99
999.99
999.99
999.99
999.99
999.99
999.99
999.99
999.99
999.99
999.99
999.99
999.99
999.99
999.99
999.99
999.99
999.99
999.99
999.99
999.99
999.99
999.99
999.99
999.99
999.99
999.99
999.99
999.99
999.99
999.99
999.99
999.99
999.99
999.99
999.99
999.99
999.99
999.99
999.99
999.99
999.99
999.99
999.99
999.99
999.99
999.99
999.99
999.99
999.99
999.99
999.99
999.99
999.99
999.99
999.99
999.99
999.99
999.99
999.99
999.99
999.99
999.99
999.99
999.99
999.99
999.99
999.99
999.99
999.99
999.99
999.99
999.99
999.99
999.99
999.99
999.99
999.99
999.99
999.99
999.99
999.99
999.99
999.99
999.99
999.99
999.99
999.99
999.99
999.99
999.99
999.99
999.99
999.99
999.99
999.99
999.99
999.99
999.99
999.99
999.99
999.99
999.99
999.99
999.99
999.99
999.99
999.99
999.99
999.99
999.99
999.99
999.99
999.99
999.99
999.99
999.99
999.99
999.99
999.99
999.99
999.99
999.99
999.99
999.99
999.99
999.99
999.99
999.99
999.99
999.99
999.99
999.99
999.99
999.99
999.99
999.99
999.99
999.99
999.99
999.99
999.99
999.99
999.99
999.99
999.99
999.99
999.99
999.99
999.99
999.99
999.99
999.99
999.99
999.99
999.99
999.99
999.99
999.99
999.99
999.99
999.99
999.99
999.99
999.99
999.99
999.99
999.99
999.99
999.99
999.99
999.99
999.99
999.99
999.99
999.99
999.99
999.99
999.99
999.99
999.99
999.99
999.99
999.99
999.99
999.99
999.99
999.99
999.99
999.99
999.99
999.99
999.99
999.99
999.99
999.99
999.99
999.99
999.99
999.99
999.99
999.99
999.99
999.99
999.99
999.99
999.99
999.99
999.99
999.99
999.99
999.99
999.99
999.99
999.99
999.99
999.99
999.99
999.99
999.99
999.99
999.99
999.99
999.99
999.99
999.99
999.99
999.99
999.99
999.99
999.99
999.99
999.99
999.99
999.99
999.99
999.99
999.99
999.99
999.99
999.99
999.99
999.99
999.99
999.99
999.99
999.99
999.99
999.99
999.99
999.99
999.99
999.99
999.99
999.99
999.99
999.99
999.99
999.99
999.99
999.99
999.99
999.99
999.99
999.99
999.99
999.99
999.99
999.99
999.99
999.99
999.99
999.99
999.99
999.99
999.99
999.99
999.99
999.99
999.99
999.99
999.99
999.99
999.99
999.99
999.99
999.99
999.99
999.99
999.99
999.99
999.99
999.99
999.99
999.99
999.99
999.99
999.99
999.99
999.99
999.99
999.99
999.99
999.99
999.99
999.99
999.99
999.99
999.99
999.99
999.99
999.99
999.99
999.99
999.99
999.99
999.99
999.99
999.99
999.99
999.99
999.99
999.99
999.99
999.99
999.99
999.99
999.99
999.99
999.99
999.99
999.99
999.99
999.99
999.99
999.99
999.99
999.99
999.99
999.99
999.99
999.99
999.99
999.99
999.99
999.99
999.99
999.99
999.99
999.99
999.99
999.99
999.99
999.99
999.99
999.99
999.99
999.99
999.99
999.99
999.99
999.99
999.99
999.99
999.99
999.99
999.99
999.99
999.99
999.99
999.99
999.99
999.99
999.99
999.99
999.99
999.99
