999.99
999.99
999.99
999.99
999.99
999.99
999.99
999.99
999.99
999.99
999.99
999.99
999.99
999.99
999.99
999.99
999.99
999.99
999.99
999.99
999.99
999.99
999.99
999.99
999.99
999.99
999.99
999.99
999.99
999.99
999.99
999.99
999.99
999.99
999.99
999.99
999.99
999.99
999.99
999.99
999.99
999.99
999.99
999.99
999.99
999.99
999.99
999.99
999.99
999.99
999.99
999.99
999.99
999.99
999.99
999.99
999.99
999.99
999.99
999.99
999.99
999.99
999.99
999.99
999.99
999.99
999.99
999.99
999.99
999.99
999.99
999.99
999.99
999.99
999.99
999.99
999.99
999.99
999.99
999.99
999.99
999.99
999.99
999.99
999.99
999.99
999.99
999.99
999.99
999.99
999.99
999.99
999.99
999.99
999.99
999.99
999.99
999.99
999.99
999.99
999.99
999.99
999.99
999.99
999.99
999.99
999.99
999.99
999.99
999.99
999.99
999.99
999.99
999.99
999.99
999.99
999.99
999.99
999.99
999.99
999.99
999.99
999.99
999.99
999.99
999.99
999.99
999.99
999.99
999.99
999.99
999.99
999.99
999.99
20.6993898189853
20.9778465199286
21.1011393728223
21.01362692275
20.7885261324042
21.1022561400527
20.9657770034843
20.6849043086599
20.4323031358885
20.6356611710716
20.6656515679442
20.6011262003909
20.6994808362369
20.5359845330161
20.1595783972125
19.8323344947735
20.0542648083624
20.044464604402
19.8359790940768
19.4337212543554
18.6358222996516
999.99
999.99
999.99
999.99
999.99
999.99
999.99
999.99
999.99
999.99
999.99
999.99
999.99
999.99
999.99
999.99
999.99
999.99
999.99
999.99
999.99
999.99
999.99
999.99
999.99
999.99
999.99
999.99
999.99
999.99
999.99
999.99
999.99
999.99
999.99
999.99
999.99
999.99
999.99
999.99
999.99
999.99
999.99
999.99
999.99
999.99
999.99
999.99
999.99
999.99
999.99
999.99
999.99
999.99
999.99
999.99
999.99
999.99
999.99
999.99
999.99
999.99
20.174848140684
20.245976672049
20.4794534594326
20.6440496728138
20.6460017421603
20.6983378880404
20.7744912891986
20.9623536646068
21.1694016923843
21.0339047275067
20.079538825286
19.5059378164115
21.1026398705824
20.4674850671976
19.434193628671
19.2335408163265
19.4829678944749
19.9543272651117
20.3629006968641
19.414005900278
19.0370515181682
999.99
999.99
999.99
999.99
999.99
999.99
999.99
999.99
999.99
999.99
999.99
999.99
999.99
999.99
999.99
999.99
999.99
999.99
999.99
999.99
999.99
999.99
999.99
999.99
999.99
999.99
999.99
999.99
999.99
999.99
999.99
999.99
999.99
999.99
999.99
999.99
999.99
999.99
999.99
999.99
999.99
999.99
999.99
999.99
999.99
999.99
999.99
999.99
999.99
999.99
999.99
999.99
999.99
999.99
999.99
999.99
999.99
999.99
999.99
999.99
999.99
999.99
20.0603636440894
20.1901804198181
20.3357770034843
20.4554402141583
20.5337003484321
20.4517440299142
20.8896411149824
21.3233622843545
21.3633728222997
21.23408056429
22.0071289198606
21.6735505226481
21.345818815331
21.2205355655647
20.6050104529617
20.3630715560465
20.0732891986063
19.7790538794935
19.9924320557491
20.0663000764851
19.6172891986063
999.99
999.99
999.99
999.99
999.99
999.99
999.99
999.99
999.99
999.99
999.99
999.99
999.99
999.99
999.99
999.99
999.99
999.99
999.99
999.99
999.99
999.99
999.99
999.99
999.99
999.99
999.99
999.99
999.99
999.99
999.99
999.99
999.99
999.99
999.99
999.99
999.99
999.99
999.99
999.99
999.99
999.99
999.99
999.99
999.99
999.99
999.99
999.99
999.99
999.99
999.99
999.99
999.99
999.99
999.99
999.99
999.99
999.99
999.99
999.99
999.99
999.99
20.2636076315119
20.2609620124076
20.3376236933798
20.2960935667545
20.3153066202091
20.3265590209909
20.6339372822299
20.8321088637715
21.6039372822299
21.8605547718195
21.8508048780488
21.8629303135888
21.7933344947735
21.4697680802243
20.8612613240417
20.3638370017846
20.4615261324042
19.5989569134021
19.5978466898954
19.6370104529616
39.8257491289254
999.99
999.99
999.99
999.99
999.99
999.99
999.99
999.99
999.99
999.99
999.99
999.99
999.99
999.99
999.99
999.99
999.99
999.99
999.99
999.99
999.99
999.99
999.99
999.99
999.99
999.99
999.99
999.99
999.99
999.99
999.99
999.99
999.99
999.99
999.99
999.99
999.99
999.99
999.99
999.99
999.99
999.99
999.99
999.99
999.99
999.99
999.99
999.99
999.99
999.99
999.99
999.99
999.99
999.99
999.99
999.99
999.99
999.99
999.99
999.99
999.99
999.99
999.99
20.3621228010538
20.4986585365854
20.5077174301011
20.5153972125436
20.6618036882808
20.8136202090592
20.7261543299057
20.8512473867596
21.0133792810402
21.2314425087108
21.5047772584346
21.2445191637631
21.0275430441064
20.5675470383275
20.4837317073171
20.5133031358885
20.212011727713
20.2618641114982
19.5917206594714
19.2603832752613
21.4185092689831
999.99
999.99
999.99
999.99
999.99
999.99
999.99
999.99
999.99
999.99
999.99
999.99
999.99
999.99
999.99
999.99
999.99
999.99
999.99
999.99
999.99
999.99
999.99
999.99
999.99
999.99
999.99
999.99
999.99
999.99
999.99
999.99
999.99
999.99
999.99
999.99
999.99
999.99
999.99
999.99
999.99
999.99
999.99
999.99
999.99
999.99
999.99
999.99
999.99
999.99
999.99
999.99
999.99
999.99
999.99
999.99
999.99
999.99
999.99
999.99
999.99
20.5217165802668
20.6727115662446
20.568149825784
20.5850588085323
20.3937351916376
20.440242712671
20.973282229965
21.2091694569558
21.2593658536585
21.0810761451517
21.3735818815331
21.655526302371
21.8725540069687
21.1987955298717
20.9461881533101
21.2053288008839
21.2042334494774
21.1925388799184
20.7978571428572
20.4058046230985
19.3075679442509
999.99
999.99
999.99
999.99
999.99
999.99
999.99
999.99
999.99
999.99
999.99
999.99
999.99
999.99
999.99
999.99
999.99
999.99
999.99
999.99
999.99
999.99
999.99
999.99
999.99
999.99
999.99
999.99
999.99
999.99
999.99
999.99
999.99
999.99
999.99
999.99
999.99
999.99
999.99
999.99
999.99
999.99
999.99
999.99
999.99
999.99
999.99
999.99
999.99
999.99
999.99
999.99
999.99
999.99
999.99
999.99
999.99
999.99
999.99
999.99
999.99
999.99
999.99
999.99
21.0870603948897
21.5890799127505
21.7918908246225
21.6901964816861
21.6979953542393
21.5407619047619
21.5337770034843
21.490922863375
21.5841463414634
21.8287909974222
21.9164866434379
21.595081895697
21.1971904761904
21.1437077136625
21.4544761904762
21.254480524631
21.1268281068525
20.9507474292514
20.1151893147503
28.58894031331
21.4185092689831
999.99
999.99
999.99
999.99
999.99
999.99
999.99
999.99
999.99
999.99
999.99
999.99
999.99
999.99
999.99
999.99
999.99
999.99
999.99
999.99
999.99
999.99
999.99
999.99
999.99
999.99
999.99
999.99
999.99
999.99
999.99
999.99
999.99
999.99
999.99
999.99
999.99
999.99
999.99
999.99
999.99
999.99
999.99
999.99
999.99
999.99
999.99
999.99
999.99
999.99
999.99
999.99
999.99
999.99
999.99
999.99
999.99
999.99
999.99
999.99
999.99
999.99
999.99
21.9388710801394
21.8399337979094
22.0457992691425
21.501724738676
22.2815392198521
21.937881533101
21.7277780232854
21.6191045296167
21.752615195037
22.2235679442509
22.1939481601088
21.9987282229964
21.6717480241353
21.4773170731707
21.5691887481941
21.6045052264808
21.4102368488145
20.9613484320557
20.6722891986063
19.5509100025494
19.0055383275261
999.99
999.99
999.99
999.99
999.99
999.99
999.99
999.99
999.99
999.99
999.99
999.99
999.99
999.99
999.99
999.99
999.99
999.99
999.99
999.99
999.99
999.99
999.99
999.99
999.99
999.99
999.99
999.99
999.99
999.99
999.99
999.99
999.99
999.99
999.99
999.99
999.99
999.99
999.99
999.99
999.99
999.99
999.99
999.99
999.99
999.99
999.99
999.99
999.99
999.99
999.99
999.99
999.99
999.99
999.99
999.99
999.99
999.99
21.0810860295337
21.1500981720469
21.3337016029493
21.3430678612909
21.491410716815
21.6561272606603
21.4238337764612
22.0217114650739
22.0357307401247
22.3080272108843
22.3760801272323
22.0650652065704
21.9724392145913
21.9024909573586
21.8484917748182
21.7658787124606
21.7295311342859
21.6898800398208
21.7340884353741
21.5881221171396
21.3684808767053
999.99
999.99
999.99
999.99
999.99
999.99
999.99
999.99
999.99
999.99
999.99
999.99
999.99
999.99
999.99
999.99
999.99
999.99
999.99
999.99
999.99
999.99
999.99
999.99
999.99
999.99
999.99
999.99
999.99
999.99
999.99
999.99
999.99
999.99
999.99
999.99
999.99
999.99
999.99
999.99
999.99
999.99
999.99
999.99
999.99
999.99
999.99
999.99
999.99
999.99
999.99
999.99
999.99
999.99
999.99
999.99
999.99
999.99
999.99
999.99
999.99
999.99
999.99
21.261456445993
21.3841760006799
21.276306620209
21.3981111583241
21.4888571428571
21.5782164527917
21.6089303135888
21.8606393303306
22.0856271777003
22.209872184924
22.4430069686411
22.5333917736041
22.3447456445993
21.8668426956743
21.901212543554
22.0263598198352
22.2888292682927
22.4206457040877
22.4291184668989
22.1233868445653
21.2770975609756
999.99
999.99
999.99
999.99
999.99
999.99
999.99
999.99
999.99
999.99
999.99
999.99
999.99
999.99
999.99
999.99
999.99
999.99
999.99
999.99
999.99
999.99
999.99
999.99
999.99
999.99
999.99
999.99
999.99
999.99
999.99
999.99
999.99
999.99
999.99
999.99
999.99
999.99
999.99
999.99
999.99
999.99
999.99
999.99
999.99
999.99
999.99
999.99
999.99
999.99
999.99
999.99
999.99
999.99
999.99
999.99
999.99
999.99
999.99
999.99
999.99
999.99
21.2863781722088
21.2338889590339
21.2517428239589
21.3391165527483
21.2892716110835
21.5207120113959
21.6382135390741
21.5391992780455
21.9501327360212
22.4014285714286
22.4752331176373
22.4384094015952
22.6642425750788
22.0478208387459
22.4143472706155
22.5517793304115
22.52356296665
22.4070717502943
22.2805571594493
21.7404260462068
21.6565853658536
999.99
999.99
999.99
999.99
999.99
999.99
999.99
999.99
999.99
999.99
999.99
999.99
999.99
999.99
999.99
999.99
999.99
999.99
999.99
999.99
999.99
999.99
999.99
999.99
999.99
999.99
999.99
999.99
999.99
999.99
999.99
999.99
999.99
999.99
999.99
999.99
999.99
999.99
999.99
999.99
999.99
999.99
999.99
999.99
999.99
999.99
999.99
999.99
999.99
999.99
999.99
999.99
999.99
999.99
999.99
999.99
999.99
999.99
999.99
999.99
999.99
999.99
999.99
999.99
999.99
999.99
21.942487804878
22.1260192062548
22.2933728222997
22.1544353701029
21.8366655052265
22.1143396787627
22.485818815331
22.2468469448457
22.4938675958188
22.369029574233
22.370993031359
22.6567172601343
22.5836480836237
22.7955571513554
22.2540940766551
22.0631074190533
22.02593728223
21.981539389819
21.8699419563185
21.4934494773519
21.249543554007
999.99
999.99
999.99
999.99
999.99
999.99
999.99
999.99
999.99
999.99
999.99
999.99
999.99
999.99
999.99
999.99
999.99
999.99
999.99
999.99
999.99
999.99
999.99
999.99
999.99
999.99
999.99
999.99
999.99
999.99
999.99
999.99
999.99
999.99
999.99
999.99
999.99
999.99
999.99
999.99
999.99
999.99
999.99
999.99
999.99
999.99
999.99
999.99
999.99
999.99
999.99
999.99
999.99
999.99
999.99
999.99
999.99
999.99
999.99
999.99
999.99
999.99
21.9548675958188
22.1760959462905
22.4456829268293
22.5050826888757
22.4088083623694
22.2456916801224
22.4385296167248
22.41292835897
22.3756480836237
22.3394765020821
22.3563135888501
22.3015036117958
22.1583484320557
21.7917588170309
21.9603797909406
22.6724666440044
22.4133832752613
22.0784021415824
21.6302637035778
21.2279599303136
20.9149756097561
999.99
999.99
999.99
999.99
999.99
999.99
999.99
999.99
999.99
999.99
999.99
999.99
999.99
999.99
999.99
999.99
999.99
999.99
999.99
999.99
999.99
999.99
999.99
999.99
999.99
999.99
999.99
999.99
999.99
999.99
999.99
999.99
999.99
999.99
999.99
999.99
999.99
999.99
999.99
999.99
999.99
999.99
999.99
999.99
999.99
999.99
999.99
999.99
999.99
999.99
999.99
999.99
999.99
999.99
999.99
999.99
999.99
999.99
999.99
999.99
999.99
999.99
22.838536585366
22.8668786436645
22.5011707317074
22.2908387864366
22.3519756097561
22.171249256395
22.2469756097561
22.5181338488994
22.4316097560976
22.129989886972
21.7909024390244
21.8365687091018
21.6264146341463
21.7405121951219
22.8023658536581
22.3758804283166
22.7468292682927
22.1031647828673
21.9704705532421
21.7693536585366
21.278491374182
999.99
999.99
999.99
999.99
999.99
999.99
999.99
999.99
999.99
999.99
999.99
999.99
999.99
999.99
999.99
999.99
999.99
999.99
999.99
999.99
999.99
999.99
999.99
999.99
999.99
999.99
999.99
999.99
999.99
999.99
999.99
999.99
999.99
999.99
999.99
999.99
999.99
999.99
999.99
999.99
999.99
999.99
999.99
999.99
999.99
999.99
999.99
999.99
999.99
999.99
999.99
999.99
999.99
999.99
999.99
999.99
999.99
999.99
999.99
999.99
999.99
999.99
999.99
22.5345634401292
22.4538362369338
22.3848575677743
22.2366515679442
22.2393904138693
22.4977770034843
22.547565394748
22.6048222996516
22.6001111583241
22.6894146341464
22.763572533356
22.833275261324
22.5430150420668
21.7711324041811
22.2361883232769
23.1135609756097
22.8856876859012
22.4620142772159
21.9479442508711
21.5179556386504
20.4528344947734
999.99
999.99
999.99
999.99
999.99
999.99
999.99
999.99
999.99
999.99
999.99
999.99
999.99
999.99
999.99
999.99
999.99
999.99
999.99
999.99
999.99
999.99
999.99
999.99
999.99
999.99
999.99
999.99
999.99
999.99
999.99
999.99
999.99
999.99
999.99
999.99
999.99
999.99
999.99
999.99
999.99
999.99
999.99
999.99
999.99
999.99
999.99
999.99
999.99
999.99
999.99
999.99
999.99
999.99
999.99
999.99
999.99
999.99
999.99
999.99
999.99
999.99
22.7420210819604
22.7709018583043
22.6810632944433
22.4601723079476
22.4827774891039
22.5800442176871
22.6378361701611
22.7579508876721
22.9243484097982
22.8797044964327
22.7649319727891
22.7285029865605
22.8643415342342
22.9197882030861
22.9084053669058
23.204456528953
23.229997074142
23.0247001400203
22.2963102704497
21.4060046396905
20.7692390907582
999.99
999.99
999.99
999.99
999.99
999.99
999.99
999.99
999.99
999.99
999.99
999.99
999.99
999.99
999.99
999.99
999.99
999.99
999.99
999.99
999.99
999.99
999.99
999.99
999.99
999.99
999.99
999.99
999.99
999.99
999.99
999.99
999.99
999.99
999.99
999.99
999.99
999.99
999.99
999.99
999.99
999.99
999.99
999.99
999.99
999.99
999.99
999.99
999.99
999.99
999.99
999.99
999.99
999.99
999.99
999.99
999.99
999.99
999.99
999.99
999.99
999.99
999.99
999.99
22.4933853148636
22.4953135888502
22.361786266678
22.4975400696864
22.7206572618339
22.8074912891986
22.8271312993966
23.0332857142857
23.1350592334495
23.1865365853659
23.1397316223336
23.1093972125436
23.0282219767145
22.3348397212544
22.8309844480327
22.4903962777258
21.8921149825784
21.141203620294
20.4982874564459
20.1938702303052
19.3212979094077
999.99
999.99
999.99
999.99
999.99
999.99
999.99
999.99
999.99
999.99
999.99
999.99
999.99
999.99
999.99
999.99
999.99
999.99
999.99
999.99
999.99
999.99
999.99
999.99
999.99
999.99
999.99
999.99
999.99
999.99
999.99
999.99
999.99
999.99
999.99
999.99
999.99
999.99
999.99
999.99
999.99
999.99
999.99
999.99
999.99
999.99
999.99
999.99
999.99
999.99
999.99
999.99
999.99
999.99
999.99
999.99
999.99
999.99
999.99
999.99
999.99
999.99
23.0125224902573
22.9468703334992
22.808921469242
22.8270139372822
22.7105417895891
22.6056397046624
22.6686632653061
22.5494900447984
22.9827856353726
23.1734387755102
23.1235554719211
22.9503503401361
22.9642267762548
22.5640004977601
22.0649561040359
22.256085645085
22.0752210054754
21.7377930046498
21.007244234279
20.2727254003327
19.8219316409491
999.99
999.99
999.99
999.99
999.99
999.99
999.99
999.99
999.99
999.99
999.99
999.99
999.99
999.99
999.99
999.99
999.99
999.99
999.99
999.99
999.99
999.99
999.99
999.99
999.99
999.99
999.99
999.99
999.99
999.99
999.99
999.99
999.99
999.99
999.99
999.99
999.99
999.99
999.99
999.99
999.99
999.99
999.99
999.99
999.99
999.99
999.99
999.99
999.99
999.99
999.99
999.99
999.99
999.99
999.99
999.99
999.99
999.99
999.99
999.99
999.99
23.5404216027876
23.4785806067817
23.1415505226481
23.0193921985213
23.1469094076655
23.27771046146
23.0417421602787
22.9954640095181
23.0950104529617
22.9845019971105
22.8372473867596
23.0224006118806
22.9222473867597
22.5135353955979
21.8385574912892
21.5772117787032
21.6725646298972
21.625
21.4295470383275
21.2959703832752
20.7917463244668
999.99
999.99
999.99
999.99
999.99
999.99
999.99
999.99
999.99
999.99
999.99
999.99
999.99
999.99
999.99
999.99
999.99
999.99
999.99
999.99
999.99
999.99
999.99
999.99
999.99
999.99
999.99
999.99
999.99
999.99
999.99
999.99
999.99
999.99
999.99
999.99
999.99
999.99
999.99
999.99
999.99
999.99
999.99
999.99
999.99
999.99
999.99
999.99
999.99
999.99
999.99
999.99
999.99
999.99
999.99
999.99
999.99
999.99
999.99
999.99
999.99
999.99
999.99
999.99
999.99
23.5004354227116
23.5594239256678
23.3650510204082
23.1231549693048
23.0035909059638
23.1455423925668
23.059560947282
22.9850067197611
22.9386395933745
22.9912846358055
22.8335616655943
22.5536260992202
22.1634489795918
22.2467379960908
21.9205085448814
21.4724145633268
20.9584757756761
20.5900816326531
20.3631129915381
25.9085484891201
21.4185092689831
999.99
999.99
999.99
999.99
999.99
999.99
999.99
999.99
999.99
999.99
999.99
999.99
999.99
999.99
999.99
999.99
999.99
999.99
999.99
999.99
999.99
999.99
999.99
999.99
999.99
999.99
999.99
999.99
999.99
999.99
999.99
999.99
999.99
999.99
999.99
999.99
999.99
999.99
999.99
999.99
999.99
999.99
999.99
999.99
999.99
999.99
999.99
999.99
999.99
999.99
999.99
999.99
999.99
999.99
999.99
999.99
999.99
999.99
999.99
999.99
999.99
23.3348536585366
23.4409238548483
23.4306585365854
23.4701403926235
23.3151951219512
23.4227126710292
23.4255365853659
23.4356549672814
23.4433902439024
22.5840886377158
22.4113658536585
22.5393616894705
22.6210731707317
22.2011951219512
22.0018381915526
21.2922926829268
21.0850945865556
20.8548414634146
19.8608024985128
21.4185092689831
999.99
999.99
999.99
999.99
999.99
999.99
999.99
999.99
999.99
999.99
999.99
999.99
999.99
999.99
999.99
999.99
999.99
999.99
999.99
999.99
999.99
999.99
999.99
999.99
999.99
999.99
999.99
999.99
999.99
999.99
999.99
999.99
999.99
999.99
999.99
999.99
999.99
999.99
999.99
999.99
999.99
999.99
999.99
999.99
999.99
999.99
999.99
999.99
999.99
999.99
999.99
999.99
999.99
999.99
999.99
999.99
999.99
999.99
999.99
999.99
999.99
999.99
23.5890843035608
23.6110209059233
23.599511005354
23.6435993031359
23.763696184244
23.6767630662021
23.706860287244
23.636
23.7112655732132
23.5306132404181
23.4312774708932
23.2224076655052
23.1239439959208
22.8731846689895
22.7714070706212
22.2121229710205
21.4716358885018
20.9057596668649
20.1959825783971
19.6687089317583
999.99
999.99
999.99
999.99
999.99
999.99
999.99
999.99
999.99
999.99
999.99
999.99
999.99
999.99
999.99
999.99
999.99
999.99
999.99
999.99
999.99
999.99
999.99
999.99
999.99
999.99
999.99
999.99
999.99
999.99
999.99
999.99
999.99
999.99
999.99
999.99
999.99
999.99
999.99
999.99
999.99
999.99
999.99
999.99
999.99
999.99
999.99
999.99
999.99
999.99
999.99
999.99
999.99
999.99
999.99
999.99
999.99
999.99
999.99
999.99
999.99
999.99
999.99
999.99
23.7246445993031
23.7148730347582
23.690818815331
23.5177317073171
23.5801114982578
23.3598266338064
23.1817665505226
23.3426002379536
23.1444216027875
22.7662543554007
22.8238745644599
22.5892360839636
22.3829337979094
22.1505228180505
21.8107161553497
21.4769268292683
20.8456451941871
20.0062735191637
19.7367284779468
21.4185092689831
999.99
999.99
999.99
999.99
999.99
999.99
999.99
999.99
999.99
999.99
999.99
999.99
999.99
999.99
999.99
999.99
999.99
999.99
999.99
999.99
999.99
999.99
999.99
999.99
999.99
999.99
999.99
999.99
999.99
999.99
999.99
999.99
999.99
999.99
999.99
999.99
999.99
999.99
999.99
999.99
999.99
999.99
999.99
999.99
999.99
999.99
999.99
999.99
999.99
999.99
999.99
999.99
999.99
999.99
999.99
999.99
999.99
999.99
999.99
999.99
999.99
23.3489651567944
23.5199315883402
23.5476759581882
23.5288692954874
23.484275261324
23.4477867765786
23.3283728222996
23.2512529106824
23.5309930313589
23.5124462479816
23.3439581881533
23.1485816265829
22.8531010452961
22.9658240843036
22.9844738675958
22.6650696014277
22.2175451686921
21.9992491289199
21.5100063737571
19.8331428571427
999.99
999.99
999.99
999.99
999.99
999.99
999.99
999.99
999.99
999.99
999.99
999.99
999.99
999.99
999.99
999.99
999.99
999.99
999.99
999.99
999.99
999.99
999.99
999.99
999.99
999.99
999.99
999.99
999.99
999.99
999.99
999.99
999.99
999.99
999.99
999.99
999.99
999.99
999.99
999.99
999.99
999.99
999.99
999.99
999.99
999.99
999.99
999.99
999.99
999.99
999.99
999.99
999.99
999.99
999.99
999.99
999.99
999.99
999.99
999.99
999.99
999.99
999.99
999.99
23.5519293787712
23.4088327526133
23.4227249086428
23.3011393728223
23.2947680802243
23.4639407665505
23.4331455766126
23.4110905923345
23.2859225800969
23.4625296167247
23.5296184244072
23.2261986062719
22.8473264213479
22.7100104529617
22.3458054729328
22.3135888501742
22.0802648083624
21.7626331265403
20.7007787456444
19.8138155009773
999.99
999.99
999.99
999.99
999.99
999.99
999.99
999.99
999.99
999.99
999.99
999.99
999.99
999.99
999.99
999.99
999.99
999.99
999.99
999.99
999.99
999.99
999.99
999.99
999.99
999.99
999.99
999.99
999.99
999.99
999.99
999.99
999.99
999.99
999.99
999.99
999.99
999.99
999.99
999.99
999.99
999.99
999.99
999.99
999.99
999.99
999.99
999.99
999.99
999.99
999.99
999.99
999.99
999.99
999.99
999.99
999.99
999.99
999.99
999.99
999.99
999.99
23.5120696864112
23.4579654117447
23.6132857142857
23.372959717855
23.3621010452962
23.3516021925725
23.2960383275261
23.3360240503102
23.6768466898955
23.5086136653352
23.456331010453
23.3283578652163
23.2447909407666
23.1214111498258
22.7232961672474
22.6612293702728
22.5211318942806
22.0829076655052
21.6434539814736
20.7363501742159
999.99
999.99
999.99
999.99
999.99
999.99
999.99
999.99
999.99
999.99
999.99
999.99
999.99
999.99
999.99
999.99
999.99
999.99
999.99
999.99
999.99
999.99
999.99
999.99
999.99
999.99
999.99
999.99
999.99
999.99
999.99
999.99
999.99
999.99
999.99
999.99
999.99
999.99
999.99
999.99
999.99
999.99
999.99
999.99
999.99
999.99
999.99
999.99
999.99
999.99
999.99
999.99
999.99
999.99
999.99
999.99
999.99
999.99
999.99
999.99
999.99
999.99
999.99
999.99
999.99
23.3562717770035
23.4230746275905
23.4259133897461
23.2842614818682
23.32706271777
23.3722597093567
23.7126898954704
23.6609797375226
23.7179537083126
23.7579287110442
23.2515903434545
23.0404178513761
22.8778755599801
22.5229773579866
22.459306122449
22.2589723743156
21.8371748473333
21.3637543554006
20.7931364469643
20.5712244897959
999.99
999.99
999.99
999.99
999.99
999.99
999.99
999.99
999.99
999.99
999.99
999.99
999.99
999.99
999.99
999.99
999.99
999.99
999.99
999.99
999.99
999.99
999.99
999.99
999.99
999.99
999.99
999.99
999.99
999.99
999.99
999.99
999.99
999.99
999.99
999.99
999.99
999.99
999.99
999.99
999.99
999.99
999.99
999.99
999.99
999.99
999.99
999.99
999.99
999.99
999.99
999.99
999.99
999.99
999.99
999.99
999.99
999.99
999.99
999.99
999.99
999.99
999.99
23.244
23.2596133254015
23.2885365853659
23.4250505651398
23.3773902439024
23.5871975014872
23.79
23.7038346222487
23.7633170731707
23.559762046401
23.284756097561
22.9445466983938
22.907
22.7390582986318
22.6765211183819
22.6628536585366
22.5004818560381
22.1239024390244
21.5107763236169
21.1161463414634
999.99
999.99
999.99
999.99
999.99
999.99
999.99
999.99
999.99
999.99
999.99
999.99
999.99
999.99
999.99
999.99
999.99
999.99
999.99
999.99
999.99
999.99
999.99
999.99
999.99
999.99
999.99
999.99
999.99
999.99
999.99
999.99
999.99
999.99
999.99
999.99
999.99
999.99
999.99
999.99
999.99
999.99
999.99
999.99
999.99
999.99
999.99
999.99
999.99
999.99
999.99
999.99
999.99
999.99
999.99
999.99
999.99
999.99
999.99
999.99
999.99
999.99
23.2673473758331
23.3059955201593
23.4818529058262
23.3398740666998
23.3121136714055
23.2798581383773
23.3203544173172
23.49068740667
23.4538329711421
23.5592792434047
23.4582969685197
23.2848471876557
23.0950179072224
23.0335286212046
23.1213956099989
22.9986730930326
22.89443753111
22.4620960919763
22.17568765555
21.8743385375566
999.99
999.99
999.99
999.99
999.99
999.99
999.99
999.99
999.99
999.99
999.99
999.99
999.99
999.99
999.99
999.99
999.99
999.99
999.99
999.99
999.99
999.99
999.99
999.99
999.99
999.99
999.99
999.99
999.99
999.99
999.99
999.99
999.99
999.99
999.99
999.99
999.99
999.99
999.99
999.99
999.99
999.99
999.99
999.99
999.99
999.99
999.99
999.99
999.99
999.99
999.99
999.99
999.99
999.99
999.99
999.99
999.99
999.99
999.99
999.99
999.99
999.99
999.99
23.7066240333135
23.6460592334495
23.635571343588
23.6301080139373
23.5267499787541
23.4579721254355
23.4666750233704
23.408
23.4993299906518
23.5414355400697
23.5648299481601
23.035543554007
23.1602371887482
22.9486968641115
22.9196172346392
23.066868020736
22.9343292682927
22.9741580691765
22.3703031358884
21.2424920540495
999.99
999.99
999.99
999.99
999.99
999.99
999.99
999.99
999.99
999.99
999.99
999.99
999.99
999.99
999.99
999.99
999.99
999.99
999.99
999.99
999.99
999.99
999.99
999.99
999.99
999.99
999.99
999.99
999.99
999.99
999.99
999.99
999.99
999.99
999.99
999.99
999.99
999.99
999.99
999.99
999.99
999.99
999.99
999.99
999.99
999.99
999.99
999.99
999.99
999.99
999.99
999.99
999.99
999.99
999.99
999.99
999.99
999.99
999.99
999.99
999.99
23.4592524857653
23.451456445993
23.5098002039602
23.6194181184669
23.6310894875499
23.5226550522648
23.5911198266338
23.5241672473868
23.4448258689556
23.63306271777
23.5809768845076
23.4576515679443
23.2316321067392
23.2601045296167
23.2696802073596
23.1456097560976
22.9766016826719
22.5502450072236
22.2365087108014
22.1309303135889
999.99
999.99
999.99
999.99
999.99
999.99
999.99
999.99
999.99
999.99
999.99
999.99
999.99
999.99
999.99
999.99
999.99
999.99
999.99
999.99
999.99
999.99
999.99
999.99
999.99
999.99
999.99
999.99
999.99
999.99
999.99
999.99
999.99
999.99
999.99
999.99
999.99
999.99
999.99
999.99
999.99
999.99
999.99
999.99
999.99
999.99
999.99
999.99
999.99
999.99
999.99
999.99
999.99
999.99
999.99
999.99
999.99
999.99
999.99
999.99
999.99
999.99
999.99
999.99
23.1878919860627
23.1558294382595
23.3455958188153
23.5470418118467
23.4965226480836
23.4838474547463
23.5077526132404
23.6140543044107
23.5328919860627
23.7754181184669
23.5998606271777
23.4044900144472
23.3046167247387
23.2115506926149
23.1074634146341
22.5451790600832
22.3440449562335
22.396074912892
22.001601512705
21.0603484320556
999.99
999.99
999.99
999.99
999.99
999.99
999.99
999.99
999.99
999.99
999.99
999.99
999.99
999.99
999.99
999.99
999.99
999.99
999.99
999.99
999.99
999.99
999.99
999.99
999.99
999.99
999.99
999.99
999.99
999.99
999.99
999.99
999.99
999.99
999.99
999.99
999.99
999.99
999.99
999.99
999.99
999.99
999.99
999.99
999.99
999.99
999.99
999.99
999.99
999.99
999.99
999.99
999.99
999.99
999.99
999.99
999.99
999.99
999.99
999.99
999.99
999.99
999.99
23.161637630662
23.1745698988697
23.1792787456446
23.285112518059
23.432637630662
23.5276214838107
23.5271254355401
23.595954363899
23.6016132404181
23.6608512790006
23.5224146341464
23.3426914251722
23.2024459930313
23.3267770034843
23.2195505226481
23.00870451262
22.3757954448882
22.1322665505226
21.8037939151865
39.0864982578448
999.99
999.99
999.99
999.99
999.99
999.99
999.99
999.99
999.99
999.99
999.99
999.99
999.99
999.99
999.99
999.99
999.99
999.99
999.99
999.99
999.99
999.99
999.99
999.99
999.99
999.99
999.99
999.99
999.99
999.99
999.99
999.99
999.99
999.99
999.99
999.99
999.99
999.99
999.99
999.99
999.99
999.99
999.99
999.99
999.99
999.99
999.99
999.99
999.99
999.99
999.99
999.99
999.99
999.99
999.99
999.99
999.99
999.99
999.99
999.99
999.99
999.99
23.2400207359565
23.2148745644599
23.332670774199
23.5052195121951
23.3811573043257
23.4318571428572
23.5372450072236
23.4915679442509
23.5212197671454
23.7206341463415
23.771303645789
23.3877804878049
23.2629068581627
23.1838118466899
23.0946474037563
23.1376585365854
23.1584220277046
22.606749978754
21.9171898954704
21.8717911957168
999.99
999.99
999.99
999.99
999.99
999.99
999.99
999.99
999.99
999.99
999.99
999.99
999.99
999.99
999.99
999.99
999.99
999.99
999.99
999.99
999.99
999.99
999.99
999.99
999.99
999.99
999.99
999.99
999.99
999.99
999.99
999.99
999.99
999.99
999.99
999.99
999.99
999.99
999.99
999.99
999.99
999.99
999.99
999.99
999.99
999.99
999.99
999.99
999.99
999.99
999.99
999.99
999.99
999.99
999.99
999.99
999.99
999.99
999.99
999.99
999.99
999.99
23.0083902439024
23.0893747769185
23.1197317073171
23.2657269482451
23.3773902439024
23.3918744794765
23.3221463414634
23.2153438429506
23.4603414634146
23.6160446162998
23.5544878048781
23.5268929208804
23.3511707317073
23.2614360499703
23.2301951219512
23.1765187388459
23.2595121951219
23.2507317073171
22.9632141582391
22.2274024390244
999.99
999.99
999.99
999.99
999.99
999.99
999.99
999.99
999.99
999.99
999.99
999.99
999.99
999.99
999.99
999.99
999.99
999.99
999.99
999.99
999.99
999.99
999.99
999.99
999.99
999.99
999.99
999.99
999.99
999.99
999.99
999.99
999.99
999.99
999.99
999.99
999.99
999.99
999.99
999.99
999.99
999.99
999.99
999.99
999.99
999.99
999.99
999.99
999.99
999.99
999.99
999.99
999.99
999.99
999.99
999.99
999.99
999.99
999.99
999.99
999.99
999.99
999.99
23.210843454455
23.3158598056712
23.289693877551
23.1863546297757
23.1979138875062
23.1829660774482
23.1613166583707
23.3843379710004
23.5020769039323
23.5276873398973
23.5256923013108
23.4617642762043
23.474700099552
23.3913283962009
23.2792818981251
23.1489239378083
23.0703370665339
22.8992706924531
22.5710186032771
21.848956031193
999.99
999.99
999.99
999.99
999.99
999.99
999.99
999.99
999.99
999.99
999.99
999.99
999.99
999.99
999.99
999.99
999.99
999.99
999.99
999.99
999.99
999.99
999.99
999.99
999.99
999.99
999.99
999.99
999.99
999.99
999.99
999.99
999.99
999.99
999.99
999.99
999.99
999.99
999.99
999.99
999.99
999.99
999.99
999.99
999.99
999.99
999.99
999.99
999.99
999.99
999.99
999.99
999.99
999.99
999.99
999.99
999.99
999.99
999.99
999.99
999.99
999.99
999.99
999.99
23.0044598453302
23.0578536585366
23.0607861816946
23.0855087108014
23.0400996855613
23.0427038327526
23.064724738676
23.2094076655052
23.3654531316393
23.3245156794425
23.1935317413104
23.2650383275261
23.2430146171497
23.0851149825784
22.9889799439109
22.8837351916376
22.5240296592164
21.9133151185518
21.0505540069687
22.090704767568
999.99
999.99
999.99
999.99
999.99
999.99
999.99
999.99
999.99
999.99
999.99
999.99
999.99
999.99
999.99
999.99
999.99
999.99
999.99
999.99
999.99
999.99
999.99
999.99
999.99
999.99
999.99
999.99
999.99
999.99
999.99
999.99
999.99
999.99
999.99
999.99
999.99
999.99
999.99
999.99
999.99
999.99
999.99
999.99
999.99
999.99
999.99
999.99
999.99
999.99
999.99
999.99
999.99
999.99
999.99
999.99
999.99
999.99
22.7314144479922
22.926812856374
23.0639317239091
23.1997857142857
23.1174082462253
22.9803621123643
22.9527418284387
23.0326012759655
23.0222448979592
22.9082615911326
22.869681433549
23.1060433860635
23.1910282064045
23.156639737037
23.1311845860295
23.140196686051
23.1176598639456
23.0860742006499
22.9239668159947
22.5137251494292
999.99
999.99
999.99
999.99
999.99
999.99
999.99
999.99
999.99
999.99
999.99
999.99
999.99
999.99
999.99
999.99
999.99
999.99
999.99
999.99
999.99
999.99
999.99
999.99
999.99
999.99
999.99
999.99
999.99
999.99
999.99
999.99
999.99
999.99
999.99
999.99
999.99
999.99
999.99
999.99
999.99
999.99
999.99
999.99
999.99
999.99
999.99
999.99
999.99
999.99
999.99
999.99
999.99
999.99
999.99
999.99
999.99
999.99
999.99
999.99
22.3795993031359
22.3333921135379
22.5583153310104
22.8595890201411
22.9521881533101
23.0112543554007
22.9138356420498
23.0697804878049
22.9765105804368
22.8509581881533
23.0110546443444
22.8637665505227
22.7341715815416
22.7625853658537
22.8094974929889
23.1110662020906
23.0403713775814
22.9697177700348
22.8074759921815
22.9766515679443
999.99
999.99
999.99
999.99
999.99
999.99
999.99
999.99
999.99
999.99
999.99
999.99
999.99
999.99
999.99
999.99
999.99
999.99
999.99
999.99
999.99
999.99
999.99
999.99
999.99
999.99
999.99
999.99
999.99
999.99
999.99
999.99
999.99
999.99
999.99
999.99
999.99
999.99
999.99
999.99
999.99
999.99
999.99
999.99
999.99
999.99
999.99
999.99
999.99
999.99
999.99
999.99
999.99
999.99
999.99
999.99
999.99
999.99
999.99
22.7922389248382
22.6521657743407
22.5338035506885
22.4344908824922
22.4486993529119
22.3746394557823
22.4249460759914
22.4228688078444
22.3436555763293
22.8311102538577
22.9109148688625
22.9173472706156
23.0291737931342
22.9183259498922
22.8484060730777
22.7667667994027
22.7834881650459
22.6995160112826
22.6909463147543
22.6670977268956
999.99
999.99
999.99
999.99
999.99
999.99
999.99
999.99
999.99
999.99
999.99
999.99
999.99
999.99
999.99
999.99
999.99
999.99
999.99
999.99
999.99
999.99
999.99
999.99
999.99
999.99
999.99
999.99
999.99
999.99
999.99
999.99
999.99
999.99
999.99
999.99
999.99
999.99
999.99
999.99
999.99
999.99
999.99
999.99
999.99
999.99
999.99
999.99
999.99
999.99
999.99
999.99
999.99
999.99
999.99
999.99
999.99
22.6766602787456
22.7599932863092
22.6384912891986
22.5645400696864
22.4988222996516
22.6401221211864
22.6251585365853
22.3233220022096
22.3354703832753
22.2007630662021
22.207668989547
22.315754312909
22.5953257839721
22.3814940086683
22.2006361859437
22.2966968641115
22.5526118806833
22.5384494773519
22.5540038242543
22.6262648083623
999.99
999.99
999.99
999.99
999.99
999.99
999.99
999.99
999.99
999.99
999.99
999.99
999.99
999.99
999.99
999.99
999.99
999.99
999.99
999.99
999.99
999.99
999.99
999.99
999.99
999.99
999.99
999.99
999.99
999.99
999.99
999.99
999.99
999.99
999.99
999.99
999.99
999.99
999.99
999.99
999.99
999.99
999.99
999.99
999.99
999.99
999.99
999.99
999.99
999.99
999.99
999.99
999.99
999.99
999.99
999.99
999.99
999.99
999.99
999.99
22.647258774539
22.6438658536585
22.6341076740036
22.5919268292683
22.5801165972635
22.5170243902439
22.3496585365854
22.5298902439024
22.5471969066032
22.595987804878
22.3668970850684
22.4256951219512
22.3084253420583
22.4358536585366
22.3585336109459
22.4602195121951
22.5589030339084
22.6247674003569
22.5963658536585
22.4992879238548
22.2621707317073
22.1723313503867
22.1526585365854
22.1127882212968
999.99
999.99
999.99
999.99
999.99
999.99
999.99
999.99
999.99
999.99
999.99
999.99
999.99
999.99
999.99
999.99
999.99
999.99
999.99
999.99
999.99
999.99
999.99
999.99
999.99
999.99
999.99
999.99
999.99
999.99
999.99
999.99
999.99
999.99
999.99
999.99
999.99
999.99
999.99
999.99
999.99
999.99
999.99
999.99
999.99
999.99
999.99
999.99
999.99
999.99
999.99
22.3320487804878
22.46770748704
22.605456445993
22.6792529106824
22.6877613665335
22.6254006968641
22.6134542364239
22.5816672473868
22.5405481431121
22.37406271777
22.3509869975355
22.5183989547038
22.4065458485595
22.3540104529617
22.2225296167247
22.3582038327526
22.4154047760687
22.6806341463415
22.692324466729
22.4165696864111
22.5052784057109
22.4066045296167
21.8884550862582
22.0254634146341
22.1656864111498
22.5083265063313
22.4822543554007
22.2230785246877
22.1320975609756
21.9743933033058
999.99
999.99
999.99
999.99
999.99
999.99
999.99
999.99
999.99
999.99
999.99
999.99
999.99
999.99
999.99
999.99
999.99
999.99
999.99
999.99
999.99
999.99
999.99
999.99
999.99
999.99
999.99
999.99
999.99
999.99
999.99
999.99
999.99
999.99
999.99
999.99
999.99
999.99
999.99
999.99
999.99
999.99
999.99
999.99
999.99
999.99
21.3059563185179
21.471275261324
999.99
21.8566968641115
21.9959837681652
22.1114599303136
22.1970828588425
22.2850034843205
22.2697103764766
22.2886585365854
22.3475172941276
22.4345309764596
22.3865139372822
22.402470723209
22.3641306620209
22.2624668989547
22.2740296167247
22.3085365853659
22.1528832752613
22.0552682076995
22.2544163763066
22.1613379790941
22.2882630662021
22.2884668989547
22.3879285714286
22.5386877708847
22.5501742160279
22.5997055324212
22.4811236933798
22.367435200136
22.1034965156795
999.99
999.99
999.99
999.99
999.99
999.99
999.99
999.99
999.99
999.99
999.99
999.99
999.99
999.99
999.99
999.99
999.99
999.99
999.99
999.99
999.99
999.99
999.99
999.99
999.99
999.99
999.99
999.99
999.99
999.99
999.99
999.99
999.99
999.99
999.99
999.99
999.99
999.99
999.99
999.99
999.99
999.99
999.99
999.99
999.99
999.99
999.99
999.99
21.1681559526843
21.6523393064543
21.7611853771848
21.7333170731707
21.6017210884354
21.7293515845362
21.9319641329464
21.9743479342957
21.9589227541106
22.0876109175378
22.2866666666667
22.1878120126099
22.141770301934
22.0530612244898
22.17479747235
22.3079264245853
22.3118369006139
22.2589975840426
22.1757204247553
22.087074829932
22.0381095901775
22.0759644405055
22.2439591836735
22.2038385274395
22.3541159780986
22.2044557823129
22.1560072175212
22.3487530664854
22.3877038327526
999.99
999.99
999.99
999.99
999.99
999.99
999.99
999.99
999.99
999.99
999.99
999.99
999.99
999.99
999.99
999.99
999.99
999.99
999.99
999.99
999.99
999.99
999.99
999.99
999.99
999.99
999.99
999.99
999.99
999.99
999.99
999.99
999.99
999.99
999.99
999.99
999.99
999.99
999.99
999.99
999.99
999.99
999.99
999.99
999.99
999.99
999.99
999.99
999.99
999.99
999.99
21.2243832752613
21.1542363389139
21.3087491289199
21.4114535565564
21.705574912892
21.7919616724739
21.8324843205575
21.73714328206
21.9602229965157
22.3337022180675
22.2839268292683
22.2466345712586
22.1571672473868
22.1007641709867
22.0674738675958
22.0097260984108
22.0186480836237
22.0063411234809
22.1144177785332
22.0989146341463
22.0712682076995
21.9782073170732
21.8575917396108
22.0107787456446
22.3280893175831
22.3046027874565
22.0587503186879
22.0489146341464
21.9093205574913
999.99
999.99
999.99
999.99
999.99
999.99
999.99
999.99
999.99
999.99
999.99
999.99
999.99
999.99
999.99
999.99
999.99
999.99
999.99
999.99
999.99
999.99
999.99
999.99
999.99
999.99
999.99
999.99
999.99
999.99
999.99
999.99
999.99
999.99
999.99
999.99
999.99
999.99
999.99
999.99
999.99
999.99
20.5322642094315
999.99
999.99
20.8172043305127
20.968505890161
21.0594740335158
21.1985876482657
21.2889319727891
21.3587376399697
21.4256598639456
21.497756097561
21.3598871865224
21.3967977434876
21.4445219924972
21.5204093247055
21.678977657452
22.106880703501
22.0587922033775
22.1149178695869
22.1170534505295
22.1393172390908
22.2078249139037
22.0909518831923
22.1394955019485
22.0602653061224
21.9869895429915
21.8158179857309
21.7350271623224
21.7788350754936
21.9032061981247
22.0804636857718
22.1490057242409
22.0984304248767
22.1786340633815
999.99
999.99
999.99
999.99
999.99
999.99
999.99
999.99
999.99
999.99
999.99
999.99
999.99
999.99
999.99
999.99
999.99
999.99
999.99
999.99
999.99
999.99
999.99
999.99
999.99
999.99
999.99
999.99
999.99
999.99
999.99
999.99
999.99
999.99
999.99
999.99
999.99
999.99
999.99
999.99
999.99
999.99
999.99
999.99
999.99
999.99
999.99
999.99
999.99
20.5678931758307
20.6197595818816
20.7173294807513
20.6537508710801
20.8305376901504
20.9893414634146
21.2080239653267
21.230012195122
21.1535152545254
21.0939412764511
20.9786306620209
20.9973592249511
20.9836585365853
21.1076319367723
21.1007073170732
21.3824816010877
21.7329233449477
21.7399168862072
21.7498675958188
21.7094890796295
21.9611777003484
22.0999601427722
21.9433031358885
22.0363701878134
21.9653693379791
22.0912412679527
999.99
999.99
999.99
999.99
999.99
999.99
999.99
999.99
999.99
999.99
999.99
999.99
999.99
999.99
999.99
999.99
999.99
999.99
999.99
999.99
999.99
999.99
999.99
999.99
999.99
999.99
999.99
999.99
999.99
999.99
999.99
999.99
999.99
999.99
999.99
999.99
999.99
999.99
999.99
999.99
999.99
999.99
999.99
999.99
999.99
999.99
999.99
999.99
999.99
999.99
999.99
999.99
999.99
999.99
999.99
999.99
999.99
20.4072563100195
20.5739245063879
20.5109743916603
20.4962984901278
20.4847904025382
20.4262950058072
20.6759144216878
20.7912108013937
20.6975872354891
20.9401168522138
20.8666771196283
20.8043034191666
21.0946678281068
21.2700841052662
21.3509384436701
21.410416617093
21.6041800232288
21.7426634372964
22.0142102206736
999.99
999.99
22.0861442168777
999.99
999.99
999.99
999.99
999.99
999.99
999.99
999.99
999.99
999.99
999.99
999.99
999.99
999.99
999.99
999.99
999.99
999.99
999.99
999.99
999.99
999.99
999.99
999.99
999.99
999.99
999.99
999.99
999.99
999.99
999.99
999.99
999.99
999.99
999.99
999.99
999.99
999.99
999.99
999.99
999.99
999.99
999.99
999.99
999.99
999.99
999.99
999.99
999.99
999.99
999.99
999.99
999.99
999.99
999.99
999.99
999.99
999.99
999.99
999.99
999.99
20.27477615365
20.3372212543554
20.5006424747174
20.6752282229965
20.7715993881193
20.9075243902439
20.9501058043681
20.6482822299651
20.6921826293872
20.7022945525622
20.8184320557491
21.1139933712926
21.3069825783972
21.6038429506246
21.5229337979094
999.99
999.99
999.99
999.99
999.99
999.99
999.99
999.99
999.99
999.99
999.99
999.99
999.99
999.99
999.99
999.99
999.99
999.99
999.99
999.99
999.99
999.99
999.99
999.99
999.99
999.99
999.99
999.99
999.99
999.99
999.99
999.99
999.99
999.99
999.99
999.99
999.99
999.99
999.99
999.99
999.99
999.99
999.99
999.99
999.99
999.99
999.99
999.99
999.99
999.99
999.99
999.99
999.99
999.99
999.99
999.99
999.99
999.99
999.99
999.99
999.99
999.99
999.99
999.99
999.99
999.99
999.99
999.99
20.0163857397808
20.1657508710802
20.3016177445398
20.5714233449477
20.8012958273137
21.1559425087108
21.3379318432905
21.2268710801394
21.2381397977394
21.6692515509476
21.6687386759582
21.4239229200306
999.99
999.99
999.99
999.99
999.99
999.99
999.99
999.99
999.99
999.99
999.99
999.99
999.99
999.99
999.99
999.99
999.99
999.99
999.99
999.99
999.99
999.99
999.99
999.99
999.99
999.99
999.99
999.99
999.99
999.99
999.99
999.99
999.99
999.99
999.99
999.99
999.99
999.99
999.99
999.99
999.99
999.99
999.99
999.99
999.99
999.99
999.99
999.99
999.99
999.99
999.99
999.99
999.99
999.99
999.99
999.99
999.99
999.99
999.99
999.99
999.99
999.99
999.99
999.99
999.99
999.99
999.99
999.99
999.99
999.99
999.99
999.99
19.3810400696864
19.4319024390244
999.99
999.99
999.99
999.99
999.99
999.99
999.99
999.99
999.99
999.99
999.99
999.99
999.99
999.99
999.99
999.99
999.99
999.99
999.99
999.99
999.99
999.99
999.99
999.99
999.99
999.99
999.99
999.99
999.99
999.99
999.99
999.99
999.99
999.99
999.99
999.99
999.99
999.99
999.99
999.99
999.99
999.99
999.99
999.99
999.99
999.99
999.99
999.99
999.99
999.99
999.99
999.99
999.99
999.99
999.99
999.99
999.99
999.99
999.99
999.99
999.99
999.99
999.99
999.99
999.99
999.99
999.99
999.99
999.99
999.99
999.99
999.99
999.99
999.99
999.99
999.99
999.99
999.99
999.99
999.99
999.99
999.99
999.99
999.99
999.99
999.99
999.99
999.99
999.99
999.99
999.99
999.99
999.99
999.99
999.99
999.99
999.99
999.99
999.99
999.99
999.99
999.99
999.99
999.99
999.99
999.99
999.99
999.99
999.99
999.99
999.99
999.99
999.99
999.99
999.99
999.99
999.99
999.99
999.99
999.99
999.99
999.99
999.99
999.99
999.99
999.99
999.99
999.99
999.99
999.99
999.99
999.99
999.99
999.99
999.99
999.99
999.99
999.99
999.99
999.99
999.99
999.99
999.99
999.99
999.99
999.99
999.99
999.99
999.99
999.99
999.99
999.99
999.99
999.99
999.99
999.99
999.99
999.99
999.99
999.99
999.99
999.99
999.99
999.99
999.99
999.99
999.99
999.99
999.99
999.99
999.99
999.99
999.99
999.99
999.99
999.99
999.99
999.99
999.99
999.99
999.99
999.99
999.99
999.99
999.99
999.99
999.99
999.99
999.99
999.99
999.99
999.99
999.99
999.99
999.99
999.99
999.99
999.99
999.99
999.99
999.99
999.99
999.99
999.99
999.99
999.99
999.99
999.99
999.99
999.99
999.99
999.99
999.99
999.99
999.99
999.99
999.99
999.99
999.99
999.99
999.99
999.99
999.99
999.99
999.99
999.99
999.99
999.99
999.99
999.99
999.99
999.99
999.99
999.99
999.99
999.99
999.99
999.99
999.99
999.99
999.99
999.99
999.99
999.99
999.99
999.99
999.99
999.99
999.99
999.99
999.99
999.99
999.99
999.99
999.99
999.99
999.99
999.99
999.99
999.99
999.99
999.99
999.99
999.99
999.99
999.99
999.99
999.99
999.99
999.99
999.99
999.99
999.99
999.99
999.99
999.99
999.99
999.99
999.99
999.99
999.99
999.99
999.99
999.99
999.99
999.99
999.99
999.99
999.99
999.99
999.99
999.99
999.99
999.99
999.99
999.99
999.99
999.99
999.99
999.99
999.99
999.99
999.99
999.99
999.99
999.99
999.99
999.99
999.99
999.99
999.99
999.99
999.99
999.99
999.99
999.99
999.99
999.99
999.99
999.99
999.99
999.99
999.99
999.99
999.99
999.99
999.99
999.99
999.99
999.99
999.99
999.99
999.99
999.99
999.99
999.99
999.99
999.99
999.99
999.99
999.99
999.99
999.99
999.99
999.99
999.99
999.99
999.99
999.99
999.99
999.99
999.99
999.99
999.99
999.99
999.99
999.99
999.99
999.99
999.99
999.99
999.99
999.99
999.99
999.99
999.99
999.99
999.99
999.99
999.99
999.99
999.99
999.99
999.99
999.99
999.99
999.99
999.99
999.99
999.99
999.99
999.99
999.99
999.99
999.99
999.99
999.99
999.99
999.99
999.99
999.99
999.99
999.99
999.99
999.99
999.99
999.99
999.99
999.99
999.99
999.99
999.99
999.99
999.99
999.99
999.99
999.99
999.99
999.99
999.99
999.99
