999.99
999.99
999.99
999.99
999.99
999.99
999.99
999.99
999.99
999.99
999.99
999.99
999.99
999.99
999.99
999.99
999.99
999.99
999.99
999.99
999.99
999.99
999.99
999.99
999.99
999.99
999.99
999.99
999.99
999.99
999.99
999.99
999.99
999.99
999.99
999.99
999.99
999.99
999.99
999.99
999.99
999.99
999.99
999.99
999.99
999.99
999.99
999.99
999.99
999.99
999.99
999.99
999.99
999.99
999.99
999.99
999.99
999.99
999.99
999.99
999.99
999.99
999.99
999.99
999.99
999.99
999.99
999.99
999.99
999.99
999.99
999.99
999.99
999.99
999.99
999.99
999.99
999.99
999.99
999.99
999.99
999.99
999.99
999.99
999.99
999.99
999.99
999.99
999.99
999.99
999.99
999.99
999.99
999.99
999.99
999.99
999.99
999.99
999.99
999.99
999.99
999.99
999.99
999.99
999.99
999.99
999.99
999.99
999.99
999.99
999.99
999.99
999.99
999.99
999.99
999.99
999.99
999.99
999.99
999.99
999.99
999.99
999.99
999.99
999.99
999.99
999.99
999.99
999.99
999.99
999.99
999.99
999.99
999.99
16.9730173366194
16.7418773689131
16.7306167247387
16.7180015297017
16.6739756097561
16.3749583581202
16.6391637630661
16.5872437324722
16.4991010452962
16.6876735786522
16.6472090592335
16.7029308234894
16.7111428571429
16.7224233874395
16.8370383275261
16.8394752273307
16.6541881533101
16.6225668394663
16.6762961672474
16.6011567944251
16.4331916376307
999.99
999.99
999.99
999.99
999.99
999.99
999.99
999.99
999.99
999.99
999.99
999.99
999.99
999.99
999.99
999.99
999.99
999.99
999.99
999.99
999.99
999.99
999.99
999.99
999.99
999.99
999.99
999.99
999.99
999.99
999.99
999.99
999.99
999.99
999.99
999.99
999.99
999.99
999.99
999.99
999.99
999.99
999.99
999.99
999.99
999.99
999.99
999.99
999.99
999.99
999.99
999.99
999.99
999.99
999.99
999.99
999.99
999.99
999.99
999.99
999.99
999.99
16.617368318178
16.5681281671503
16.4964263315082
16.4132067100487
16.5997986560478
16.8380539037745
16.5439221005475
16.7315777841178
16.464481085117
16.361879250689
16.6571754604281
16.7547155240442
16.7599454952713
16.8082185955881
16.7986343952215
16.7233163265306
16.6953817819811
16.5906887057024
16.5358618715779
16.5033322487829
16.3217682926829
999.99
999.99
999.99
999.99
999.99
999.99
999.99
999.99
999.99
999.99
999.99
999.99
999.99
999.99
999.99
999.99
999.99
999.99
999.99
999.99
999.99
999.99
999.99
999.99
999.99
999.99
999.99
999.99
999.99
999.99
999.99
999.99
999.99
999.99
999.99
999.99
999.99
999.99
999.99
999.99
999.99
999.99
999.99
999.99
999.99
999.99
999.99
999.99
999.99
999.99
999.99
999.99
999.99
999.99
999.99
999.99
999.99
999.99
999.99
999.99
999.99
999.99
16.90120302541
16.6499627772584
16.6382787456446
16.6940565139798
16.5869233449477
16.5435525622504
16.3774843205575
16.3634787116512
16.3021602787456
16.3358870570239
16.575637630662
16.8326898954704
16.7106097560976
16.6855898699754
16.7722473867596
16.7359906518229
16.4738745644599
16.3062673578653
16.2831567944251
16.2107308574828
16.114756097561
999.99
999.99
999.99
999.99
999.99
999.99
999.99
999.99
999.99
999.99
999.99
999.99
999.99
999.99
999.99
999.99
999.99
999.99
999.99
999.99
999.99
999.99
999.99
999.99
999.99
999.99
999.99
999.99
999.99
999.99
999.99
999.99
999.99
999.99
999.99
999.99
999.99
999.99
999.99
999.99
999.99
999.99
999.99
999.99
999.99
999.99
999.99
999.99
999.99
999.99
999.99
999.99
999.99
999.99
999.99
999.99
999.99
999.99
999.99
999.99
999.99
999.99
16.3740913571854
16.6270378176256
16.6296655052265
16.7225493328801
16.7559059233449
16.544397892411
16.3185261324042
16.1963774963882
16.1494425087108
16.1908473697629
16.4489512195122
16.5332020905923
16.7026898954704
16.7696194442084
16.613700348432
16.5199224951134
16.3638710801394
16.3321289198606
16.2365087108015
15.76806271777
38.0113972125449
999.99
999.99
999.99
999.99
999.99
999.99
999.99
999.99
999.99
999.99
999.99
999.99
999.99
999.99
999.99
999.99
999.99
999.99
999.99
999.99
999.99
999.99
999.99
999.99
999.99
999.99
999.99
999.99
999.99
999.99
999.99
999.99
999.99
999.99
999.99
999.99
999.99
999.99
999.99
999.99
999.99
999.99
999.99
999.99
999.99
999.99
999.99
999.99
999.99
999.99
999.99
999.99
999.99
999.99
999.99
999.99
999.99
999.99
999.99
999.99
999.99
999.99
999.99
16.5770514149741
16.721275261324
16.8026834367299
16.9462578397213
16.763880938217
16.5089094076655
16.3385817115662
16.3540243902439
16.4431804198181
16.5657944250871
16.6328505991331
16.9604425087108
16.9545857907708
16.7946898954704
16.7153275261324
16.591756097561
16.5384275516274
16.3658257839722
15.9498841675873
15.7380487804878
17.7335384786684
999.99
999.99
999.99
999.99
999.99
999.99
999.99
999.99
999.99
999.99
999.99
999.99
999.99
999.99
999.99
999.99
999.99
999.99
999.99
999.99
999.99
999.99
999.99
999.99
999.99
999.99
999.99
999.99
999.99
999.99
999.99
999.99
999.99
999.99
999.99
999.99
999.99
999.99
999.99
999.99
999.99
999.99
999.99
999.99
999.99
999.99
999.99
999.99
999.99
999.99
999.99
999.99
999.99
999.99
999.99
999.99
999.99
999.99
999.99
999.99
999.99
16.7794873799609
16.7002169626923
16.8411114982579
16.9046383105294
16.7862334494773
16.6968697204045
16.7048536585366
16.6951318942806
16.5521846689895
16.7568061528002
17.0641393728223
17.1030354380896
17.2522648083624
17.1332832497663
16.8361846689895
16.6663978074275
16.6031707317073
16.4400033993372
16.2724912891986
16.1187261833943
15.7667317073171
999.99
999.99
999.99
999.99
999.99
999.99
999.99
999.99
999.99
999.99
999.99
999.99
999.99
999.99
999.99
999.99
999.99
999.99
999.99
999.99
999.99
999.99
999.99
999.99
999.99
999.99
999.99
999.99
999.99
999.99
999.99
999.99
999.99
999.99
999.99
999.99
999.99
999.99
999.99
999.99
999.99
999.99
999.99
999.99
999.99
999.99
999.99
999.99
999.99
999.99
999.99
999.99
999.99
999.99
999.99
999.99
999.99
999.99
999.99
999.99
999.99
999.99
999.99
999.99
16.9861138211382
16.893226225886
16.8658455284553
16.8916516812555
16.8597200929152
16.8765714285714
16.9744901277584
17.2617596951928
17.3994831591173
17.4808108552166
17.4640615563299
17.3006940879862
17.0767804878049
16.9999510212175
16.9052380952381
16.8443771564545
16.6448548199768
16.2689782442424
15.6516213704994
15.5502378969434
17.7335384786684
999.99
999.99
999.99
999.99
999.99
999.99
999.99
999.99
999.99
999.99
999.99
999.99
999.99
999.99
999.99
999.99
999.99
999.99
999.99
999.99
999.99
999.99
999.99
999.99
999.99
999.99
999.99
999.99
999.99
999.99
999.99
999.99
999.99
999.99
999.99
999.99
999.99
999.99
999.99
999.99
999.99
999.99
999.99
999.99
999.99
999.99
999.99
999.99
999.99
999.99
999.99
999.99
999.99
999.99
999.99
999.99
999.99
999.99
999.99
999.99
999.99
999.99
999.99
16.8251219512195
16.843850174216
16.9918721849239
17.1226306620209
17.056995240928
17.2364668989547
17.489121441319
17.6174947735191
17.3997315373502
17.3456027874564
17.3513602447523
17.2452717770035
17.1725392198521
17.0501567944251
16.832797569474
16.5972926829269
16.3818172006459
16.2570069686411
16.1351951219512
15.9502905583411
15.8899268292683
999.99
999.99
999.99
999.99
999.99
999.99
999.99
999.99
999.99
999.99
999.99
999.99
999.99
999.99
999.99
999.99
999.99
999.99
999.99
999.99
999.99
999.99
999.99
999.99
999.99
999.99
999.99
999.99
999.99
999.99
999.99
999.99
999.99
999.99
999.99
999.99
999.99
999.99
999.99
999.99
999.99
999.99
999.99
999.99
999.99
999.99
999.99
999.99
999.99
999.99
999.99
999.99
999.99
999.99
999.99
999.99
999.99
999.99
17.1288342458935
17.0427841744669
16.9405618942401
16.9349429235109
16.9528235663094
16.9944778496765
17.2601322058865
17.3232012609922
17.3773188497291
17.4643469387755
17.6370901148086
17.5980082960013
17.5330309258742
17.352200265472
17.296682267196
17.1841843371495
17.102240381697
17.0396970300315
17.0215102040816
16.940637298822
16.8730768897684
999.99
999.99
999.99
999.99
999.99
999.99
999.99
999.99
999.99
999.99
999.99
999.99
999.99
999.99
999.99
999.99
999.99
999.99
999.99
999.99
999.99
999.99
999.99
999.99
999.99
999.99
999.99
999.99
999.99
999.99
999.99
999.99
999.99
999.99
999.99
999.99
999.99
999.99
999.99
999.99
999.99
999.99
999.99
999.99
999.99
999.99
999.99
999.99
999.99
999.99
999.99
999.99
999.99
999.99
999.99
999.99
999.99
999.99
999.99
999.99
999.99
999.99
999.99
17.3702752613241
17.4235741480411
17.2376480836237
17.3307750488655
17.2761010452961
17.2354936687346
17.3845261324042
17.5106001529702
17.6024773519164
17.6333415483981
17.7762160278746
17.6311249256395
17.7272787456446
17.7920505651398
17.6357212543554
17.5179272541854
17.4265818815331
17.3284066457041
17.3254773519164
17.3131795699839
17.154818815331
999.99
999.99
999.99
999.99
999.99
999.99
999.99
999.99
999.99
999.99
999.99
999.99
999.99
999.99
999.99
999.99
999.99
999.99
999.99
999.99
999.99
999.99
999.99
999.99
999.99
999.99
999.99
999.99
999.99
999.99
999.99
999.99
999.99
999.99
999.99
999.99
999.99
999.99
999.99
999.99
999.99
999.99
999.99
999.99
999.99
999.99
999.99
999.99
999.99
999.99
999.99
999.99
999.99
999.99
999.99
999.99
999.99
999.99
999.99
999.99
999.99
999.99
17.492420566799
17.5304215542255
17.6140836236934
17.7122292124464
17.4768262817322
17.4576860186073
17.5087894474863
17.6894288992218
17.6208573087772
17.5809931972789
17.6323343288535
17.6691152860906
17.6067232453957
17.6787136908303
17.7321828438693
17.7543262392405
17.7910600630496
17.8253220548183
17.9311553011448
17.9673870752346
17.9714614235938
999.99
999.99
999.99
999.99
999.99
999.99
999.99
999.99
999.99
999.99
999.99
999.99
999.99
999.99
999.99
999.99
999.99
999.99
999.99
999.99
999.99
999.99
999.99
999.99
999.99
999.99
999.99
999.99
999.99
999.99
999.99
999.99
999.99
999.99
999.99
999.99
999.99
999.99
999.99
999.99
999.99
999.99
999.99
999.99
999.99
999.99
999.99
999.99
999.99
999.99
999.99
999.99
999.99
999.99
999.99
999.99
999.99
999.99
999.99
999.99
999.99
999.99
999.99
999.99
999.99
999.99
17.5441637630662
17.6576786776579
17.7100522648084
17.6938574827909
17.7359337979094
17.6536700093482
17.7088013937282
17.8915934392793
17.7679895470383
17.6607934902694
17.7156620209059
17.6685376901504
17.722149825784
17.7947708846775
17.8381846689895
17.8685302116087
17.821606271777
17.7751568794085
17.5162182374437
17.3149512195122
17.1800503951729
999.99
999.99
999.99
999.99
999.99
999.99
999.99
999.99
999.99
999.99
999.99
999.99
999.99
999.99
999.99
999.99
999.99
999.99
999.99
999.99
999.99
999.99
999.99
999.99
999.99
999.99
999.99
999.99
999.99
999.99
999.99
999.99
999.99
999.99
999.99
999.99
999.99
999.99
999.99
999.99
999.99
999.99
999.99
999.99
999.99
999.99
999.99
999.99
999.99
999.99
999.99
999.99
999.99
999.99
999.99
999.99
999.99
999.99
999.99
999.99
999.99
999.99
17.6600905923345
17.6774233874394
17.6781533101045
17.6240596583666
17.6539616724738
17.6592891986063
17.6685087108014
17.7021494008668
17.6611533101045
17.6157357015382
17.6391114982578
17.6382914931588
17.7549756097561
17.8679622673579
17.8008257839721
17.8851165122801
17.9722020905923
17.88385374352
17.6255804368148
17.3726655052265
17.0896732387184
999.99
999.99
999.99
999.99
999.99
999.99
999.99
999.99
999.99
999.99
999.99
999.99
999.99
999.99
999.99
999.99
999.99
999.99
999.99
999.99
999.99
999.99
999.99
999.99
999.99
999.99
999.99
999.99
999.99
999.99
999.99
999.99
999.99
999.99
999.99
999.99
999.99
999.99
999.99
999.99
999.99
999.99
999.99
999.99
999.99
999.99
999.99
999.99
999.99
999.99
999.99
999.99
999.99
999.99
999.99
999.99
999.99
999.99
999.99
999.99
999.99
999.99
17.5649024390244
17.4845835812017
17.6620731707317
17.5240731707317
17.5414634146341
17.726754312909
17.635243902439
17.5237751338489
17.6420975609756
17.6985145746579
17.8699756097561
17.8258441403926
17.8204634146341
17.8559024390244
17.8858780487805
17.9255603807258
18.0361951219512
18.2077715645449
18.2344289113623
18.0500975609756
17.5104295062462
999.99
999.99
999.99
999.99
999.99
999.99
999.99
999.99
999.99
999.99
999.99
999.99
999.99
999.99
999.99
999.99
999.99
999.99
999.99
999.99
999.99
999.99
999.99
999.99
999.99
999.99
999.99
999.99
999.99
999.99
999.99
999.99
999.99
999.99
999.99
999.99
999.99
999.99
999.99
999.99
999.99
999.99
999.99
999.99
999.99
999.99
999.99
999.99
999.99
999.99
999.99
999.99
999.99
999.99
999.99
999.99
999.99
999.99
999.99
999.99
999.99
999.99
999.99
17.5553626242883
17.5871428571428
17.5523983173281
17.6459895470383
17.6773146086513
17.7503484320558
17.8158260389224
17.8618397212544
17.8525497577972
17.7234181184669
17.6436196991586
17.6539024390244
17.7596915101555
17.8001463414634
17.8249421262854
17.9664390243902
18.149493753718
18.2981310444463
18.2581637630662
17.8093874394493
17.1936602787456
999.99
999.99
999.99
999.99
999.99
999.99
999.99
999.99
999.99
999.99
999.99
999.99
999.99
999.99
999.99
999.99
999.99
999.99
999.99
999.99
999.99
999.99
999.99
999.99
999.99
999.99
999.99
999.99
999.99
999.99
999.99
999.99
999.99
999.99
999.99
999.99
999.99
999.99
999.99
999.99
999.99
999.99
999.99
999.99
999.99
999.99
999.99
999.99
999.99
999.99
999.99
999.99
999.99
999.99
999.99
999.99
999.99
999.99
999.99
999.99
999.99
999.99
17.7022983768165
17.8141834245893
17.9093852238099
17.9234572755932
18.0570745243963
17.8616598639456
17.7967917804838
17.7040172556828
17.6431524015912
17.7028084453293
17.6682891156463
17.6805165090426
17.7683997053908
17.8120089596814
17.9289079245023
18.0326129915381
18.2986765308146
18.4001847317154
18.4681288369006
18.1678692853703
17.7314687240749
999.99
999.99
999.99
999.99
999.99
999.99
999.99
999.99
999.99
999.99
999.99
999.99
999.99
999.99
999.99
999.99
999.99
999.99
999.99
999.99
999.99
999.99
999.99
999.99
999.99
999.99
999.99
999.99
999.99
999.99
999.99
999.99
999.99
999.99
999.99
999.99
999.99
999.99
999.99
999.99
999.99
999.99
999.99
999.99
999.99
999.99
999.99
999.99
999.99
999.99
999.99
999.99
999.99
999.99
999.99
999.99
999.99
999.99
999.99
999.99
999.99
999.99
999.99
999.99
17.8614565309765
17.7603170731707
17.7279649018442
17.7002613240418
17.6834762471318
17.8404459930314
17.8219126370358
17.905606271777
17.9182359989802
17.8321881533101
17.895859097476
17.9922543554007
18.0184281465114
18.2113588850174
18.404620548993
18.5031267952749
18.4036724738676
18.2622709271692
17.6392108013936
17.2824546613411
16.5676080139373
999.99
999.99
999.99
999.99
999.99
999.99
999.99
999.99
999.99
999.99
999.99
999.99
999.99
999.99
999.99
999.99
999.99
999.99
999.99
999.99
999.99
999.99
999.99
999.99
999.99
999.99
999.99
999.99
999.99
999.99
999.99
999.99
999.99
999.99
999.99
999.99
999.99
999.99
999.99
999.99
999.99
999.99
999.99
999.99
999.99
999.99
999.99
999.99
999.99
999.99
999.99
999.99
999.99
999.99
999.99
999.99
999.99
999.99
999.99
999.99
999.99
999.99
17.7571424160384
17.7213097726896
17.7442436717697
17.6396034511365
17.6368570335927
17.7286482495437
17.8633741496599
18.0249378629501
18.1398151225987
18.1599543719927
18.2161209577228
18.4082006802721
18.4296731577818
18.6027531939605
18.6198106306175
18.6293651029716
18.6657888667662
18.401019485486
17.9431290857806
17.246678531972
16.7922088103534
999.99
999.99
999.99
999.99
999.99
999.99
999.99
999.99
999.99
999.99
999.99
999.99
999.99
999.99
999.99
999.99
999.99
999.99
999.99
999.99
999.99
999.99
999.99
999.99
999.99
999.99
999.99
999.99
999.99
999.99
999.99
999.99
999.99
999.99
999.99
999.99
999.99
999.99
999.99
999.99
999.99
999.99
999.99
999.99
999.99
999.99
999.99
999.99
999.99
999.99
999.99
999.99
999.99
999.99
999.99
999.99
999.99
999.99
999.99
999.99
999.99
17.6324703832753
17.6415238378516
17.6329581881533
17.6961754057959
17.8364738675958
18.0817460695164
18.1318153310105
18.109225036118
18.2023832752613
18.2537218492394
18.461968641115
18.6071471063143
18.5316097560975
18.5680753803009
18.6951567944251
18.5348627517634
18.1926469788392
18.3235818815331
17.8914773519164
17.5728658536585
17.1384545763576
999.99
999.99
999.99
999.99
999.99
999.99
999.99
999.99
999.99
999.99
999.99
999.99
999.99
999.99
999.99
999.99
999.99
999.99
999.99
999.99
999.99
999.99
999.99
999.99
999.99
999.99
999.99
999.99
999.99
999.99
999.99
999.99
999.99
999.99
999.99
999.99
999.99
999.99
999.99
999.99
999.99
999.99
999.99
999.99
999.99
999.99
999.99
999.99
999.99
999.99
999.99
999.99
999.99
999.99
999.99
999.99
999.99
999.99
999.99
999.99
999.99
999.99
999.99
999.99
999.99
17.8150653785607
17.9032643106023
17.9708605442177
18.0782852994856
18.1884999190634
18.2769271611084
18.3571340977795
18.4231348929816
18.5104036894948
18.5383675958188
18.4105137329173
18.3947155301145
18.3161632653061
18.442991754584
18.2321172224988
17.8102318084878
17.4544077484652
17.0004693877551
16.9356516509043
23.382748558321
17.7335384786684
999.99
999.99
999.99
999.99
999.99
999.99
999.99
999.99
999.99
999.99
999.99
999.99
999.99
999.99
999.99
999.99
999.99
999.99
999.99
999.99
999.99
999.99
999.99
999.99
999.99
999.99
999.99
999.99
999.99
999.99
999.99
999.99
999.99
999.99
999.99
999.99
999.99
999.99
999.99
999.99
999.99
999.99
999.99
999.99
999.99
999.99
999.99
999.99
999.99
999.99
999.99
999.99
999.99
999.99
999.99
999.99
999.99
999.99
999.99
999.99
999.99
17.8685609756098
17.810246876859
17.9370243902439
18.0404033313504
18.1298292682927
18.3448488994646
18.379512195122
18.5194396192743
18.4318048780488
18.4940690065437
18.632243902439
18.7493462224866
18.6046341463415
18.7253420582986
18.17797917906
17.3701341463415
17.2088352171326
16.8989634146341
16.9902010707912
17.7335384786684
999.99
999.99
999.99
999.99
999.99
999.99
999.99
999.99
999.99
999.99
999.99
999.99
999.99
999.99
999.99
999.99
999.99
999.99
999.99
999.99
999.99
999.99
999.99
999.99
999.99
999.99
999.99
999.99
999.99
999.99
999.99
999.99
999.99
999.99
999.99
999.99
999.99
999.99
999.99
999.99
999.99
999.99
999.99
999.99
999.99
999.99
999.99
999.99
999.99
999.99
999.99
999.99
999.99
999.99
999.99
999.99
999.99
999.99
999.99
999.99
999.99
999.99
17.759344522818
17.9800871080139
17.9632830797994
17.9816132404181
17.9669629472253
18.0866271777004
18.1452987167502
18.3851463414634
18.3589524092802
18.056756097561
18.3231240758052
18.6166202090593
18.4803416333815
18.4339547038327
18.4662241862837
18.4728291833092
17.7927439024391
17.4057306025325
17.109156794425
16.8749725503527
999.99
999.99
999.99
999.99
999.99
999.99
999.99
999.99
999.99
999.99
999.99
999.99
999.99
999.99
999.99
999.99
999.99
999.99
999.99
999.99
999.99
999.99
999.99
999.99
999.99
999.99
999.99
999.99
999.99
999.99
999.99
999.99
999.99
999.99
999.99
999.99
999.99
999.99
999.99
999.99
999.99
999.99
999.99
999.99
999.99
999.99
999.99
999.99
999.99
999.99
999.99
999.99
999.99
999.99
999.99
999.99
999.99
999.99
999.99
999.99
999.99
999.99
999.99
999.99
17.852881533101
17.9097887311974
18.1550557491289
18.2236273476672
18.3035888501742
18.2615930993456
18.3538153310105
18.1139847029829
17.9963693379791
17.9198222996516
18.1658745644599
18.2448964901844
18.0025121951219
17.8426944845755
17.5610388374267
17.4423797909408
17.2588628367469
17.0667038327526
16.6798609671114
17.7335384786684
999.99
999.99
999.99
999.99
999.99
999.99
999.99
999.99
999.99
999.99
999.99
999.99
999.99
999.99
999.99
999.99
999.99
999.99
999.99
999.99
999.99
999.99
999.99
999.99
999.99
999.99
999.99
999.99
999.99
999.99
999.99
999.99
999.99
999.99
999.99
999.99
999.99
999.99
999.99
999.99
999.99
999.99
999.99
999.99
999.99
999.99
999.99
999.99
999.99
999.99
999.99
999.99
999.99
999.99
999.99
999.99
999.99
999.99
999.99
999.99
999.99
17.7144390243903
17.2773434180335
17.8422787456446
17.9083876094162
18.0615017421603
18.0908210249001
18.0993588850174
18.2951535650548
18.3685853658537
18.5652037052775
18.009331010453
18.2783982323447
18.222393728223
18.3751643579502
18.3517909407666
18.0454656242033
17.7889771394578
17.7591411149826
17.5818953853998
16.9989616724738
999.99
999.99
999.99
999.99
999.99
999.99
999.99
999.99
999.99
999.99
999.99
999.99
999.99
999.99
999.99
999.99
999.99
999.99
999.99
999.99
999.99
999.99
999.99
999.99
999.99
999.99
999.99
999.99
999.99
999.99
999.99
999.99
999.99
999.99
999.99
999.99
999.99
999.99
999.99
999.99
999.99
999.99
999.99
999.99
999.99
999.99
999.99
999.99
999.99
999.99
999.99
999.99
999.99
999.99
999.99
999.99
999.99
999.99
999.99
999.99
999.99
999.99
999.99
999.99
17.9531063142687
17.8101463414634
17.9190695164443
17.980850174216
18.076104189683
18.1390174216028
18.1580856632957
18.3546864111498
18.6698333474973
18.3894216027875
18.1440672218918
17.9428362369338
17.7756632956574
18.0222369337979
17.9369539389819
18.0502055749129
17.9297421602787
17.6577553327101
17.2496515679442
16.6259258944506
999.99
999.99
999.99
999.99
999.99
999.99
999.99
999.99
999.99
999.99
999.99
999.99
999.99
999.99
999.99
999.99
999.99
999.99
999.99
999.99
999.99
999.99
999.99
999.99
999.99
999.99
999.99
999.99
999.99
999.99
999.99
999.99
999.99
999.99
999.99
999.99
999.99
999.99
999.99
999.99
999.99
999.99
999.99
999.99
999.99
999.99
999.99
999.99
999.99
999.99
999.99
999.99
999.99
999.99
999.99
999.99
999.99
999.99
999.99
999.99
999.99
999.99
18.0802195121952
17.8664335854509
17.9411010452962
18.0145580011898
17.9528048780488
18.2365679442508
18.4712055749129
18.5402942126285
18.6708466898955
18.8072586895555
18.1254285714286
18.225058553582
18.1448954703833
18.0543519163763
18.0266271777003
17.7746011727713
17.7450256649953
17.6370888501742
17.3527921305345
17.0737717770035
999.99
999.99
999.99
999.99
999.99
999.99
999.99
999.99
999.99
999.99
999.99
999.99
999.99
999.99
999.99
999.99
999.99
999.99
999.99
999.99
999.99
999.99
999.99
999.99
999.99
999.99
999.99
999.99
999.99
999.99
999.99
999.99
999.99
999.99
999.99
999.99
999.99
999.99
999.99
999.99
999.99
999.99
999.99
999.99
999.99
999.99
999.99
999.99
999.99
999.99
999.99
999.99
999.99
999.99
999.99
999.99
999.99
999.99
999.99
999.99
999.99
999.99
999.99
999.99
999.99
18.2316037829766
18.4061618570093
18.4436570433052
18.635717624349
18.5501533101045
18.8054923332807
18.3192658038824
18.7710668940986
18.8888193130911
18.8329373065109
18.8035450472872
18.5853678204179
18.2154201095072
17.7026975439789
17.8490408163265
17.8278036336486
17.43903792689
17.3230567446491
17.0328073304277
16.8344081632653
999.99
999.99
999.99
999.99
999.99
999.99
999.99
999.99
999.99
999.99
999.99
999.99
999.99
999.99
999.99
999.99
999.99
999.99
999.99
999.99
999.99
999.99
999.99
999.99
999.99
999.99
999.99
999.99
999.99
999.99
999.99
999.99
999.99
999.99
999.99
999.99
999.99
999.99
999.99
999.99
999.99
999.99
999.99
999.99
999.99
999.99
999.99
999.99
999.99
999.99
999.99
999.99
999.99
999.99
999.99
999.99
999.99
999.99
999.99
999.99
999.99
999.99
999.99
18.487
18.5790987507436
18.6058536585366
18.7350386674598
18.8960975609756
18.7471267102915
18.4219024390243
18.6492028554433
18.993487804878
19.2889309934563
19.1068292682927
18.9050232004759
18.7972195121951
18.730009518144
18.306233194527
17.8644512195122
17.8008251041047
17.7528170731707
17.394011302796
17.3380853658537
999.99
999.99
999.99
999.99
999.99
999.99
999.99
999.99
999.99
999.99
999.99
999.99
999.99
999.99
999.99
999.99
999.99
999.99
999.99
999.99
999.99
999.99
999.99
999.99
999.99
999.99
999.99
999.99
999.99
999.99
999.99
999.99
999.99
999.99
999.99
999.99
999.99
999.99
999.99
999.99
999.99
999.99
999.99
999.99
999.99
999.99
999.99
999.99
999.99
999.99
999.99
999.99
999.99
999.99
999.99
999.99
999.99
999.99
999.99
999.99
999.99
999.99
18.3436636841531
18.2601886510701
18.7024531802013
19.0042155301145
18.7091784409183
18.6001821801891
18.8092715463342
18.0629074166251
18.7505712464642
18.2172015928323
17.9080700506258
18.4247162767546
18.4605994973838
18.8351269288203
18.7806731415945
18.3442962279497
18.1740154305625
18.2659850914786
17.886263066202
17.6029664315459
999.99
999.99
999.99
999.99
999.99
999.99
999.99
999.99
999.99
999.99
999.99
999.99
999.99
999.99
999.99
999.99
999.99
999.99
999.99
999.99
999.99
999.99
999.99
999.99
999.99
999.99
999.99
999.99
999.99
999.99
999.99
999.99
999.99
999.99
999.99
999.99
999.99
999.99
999.99
999.99
999.99
999.99
999.99
999.99
999.99
999.99
999.99
999.99
999.99
999.99
999.99
999.99
999.99
999.99
999.99
999.99
999.99
999.99
999.99
999.99
999.99
999.99
999.99
18.7978602022606
19.0803763066202
19.2369124670689
19.1391533101046
19.252613410385
19.0666411149826
17.8705448287584
18.7796411149825
18.437088722699
18.2332822299651
18.317867595819
18.9101672473868
19.1158526387354
18.6662369337979
18.5840061188068
18.3017906858162
17.860574912892
17.6233724823659
17.1701724738676
17.034715220532
999.99
999.99
999.99
999.99
999.99
999.99
999.99
999.99
999.99
999.99
999.99
999.99
999.99
999.99
999.99
999.99
999.99
999.99
999.99
999.99
999.99
999.99
999.99
999.99
999.99
999.99
999.99
999.99
999.99
999.99
999.99
999.99
999.99
999.99
999.99
999.99
999.99
999.99
999.99
999.99
999.99
999.99
999.99
999.99
999.99
999.99
999.99
999.99
999.99
999.99
999.99
999.99
999.99
999.99
999.99
999.99
999.99
999.99
999.99
999.99
999.99
18.5087430101131
18.9922334494774
18.9616302371037
19.0656132404181
19.0317992691425
19.203512195122
18.8784956233535
18.7834006968641
18.561785671794
18.7364390243902
18.7234306960143
18.6125296167247
18.7264460780149
18.645881533101
18.8955752528257
18.8029651567944
18.5922210418968
17.8961673323701
17.3438519163763
16.9361567944251
999.99
999.99
999.99
999.99
999.99
999.99
999.99
999.99
999.99
999.99
999.99
999.99
999.99
999.99
999.99
999.99
999.99
999.99
999.99
999.99
999.99
999.99
999.99
999.99
999.99
999.99
999.99
999.99
999.99
999.99
999.99
999.99
999.99
999.99
999.99
999.99
999.99
999.99
999.99
999.99
999.99
999.99
999.99
999.99
999.99
999.99
999.99
999.99
999.99
999.99
999.99
999.99
999.99
999.99
999.99
999.99
999.99
999.99
999.99
999.99
999.99
999.99
999.99
999.99
18.530512195122
18.7512586895555
18.7125156794425
18.1732543554007
18.5805540069687
18.8670356080564
18.8322961672474
18.6942672728818
18.3357421602787
18.2576167247387
18.6402543554007
18.5721875584262
18.5823902439024
18.5409339678763
18.337574912892
18.2042308149911
17.8928177105463
17.3624529616725
17.1449898019886
16.6128466898954
999.99
999.99
999.99
999.99
999.99
999.99
999.99
999.99
999.99
999.99
999.99
999.99
999.99
999.99
999.99
999.99
999.99
999.99
999.99
999.99
999.99
999.99
999.99
999.99
999.99
999.99
999.99
999.99
999.99
999.99
999.99
999.99
999.99
999.99
999.99
999.99
999.99
999.99
999.99
999.99
999.99
999.99
999.99
999.99
999.99
999.99
999.99
999.99
999.99
999.99
999.99
999.99
999.99
999.99
999.99
999.99
999.99
999.99
999.99
999.99
999.99
999.99
999.99
17.9434076655052
18.01957312824
17.7367351916376
17.8252549502847
18.4522439024391
18.6555421092887
18.6719303135889
18.7445317413104
18.434306620209
18.2880837086768
18.3999442508711
18.521588425257
18.1500383275262
17.9006202090592
17.998031358885
18.0068619869126
17.7040895725333
17.3402020905924
16.9418677657856
16.4369529616724
999.99
999.99
999.99
999.99
999.99
999.99
999.99
999.99
999.99
999.99
999.99
999.99
999.99
999.99
999.99
999.99
999.99
999.99
999.99
999.99
999.99
999.99
999.99
999.99
999.99
999.99
999.99
999.99
999.99
999.99
999.99
999.99
999.99
999.99
999.99
999.99
999.99
999.99
999.99
999.99
999.99
999.99
999.99
999.99
999.99
999.99
999.99
999.99
999.99
999.99
999.99
999.99
999.99
999.99
999.99
999.99
999.99
999.99
999.99
999.99
999.99
999.99
17.9290219257245
17.7990278745645
17.4591890881277
17.9568327526132
18.3331911277301
18.2904982578397
18.4401254355401
18.5036480836237
18.5479251295997
18.6353554006969
18.6907238888416
18.1446202090592
18.1251794000169
18.5660383275261
18.3699118721849
18.0664459930314
17.8624347752188
17.2584640945016
17.2818397212544
17.1962627687601
999.99
999.99
999.99
999.99
999.99
999.99
999.99
999.99
999.99
999.99
999.99
999.99
999.99
999.99
999.99
999.99
999.99
999.99
999.99
999.99
999.99
999.99
999.99
999.99
999.99
999.99
999.99
999.99
999.99
999.99
999.99
999.99
999.99
999.99
999.99
999.99
999.99
999.99
999.99
999.99
999.99
999.99
999.99
999.99
999.99
999.99
999.99
999.99
999.99
999.99
999.99
999.99
999.99
999.99
999.99
999.99
999.99
999.99
999.99
999.99
999.99
999.99
17.1739268292682
17.0041403926234
17.1074390243902
17.4624419988102
18.3965853658536
18.4616817370613
18.1195853658538
18.3466496133254
18.6558292682927
18.5269149315883
18.6896585365854
19.2594503271863
18.7354390243902
18.2693831052945
18.3382926829269
18.0970820939917
17.9092926829268
17.9541707317073
17.7550291493159
17.4438414634146
999.99
999.99
999.99
999.99
999.99
999.99
999.99
999.99
999.99
999.99
999.99
999.99
999.99
999.99
999.99
999.99
999.99
999.99
999.99
999.99
999.99
999.99
999.99
999.99
999.99
999.99
999.99
999.99
999.99
999.99
999.99
999.99
999.99
999.99
999.99
999.99
999.99
999.99
999.99
999.99
999.99
999.99
999.99
999.99
999.99
999.99
999.99
999.99
999.99
999.99
999.99
999.99
999.99
999.99
999.99
999.99
999.99
999.99
999.99
999.99
999.99
999.99
999.99
17.9841126596977
17.7050207703546
18.0397074829932
17.7778862233769
17.8587078977933
17.8903742123857
18.8879712128755
18.6647239495544
18.984581383773
19.665820302541
19.8835517670483
19.3029987758339
18.8934711299154
18.471803469752
18.2374070018251
18.1153331492026
17.9678442010951
17.8025553181415
17.4810480581286
17.1267650572424
999.99
999.99
999.99
999.99
999.99
999.99
999.99
999.99
999.99
999.99
999.99
999.99
999.99
999.99
999.99
999.99
999.99
999.99
999.99
999.99
999.99
999.99
999.99
999.99
999.99
999.99
999.99
999.99
999.99
999.99
999.99
999.99
999.99
999.99
999.99
999.99
999.99
999.99
999.99
999.99
999.99
999.99
999.99
999.99
999.99
999.99
999.99
999.99
999.99
999.99
999.99
999.99
999.99
999.99
999.99
999.99
999.99
999.99
999.99
999.99
999.99
999.99
999.99
999.99
18.2026594714031
18.2792822299654
17.7285963287159
17.5490905923345
18.9270903373842
19.4053693379791
19.3028083623693
19.7066515679442
20.6786291323192
20.7347979094077
20.7118402311549
19.6618954703833
18.9267740290644
18.6661080139373
18.5822917481091
18.3822229965157
17.7377970595733
17.3728970850684
17.3090731707317
18.7522425427018
999.99
999.99
999.99
999.99
999.99
999.99
999.99
999.99
999.99
999.99
999.99
999.99
999.99
999.99
999.99
999.99
999.99
999.99
999.99
999.99
999.99
999.99
999.99
999.99
999.99
999.99
999.99
999.99
999.99
999.99
999.99
999.99
999.99
999.99
999.99
999.99
999.99
999.99
999.99
999.99
999.99
999.99
999.99
999.99
999.99
999.99
999.99
999.99
999.99
999.99
999.99
999.99
999.99
999.99
999.99
999.99
999.99
999.99
18.3231190739234
17.4692176081616
17.7059761904762
17.9752244897959
17.954211962834
17.7247853844691
17.7335384786684
17.7335384786684
17.7335384786684
20.3371945816994
20.3070340136054
19.8954749521462
19.8719114816658
20.1605425584868
20.2450666998506
19.3098328112919
19.5246870748299
19.4115197566237
19.0264089928655
18.8584383688038
999.99
999.99
999.99
999.99
999.99
999.99
999.99
999.99
999.99
999.99
999.99
999.99
999.99
999.99
999.99
999.99
999.99
999.99
999.99
999.99
999.99
999.99
999.99
999.99
999.99
999.99
999.99
999.99
999.99
999.99
999.99
999.99
999.99
999.99
999.99
999.99
999.99
999.99
999.99
999.99
999.99
999.99
999.99
999.99
999.99
999.99
999.99
999.99
999.99
999.99
999.99
999.99
999.99
999.99
999.99
999.99
999.99
999.99
999.99
999.99
18.7126637630662
18.683826548823
18.3922317073171
17.9773133338999
17.8357961247557
17.8228989547038
17.6363003314353
17.7335384786684
28.6645172941296
17.7335384786684
18.5108885017425
26.3680034843229
20.8798301181269
20.4740836236934
19.9035583411236
20.0691463414634
19.5858384465029
19.4880801393728
19.7733700178466
19.3299965156794
999.99
999.99
999.99
999.99
999.99
999.99
999.99
999.99
999.99
999.99
999.99
999.99
999.99
999.99
999.99
999.99
999.99
999.99
999.99
999.99
999.99
999.99
999.99
999.99
999.99
999.99
999.99
999.99
999.99
999.99
999.99
999.99
999.99
999.99
999.99
999.99
999.99
999.99
999.99
999.99
999.99
999.99
999.99
999.99
999.99
999.99
999.99
999.99
999.99
999.99
999.99
999.99
999.99
999.99
999.99
999.99
999.99
999.99
999.99
19.1046611913058
18.6565688082491
18.6957161937946
19.0867319642907
18.584756346441
18.6024217687075
18.9283728222997
18.6331957957484
37.8626807476122
18.4701575410652
18.6897188707726
18.9582327857972
18.8914736409733
19.056232039157
19.9704947370977
20.3049634975941
20.7437775781342
20.426350837896
19.7911389701627
19.6145778994525
999.99
999.99
999.99
999.99
999.99
999.99
999.99
999.99
999.99
999.99
999.99
999.99
999.99
999.99
999.99
999.99
999.99
999.99
999.99
999.99
999.99
999.99
999.99
999.99
999.99
999.99
999.99
999.99
999.99
999.99
999.99
999.99
999.99
999.99
999.99
999.99
999.99
999.99
999.99
999.99
999.99
999.99
999.99
999.99
999.99
999.99
999.99
999.99
999.99
999.99
999.99
999.99
999.99
999.99
999.99
999.99
999.99
19.0288379790941
19.2360764850854
19.1906254355401
19.3329024390244
19.4324947735192
19.3733828503442
19.4120905923345
19.2923734171836
18.962712543554
18.7462299651568
18.5851149825784
18.1809036287924
18.4381916376306
18.9530933118042
19.1580131724314
19.0930975609756
19.1215930143623
19.5993693379791
19.3843902439025
19.5653832752613
999.99
999.99
999.99
999.99
999.99
999.99
999.99
999.99
999.99
999.99
999.99
999.99
999.99
999.99
999.99
999.99
999.99
999.99
999.99
999.99
999.99
999.99
999.99
999.99
999.99
999.99
999.99
999.99
999.99
999.99
999.99
999.99
999.99
999.99
999.99
999.99
999.99
999.99
999.99
999.99
999.99
999.99
999.99
999.99
999.99
999.99
999.99
999.99
999.99
999.99
999.99
999.99
999.99
999.99
999.99
999.99
999.99
999.99
999.99
999.99
18.5525449137418
18.8334024390242
19.4308524687686
19.3573292682927
19.2615829863178
19.0254268292683
19.6971463414634
19.6338414634147
19.8355544318858
19.8955243902439
19.9366371207614
19.4282195121951
19.0316335514576
19.4529512195122
19.4370737656157
19.4738658536586
19.3343902439024
19.3732141582392
19.5040243902439
19.8917721594289
20.1179756097561
19.937986912552
19.653243902439
19.3458970850684
999.99
999.99
999.99
999.99
999.99
999.99
999.99
999.99
999.99
999.99
999.99
999.99
999.99
999.99
999.99
999.99
999.99
999.99
999.99
999.99
999.99
999.99
999.99
999.99
999.99
999.99
999.99
999.99
999.99
999.99
999.99
999.99
999.99
999.99
999.99
999.99
999.99
999.99
999.99
999.99
999.99
999.99
999.99
999.99
999.99
999.99
999.99
999.99
999.99
999.99
999.99
19.184456445993
18.9842377836322
19.0503205574913
19.1355138098071
19.0854444633297
19.0866445993031
18.6354061358035
18.6032456445993
19.1445245177191
19.0458554006969
19.4019124670689
19.1861846689895
19.2982858842526
19.2999668989547
19.3623972125435
19.729031358885
19.9340372227416
19.6355121951219
19.1229028639415
19.3041515679442
19.0554486275177
19.3607195121951
19.4616216537775
19.8735226480836
20.0797344267868
20.1554934137843
20.224393728223
19.86306866661
19.5403205574912
18.9737262683777
999.99
999.99
999.99
999.99
999.99
999.99
999.99
999.99
999.99
999.99
999.99
999.99
999.99
999.99
999.99
999.99
999.99
999.99
999.99
999.99
999.99
999.99
999.99
999.99
999.99
999.99
999.99
999.99
999.99
999.99
999.99
999.99
999.99
999.99
999.99
999.99
999.99
999.99
999.99
999.99
999.99
999.99
999.99
999.99
999.99
999.99
19.0788923259964
19.2022613240418
999.99
18.9634076655052
19.0647950199711
19.0487595818817
19.3453028809382
19.1604076655052
19.1539551287499
18.9562543554007
18.695971615535
18.6386112008158
18.662531358885
18.790438174556
19.0785836236934
19.1827746239484
19.3400052264808
19.3094843205575
19.338168989547
19.3051684371548
19.3435365853658
19.201149825784
19.4466689895471
19.6604320557491
19.819768292683
19.3647776833517
19.3543153310104
20.0599477351915
20.5352735191638
20.5709370272797
20.2449407665505
999.99
999.99
999.99
999.99
999.99
999.99
999.99
999.99
999.99
999.99
999.99
999.99
999.99
999.99
999.99
999.99
999.99
999.99
999.99
999.99
999.99
999.99
999.99
999.99
999.99
999.99
999.99
999.99
999.99
999.99
999.99
999.99
999.99
999.99
999.99
999.99
999.99
999.99
999.99
999.99
999.99
999.99
999.99
999.99
999.99
999.99
999.99
999.99
18.6321844059455
18.7352286377966
19.2229562092535
19.4200296996847
19.2771700680272
19.7178901609424
19.718477764693
19.4413554006969
19.4284286847398
19.2423681765389
19.1479183673469
18.6540859465738
19.0195988256099
19.1403719926995
19.1785008842323
18.9295890889372
18.4662746806039
18.6931575997442
19.1451135722582
19.4509047619048
19.4179292351087
19.5003936108649
19.4315860295338
19.3232432347121
19.212262817322
19.2098707482993
19.1337042475526
19.635541077347
20.0073829434212
999.99
999.99
999.99
999.99
999.99
999.99
999.99
999.99
999.99
999.99
999.99
999.99
999.99
999.99
999.99
999.99
999.99
999.99
999.99
999.99
999.99
999.99
999.99
999.99
999.99
999.99
999.99
999.99
999.99
999.99
999.99
999.99
999.99
999.99
999.99
999.99
999.99
999.99
999.99
999.99
999.99
999.99
999.99
999.99
999.99
999.99
999.99
999.99
999.99
999.99
999.99
18.2068083623693
18.0777846519929
18.3689128919861
18.5107617064672
18.8925121951219
18.6885296167248
18.9191777003484
19.5451279000595
19.4834425087108
19.114294892496
19.1583728222997
19.0567707147106
19.1042473867596
19.0965211183819
19.1237700348433
18.8984674088553
18.3374216027875
18.3629446757882
18.839503866746
18.9783641114983
19.0386160448713
19.1998170731707
19.2292815500978
19.4134668989547
19.4683967876264
19.2358902439024
19.2296730687516
19.0574965156795
19.0132334494774
999.99
999.99
999.99
999.99
999.99
999.99
999.99
999.99
999.99
999.99
999.99
999.99
999.99
999.99
999.99
999.99
999.99
999.99
999.99
999.99
999.99
999.99
999.99
999.99
999.99
999.99
999.99
999.99
999.99
999.99
999.99
999.99
999.99
999.99
999.99
999.99
999.99
999.99
999.99
999.99
999.99
999.99
18.26914295022
999.99
999.99
17.8507574249212
17.8254152573581
17.7974965156794
17.6438516755899
17.4700397378464
17.6418339423812
18.0836802721089
18.1004735357558
18.0220450776384
17.4154768541563
18.2434210524187
18.5717255682761
18.5565303249199
18.6379601791937
18.5514239256678
18.8092711133234
18.5709005612953
18.6595681101709
18.8085629949779
18.7793152480504
18.7910835022885
18.2356734693877
18.136524995245
18.1877453127593
18.1816232927436
18.2528861788618
18.3811204255646
18.6256671482395
18.8955607267297
18.7937316466146
18.628118964659
999.99
999.99
999.99
999.99
999.99
999.99
999.99
999.99
999.99
999.99
999.99
999.99
999.99
999.99
999.99
999.99
999.99
999.99
999.99
999.99
999.99
999.99
999.99
999.99
999.99
999.99
999.99
999.99
999.99
999.99
999.99
999.99
999.99
999.99
999.99
999.99
999.99
999.99
999.99
999.99
999.99
999.99
999.99
999.99
999.99
999.99
999.99
999.99
999.99
18.0947694399592
18.0977526132404
17.7015127050225
17.9781898954704
18.0677658706552
18.1130278745645
18.1559989801989
18.1832108013937
18.4782407580521
18.5550812441576
17.3450905923345
17.9902951474463
18.5752020905923
18.8715363304155
18.6548432055749
18.4490901674171
19.1137282229966
18.7815367553327
18.6347700348432
18.6196298121866
18.4111637630662
18.5743965326761
18.6846480836237
18.5886642304751
18.53693728223
18.5071505906348
999.99
999.99
999.99
999.99
999.99
999.99
999.99
999.99
999.99
999.99
999.99
999.99
999.99
999.99
999.99
999.99
999.99
999.99
999.99
999.99
999.99
999.99
999.99
999.99
999.99
999.99
999.99
999.99
999.99
999.99
999.99
999.99
999.99
999.99
999.99
999.99
999.99
999.99
999.99
999.99
999.99
999.99
999.99
999.99
999.99
999.99
999.99
999.99
999.99
999.99
999.99
999.99
999.99
999.99
999.99
999.99
999.99
17.8134265601541
17.7777078977932
17.9818731763972
18.1274349593496
18.6306964391943
18.3558466898955
18.097445001558
18.4797357723577
18.733229936829
19.3586608594657
19.1626387921022
18.9789715022237
19.0552369337979
18.8699437409706
18.9795830429733
18.9798542817483
18.7013763066203
18.3213557689584
18.6336910569106
999.99
999.99
18.3504782867341
999.99
999.99
999.99
999.99
999.99
999.99
999.99
999.99
999.99
999.99
999.99
999.99
999.99
999.99
999.99
999.99
999.99
999.99
999.99
999.99
999.99
999.99
999.99
999.99
999.99
999.99
999.99
999.99
999.99
999.99
999.99
999.99
999.99
999.99
999.99
999.99
999.99
999.99
999.99
999.99
999.99
999.99
999.99
999.99
999.99
999.99
999.99
999.99
999.99
999.99
999.99
999.99
999.99
999.99
999.99
999.99
999.99
999.99
999.99
999.99
999.99
18.1939789241098
18.217224738676
18.4106344862752
18.654012195122
19.1401986062718
19.2818432055749
19.2951192317498
19.2469634146341
18.9229610775899
18.9594430186114
18.7404738675958
18.6342585195887
18.6355400696864
19.023261748959
19.0335087108014
999.99
999.99
999.99
999.99
999.99
999.99
999.99
999.99
999.99
999.99
999.99
999.99
999.99
999.99
999.99
999.99
999.99
999.99
999.99
999.99
999.99
999.99
999.99
999.99
999.99
999.99
999.99
999.99
999.99
999.99
999.99
999.99
999.99
999.99
999.99
999.99
999.99
999.99
999.99
999.99
999.99
999.99
999.99
999.99
999.99
999.99
999.99
999.99
999.99
999.99
999.99
999.99
999.99
999.99
999.99
999.99
999.99
999.99
999.99
999.99
999.99
999.99
999.99
999.99
999.99
999.99
999.99
999.99
17.8452211268802
18.2228885017422
18.5681705617404
18.8125505226481
18.6764303560805
18.9893519163763
18.9562008158409
19.1682804878049
19.2808773689131
18.9422322597094
18.7575331010453
18.8355380300841
999.99
999.99
999.99
999.99
999.99
999.99
999.99
999.99
999.99
999.99
999.99
999.99
999.99
999.99
999.99
999.99
999.99
999.99
999.99
999.99
999.99
999.99
999.99
999.99
999.99
999.99
999.99
999.99
999.99
999.99
999.99
999.99
999.99
999.99
999.99
999.99
999.99
999.99
999.99
999.99
999.99
999.99
999.99
999.99
999.99
999.99
999.99
999.99
999.99
999.99
999.99
999.99
999.99
999.99
999.99
999.99
999.99
999.99
999.99
999.99
999.99
999.99
999.99
999.99
999.99
999.99
999.99
999.99
999.99
999.99
999.99
999.99
18.3946167247386
18.2094773519165
999.99
999.99
999.99
999.99
999.99
999.99
999.99
999.99
999.99
999.99
999.99
999.99
999.99
999.99
999.99
999.99
999.99
999.99
999.99
999.99
999.99
999.99
999.99
999.99
999.99
999.99
999.99
999.99
999.99
999.99
999.99
999.99
999.99
999.99
999.99
999.99
999.99
999.99
999.99
999.99
999.99
999.99
999.99
999.99
999.99
999.99
999.99
999.99
999.99
999.99
999.99
999.99
999.99
999.99
999.99
999.99
999.99
999.99
999.99
999.99
999.99
999.99
999.99
999.99
999.99
999.99
999.99
999.99
999.99
999.99
999.99
999.99
999.99
999.99
999.99
999.99
999.99
999.99
999.99
999.99
999.99
999.99
999.99
999.99
999.99
999.99
999.99
999.99
999.99
999.99
999.99
999.99
999.99
999.99
999.99
999.99
999.99
999.99
999.99
999.99
999.99
999.99
999.99
999.99
999.99
999.99
999.99
999.99
999.99
999.99
999.99
999.99
999.99
999.99
999.99
999.99
999.99
999.99
999.99
999.99
999.99
999.99
999.99
999.99
999.99
999.99
999.99
999.99
999.99
999.99
999.99
999.99
999.99
999.99
999.99
999.99
999.99
999.99
999.99
999.99
999.99
999.99
999.99
999.99
999.99
999.99
999.99
999.99
999.99
999.99
999.99
999.99
999.99
999.99
999.99
999.99
999.99
999.99
999.99
999.99
999.99
999.99
999.99
999.99
999.99
999.99
999.99
999.99
999.99
999.99
999.99
999.99
999.99
999.99
999.99
999.99
999.99
999.99
999.99
999.99
999.99
999.99
999.99
999.99
999.99
999.99
999.99
999.99
999.99
999.99
999.99
999.99
999.99
999.99
999.99
999.99
999.99
999.99
999.99
999.99
999.99
999.99
999.99
999.99
999.99
999.99
999.99
999.99
999.99
999.99
999.99
999.99
999.99
999.99
999.99
999.99
999.99
999.99
999.99
999.99
999.99
999.99
999.99
999.99
999.99
999.99
999.99
999.99
999.99
999.99
999.99
999.99
999.99
999.99
999.99
999.99
999.99
999.99
999.99
999.99
999.99
999.99
999.99
999.99
999.99
999.99
999.99
999.99
999.99
999.99
999.99
999.99
999.99
999.99
999.99
999.99
999.99
999.99
999.99
999.99
999.99
999.99
999.99
999.99
999.99
999.99
999.99
999.99
999.99
999.99
999.99
999.99
999.99
999.99
999.99
999.99
999.99
999.99
999.99
999.99
999.99
999.99
999.99
999.99
999.99
999.99
999.99
999.99
999.99
999.99
999.99
999.99
999.99
999.99
999.99
999.99
999.99
999.99
999.99
999.99
999.99
999.99
999.99
999.99
999.99
999.99
999.99
999.99
999.99
999.99
999.99
999.99
999.99
999.99
999.99
999.99
999.99
999.99
999.99
999.99
999.99
999.99
999.99
999.99
999.99
999.99
999.99
999.99
999.99
999.99
999.99
999.99
999.99
999.99
999.99
999.99
999.99
999.99
999.99
999.99
999.99
999.99
999.99
999.99
999.99
999.99
999.99
999.99
999.99
999.99
999.99
999.99
999.99
999.99
999.99
999.99
999.99
999.99
999.99
999.99
999.99
999.99
999.99
999.99
999.99
999.99
999.99
999.99
999.99
999.99
999.99
999.99
999.99
999.99
999.99
999.99
999.99
999.99
999.99
999.99
999.99
999.99
999.99
999.99
999.99
999.99
999.99
999.99
999.99
999.99
999.99
999.99
999.99
999.99
999.99
999.99
999.99
999.99
999.99
999.99
999.99
999.99
999.99
999.99
999.99
999.99
999.99
999.99
999.99
999.99
999.99
