999.99
999.99
999.99
999.99
999.99
999.99
999.99
999.99
999.99
999.99
999.99
999.99
999.99
999.99
999.99
999.99
999.99
999.99
999.99
999.99
999.99
999.99
999.99
999.99
999.99
999.99
999.99
999.99
999.99
999.99
999.99
999.99
999.99
999.99
999.99
999.99
999.99
999.99
999.99
999.99
999.99
999.99
999.99
999.99
999.99
999.99
999.99
999.99
999.99
999.99
999.99
999.99
999.99
999.99
999.99
999.99
999.99
999.99
999.99
999.99
999.99
999.99
999.99
999.99
999.99
999.99
999.99
999.99
999.99
999.99
999.99
999.99
999.99
999.99
999.99
999.99
999.99
999.99
999.99
999.99
999.99
999.99
999.99
999.99
999.99
999.99
999.99
999.99
999.99
999.99
999.99
999.99
999.99
999.99
999.99
999.99
999.99
999.99
999.99
999.99
999.99
999.99
999.99
999.99
999.99
999.99
999.99
999.99
999.99
999.99
999.99
999.99
999.99
999.99
999.99
999.99
999.99
999.99
999.99
999.99
999.99
999.99
999.99
999.99
999.99
999.99
999.99
999.99
999.99
999.99
999.99
999.99
999.99
999.99
18.680439959208
19.2141550097731
19.3285679442509
19.302425087108
19.0035574912892
19.0201354635846
18.8519825783972
18.6622868190703
18.2454912891986
17.747031358885
17.7340278745645
17.7460077334919
17.2314634146341
17.1811905328461
17.3275958188153
17.4708865471233
17.6229233449477
17.4730573638141
17.303031358885
17.2453344947735
16.955968641115
999.99
999.99
999.99
999.99
999.99
999.99
999.99
999.99
999.99
999.99
999.99
999.99
999.99
999.99
999.99
999.99
999.99
999.99
999.99
999.99
999.99
999.99
999.99
999.99
999.99
999.99
999.99
999.99
999.99
999.99
999.99
999.99
999.99
999.99
999.99
999.99
999.99
999.99
999.99
999.99
999.99
999.99
999.99
999.99
999.99
999.99
999.99
999.99
999.99
999.99
999.99
999.99
999.99
999.99
999.99
999.99
999.99
999.99
999.99
999.99
999.99
999.99
18.7481623729801
19.0765069625709
19.2303357391737
19.2104294151926
19.1482344449975
18.9463228156224
18.6632658038825
18.5775151391907
18.447962170234
18.336682969321
18.391275012444
18.1623256079351
17.7659514683922
17.6491785198315
17.7639233449478
17.872112244898
17.240737680438
17.0714622127257
17.0005905923345
16.9723911908607
16.5330037332006
999.99
999.99
999.99
999.99
999.99
999.99
999.99
999.99
999.99
999.99
999.99
999.99
999.99
999.99
999.99
999.99
999.99
999.99
999.99
999.99
999.99
999.99
999.99
999.99
999.99
999.99
999.99
999.99
999.99
999.99
999.99
999.99
999.99
999.99
999.99
999.99
999.99
999.99
999.99
999.99
999.99
999.99
999.99
999.99
999.99
999.99
999.99
999.99
999.99
999.99
999.99
999.99
999.99
999.99
999.99
999.99
999.99
999.99
999.99
999.99
999.99
999.99
18.4813684031614
18.9061303645789
19.1031428571429
19.0609377071471
19.049306620209
18.6442315798419
18.7483902439024
18.7710016146852
18.6325296167247
18.7067059573383
18.5815888501742
18.3868013937282
18.0464459930314
18.0595206934648
17.6884459930313
17.5159937962097
17.2527108013937
17.180781507606
16.8575087108014
16.7313003314354
16.4389825783972
999.99
999.99
999.99
999.99
999.99
999.99
999.99
999.99
999.99
999.99
999.99
999.99
999.99
999.99
999.99
999.99
999.99
999.99
999.99
999.99
999.99
999.99
999.99
999.99
999.99
999.99
999.99
999.99
999.99
999.99
999.99
999.99
999.99
999.99
999.99
999.99
999.99
999.99
999.99
999.99
999.99
999.99
999.99
999.99
999.99
999.99
999.99
999.99
999.99
999.99
999.99
999.99
999.99
999.99
999.99
999.99
999.99
999.99
999.99
999.99
999.99
999.99
18.6092653182629
18.7657973145237
19.1513484320558
19.1772281805048
19.2361916376307
19.2431613835302
18.7262857142858
18.4484794765021
18.4270905923345
18.5072377836322
18.5410975609756
18.5820034843206
18.392094076655
17.9705045466134
17.6528362369338
17.3957912807003
17.0506689895471
16.8856072065947
16.5435226480837
16.1566794425087
38.3808885017435
999.99
999.99
999.99
999.99
999.99
999.99
999.99
999.99
999.99
999.99
999.99
999.99
999.99
999.99
999.99
999.99
999.99
999.99
999.99
999.99
999.99
999.99
999.99
999.99
999.99
999.99
999.99
999.99
999.99
999.99
999.99
999.99
999.99
999.99
999.99
999.99
999.99
999.99
999.99
999.99
999.99
999.99
999.99
999.99
999.99
999.99
999.99
999.99
999.99
999.99
999.99
999.99
999.99
999.99
999.99
999.99
999.99
999.99
999.99
999.99
999.99
999.99
999.99
19.1068736296422
19.2282717770035
19.3176627007733
19.3316968641115
19.5047649358375
19.2401881533102
18.7191802498513
18.2249268292683
18.0957936602363
18.1309547038327
18.048926574318
18.0851533101045
18.0179111923175
17.8895958188153
17.4686271777004
16.9960418118467
16.8835841760857
16.6016306620209
16.3376592164528
16.3643205574913
20.2275956061655
999.99
999.99
999.99
999.99
999.99
999.99
999.99
999.99
999.99
999.99
999.99
999.99
999.99
999.99
999.99
999.99
999.99
999.99
999.99
999.99
999.99
999.99
999.99
999.99
999.99
999.99
999.99
999.99
999.99
999.99
999.99
999.99
999.99
999.99
999.99
999.99
999.99
999.99
999.99
999.99
999.99
999.99
999.99
999.99
999.99
999.99
999.99
999.99
999.99
999.99
999.99
999.99
999.99
999.99
999.99
999.99
999.99
999.99
999.99
999.99
999.99
19.2749207104615
19.3738385314864
19.5497909407666
19.6949040537095
19.6565087108014
19.6414338404011
19.6268292682927
19.5345173791112
18.9043135888502
18.4760866830968
18.2229268292682
17.8320311039348
17.7879860627178
17.7805124500722
17.4713902439025
17.3996550522648
17.3027421602787
17.042394917991
17.0928153310105
16.6780290643325
16.3805296167247
999.99
999.99
999.99
999.99
999.99
999.99
999.99
999.99
999.99
999.99
999.99
999.99
999.99
999.99
999.99
999.99
999.99
999.99
999.99
999.99
999.99
999.99
999.99
999.99
999.99
999.99
999.99
999.99
999.99
999.99
999.99
999.99
999.99
999.99
999.99
999.99
999.99
999.99
999.99
999.99
999.99
999.99
999.99
999.99
999.99
999.99
999.99
999.99
999.99
999.99
999.99
999.99
999.99
999.99
999.99
999.99
999.99
999.99
999.99
999.99
999.99
999.99
999.99
999.99
19.7402996515679
19.7229455256225
19.613081300813
19.5316764397609
19.5818524970964
19.5465714285714
19.4120511033682
19.193290133424
18.8361997677119
18.4608146511431
18.4993170731707
18.5004976912835
18.7464831591173
18.6179707373728
18.452
18.0668911362285
17.6883786295007
16.9255128466616
16.4128130081301
16.3499986402652
20.2275956061655
999.99
999.99
999.99
999.99
999.99
999.99
999.99
999.99
999.99
999.99
999.99
999.99
999.99
999.99
999.99
999.99
999.99
999.99
999.99
999.99
999.99
999.99
999.99
999.99
999.99
999.99
999.99
999.99
999.99
999.99
999.99
999.99
999.99
999.99
999.99
999.99
999.99
999.99
999.99
999.99
999.99
999.99
999.99
999.99
999.99
999.99
999.99
999.99
999.99
999.99
999.99
999.99
999.99
999.99
999.99
999.99
999.99
999.99
999.99
999.99
999.99
999.99
999.99
19.535668989547
19.5772682926829
19.6630935667545
19.5045191637631
19.4862344692785
19.4549965156794
19.4078711651228
19.3895052264808
19.3590760601683
19.4003135888502
19.3722816350812
19.3624703832753
19.3570348432056
19.0996655052265
19.0678743944931
18.6660836236935
17.6034821109884
16.9871358885017
16.7878675958188
16.7245416843715
16.5738170731707
999.99
999.99
999.99
999.99
999.99
999.99
999.99
999.99
999.99
999.99
999.99
999.99
999.99
999.99
999.99
999.99
999.99
999.99
999.99
999.99
999.99
999.99
999.99
999.99
999.99
999.99
999.99
999.99
999.99
999.99
999.99
999.99
999.99
999.99
999.99
999.99
999.99
999.99
999.99
999.99
999.99
999.99
999.99
999.99
999.99
999.99
999.99
999.99
999.99
999.99
999.99
999.99
999.99
999.99
999.99
999.99
999.99
999.99
19.421731458437
19.4780336251098
19.5907315737717
19.5959354571097
19.5495281072572
19.6101732205077
19.6214954129183
19.6053026381284
19.4452645331779
19.3946802721088
19.2336909719271
19.0976490791439
19.0249919751363
18.9339409324705
18.9542500131522
18.9762304629168
19.130086059885
19.0161660859466
18.8969863945578
18.8846658370666
18.3130515282854
999.99
999.99
999.99
999.99
999.99
999.99
999.99
999.99
999.99
999.99
999.99
999.99
999.99
999.99
999.99
999.99
999.99
999.99
999.99
999.99
999.99
999.99
999.99
999.99
999.99
999.99
999.99
999.99
999.99
999.99
999.99
999.99
999.99
999.99
999.99
999.99
999.99
999.99
999.99
999.99
999.99
999.99
999.99
999.99
999.99
999.99
999.99
999.99
999.99
999.99
999.99
999.99
999.99
999.99
999.99
999.99
999.99
999.99
999.99
999.99
999.99
999.99
999.99
19.5265574912892
19.5398417608566
19.5616585365854
19.381124245772
18.999825783972
18.9295283419733
18.8560975609756
19.2262246112009
19.0008815331011
19.0048520438515
19.0209442508711
18.9434065607207
18.8674216027875
18.5575681142177
18.5987630662021
18.3806911702218
18.0623797909408
18.3366491884082
18.2021184668991
18.0277491289199
18.1327839721254
999.99
999.99
999.99
999.99
999.99
999.99
999.99
999.99
999.99
999.99
999.99
999.99
999.99
999.99
999.99
999.99
999.99
999.99
999.99
999.99
999.99
999.99
999.99
999.99
999.99
999.99
999.99
999.99
999.99
999.99
999.99
999.99
999.99
999.99
999.99
999.99
999.99
999.99
999.99
999.99
999.99
999.99
999.99
999.99
999.99
999.99
999.99
999.99
999.99
999.99
999.99
999.99
999.99
999.99
999.99
999.99
999.99
999.99
999.99
999.99
999.99
999.99
19.5046635748886
19.5078375116852
19.3100806371329
19.3221914474297
19.4030028206405
19.4561648718976
19.2942468889995
19.1218222510896
18.9625830429733
18.7987891156463
18.7847799900448
19.1193219819754
18.7220930811349
18.7900026992355
17.753675792268
17.4731085845402
17.1650509374481
17.4374308497937
17.6242852165256
17.8187538151489
17.9920716774515
999.99
999.99
999.99
999.99
999.99
999.99
999.99
999.99
999.99
999.99
999.99
999.99
999.99
999.99
999.99
999.99
999.99
999.99
999.99
999.99
999.99
999.99
999.99
999.99
999.99
999.99
999.99
999.99
999.99
999.99
999.99
999.99
999.99
999.99
999.99
999.99
999.99
999.99
999.99
999.99
999.99
999.99
999.99
999.99
999.99
999.99
999.99
999.99
999.99
999.99
999.99
999.99
999.99
999.99
999.99
999.99
999.99
999.99
999.99
999.99
999.99
999.99
999.99
999.99
999.99
999.99
18.9180696864112
19.116745389649
18.8816480836237
18.8422011557746
18.7597630662021
18.5827492139033
18.6154738675958
18.194133169032
18.0039825783972
18.0399881023201
17.6520731707317
17.5058404011217
17.5489477351916
17.5809339678763
17.8111324041811
18.2117123310954
18.2913170731708
18.3198749043937
18.0127121611285
17.6845156794425
17.5392627687601
999.99
999.99
999.99
999.99
999.99
999.99
999.99
999.99
999.99
999.99
999.99
999.99
999.99
999.99
999.99
999.99
999.99
999.99
999.99
999.99
999.99
999.99
999.99
999.99
999.99
999.99
999.99
999.99
999.99
999.99
999.99
999.99
999.99
999.99
999.99
999.99
999.99
999.99
999.99
999.99
999.99
999.99
999.99
999.99
999.99
999.99
999.99
999.99
999.99
999.99
999.99
999.99
999.99
999.99
999.99
999.99
999.99
999.99
999.99
999.99
999.99
999.99
19.1152229965157
18.9713820005099
18.6970975609756
18.9413772414379
18.7965052264808
18.8476524177785
18.993149825784
18.8910719809637
18.853149825784
18.6689584431036
18.5709616724739
18.4535518823829
18.2354982578397
18.1342775558767
18.2427421602788
18.3634152290303
18.8476968641115
19.1253877793831
19.0319332030254
18.9016358885017
18.5094117447097
999.99
999.99
999.99
999.99
999.99
999.99
999.99
999.99
999.99
999.99
999.99
999.99
999.99
999.99
999.99
999.99
999.99
999.99
999.99
999.99
999.99
999.99
999.99
999.99
999.99
999.99
999.99
999.99
999.99
999.99
999.99
999.99
999.99
999.99
999.99
999.99
999.99
999.99
999.99
999.99
999.99
999.99
999.99
999.99
999.99
999.99
999.99
999.99
999.99
999.99
999.99
999.99
999.99
999.99
999.99
999.99
999.99
999.99
999.99
999.99
999.99
999.99
18.6862926829269
18.9665835812017
18.9434634146341
19.1421546698394
19.1008780487805
19.3038953004164
19.143731707317
19.0702385484831
19.1970487804878
19.121262343843
19.1498536585366
19.1495461035099
19.0981219512195
18.4349024390244
18.7691707317072
19.2648822129684
19.4769268292683
19.4329827483641
19.3910321237359
19.1674024390244
18.8244568709101
999.99
999.99
999.99
999.99
999.99
999.99
999.99
999.99
999.99
999.99
999.99
999.99
999.99
999.99
999.99
999.99
999.99
999.99
999.99
999.99
999.99
999.99
999.99
999.99
999.99
999.99
999.99
999.99
999.99
999.99
999.99
999.99
999.99
999.99
999.99
999.99
999.99
999.99
999.99
999.99
999.99
999.99
999.99
999.99
999.99
999.99
999.99
999.99
999.99
999.99
999.99
999.99
999.99
999.99
999.99
999.99
999.99
999.99
999.99
999.99
999.99
999.99
999.99
19.0907995240928
19.3920418118467
19.2894269567435
19.4694006968641
19.6354171836492
19.3449860627177
19.1697396107759
19.093393728223
19.4672615789921
19.4580104529616
19.0858912212118
19.0530662020906
19.0413189428062
18.7628710801394
19.0240371377581
19.2650836236934
19.1116392453471
19.1493094246622
19.0822804878049
18.8542557151355
18.3021550522648
999.99
999.99
999.99
999.99
999.99
999.99
999.99
999.99
999.99
999.99
999.99
999.99
999.99
999.99
999.99
999.99
999.99
999.99
999.99
999.99
999.99
999.99
999.99
999.99
999.99
999.99
999.99
999.99
999.99
999.99
999.99
999.99
999.99
999.99
999.99
999.99
999.99
999.99
999.99
999.99
999.99
999.99
999.99
999.99
999.99
999.99
999.99
999.99
999.99
999.99
999.99
999.99
999.99
999.99
999.99
999.99
999.99
999.99
999.99
999.99
999.99
999.99
19.1963452573177
19.3023036336486
19.5447349285937
19.7952990708479
19.8456788941632
19.4843571428571
19.0884883714343
18.8529243404679
18.918516130664
19.217487058238
19.2751530612245
19.009143686743
18.874180458263
18.8864143023062
18.933415593245
19.0984532105525
19.2281551716463
19.5886091915648
19.5537829766053
19.3600917315171
18.7772054089928
999.99
999.99
999.99
999.99
999.99
999.99
999.99
999.99
999.99
999.99
999.99
999.99
999.99
999.99
999.99
999.99
999.99
999.99
999.99
999.99
999.99
999.99
999.99
999.99
999.99
999.99
999.99
999.99
999.99
999.99
999.99
999.99
999.99
999.99
999.99
999.99
999.99
999.99
999.99
999.99
999.99
999.99
999.99
999.99
999.99
999.99
999.99
999.99
999.99
999.99
999.99
999.99
999.99
999.99
999.99
999.99
999.99
999.99
999.99
999.99
999.99
999.99
999.99
999.99
19.9041556046571
19.6390696864112
19.8568694654542
19.5389024390244
19.3789869975355
19.2989616724738
19.1289995750828
19.1708641114983
19.4053784312059
19.2053414634146
19.2847593269312
19.3305644599303
19.0770303390839
18.8685261324042
19.2279529191808
19.3161828843377
19.6049094076655
19.2287079119571
19.0289337979094
19.0469282739866
18.5860383275261
999.99
999.99
999.99
999.99
999.99
999.99
999.99
999.99
999.99
999.99
999.99
999.99
999.99
999.99
999.99
999.99
999.99
999.99
999.99
999.99
999.99
999.99
999.99
999.99
999.99
999.99
999.99
999.99
999.99
999.99
999.99
999.99
999.99
999.99
999.99
999.99
999.99
999.99
999.99
999.99
999.99
999.99
999.99
999.99
999.99
999.99
999.99
999.99
999.99
999.99
999.99
999.99
999.99
999.99
999.99
999.99
999.99
999.99
999.99
999.99
999.99
999.99
19.9373809058425
19.4594087439854
19.7633512243684
19.5668251202919
20.2275956061655
19.3131796913888
19.9580204081633
19.656269039323
19.4545950357538
19.1525964824955
19.2026612378443
19.0584455782313
19.0086192115157
18.580137713622
18.7856985658035
18.4191143876943
18.2631963663514
18.4191767533903
19.1965971461756
19.2257113436689
18.9814262485482
999.99
999.99
999.99
999.99
999.99
999.99
999.99
999.99
999.99
999.99
999.99
999.99
999.99
999.99
999.99
999.99
999.99
999.99
999.99
999.99
999.99
999.99
999.99
999.99
999.99
999.99
999.99
999.99
999.99
999.99
999.99
999.99
999.99
999.99
999.99
999.99
999.99
999.99
999.99
999.99
999.99
999.99
999.99
999.99
999.99
999.99
999.99
999.99
999.99
999.99
999.99
999.99
999.99
999.99
999.99
999.99
999.99
999.99
999.99
999.99
999.99
19.8521045296167
20.2275956061655
20.2275956061655
19.4308067476842
19.5207212543554
19.1027567774285
19.8838118466899
20.3829010792896
19.5473379790941
19.2797877113962
20.0522020905923
20.054764425937
20.3072961672474
20.4282739015892
20.6109094076655
20.8023341548398
20.6377680802243
19.446449477352
19.6895365853659
19.8450731707317
19.6230347582222
999.99
999.99
999.99
999.99
999.99
999.99
999.99
999.99
999.99
999.99
999.99
999.99
999.99
999.99
999.99
999.99
999.99
999.99
999.99
999.99
999.99
999.99
999.99
999.99
999.99
999.99
999.99
999.99
999.99
999.99
999.99
999.99
999.99
999.99
999.99
999.99
999.99
999.99
999.99
999.99
999.99
999.99
999.99
999.99
999.99
999.99
999.99
999.99
999.99
999.99
999.99
999.99
999.99
999.99
999.99
999.99
999.99
999.99
999.99
999.99
999.99
999.99
999.99
999.99
999.99
19.6528855596968
19.7278737348598
19.9880238095238
20.5403481002157
20.4409361329303
20.3389644931143
20.5293787610226
20.6992210884354
20.6830478274593
20.7609100713456
20.9645838584095
21.0387346938776
21.037537414966
20.847910443654
21.0663258669321
21.2868543687552
20.7902963331674
20.2620986394558
18.9150662020906
17.8112459501349
20.2275956061655
999.99
999.99
999.99
999.99
999.99
999.99
999.99
999.99
999.99
999.99
999.99
999.99
999.99
999.99
999.99
999.99
999.99
999.99
999.99
999.99
999.99
999.99
999.99
999.99
999.99
999.99
999.99
999.99
999.99
999.99
999.99
999.99
999.99
999.99
999.99
999.99
999.99
999.99
999.99
999.99
999.99
999.99
999.99
999.99
999.99
999.99
999.99
999.99
999.99
999.99
999.99
999.99
999.99
999.99
999.99
999.99
999.99
999.99
999.99
999.99
999.99
19.8417073170732
19.7454069006544
20.0940487804879
20.3815812016657
20.1035853658537
20.0534616299821
20.3400000000001
20.6244455681143
20.8556341463415
21.0571279000594
21.0017073170732
21.0794729327781
21.274756097561
21.3311421772754
21.251252230815
20.9419634146341
20.6814503271861
19.4520365853657
18.3288661511006
20.2275956061655
999.99
999.99
999.99
999.99
999.99
999.99
999.99
999.99
999.99
999.99
999.99
999.99
999.99
999.99
999.99
999.99
999.99
999.99
999.99
999.99
999.99
999.99
999.99
999.99
999.99
999.99
999.99
999.99
999.99
999.99
999.99
999.99
999.99
999.99
999.99
999.99
999.99
999.99
999.99
999.99
999.99
999.99
999.99
999.99
999.99
999.99
999.99
999.99
999.99
999.99
999.99
999.99
999.99
999.99
999.99
999.99
999.99
999.99
999.99
999.99
999.99
999.99
20.7067890711311
20.5835156794425
20.5399006543724
20.5168745644599
20.1727707147107
20.3366968641115
20.7208838276536
20.8278257839721
21.0719330330586
21.2474843205575
21.0764750573638
21.0998954703833
20.818616979689
20.6070034843206
20.627430441064
20.662745984533
20.2460871080139
19.9897502337044
19.0545191637629
17.9698475397299
999.99
999.99
999.99
999.99
999.99
999.99
999.99
999.99
999.99
999.99
999.99
999.99
999.99
999.99
999.99
999.99
999.99
999.99
999.99
999.99
999.99
999.99
999.99
999.99
999.99
999.99
999.99
999.99
999.99
999.99
999.99
999.99
999.99
999.99
999.99
999.99
999.99
999.99
999.99
999.99
999.99
999.99
999.99
999.99
999.99
999.99
999.99
999.99
999.99
999.99
999.99
999.99
999.99
999.99
999.99
999.99
999.99
999.99
999.99
999.99
999.99
999.99
999.99
999.99
20.8016898954704
20.9165239228351
20.8586620209059
20.655612815501
20.5185993031359
20.6144206679697
20.5659756097561
20.606590804793
20.7116271777004
20.6013449477352
20.7098257839721
20.7478641114983
20.7341672473868
20.8982774708932
20.8138902014107
20.7073972125436
20.1346620209059
18.6685975609754
17.4612588595224
20.2275956061655
999.99
999.99
999.99
999.99
999.99
999.99
999.99
999.99
999.99
999.99
999.99
999.99
999.99
999.99
999.99
999.99
999.99
999.99
999.99
999.99
999.99
999.99
999.99
999.99
999.99
999.99
999.99
999.99
999.99
999.99
999.99
999.99
999.99
999.99
999.99
999.99
999.99
999.99
999.99
999.99
999.99
999.99
999.99
999.99
999.99
999.99
999.99
999.99
999.99
999.99
999.99
999.99
999.99
999.99
999.99
999.99
999.99
999.99
999.99
999.99
999.99
20.0613414634149
20.3808577377412
20.4064843205575
20.659862071896
20.7512404181185
20.6439624373247
20.5152613240418
20.5620277045976
20.4013658536585
20.1078834027364
20.7451010452962
20.9503045806068
21.0031393728223
20.79292538455
20.7200034843206
20.3904148041132
20.170169881873
20.080956445993
18.7836169796889
17.6549355400695
999.99
999.99
999.99
999.99
999.99
999.99
999.99
999.99
999.99
999.99
999.99
999.99
999.99
999.99
999.99
999.99
999.99
999.99
999.99
999.99
999.99
999.99
999.99
999.99
999.99
999.99
999.99
999.99
999.99
999.99
999.99
999.99
999.99
999.99
999.99
999.99
999.99
999.99
999.99
999.99
999.99
999.99
999.99
999.99
999.99
999.99
999.99
999.99
999.99
999.99
999.99
999.99
999.99
999.99
999.99
999.99
999.99
999.99
999.99
999.99
999.99
999.99
999.99
999.99
20.8984821109884
20.8527735191638
20.6773253165633
20.5699581881533
20.7625800968811
20.6751463414634
20.6457584770969
20.5400104529617
20.1875116002379
20.5352648083624
20.6909658366618
20.7571533101045
20.8330048440554
20.6346933797909
20.269664825359
20.0382264808362
19.7993031358885
18.6184867850768
17.8637804878048
17.5067198946206
999.99
999.99
999.99
999.99
999.99
999.99
999.99
999.99
999.99
999.99
999.99
999.99
999.99
999.99
999.99
999.99
999.99
999.99
999.99
999.99
999.99
999.99
999.99
999.99
999.99
999.99
999.99
999.99
999.99
999.99
999.99
999.99
999.99
999.99
999.99
999.99
999.99
999.99
999.99
999.99
999.99
999.99
999.99
999.99
999.99
999.99
999.99
999.99
999.99
999.99
999.99
999.99
999.99
999.99
999.99
999.99
999.99
999.99
999.99
999.99
999.99
999.99
21.1610696864112
21.1534626497833
21.091606271777
21.257034333305
21.0210104529617
20.9502812951475
20.9742334494774
20.7936030424067
20.7140975609756
20.2771280700263
20.229149825784
20.5270622928528
20.784243902439
20.7861742160279
20.9290592334495
20.9823378941106
20.5779654117447
19.8354529616725
18.7718649613325
17.9598240418118
999.99
999.99
999.99
999.99
999.99
999.99
999.99
999.99
999.99
999.99
999.99
999.99
999.99
999.99
999.99
999.99
999.99
999.99
999.99
999.99
999.99
999.99
999.99
999.99
999.99
999.99
999.99
999.99
999.99
999.99
999.99
999.99
999.99
999.99
999.99
999.99
999.99
999.99
999.99
999.99
999.99
999.99
999.99
999.99
999.99
999.99
999.99
999.99
999.99
999.99
999.99
999.99
999.99
999.99
999.99
999.99
999.99
999.99
999.99
999.99
999.99
999.99
999.99
999.99
999.99
21.466856147337
21.4642868919132
21.5393972125435
21.4592046279547
21.2563817819811
20.9923958285277
21.0241393728223
20.5961498379244
20.6041682429069
20.7235785307579
21.0342971627675
21.2680368828078
21.0058531607765
20.8110888805254
20.751693877551
19.8604701343952
19.5144697883912
18.950775261324
18.0108617319623
17.778
999.99
999.99
999.99
999.99
999.99
999.99
999.99
999.99
999.99
999.99
999.99
999.99
999.99
999.99
999.99
999.99
999.99
999.99
999.99
999.99
999.99
999.99
999.99
999.99
999.99
999.99
999.99
999.99
999.99
999.99
999.99
999.99
999.99
999.99
999.99
999.99
999.99
999.99
999.99
999.99
999.99
999.99
999.99
999.99
999.99
999.99
999.99
999.99
999.99
999.99
999.99
999.99
999.99
999.99
999.99
999.99
999.99
999.99
999.99
999.99
999.99
999.99
999.99
21.322
21.4078822129685
21.5714634146341
21.4250743604997
21.5238780487805
21.4621195716835
20.9885365853658
20.6510898274836
20.3737804878049
20.2483527662106
20.2757073170731
20.2275956061655
20.2275956061655
21.2812968471148
21.4380190362879
20.6394146341464
19.7714098750743
19.3696097560975
18.541011302796
18.1958658536585
999.99
999.99
999.99
999.99
999.99
999.99
999.99
999.99
999.99
999.99
999.99
999.99
999.99
999.99
999.99
999.99
999.99
999.99
999.99
999.99
999.99
999.99
999.99
999.99
999.99
999.99
999.99
999.99
999.99
999.99
999.99
999.99
999.99
999.99
999.99
999.99
999.99
999.99
999.99
999.99
999.99
999.99
999.99
999.99
999.99
999.99
999.99
999.99
999.99
999.99
999.99
999.99
999.99
999.99
999.99
999.99
999.99
999.99
999.99
999.99
999.99
999.99
21.0862421542085
21.1151772025884
21.1288292075902
21.0634604280737
20.9793157619978
21.1330492782479
21.2499650839515
21.129050273768
20.680800325365
20.6730243902439
20.505576697544
20.2275956061655
20.2238416273112
20.7027705326033
21.3190989449915
20.8204856317303
19.9955838725735
19.241934829851
18.9568230462917
18.652667848341
999.99
999.99
999.99
999.99
999.99
999.99
999.99
999.99
999.99
999.99
999.99
999.99
999.99
999.99
999.99
999.99
999.99
999.99
999.99
999.99
999.99
999.99
999.99
999.99
999.99
999.99
999.99
999.99
999.99
999.99
999.99
999.99
999.99
999.99
999.99
999.99
999.99
999.99
999.99
999.99
999.99
999.99
999.99
999.99
999.99
999.99
999.99
999.99
999.99
999.99
999.99
999.99
999.99
999.99
999.99
999.99
999.99
999.99
999.99
999.99
999.99
999.99
999.99
21.0695152545254
21.1436271777003
21.3357276281125
20.9832090592334
20.3188762641285
20.3409581881533
20.3908593524263
20.7087560975609
20.3988647063822
20.2744634146341
19.9415534120847
20.2275956061655
38.3918619869204
20.7934285714286
20.616786266678
19.851374691935
19.086268292683
18.563383615195
18.1556167247386
18.0322732217218
999.99
999.99
999.99
999.99
999.99
999.99
999.99
999.99
999.99
999.99
999.99
999.99
999.99
999.99
999.99
999.99
999.99
999.99
999.99
999.99
999.99
999.99
999.99
999.99
999.99
999.99
999.99
999.99
999.99
999.99
999.99
999.99
999.99
999.99
999.99
999.99
999.99
999.99
999.99
999.99
999.99
999.99
999.99
999.99
999.99
999.99
999.99
999.99
999.99
999.99
999.99
999.99
999.99
999.99
999.99
999.99
999.99
999.99
999.99
999.99
999.99
20.4710277045976
20.4104982578397
20.7243503866745
20.8184529616725
20.8811917226141
20.7884285714285
20.8051061443018
20.8074599303136
20.8536587915356
20.8859790940766
20.1178581626581
20.5181289198606
20.4840915271522
20.7665121951219
21.0258483895639
20.8662822299651
20.5257397807427
19.7405942891135
18.957787456446
18.3972857142857
999.99
999.99
999.99
999.99
999.99
999.99
999.99
999.99
999.99
999.99
999.99
999.99
999.99
999.99
999.99
999.99
999.99
999.99
999.99
999.99
999.99
999.99
999.99
999.99
999.99
999.99
999.99
999.99
999.99
999.99
999.99
999.99
999.99
999.99
999.99
999.99
999.99
999.99
999.99
999.99
999.99
999.99
999.99
999.99
999.99
999.99
999.99
999.99
999.99
999.99
999.99
999.99
999.99
999.99
999.99
999.99
999.99
999.99
999.99
999.99
999.99
999.99
999.99
999.99
20.108449477352
20.3819601427721
20.774787456446
20.676181184669
20.6494111498258
20.3810955213733
20.3395470383275
20.8445188238294
20.6443101045297
20.2279059233449
19.9427177700348
23.411672558835
20.8797142857142
21.2041912127135
20.8198606271777
20.5139330330585
20.0402565649697
19.4510574912892
18.9854207529531
18.2326097560975
999.99
999.99
999.99
999.99
999.99
999.99
999.99
999.99
999.99
999.99
999.99
999.99
999.99
999.99
999.99
999.99
999.99
999.99
999.99
999.99
999.99
999.99
999.99
999.99
999.99
999.99
999.99
999.99
999.99
999.99
999.99
999.99
999.99
999.99
999.99
999.99
999.99
999.99
999.99
999.99
999.99
999.99
999.99
999.99
999.99
999.99
999.99
999.99
999.99
999.99
999.99
999.99
999.99
999.99
999.99
999.99
999.99
999.99
999.99
999.99
999.99
999.99
999.99
20.2813379790939
20.5606449392369
21.2769024390244
21.6098717600068
21.6307595818815
21.3704867850769
20.3646724738677
19.7796766380556
20.6074529616724
20.3544390243902
20.2275956061655
20.352834367298
21.3439128919861
21.2369825783972
20.7806411149826
20.9011063992522
20.7439620124075
20.1565
18.6478215348007
17.9811393728222
999.99
999.99
999.99
999.99
999.99
999.99
999.99
999.99
999.99
999.99
999.99
999.99
999.99
999.99
999.99
999.99
999.99
999.99
999.99
999.99
999.99
999.99
999.99
999.99
999.99
999.99
999.99
999.99
999.99
999.99
999.99
999.99
999.99
999.99
999.99
999.99
999.99
999.99
999.99
999.99
999.99
999.99
999.99
999.99
999.99
999.99
999.99
999.99
999.99
999.99
999.99
999.99
999.99
999.99
999.99
999.99
999.99
999.99
999.99
999.99
999.99
999.99
20.0732442423727
20.4337282229965
20.7933351746409
21.2812473867596
21.4877226990737
21.5290209059233
21.4787303475823
21.5437526132404
21.7086256479987
21.4128362369338
20.8797494688535
20.6356097560976
20.4723583751168
20.8791045296167
20.988228010538
20.7452996515679
20.6561669924365
20.2917457295827
19.4329825783972
18.9559308234894
999.99
999.99
999.99
999.99
999.99
999.99
999.99
999.99
999.99
999.99
999.99
999.99
999.99
999.99
999.99
999.99
999.99
999.99
999.99
999.99
999.99
999.99
999.99
999.99
999.99
999.99
999.99
999.99
999.99
999.99
999.99
999.99
999.99
999.99
999.99
999.99
999.99
999.99
999.99
999.99
999.99
999.99
999.99
999.99
999.99
999.99
999.99
999.99
999.99
999.99
999.99
999.99
999.99
999.99
999.99
999.99
999.99
999.99
999.99
999.99
999.99
999.99
20.1266341463415
20.1649018441404
20.2143902439024
20.3834455681142
20.7358536585366
20.9456549672814
21.3478780487805
21.4907662105889
21.6704146341463
21.8107334919691
21.8041707317073
21.5552849494348
20.9662682926829
20.7636210588935
20.5446341463415
20.5382659131469
20.5887804878049
20.5219512195122
20.1304074955384
19.7996097560976
999.99
999.99
999.99
999.99
999.99
999.99
999.99
999.99
999.99
999.99
999.99
999.99
999.99
999.99
999.99
999.99
999.99
999.99
999.99
999.99
999.99
999.99
999.99
999.99
999.99
999.99
999.99
999.99
999.99
999.99
999.99
999.99
999.99
999.99
999.99
999.99
999.99
999.99
999.99
999.99
999.99
999.99
999.99
999.99
999.99
999.99
999.99
999.99
999.99
999.99
999.99
999.99
999.99
999.99
999.99
999.99
999.99
999.99
999.99
999.99
999.99
999.99
999.99
20.1405364194458
20.3649869125521
20.5716700680272
20.6679569943385
20.7097051601128
20.5847637177417
20.5473664343786
20.6108092587422
21.3826529782645
21.6634516889445
21.6640290360047
21.3950587822279
21.1441348100216
20.9648102239111
20.7234395221503
20.5935221017616
20.3015101211216
20.2570114403882
20.1603232122116
19.4336485813838
999.99
999.99
999.99
999.99
999.99
999.99
999.99
999.99
999.99
999.99
999.99
999.99
999.99
999.99
999.99
999.99
999.99
999.99
999.99
999.99
999.99
999.99
999.99
999.99
999.99
999.99
999.99
999.99
999.99
999.99
999.99
999.99
999.99
999.99
999.99
999.99
999.99
999.99
999.99
999.99
999.99
999.99
999.99
999.99
999.99
999.99
999.99
999.99
999.99
999.99
999.99
999.99
999.99
999.99
999.99
999.99
999.99
999.99
999.99
999.99
999.99
999.99
999.99
999.99
20.3747172601343
20.9546620209059
21.2012639585281
21.1839477351916
22.487537860115
22.3748083623671
21.0586759581882
20.9619094076655
20.6878838276536
20.7073867595819
20.80007461545
20.6089477351916
20.6548783037307
20.7286236933798
20.6331105634401
20.3034111498258
20.0979739100875
19.5615563015211
18.8867177700349
20.0557094416565
999.99
999.99
999.99
999.99
999.99
999.99
999.99
999.99
999.99
999.99
999.99
999.99
999.99
999.99
999.99
999.99
999.99
999.99
999.99
999.99
999.99
999.99
999.99
999.99
999.99
999.99
999.99
999.99
999.99
999.99
999.99
999.99
999.99
999.99
999.99
999.99
999.99
999.99
999.99
999.99
999.99
999.99
999.99
999.99
999.99
999.99
999.99
999.99
999.99
999.99
999.99
999.99
999.99
999.99
999.99
999.99
999.99
999.99
20.6479730359723
20.7420733305815
20.3313383109341
20.2130476190476
19.9687915214866
20.0091723969778
20.1142909407666
19.8860232672486
19.9191020408163
19.8753870853517
20.2275956061655
20.4325010987143
20.6209870582379
20.8104622228427
20.6590709308113
20.6966516873257
20.6192551020408
20.5542021492714
20.6174919528787
20.4083155900076
999.99
999.99
999.99
999.99
999.99
999.99
999.99
999.99
999.99
999.99
999.99
999.99
999.99
999.99
999.99
999.99
999.99
999.99
999.99
999.99
999.99
999.99
999.99
999.99
999.99
999.99
999.99
999.99
999.99
999.99
999.99
999.99
999.99
999.99
999.99
999.99
999.99
999.99
999.99
999.99
999.99
999.99
999.99
999.99
999.99
999.99
999.99
999.99
999.99
999.99
999.99
999.99
999.99
999.99
999.99
999.99
999.99
999.99
999.99
999.99
21.5957839721254
21.1693260814141
20.5627212543554
20.5631158324127
20.5677272031954
20.2882334494773
20.1991761706467
20.1488118466899
20.197261154075
20.0779337979095
20.1727216792726
20.2697700348432
20.431963287159
20.5373484320558
20.4843554006969
20.7867630662021
20.7133887991842
20.7077073170732
20.7070182714371
20.7384146341463
999.99
999.99
999.99
999.99
999.99
999.99
999.99
999.99
999.99
999.99
999.99
999.99
999.99
999.99
999.99
999.99
999.99
999.99
999.99
999.99
999.99
999.99
999.99
999.99
999.99
999.99
999.99
999.99
999.99
999.99
999.99
999.99
999.99
999.99
999.99
999.99
999.99
999.99
999.99
999.99
999.99
999.99
999.99
999.99
999.99
999.99
999.99
999.99
999.99
999.99
999.99
999.99
999.99
999.99
999.99
999.99
999.99
999.99
999.99
21.0738558984569
20.4020508281837
20.4311284221006
20.72805222434
21.0318115978098
20.987119047619
21.0118681765389
20.7038950515364
20.7627865013941
20.9089406006305
20.7922209265621
20.2864644931143
20.133530929921
19.9440828770533
20.2256197193928
20.3993018085283
20.2506216760351
20.2847724406836
20.7019911414893
20.8235195785631
999.99
999.99
999.99
999.99
999.99
999.99
999.99
999.99
999.99
999.99
999.99
999.99
999.99
999.99
999.99
999.99
999.99
999.99
999.99
999.99
999.99
999.99
999.99
999.99
999.99
999.99
999.99
999.99
999.99
999.99
999.99
999.99
999.99
999.99
999.99
999.99
999.99
999.99
999.99
999.99
999.99
999.99
999.99
999.99
999.99
999.99
999.99
999.99
999.99
999.99
999.99
999.99
999.99
999.99
999.99
999.99
999.99
21.2398902439025
20.7536994136144
20.5266428571429
20.1094947735191
20.0378257839721
20.496827738591
20.1996585365853
20.0510321237359
20.5225662020906
20.6975783972125
20.4926289198606
20.4914648593524
20.5072299651568
20.8066910852384
20.4883678082774
20.6180348432056
20.8630666270077
20.9124459930314
20.1813289708507
19.9752891986063
999.99
999.99
999.99
999.99
999.99
999.99
999.99
999.99
999.99
999.99
999.99
999.99
999.99
999.99
999.99
999.99
999.99
999.99
999.99
999.99
999.99
999.99
999.99
999.99
999.99
999.99
999.99
999.99
999.99
999.99
999.99
999.99
999.99
999.99
999.99
999.99
999.99
999.99
999.99
999.99
999.99
999.99
999.99
999.99
999.99
999.99
999.99
999.99
999.99
999.99
999.99
999.99
999.99
999.99
999.99
999.99
999.99
999.99
999.99
999.99
21.8531130279595
21.9176829268293
21.7193741820345
21.5157926829269
21.3589131469364
20.9525365853659
20.3929512195122
20.7223658536585
20.4075092207019
20.5851463414634
20.6876864961333
21.1011829268293
21.1336287923855
20.7438536585366
20.6038447352766
39.7721951219541
39.6070077334949
20.142508030934
20.0383170731707
20.0125389649018
19.9778780487805
19.8123010113028
19.4310487804879
19.250743010113
999.99
999.99
999.99
999.99
999.99
999.99
999.99
999.99
999.99
999.99
999.99
999.99
999.99
999.99
999.99
999.99
999.99
999.99
999.99
999.99
999.99
999.99
999.99
999.99
999.99
999.99
999.99
999.99
999.99
999.99
999.99
999.99
999.99
999.99
999.99
999.99
999.99
999.99
999.99
999.99
999.99
999.99
999.99
999.99
999.99
999.99
999.99
999.99
999.99
999.99
999.99
20.9782543554007
20.9948849324381
21.0399163763066
21.2627677402906
21.3133061103085
21.1405156794426
21.3297291578142
21.4850714285714
21.3136103509815
21.2754181184669
21.3127644259369
21.4178205574913
21.5543655137248
21.3899912891986
20.2275956061655
21.2521724738676
21.2105911447268
21.0244459930314
20.9099269142517
20.4237055749129
20.7667107164103
20.2037961672474
19.8990673918586
19.6124006968641
19.5477336619359
19.8070050990057
19.8588710801394
19.8777223591399
19.5246341463414
19.1171518653863
999.99
999.99
999.99
999.99
999.99
999.99
999.99
999.99
999.99
999.99
999.99
999.99
999.99
999.99
999.99
999.99
999.99
999.99
999.99
999.99
999.99
999.99
999.99
999.99
999.99
999.99
999.99
999.99
999.99
999.99
999.99
999.99
999.99
999.99
999.99
999.99
999.99
999.99
999.99
999.99
999.99
999.99
999.99
999.99
999.99
999.99
19.414543554007
19.6655261324041
999.99
20.119818815331
20.2334205829863
20.33112543554
20.7479377071471
20.6064320557492
20.1298091272203
20.1172020905923
20.7937816775729
20.5773650038243
20.084531358885
19.9145143197077
19.8089024390244
19.9766559020991
20.271787456446
20.1588675958188
20.6905104529617
20.0376907453047
20.6375662020906
20.6345087108013
21.2645209059234
21.1474216027876
19.6975052264808
19.7906047420753
20.2510296167248
19.6900100280446
20.1138240418119
19.7871543299057
19.6918484320558
999.99
999.99
999.99
999.99
999.99
999.99
999.99
999.99
999.99
999.99
999.99
999.99
999.99
999.99
999.99
999.99
999.99
999.99
999.99
999.99
999.99
999.99
999.99
999.99
999.99
999.99
999.99
999.99
999.99
999.99
999.99
999.99
999.99
999.99
999.99
999.99
999.99
999.99
999.99
999.99
999.99
999.99
999.99
999.99
999.99
999.99
999.99
999.99
21.191843679054
21.0947554338809
20.9866040500674
20.0921219512195
19.9208571428572
19.7651785299485
19.8486526565415
20.085743653559
20.4825277430425
20.3772430728389
20.1960884353742
19.7201478347437
19.4857640333945
19.5071898125103
19.9135205558726
19.6805729663668
19.4861244400199
19.566998215348
19.6935331010453
20.012387755102
20.0561533930645
20.0749859655938
20.1069363696698
20.4652960822641
19.5515294508048
19.730380952381
19.5921457607434
19.2679706483425
19.8197256512361
999.99
999.99
999.99
999.99
999.99
999.99
999.99
999.99
999.99
999.99
999.99
999.99
999.99
999.99
999.99
999.99
999.99
999.99
999.99
999.99
999.99
999.99
999.99
999.99
999.99
999.99
999.99
999.99
999.99
999.99
999.99
999.99
999.99
999.99
999.99
999.99
999.99
999.99
999.99
999.99
999.99
999.99
999.99
999.99
999.99
999.99
999.99
999.99
999.99
999.99
999.99
21.4275261324042
21.4696244582306
21.1084843205575
20.6409899719554
20.8873832752613
20.009818815331
20.0426480836237
20.7032823149486
20.3822195121951
20.2822013257415
20.3787073170732
19.9979626922749
20.1146411149826
19.8295688790686
19.3844320557491
19.5866168097221
19.8764529616725
19.8314927339169
19.5927221041897
19.91
19.9905138947905
20.153168989547
20.1092518058978
19.926668989547
20.2108125265573
20.2275956061655
20.2275956061655
19.460618466899
19.3408885017422
999.99
999.99
999.99
999.99
999.99
999.99
999.99
999.99
999.99
999.99
999.99
999.99
999.99
999.99
999.99
999.99
999.99
999.99
999.99
999.99
999.99
999.99
999.99
999.99
999.99
999.99
999.99
999.99
999.99
999.99
999.99
999.99
999.99
999.99
999.99
999.99
999.99
999.99
999.99
999.99
999.99
999.99
20.8673748416678
999.99
999.99
20.5791618549859
21.3854561311493
20.9749466567115
21.4087126224671
21.5150744151319
21.5398045745365
21.5456666666667
21.4813696698192
21.0405594094865
21.1530715115314
21.1680410753237
20.8323693379791
20.5014104497242
20.2673520822964
20.2279225639096
20.5782734362038
20.8957562918088
20.5991257673802
20.2006651329181
19.8226620209059
19.7841472358128
19.7383605442177
19.4072624288264
19.392444333831
19.3987437183083
19.7059591836734
19.8285382202851
20.1237358188963
20.0770632155301
19.5591542287349
19.9105960676954
999.99
999.99
999.99
999.99
999.99
999.99
999.99
999.99
999.99
999.99
999.99
999.99
999.99
999.99
999.99
999.99
999.99
999.99
999.99
999.99
999.99
999.99
999.99
999.99
999.99
999.99
999.99
999.99
999.99
999.99
999.99
999.99
999.99
999.99
999.99
999.99
999.99
999.99
999.99
999.99
999.99
999.99
999.99
999.99
999.99
999.99
999.99
999.99
999.99
20.33525979434
20.7295487804878
20.7067360414719
20.8093362369338
20.9546146851364
21.0859947735192
21.0985822214668
21.0865801393728
21.0910858332625
21.080944420838
20.8558989547038
20.9589865726184
21.1233135888502
20.9285921645279
20.8936306620209
20.719928953854
20.5925574912892
20.585932523158
20.2316864111498
20.217917651058
20.0891881533101
20.4191579841931
20.4117979094077
20.4695973485171
19.8039268292679
18.9091167672304
999.99
999.99
999.99
999.99
999.99
999.99
999.99
999.99
999.99
999.99
999.99
999.99
999.99
999.99
999.99
999.99
999.99
999.99
999.99
999.99
999.99
999.99
999.99
999.99
999.99
999.99
999.99
999.99
999.99
999.99
999.99
999.99
999.99
999.99
999.99
999.99
999.99
999.99
999.99
999.99
999.99
999.99
999.99
999.99
999.99
999.99
999.99
999.99
999.99
999.99
999.99
999.99
999.99
999.99
999.99
999.99
999.99
20.9829835132149
20.8897380952382
20.9512777541713
20.7814442508711
20.8560904790233
20.9391631823461
21.1214441233959
21.2082839721254
20.9879574233025
20.3496362709272
20.433868757259
20.2111574742925
20.2585993031359
20.4818244808929
20.5031196283391
20.5778756409167
20.5919547038327
20.7487845670094
20.7641300813008
999.99
999.99
20.6874823376108
999.99
999.99
999.99
999.99
999.99
999.99
999.99
999.99
999.99
999.99
999.99
999.99
999.99
999.99
999.99
999.99
999.99
999.99
999.99
999.99
999.99
999.99
999.99
999.99
999.99
999.99
999.99
999.99
999.99
999.99
999.99
999.99
999.99
999.99
999.99
999.99
999.99
999.99
999.99
999.99
999.99
999.99
999.99
999.99
999.99
999.99
999.99
999.99
999.99
999.99
999.99
999.99
999.99
999.99
999.99
999.99
999.99
999.99
999.99
999.99
999.99
21.0643175830713
20.9012369337979
20.7516610011048
20.6851968641115
20.6960557491289
20.5432613240418
20.6009900569389
20.7184512195122
20.7702905583411
20.7518199201156
20.7219337979094
20.271986912552
20.2045087108014
20.3147221041897
20.4458641114983
999.99
999.99
999.99
999.99
999.99
999.99
999.99
999.99
999.99
999.99
999.99
999.99
999.99
999.99
999.99
999.99
999.99
999.99
999.99
999.99
999.99
999.99
999.99
999.99
999.99
999.99
999.99
999.99
999.99
999.99
999.99
999.99
999.99
999.99
999.99
999.99
999.99
999.99
999.99
999.99
999.99
999.99
999.99
999.99
999.99
999.99
999.99
999.99
999.99
999.99
999.99
999.99
999.99
999.99
999.99
999.99
999.99
999.99
999.99
999.99
999.99
999.99
999.99
999.99
999.99
999.99
999.99
999.99
20.8324077504886
20.8380278745645
20.7276992436475
20.788681184669
20.6587262683777
20.6525261324042
20.7975495028469
20.9084407665505
20.829291323192
20.8594418288434
20.8634738675958
20.5418789835982
999.99
999.99
999.99
999.99
999.99
999.99
999.99
999.99
999.99
999.99
999.99
999.99
999.99
999.99
999.99
999.99
999.99
999.99
999.99
999.99
999.99
999.99
999.99
999.99
999.99
999.99
999.99
999.99
999.99
999.99
999.99
999.99
999.99
999.99
999.99
999.99
999.99
999.99
999.99
999.99
999.99
999.99
999.99
999.99
999.99
999.99
999.99
999.99
999.99
999.99
999.99
999.99
999.99
999.99
999.99
999.99
999.99
999.99
999.99
999.99
999.99
999.99
999.99
999.99
999.99
999.99
999.99
999.99
999.99
999.99
999.99
999.99
20.6644198606272
20.7159442508711
999.99
999.99
999.99
999.99
999.99
999.99
999.99
999.99
999.99
999.99
999.99
999.99
999.99
999.99
999.99
999.99
999.99
999.99
999.99
999.99
999.99
999.99
999.99
999.99
999.99
999.99
999.99
999.99
999.99
999.99
999.99
999.99
999.99
999.99
999.99
999.99
999.99
999.99
999.99
999.99
999.99
999.99
999.99
999.99
999.99
999.99
999.99
999.99
999.99
999.99
999.99
999.99
999.99
999.99
999.99
999.99
999.99
999.99
999.99
999.99
999.99
999.99
999.99
999.99
999.99
999.99
999.99
999.99
999.99
999.99
999.99
999.99
999.99
999.99
999.99
999.99
999.99
999.99
999.99
999.99
999.99
999.99
999.99
999.99
999.99
999.99
999.99
999.99
999.99
999.99
999.99
999.99
999.99
999.99
999.99
999.99
999.99
999.99
999.99
999.99
999.99
999.99
999.99
999.99
999.99
999.99
999.99
999.99
999.99
999.99
999.99
999.99
999.99
999.99
999.99
999.99
999.99
999.99
999.99
999.99
999.99
999.99
999.99
999.99
999.99
999.99
999.99
999.99
999.99
999.99
999.99
999.99
999.99
999.99
999.99
999.99
999.99
999.99
999.99
999.99
999.99
999.99
999.99
999.99
999.99
999.99
999.99
999.99
999.99
999.99
999.99
999.99
999.99
999.99
999.99
999.99
999.99
999.99
999.99
999.99
999.99
999.99
999.99
999.99
999.99
999.99
999.99
999.99
999.99
999.99
999.99
999.99
999.99
999.99
999.99
999.99
999.99
999.99
999.99
999.99
999.99
999.99
999.99
999.99
999.99
999.99
999.99
999.99
999.99
999.99
999.99
999.99
999.99
999.99
999.99
999.99
999.99
999.99
999.99
999.99
999.99
999.99
999.99
999.99
999.99
999.99
999.99
999.99
999.99
999.99
999.99
999.99
999.99
999.99
999.99
999.99
999.99
999.99
999.99
999.99
999.99
999.99
999.99
999.99
999.99
999.99
999.99
999.99
999.99
999.99
999.99
999.99
999.99
999.99
999.99
999.99
999.99
999.99
999.99
999.99
999.99
999.99
999.99
999.99
999.99
999.99
999.99
999.99
999.99
999.99
999.99
999.99
999.99
999.99
999.99
999.99
999.99
999.99
999.99
999.99
999.99
999.99
999.99
999.99
999.99
999.99
999.99
999.99
999.99
999.99
999.99
999.99
999.99
999.99
999.99
999.99
999.99
999.99
999.99
999.99
999.99
999.99
999.99
999.99
999.99
999.99
999.99
999.99
999.99
999.99
999.99
999.99
999.99
999.99
999.99
999.99
999.99
999.99
999.99
999.99
999.99
999.99
999.99
999.99
999.99
999.99
999.99
999.99
999.99
999.99
999.99
999.99
999.99
999.99
999.99
999.99
999.99
999.99
999.99
999.99
999.99
999.99
999.99
999.99
999.99
999.99
999.99
999.99
999.99
999.99
999.99
999.99
999.99
999.99
999.99
999.99
999.99
999.99
999.99
999.99
999.99
999.99
999.99
999.99
999.99
999.99
999.99
999.99
999.99
999.99
999.99
999.99
999.99
999.99
999.99
999.99
999.99
999.99
999.99
999.99
999.99
999.99
999.99
999.99
999.99
999.99
999.99
999.99
999.99
999.99
999.99
999.99
999.99
999.99
999.99
999.99
999.99
999.99
999.99
999.99
999.99
999.99
999.99
999.99
999.99
999.99
999.99
999.99
999.99
999.99
999.99
999.99
999.99
999.99
999.99
999.99
999.99
999.99
999.99
999.99
999.99
999.99
999.99
999.99
999.99
999.99
999.99
999.99
999.99
999.99
999.99
