999.99
999.99
999.99
999.99
999.99
999.99
999.99
999.99
999.99
999.99
999.99
999.99
999.99
999.99
999.99
999.99
999.99
999.99
999.99
999.99
999.99
999.99
999.99
999.99
999.99
999.99
999.99
999.99
999.99
999.99
999.99
999.99
999.99
999.99
999.99
999.99
999.99
999.99
999.99
999.99
999.99
999.99
999.99
999.99
999.99
999.99
999.99
999.99
999.99
999.99
999.99
999.99
999.99
999.99
999.99
999.99
999.99
999.99
999.99
999.99
999.99
999.99
999.99
999.99
999.99
999.99
999.99
999.99
999.99
999.99
999.99
999.99
999.99
999.99
999.99
999.99
999.99
999.99
999.99
999.99
999.99
999.99
999.99
999.99
999.99
999.99
999.99
999.99
999.99
999.99
999.99
999.99
999.99
999.99
999.99
999.99
999.99
999.99
999.99
999.99
999.99
999.99
999.99
999.99
999.99
999.99
999.99
999.99
999.99
999.99
999.99
999.99
999.99
999.99
999.99
999.99
999.99
999.99
999.99
999.99
999.99
999.99
999.99
999.99
999.99
999.99
999.99
999.99
999.99
999.99
999.99
999.99
999.99
999.99
21.4178798334325
21.2612059148466
20.9997247386759
20.9130199711056
20.7632926829268
20.763204810062
20.4877386759582
20.2766915101555
20.1932891986063
20.2211041046996
20.2722578397213
20.2910111328291
20.4655296167247
20.6549837681652
20.900362369338
20.6985134698733
20.2070139372822
19.8290369677913
18.9575644599303
18.8114634146341
18.2560452961672
999.99
999.99
999.99
999.99
999.99
999.99
999.99
999.99
999.99
999.99
999.99
999.99
999.99
999.99
999.99
999.99
999.99
999.99
999.99
999.99
999.99
999.99
999.99
999.99
999.99
999.99
999.99
999.99
999.99
999.99
999.99
999.99
999.99
999.99
999.99
999.99
999.99
999.99
999.99
999.99
999.99
999.99
999.99
999.99
999.99
999.99
999.99
999.99
999.99
999.99
999.99
999.99
999.99
999.99
999.99
999.99
999.99
999.99
999.99
999.99
999.99
999.99
21.2304352183467
21.0236247799536
21.0079853160776
20.7982392708421
20.5468153310104
20.3901481443261
20.2692839721255
20.1986704039141
20.2867426580388
20.4596596535104
20.7063613738178
20.8587700530539
21.3133549029368
21.4953950393959
20.7747697859631
20.5373979591837
20.0467770034843
19.6109913134796
18.8635569935291
18.6304836710413
18.1664746142359
999.99
999.99
999.99
999.99
999.99
999.99
999.99
999.99
999.99
999.99
999.99
999.99
999.99
999.99
999.99
999.99
999.99
999.99
999.99
999.99
999.99
999.99
999.99
999.99
999.99
999.99
999.99
999.99
999.99
999.99
999.99
999.99
999.99
999.99
999.99
999.99
999.99
999.99
999.99
999.99
999.99
999.99
999.99
999.99
999.99
999.99
999.99
999.99
999.99
999.99
999.99
999.99
999.99
999.99
999.99
999.99
999.99
999.99
999.99
999.99
999.99
999.99
21.3142773859097
21.0097899209654
21.0374634146341
20.988028384465
20.6269059233449
20.3535516274326
20.0489965156795
19.9615520523498
19.9786445993031
20.0895488229795
20.1551881533101
20.4646933797909
20.9940975609756
21.1585189088128
20.5849198606272
20.534212543554
20.1793414634146
19.2994463329652
18.7721358885018
18.1342718619869
17.7173972125436
999.99
999.99
999.99
999.99
999.99
999.99
999.99
999.99
999.99
999.99
999.99
999.99
999.99
999.99
999.99
999.99
999.99
999.99
999.99
999.99
999.99
999.99
999.99
999.99
999.99
999.99
999.99
999.99
999.99
999.99
999.99
999.99
999.99
999.99
999.99
999.99
999.99
999.99
999.99
999.99
999.99
999.99
999.99
999.99
999.99
999.99
999.99
999.99
999.99
999.99
999.99
999.99
999.99
999.99
999.99
999.99
999.99
999.99
999.99
999.99
999.99
999.99
20.9886247981644
20.8061103084899
20.8337177700349
20.9873069601428
21.0067874564459
20.740849579332
20.4114982578398
20.3493497917906
19.994480836237
19.5644361349537
19.333480836237
19.3672787456446
19.6137665505226
19.9804702133084
20.1192229965156
19.4163964476925
18.7618675958188
18.2101147276282
17.7230104529618
17.3874425087108
39.3563797909421
999.99
999.99
999.99
999.99
999.99
999.99
999.99
999.99
999.99
999.99
999.99
999.99
999.99
999.99
999.99
999.99
999.99
999.99
999.99
999.99
999.99
999.99
999.99
999.99
999.99
999.99
999.99
999.99
999.99
999.99
999.99
999.99
999.99
999.99
999.99
999.99
999.99
999.99
999.99
999.99
999.99
999.99
999.99
999.99
999.99
999.99
999.99
999.99
999.99
999.99
999.99
999.99
999.99
999.99
999.99
999.99
999.99
999.99
999.99
999.99
999.99
999.99
999.99
21.1014768420158
21.15106271777
21.1255016571768
21.2328954703833
21.1721702218068
21.4100940766551
21.3006168947056
20.8687386759582
20.2402729667715
19.8849547038328
19.8593044106399
19.8305191637631
19.8161040197162
19.4738153310104
19.130149825784
18.721212543554
18.3020110478457
17.9073275261324
17.9307936602362
18.3700557491289
22.1462074073957
999.99
999.99
999.99
999.99
999.99
999.99
999.99
999.99
999.99
999.99
999.99
999.99
999.99
999.99
999.99
999.99
999.99
999.99
999.99
999.99
999.99
999.99
999.99
999.99
999.99
999.99
999.99
999.99
999.99
999.99
999.99
999.99
999.99
999.99
999.99
999.99
999.99
999.99
999.99
999.99
999.99
999.99
999.99
999.99
999.99
999.99
999.99
999.99
999.99
999.99
999.99
999.99
999.99
999.99
999.99
999.99
999.99
999.99
999.99
999.99
999.99
21.3189160363729
21.1224042661681
20.967331010453
21.2216109458656
21.4322717770035
21.3432689725504
21.6929756097561
21.7547723293958
21.5156898954704
21.2669969405966
20.8555470383275
20.4511652927679
20.3052404181185
19.9938915611456
19.8093101045296
19.4061638480496
19.205425087108
18.7786068666611
18.4748815331011
18.0834482026005
18.1243588850174
999.99
999.99
999.99
999.99
999.99
999.99
999.99
999.99
999.99
999.99
999.99
999.99
999.99
999.99
999.99
999.99
999.99
999.99
999.99
999.99
999.99
999.99
999.99
999.99
999.99
999.99
999.99
999.99
999.99
999.99
999.99
999.99
999.99
999.99
999.99
999.99
999.99
999.99
999.99
999.99
999.99
999.99
999.99
999.99
999.99
999.99
999.99
999.99
999.99
999.99
999.99
999.99
999.99
999.99
999.99
999.99
999.99
999.99
999.99
999.99
999.99
999.99
999.99
999.99
20.8790720092915
21.3890250417835
21.5448908246226
21.6083961644146
21.6581904761905
21.6977142857143
21.920425087108
21.6366036656185
21.4055737514518
21.264866972607
21.2567642276423
20.9738040565423
20.6699698025551
20.1739692359989
19.6121428571429
19.2516334948019
18.7279001161441
18.2899988952155
17.8192113821138
17.542824027648
22.1462074073957
999.99
999.99
999.99
999.99
999.99
999.99
999.99
999.99
999.99
999.99
999.99
999.99
999.99
999.99
999.99
999.99
999.99
999.99
999.99
999.99
999.99
999.99
999.99
999.99
999.99
999.99
999.99
999.99
999.99
999.99
999.99
999.99
999.99
999.99
999.99
999.99
999.99
999.99
999.99
999.99
999.99
999.99
999.99
999.99
999.99
999.99
999.99
999.99
999.99
999.99
999.99
999.99
999.99
999.99
999.99
999.99
999.99
999.99
999.99
999.99
999.99
999.99
999.99
21.7744912891986
21.8777839721255
21.734649528342
21.8644808362369
21.8857430950964
21.9897073170732
21.8273879493499
21.7058780487805
21.6523299906518
21.5053414634146
21.5938557831223
21.2447804878049
21.1199541089487
20.3735261324042
19.3451413274413
18.8152055749129
18.5548411659727
18.2387456445993
18.0763763066202
17.5648751593439
17.3871411149826
999.99
999.99
999.99
999.99
999.99
999.99
999.99
999.99
999.99
999.99
999.99
999.99
999.99
999.99
999.99
999.99
999.99
999.99
999.99
999.99
999.99
999.99
999.99
999.99
999.99
999.99
999.99
999.99
999.99
999.99
999.99
999.99
999.99
999.99
999.99
999.99
999.99
999.99
999.99
999.99
999.99
999.99
999.99
999.99
999.99
999.99
999.99
999.99
999.99
999.99
999.99
999.99
999.99
999.99
999.99
999.99
999.99
999.99
21.7463801227808
21.7973957475911
21.9536219937112
21.9722553509209
21.934956577515
21.940912560146
21.9543822028514
21.8363233781317
22.0825721246261
22.5351156462585
22.1415081766198
21.9516326530612
21.8633122048344
21.7793404678945
21.7155141942559
21.3638996183839
21.2034728680287
20.3304352082296
19.7052993197279
19.1815845362536
18.6140485538654
999.99
999.99
999.99
999.99
999.99
999.99
999.99
999.99
999.99
999.99
999.99
999.99
999.99
999.99
999.99
999.99
999.99
999.99
999.99
999.99
999.99
999.99
999.99
999.99
999.99
999.99
999.99
999.99
999.99
999.99
999.99
999.99
999.99
999.99
999.99
999.99
999.99
999.99
999.99
999.99
999.99
999.99
999.99
999.99
999.99
999.99
999.99
999.99
999.99
999.99
999.99
999.99
999.99
999.99
999.99
999.99
999.99
999.99
999.99
999.99
999.99
999.99
999.99
21.9278710801394
22.0569442508711
22.0403867595819
21.9943997620464
21.7951777003484
21.7730169966857
21.8486794425087
21.9419667714796
22.082487804878
22.1411173621144
22.0513449477352
22.0533129939662
21.9046933797909
21.7882956573468
21.3445609756097
20.6670443613494
20.506149825784
20.2168811931674
20.0716027874565
19.5602899634571
19.2262229965157
999.99
999.99
999.99
999.99
999.99
999.99
999.99
999.99
999.99
999.99
999.99
999.99
999.99
999.99
999.99
999.99
999.99
999.99
999.99
999.99
999.99
999.99
999.99
999.99
999.99
999.99
999.99
999.99
999.99
999.99
999.99
999.99
999.99
999.99
999.99
999.99
999.99
999.99
999.99
999.99
999.99
999.99
999.99
999.99
999.99
999.99
999.99
999.99
999.99
999.99
999.99
999.99
999.99
999.99
999.99
999.99
999.99
999.99
999.99
999.99
999.99
999.99
22.1187546366554
22.1353790908392
22.1152206736353
22.1901883556516
22.0336130744981
21.9504037967358
21.8591453459432
21.8793994018785
21.9589956860793
21.9167210884354
21.8053160776506
21.8026700053014
21.7744066699851
21.8363511191508
21.4010396548863
21.0024401575025
20.4657428239589
19.9252028756774
19.6275462087274
19.4800989692724
19.2604222664676
999.99
999.99
999.99
999.99
999.99
999.99
999.99
999.99
999.99
999.99
999.99
999.99
999.99
999.99
999.99
999.99
999.99
999.99
999.99
999.99
999.99
999.99
999.99
999.99
999.99
999.99
999.99
999.99
999.99
999.99
999.99
999.99
999.99
999.99
999.99
999.99
999.99
999.99
999.99
999.99
999.99
999.99
999.99
999.99
999.99
999.99
999.99
999.99
999.99
999.99
999.99
999.99
999.99
999.99
999.99
999.99
999.99
999.99
999.99
999.99
999.99
999.99
999.99
999.99
999.99
999.99
21.7025679442509
21.4267688450752
21.695362369338
21.7433475822215
21.5939407665505
21.7320839636271
21.9826236933797
22.0119096626158
21.5916132404181
21.6115178890116
21.0985365853658
20.822636865811
19.8583693379791
19.5819292937878
19.4476515679443
19.3015365003824
19.1065679442509
18.9411052094841
18.5455834962182
18.1938641114983
18.0303922835047
999.99
999.99
999.99
999.99
999.99
999.99
999.99
999.99
999.99
999.99
999.99
999.99
999.99
999.99
999.99
999.99
999.99
999.99
999.99
999.99
999.99
999.99
999.99
999.99
999.99
999.99
999.99
999.99
999.99
999.99
999.99
999.99
999.99
999.99
999.99
999.99
999.99
999.99
999.99
999.99
999.99
999.99
999.99
999.99
999.99
999.99
999.99
999.99
999.99
999.99
999.99
999.99
999.99
999.99
999.99
999.99
999.99
999.99
999.99
999.99
999.99
999.99
21.6082090592335
21.4599819835132
21.5039337979095
21.7543253165633
21.6923379790941
21.8602218067477
22.1037456445993
22.2406730687516
22.2912508710802
22.1076157049376
21.9214355400696
20.8163355995578
20.3240696864112
19.6472479816437
19.4259337979094
19.2266623608396
19.0669128919861
19.0224204130195
18.7596587915356
18.4339285714286
18.1662656581967
999.99
999.99
999.99
999.99
999.99
999.99
999.99
999.99
999.99
999.99
999.99
999.99
999.99
999.99
999.99
999.99
999.99
999.99
999.99
999.99
999.99
999.99
999.99
999.99
999.99
999.99
999.99
999.99
999.99
999.99
999.99
999.99
999.99
999.99
999.99
999.99
999.99
999.99
999.99
999.99
999.99
999.99
999.99
999.99
999.99
999.99
999.99
999.99
999.99
999.99
999.99
999.99
999.99
999.99
999.99
999.99
999.99
999.99
999.99
999.99
999.99
999.99
22.1570731707317
21.7959779892921
21.6875365853659
21.4586228435455
21.1729268292683
21.0633741820345
21.8702926829269
22.0234295062463
22.552
22.6043265913147
22.4305121951219
21.6330285544316
20.7732682926829
20.0513902439024
19.6566341463415
19.5342343842951
19.5781219512195
19.3822861392028
19.3054806662701
19.1663780487805
18.9004402141582
999.99
999.99
999.99
999.99
999.99
999.99
999.99
999.99
999.99
999.99
999.99
999.99
999.99
999.99
999.99
999.99
999.99
999.99
999.99
999.99
999.99
999.99
999.99
999.99
999.99
999.99
999.99
999.99
999.99
999.99
999.99
999.99
999.99
999.99
999.99
999.99
999.99
999.99
999.99
999.99
999.99
999.99
999.99
999.99
999.99
999.99
999.99
999.99
999.99
999.99
999.99
999.99
999.99
999.99
999.99
999.99
999.99
999.99
999.99
999.99
999.99
999.99
999.99
21.3801397977394
21.3803797909407
21.7124176085662
22.9265121951219
22.9481265403246
22.9237212543554
22.9092638735447
22.8177282229965
22.7656720489504
22.6056515679442
22.2151025749978
21.3186167247387
20.6727743689981
20.4922822299652
20.2575313163933
20.0075365853658
19.8824244072406
19.8551329990652
19.8507351916376
19.770860287244
19.1626951219511
999.99
999.99
999.99
999.99
999.99
999.99
999.99
999.99
999.99
999.99
999.99
999.99
999.99
999.99
999.99
999.99
999.99
999.99
999.99
999.99
999.99
999.99
999.99
999.99
999.99
999.99
999.99
999.99
999.99
999.99
999.99
999.99
999.99
999.99
999.99
999.99
999.99
999.99
999.99
999.99
999.99
999.99
999.99
999.99
999.99
999.99
999.99
999.99
999.99
999.99
999.99
999.99
999.99
999.99
999.99
999.99
999.99
999.99
999.99
999.99
999.99
999.99
22.5859682546427
22.3120553343289
22.2571591456332
22.8250903434545
23.172263139045
23.0426292517007
22.8296529519601
23.3468213870914
23.4532291396035
23.2446179691388
22.956119047619
22.6513661854986
22.0561321229266
20.9978063713291
20.6503399883451
20.562394060063
20.5355409458251
20.6504947229338
20.3414493943919
20.107706155633
20.0344537912726
999.99
999.99
999.99
999.99
999.99
999.99
999.99
999.99
999.99
999.99
999.99
999.99
999.99
999.99
999.99
999.99
999.99
999.99
999.99
999.99
999.99
999.99
999.99
999.99
999.99
999.99
999.99
999.99
999.99
999.99
999.99
999.99
999.99
999.99
999.99
999.99
999.99
999.99
999.99
999.99
999.99
999.99
999.99
999.99
999.99
999.99
999.99
999.99
999.99
999.99
999.99
999.99
999.99
999.99
999.99
999.99
999.99
999.99
999.99
999.99
999.99
999.99
999.99
999.99
22.947140902524
23.1248118466899
23.1030200560891
23.3557003484321
23.568532846095
23.767519163763
23.4597478541684
23.0859337979094
22.7144265318262
22.6241777003484
22.4466673748619
22.1702439024391
21.4539363474123
21.141456445993
20.8617326421348
20.8478171156625
20.8870888501742
20.3082889436559
19.4602752613239
19.217609246197
18.7739738675958
999.99
999.99
999.99
999.99
999.99
999.99
999.99
999.99
999.99
999.99
999.99
999.99
999.99
999.99
999.99
999.99
999.99
999.99
999.99
999.99
999.99
999.99
999.99
999.99
999.99
999.99
999.99
999.99
999.99
999.99
999.99
999.99
999.99
999.99
999.99
999.99
999.99
999.99
999.99
999.99
999.99
999.99
999.99
999.99
999.99
999.99
999.99
999.99
999.99
999.99
999.99
999.99
999.99
999.99
999.99
999.99
999.99
999.99
999.99
999.99
999.99
999.99
23.0643626323819
23.2823896631824
23.4676203850963
23.2914389414302
23.3110518661956
23.1924892981583
23.0572414965986
23.0481989381118
23.0814514926733
22.740755931641
22.6307727603832
22.437806122449
22.3984823659387
21.9297200099552
21.2297299732504
20.8246313965206
20.9194771859963
20.7596799766902
20.0375966484154
19.3269588842081
18.6511051103368
999.99
999.99
999.99
999.99
999.99
999.99
999.99
999.99
999.99
999.99
999.99
999.99
999.99
999.99
999.99
999.99
999.99
999.99
999.99
999.99
999.99
999.99
999.99
999.99
999.99
999.99
999.99
999.99
999.99
999.99
999.99
999.99
999.99
999.99
999.99
999.99
999.99
999.99
999.99
999.99
999.99
999.99
999.99
999.99
999.99
999.99
999.99
999.99
999.99
999.99
999.99
999.99
999.99
999.99
999.99
999.99
999.99
999.99
999.99
999.99
999.99
25.0387909407642
22.1462074073957
22.1462074073957
24.230348687006
23.7565331010452
23.2888003739272
23.0656898954704
23.3625363304156
23.147456445993
22.7440095181439
22.5192264808362
22.2149122971021
22.2151567944251
22.0519237698649
21.6773101045296
21.0836715390498
20.722863261664
20.5066445993032
20.0067526132404
19.5395783972125
18.9451785501827
999.99
999.99
999.99
999.99
999.99
999.99
999.99
999.99
999.99
999.99
999.99
999.99
999.99
999.99
999.99
999.99
999.99
999.99
999.99
999.99
999.99
999.99
999.99
999.99
999.99
999.99
999.99
999.99
999.99
999.99
999.99
999.99
999.99
999.99
999.99
999.99
999.99
999.99
999.99
999.99
999.99
999.99
999.99
999.99
999.99
999.99
999.99
999.99
999.99
999.99
999.99
999.99
999.99
999.99
999.99
999.99
999.99
999.99
999.99
999.99
999.99
999.99
999.99
999.99
999.99
24.5336405929415
24.2428660195785
23.860306122449
23.416162518666
23.2888954724067
23.0481860793097
22.3298732168655
22.208943919031
22.2335249284723
22.1856107516177
22.0888986390511
21.6322030031525
20.9132721088435
20.6478718490371
20.2392341961175
19.8089809738291
19.3166287539405
18.9904013605442
18.6889259167082
18.5179065586973
22.1462074073957
999.99
999.99
999.99
999.99
999.99
999.99
999.99
999.99
999.99
999.99
999.99
999.99
999.99
999.99
999.99
999.99
999.99
999.99
999.99
999.99
999.99
999.99
999.99
999.99
999.99
999.99
999.99
999.99
999.99
999.99
999.99
999.99
999.99
999.99
999.99
999.99
999.99
999.99
999.99
999.99
999.99
999.99
999.99
999.99
999.99
999.99
999.99
999.99
999.99
999.99
999.99
999.99
999.99
999.99
999.99
999.99
999.99
999.99
999.99
999.99
999.99
23.3255609756097
23.7418679357525
24.0094634146341
23.3928322427128
23.2483658536585
23.2001148126115
23.0654146341463
22.7008262938727
22.47
21.9546317668056
21.7014146341463
21.5691951219512
20.8954146341463
20.3737668054729
19.7580499702557
19.1793414634146
18.9831719214753
18.5722682926829
18.1404265318263
22.1462074073957
999.99
999.99
999.99
999.99
999.99
999.99
999.99
999.99
999.99
999.99
999.99
999.99
999.99
999.99
999.99
999.99
999.99
999.99
999.99
999.99
999.99
999.99
999.99
999.99
999.99
999.99
999.99
999.99
999.99
999.99
999.99
999.99
999.99
999.99
999.99
999.99
999.99
999.99
999.99
999.99
999.99
999.99
999.99
999.99
999.99
999.99
999.99
999.99
999.99
999.99
999.99
999.99
999.99
999.99
999.99
999.99
999.99
999.99
999.99
999.99
999.99
999.99
23.234176425597
23.7521393728223
23.9891559445908
23.9207351916376
24.0562132234214
23.4316933797909
22.5035936092461
22.0121289198607
21.6888864621398
21.3219860627178
21.0221767655308
20.5190801393729
20.1418055579162
19.8347595818815
19.5939120421517
19.3034199031189
18.945256097561
18.6992948924959
18.5684512195122
18.2171624883148
999.99
999.99
999.99
999.99
999.99
999.99
999.99
999.99
999.99
999.99
999.99
999.99
999.99
999.99
999.99
999.99
999.99
999.99
999.99
999.99
999.99
999.99
999.99
999.99
999.99
999.99
999.99
999.99
999.99
999.99
999.99
999.99
999.99
999.99
999.99
999.99
999.99
999.99
999.99
999.99
999.99
999.99
999.99
999.99
999.99
999.99
999.99
999.99
999.99
999.99
999.99
999.99
999.99
999.99
999.99
999.99
999.99
999.99
999.99
999.99
999.99
999.99
999.99
999.99
23.5422961672474
23.5555964136994
23.8402195121951
23.3778172856293
23.1244982578397
22.9412291153225
22.4428536585365
21.7456593864196
21.452637630662
21.0802299651568
20.7968013937283
20.5743316903204
20.2689163763066
19.8096323616895
19.4761854338404
19.307818815331
18.7851968216197
18.2762822299651
28.3946116257245
22.1462074073957
999.99
999.99
999.99
999.99
999.99
999.99
999.99
999.99
999.99
999.99
999.99
999.99
999.99
999.99
999.99
999.99
999.99
999.99
999.99
999.99
999.99
999.99
999.99
999.99
999.99
999.99
999.99
999.99
999.99
999.99
999.99
999.99
999.99
999.99
999.99
999.99
999.99
999.99
999.99
999.99
999.99
999.99
999.99
999.99
999.99
999.99
999.99
999.99
999.99
999.99
999.99
999.99
999.99
999.99
999.99
999.99
999.99
999.99
999.99
999.99
999.99
23.7660174216027
23.9586452791705
23.8928745644599
23.6225885102405
23.8568013937282
23.6224374946886
23.5684529616725
23.29042389734
23.0116829268292
22.8270914421687
22.4558432055749
21.6195977734343
21.3544599303136
21.0151744709782
20.6577595818815
20.1362043851449
19.6873635591059
19.3221515679443
18.9233995070961
18.5201498257839
999.99
999.99
999.99
999.99
999.99
999.99
999.99
999.99
999.99
999.99
999.99
999.99
999.99
999.99
999.99
999.99
999.99
999.99
999.99
999.99
999.99
999.99
999.99
999.99
999.99
999.99
999.99
999.99
999.99
999.99
999.99
999.99
999.99
999.99
999.99
999.99
999.99
999.99
999.99
999.99
999.99
999.99
999.99
999.99
999.99
999.99
999.99
999.99
999.99
999.99
999.99
999.99
999.99
999.99
999.99
999.99
999.99
999.99
999.99
999.99
999.99
999.99
999.99
999.99
23.7580877028979
23.5239756097561
23.3013865896151
23.5324529616724
23.6183204725079
23.4896794425087
23.1768822129685
23.1673519163763
22.9462737316224
22.8769756097561
22.5214748024136
22.1914216027875
21.3774657091867
20.633787456446
20.0764368148211
19.9408536585366
19.8209756097561
19.414269312484
19.1937351916376
18.8663020311039
999.99
999.99
999.99
999.99
999.99
999.99
999.99
999.99
999.99
999.99
999.99
999.99
999.99
999.99
999.99
999.99
999.99
999.99
999.99
999.99
999.99
999.99
999.99
999.99
999.99
999.99
999.99
999.99
999.99
999.99
999.99
999.99
999.99
999.99
999.99
999.99
999.99
999.99
999.99
999.99
999.99
999.99
999.99
999.99
999.99
999.99
999.99
999.99
999.99
999.99
999.99
999.99
999.99
999.99
999.99
999.99
999.99
999.99
999.99
999.99
999.99
999.99
23.4701393728223
23.473589784992
23.1074529616725
23.2811890881278
23.134149825784
23.2797561825444
23.4974634146341
23.4864799864026
23.3320069686411
23.2567512535055
22.836574912892
22.2121799099177
21.9210662020907
21.5858257839721
20.7789337979094
20.5637532081244
20.4773575252826
20.1530174216028
19.4295365853658
19.0489006968641
999.99
999.99
999.99
999.99
999.99
999.99
999.99
999.99
999.99
999.99
999.99
999.99
999.99
999.99
999.99
999.99
999.99
999.99
999.99
999.99
999.99
999.99
999.99
999.99
999.99
999.99
999.99
999.99
999.99
999.99
999.99
999.99
999.99
999.99
999.99
999.99
999.99
999.99
999.99
999.99
999.99
999.99
999.99
999.99
999.99
999.99
999.99
999.99
999.99
999.99
999.99
999.99
999.99
999.99
999.99
999.99
999.99
999.99
999.99
999.99
999.99
999.99
999.99
999.99
999.99
23.0778601294176
23.4324340710704
23.2861333997013
22.8990520584201
22.8202712792434
23.223630042856
23.100556495769
23.0020719324018
22.5999771030363
22.5378014180092
22.2764564459931
21.6938468962839
21.1682926829268
20.9008607850041
20.4808367346939
20.1176236933798
19.5045698503077
19.1599021901443
19.0607036749262
19.1951428571429
999.99
999.99
999.99
999.99
999.99
999.99
999.99
999.99
999.99
999.99
999.99
999.99
999.99
999.99
999.99
999.99
999.99
999.99
999.99
999.99
999.99
999.99
999.99
999.99
999.99
999.99
999.99
999.99
999.99
999.99
999.99
999.99
999.99
999.99
999.99
999.99
999.99
999.99
999.99
999.99
999.99
999.99
999.99
999.99
999.99
999.99
999.99
999.99
999.99
999.99
999.99
999.99
999.99
999.99
999.99
999.99
999.99
999.99
999.99
999.99
999.99
999.99
999.99
23.953
23.5744497323022
23.9220000000001
23.8153967876265
23.7564390243903
23.4681356335515
23.1234390243902
22.9072129684711
22.7225365853659
22.4608375966686
21.6918780487805
21.237755502677
20.9982682926829
20.5076912552052
20.3720874479476
20.2019878048781
20.0441380130874
19.8886463414634
19.749758477097
19.8137317073171
999.99
999.99
999.99
999.99
999.99
999.99
999.99
999.99
999.99
999.99
999.99
999.99
999.99
999.99
999.99
999.99
999.99
999.99
999.99
999.99
999.99
999.99
999.99
999.99
999.99
999.99
999.99
999.99
999.99
999.99
999.99
999.99
999.99
999.99
999.99
999.99
999.99
999.99
999.99
999.99
999.99
999.99
999.99
999.99
999.99
999.99
999.99
999.99
999.99
999.99
999.99
999.99
999.99
999.99
999.99
999.99
999.99
999.99
999.99
999.99
999.99
999.99
29.2210051475567
23.4420890990541
23.6393028809382
24.0009910403185
23.7288535856937
23.400525136884
23.055325583654
22.9126082628173
22.6148038218262
22.5264529616725
22.2313282302808
21.8563763066203
21.5588250555428
21.0254320557491
20.9124812004516
20.8721212834925
20.7068193130911
20.3575928686763
19.9872356893977
19.7240885648727
999.99
999.99
999.99
999.99
999.99
999.99
999.99
999.99
999.99
999.99
999.99
999.99
999.99
999.99
999.99
999.99
999.99
999.99
999.99
999.99
999.99
999.99
999.99
999.99
999.99
999.99
999.99
999.99
999.99
999.99
999.99
999.99
999.99
999.99
999.99
999.99
999.99
999.99
999.99
999.99
999.99
999.99
999.99
999.99
999.99
999.99
999.99
999.99
999.99
999.99
999.99
999.99
999.99
999.99
999.99
999.99
999.99
999.99
999.99
999.99
999.99
999.99
999.99
23.359425087108
23.3829965156794
23.3515119401717
23.1916515679443
23.4094004419138
23.4568571428572
23.3018980198861
23.2769303135888
23.0478282484915
22.8991602787456
22.5217577122462
21.9364773519165
21.424405625903
21.3066794425087
21.2472998215348
20.9884001019801
20.8852282229965
20.4746161298547
19.9353118466899
19.7219133169033
999.99
999.99
999.99
999.99
999.99
999.99
999.99
999.99
999.99
999.99
999.99
999.99
999.99
999.99
999.99
999.99
999.99
999.99
999.99
999.99
999.99
999.99
999.99
999.99
999.99
999.99
999.99
999.99
999.99
999.99
999.99
999.99
999.99
999.99
999.99
999.99
999.99
999.99
999.99
999.99
999.99
999.99
999.99
999.99
999.99
999.99
999.99
999.99
999.99
999.99
999.99
999.99
999.99
999.99
999.99
999.99
999.99
999.99
999.99
999.99
999.99
23.1448960652673
23.0764494773519
22.8456537775134
22.771818815331
22.8218282484916
23.2683763066202
23.27772533356
23.4739512195122
23.3722579247047
23.3245888501742
22.9888960652672
22.9755574912892
22.5470213308405
22.3304668989548
21.8720098580777
21.5397491289199
21.4429024390244
21.2481720064587
20.6243362369338
20.1156445993031
999.99
999.99
999.99
999.99
999.99
999.99
999.99
999.99
999.99
999.99
999.99
999.99
999.99
999.99
999.99
999.99
999.99
999.99
999.99
999.99
999.99
999.99
999.99
999.99
999.99
999.99
999.99
999.99
999.99
999.99
999.99
999.99
999.99
999.99
999.99
999.99
999.99
999.99
999.99
999.99
999.99
999.99
999.99
999.99
999.99
999.99
999.99
999.99
999.99
999.99
999.99
999.99
999.99
999.99
999.99
999.99
999.99
999.99
999.99
999.99
999.99
999.99
999.99
999.99
23.4752020905923
23.4262684626498
23.3125958188153
23.2771916376307
23.1932020905923
23.1162338743945
23.0948850174216
23.2241318942806
23.3034773519164
23.2984982578397
23.2626097560976
22.9118281635081
22.4937595818816
22.0545686241183
21.8726271777003
21.709245687091
21.5257600067986
21.0229773519164
20.3838398912212
19.733606271777
999.99
999.99
999.99
999.99
999.99
999.99
999.99
999.99
999.99
999.99
999.99
999.99
999.99
999.99
999.99
999.99
999.99
999.99
999.99
999.99
999.99
999.99
999.99
999.99
999.99
999.99
999.99
999.99
999.99
999.99
999.99
999.99
999.99
999.99
999.99
999.99
999.99
999.99
999.99
999.99
999.99
999.99
999.99
999.99
999.99
999.99
999.99
999.99
999.99
999.99
999.99
999.99
999.99
999.99
999.99
999.99
999.99
999.99
999.99
999.99
999.99
999.99
999.99
24.2843484320557
24.2354709781593
23.347756097561
23.4834230475057
23.7362613240418
23.6317164103
23.6186411149826
23.4619445058214
23.571181184669
23.4931802498513
23.4206411149826
23.0972547803178
22.673418118467
22.1682334494774
21.9516167247387
21.7828366618509
21.4543232769609
20.7614825783972
20.2322241013002
38.1022386759633
999.99
999.99
999.99
999.99
999.99
999.99
999.99
999.99
999.99
999.99
999.99
999.99
999.99
999.99
999.99
999.99
999.99
999.99
999.99
999.99
999.99
999.99
999.99
999.99
999.99
999.99
999.99
999.99
999.99
999.99
999.99
999.99
999.99
999.99
999.99
999.99
999.99
999.99
999.99
999.99
999.99
999.99
999.99
999.99
999.99
999.99
999.99
999.99
999.99
999.99
999.99
999.99
999.99
999.99
999.99
999.99
999.99
999.99
999.99
999.99
999.99
999.99
22.8362344692785
22.603574912892
22.6025370952664
22.6202682926829
22.5246717090168
22.9292020905923
22.9654885697289
23.0296794425087
23.2105493328801
23.3613728222996
23.1832903883743
23.2185331010453
23.0100976459591
22.6538571428572
22.178053369593
21.7140243902439
21.3855033568454
21.1286208889266
20.3968606271777
20.2050520098581
999.99
999.99
999.99
999.99
999.99
999.99
999.99
999.99
999.99
999.99
999.99
999.99
999.99
999.99
999.99
999.99
999.99
999.99
999.99
999.99
999.99
999.99
999.99
999.99
999.99
999.99
999.99
999.99
999.99
999.99
999.99
999.99
999.99
999.99
999.99
999.99
999.99
999.99
999.99
999.99
999.99
999.99
999.99
999.99
999.99
999.99
999.99
999.99
999.99
999.99
999.99
999.99
999.99
999.99
999.99
999.99
999.99
999.99
999.99
999.99
999.99
999.99
22.8049024390243
22.2608387864366
22.1581707317073
22.090487209994
22.2114146341463
22.3255847709697
22.5277317073171
22.7055812016657
23.0835121951219
23.6467418203451
23.4782195121951
23.0054646044021
22.887243902439
22.7241023200476
22.5662926829268
22.3364253420583
21.6592682926829
21.4675609756098
21.0209190957763
20.7832682926829
999.99
999.99
999.99
999.99
999.99
999.99
999.99
999.99
999.99
999.99
999.99
999.99
999.99
999.99
999.99
999.99
999.99
999.99
999.99
999.99
999.99
999.99
999.99
999.99
999.99
999.99
999.99
999.99
999.99
999.99
999.99
999.99
999.99
999.99
999.99
999.99
999.99
999.99
999.99
999.99
999.99
999.99
999.99
999.99
999.99
999.99
999.99
999.99
999.99
999.99
999.99
999.99
999.99
999.99
999.99
999.99
999.99
999.99
999.99
999.99
999.99
999.99
999.99
22.1101224489796
21.9745268284589
21.9900816326531
21.9457219686209
22.1886152314584
22.6212580076647
22.5325413140865
22.9194384942555
22.9974877219181
22.7253514853889
22.9655330180854
22.9486531684654
22.7422513688402
22.703614672996
22.4220853658537
22.1105973120956
21.608631076821
21.4730587498533
21.2834218031055
20.7770279575245
999.99
999.99
999.99
999.99
999.99
999.99
999.99
999.99
999.99
999.99
999.99
999.99
999.99
999.99
999.99
999.99
999.99
999.99
999.99
999.99
999.99
999.99
999.99
999.99
999.99
999.99
999.99
999.99
999.99
999.99
999.99
999.99
999.99
999.99
999.99
999.99
999.99
999.99
999.99
999.99
999.99
999.99
999.99
999.99
999.99
999.99
999.99
999.99
999.99
999.99
999.99
999.99
999.99
999.99
999.99
999.99
999.99
999.99
999.99
999.99
999.99
999.99
999.99
999.99
21.3358810232004
21.2251289198604
21.5663582901334
21.7604216027874
22.1780189513045
22.4715993031359
22.544787456446
22.7911324041812
22.6842671029149
22.7057317073171
22.8712399932013
22.8923379790941
22.6220338234045
22.5217003484321
21.9235183989123
21.4441254355401
21.0976560720659
20.9012097391008
20.1905540069687
21.4493548058106
999.99
999.99
999.99
999.99
999.99
999.99
999.99
999.99
999.99
999.99
999.99
999.99
999.99
999.99
999.99
999.99
999.99
999.99
999.99
999.99
999.99
999.99
999.99
999.99
999.99
999.99
999.99
999.99
999.99
999.99
999.99
999.99
999.99
999.99
999.99
999.99
999.99
999.99
999.99
999.99
999.99
999.99
999.99
999.99
999.99
999.99
999.99
999.99
999.99
999.99
999.99
999.99
999.99
999.99
999.99
999.99
999.99
999.99
22.4422486594876
22.4338837102955
22.7209329683093
22.7088129251701
22.3988252862118
21.9578146551899
21.6286487473039
21.3465923850802
21.483887755102
21.6716234242656
22.0692547702008
22.2747603528026
22.1546885681102
22.3062346392453
22.3807329517172
22.3463830263812
22.4236870748299
22.2290567770238
22.0680406504065
21.58124070342
999.99
999.99
999.99
999.99
999.99
999.99
999.99
999.99
999.99
999.99
999.99
999.99
999.99
999.99
999.99
999.99
999.99
999.99
999.99
999.99
999.99
999.99
999.99
999.99
999.99
999.99
999.99
999.99
999.99
999.99
999.99
999.99
999.99
999.99
999.99
999.99
999.99
999.99
999.99
999.99
999.99
999.99
999.99
999.99
999.99
999.99
999.99
999.99
999.99
999.99
999.99
999.99
999.99
999.99
999.99
999.99
999.99
999.99
999.99
999.99
22.5206236933798
22.4837859267443
22.4488414634146
22.7773632191722
22.7952659131469
22.6230418118467
22.6202945525622
22.2559512195121
21.8171511005354
21.7576202090592
21.5336740035694
21.0103170731708
21.2411394578057
21.3826167247387
22.0780179315033
22.3406306620209
22.2619962607292
22.2762857142857
22.24056420498
22.0981777003484
999.99
999.99
999.99
999.99
999.99
999.99
999.99
999.99
999.99
999.99
999.99
999.99
999.99
999.99
999.99
999.99
999.99
999.99
999.99
999.99
999.99
999.99
999.99
999.99
999.99
999.99
999.99
999.99
999.99
999.99
999.99
999.99
999.99
999.99
999.99
999.99
999.99
999.99
999.99
999.99
999.99
999.99
999.99
999.99
999.99
999.99
999.99
999.99
999.99
999.99
999.99
999.99
999.99
999.99
999.99
999.99
999.99
999.99
999.99
22.6138594657375
22.5999329015366
22.4237769205243
22.2395641483244
22.2308298490128
21.6585476190476
22.0307944250871
22.313395512875
22.7081764822526
22.6847575908412
22.4112306086027
22.3136192135391
21.9614015689559
21.7405869420939
21.8251922284678
21.7670350091256
21.4842258151327
21.0560788120126
20.8070044677002
20.8473328355733
999.99
999.99
999.99
999.99
999.99
999.99
999.99
999.99
999.99
999.99
999.99
999.99
999.99
999.99
999.99
999.99
999.99
999.99
999.99
999.99
999.99
999.99
999.99
999.99
999.99
999.99
999.99
999.99
999.99
999.99
999.99
999.99
999.99
999.99
999.99
999.99
999.99
999.99
999.99
999.99
999.99
999.99
999.99
999.99
999.99
999.99
999.99
999.99
999.99
999.99
999.99
999.99
999.99
999.99
999.99
999.99
999.99
37.8048501742133
23.0365011472763
22.5717961672475
22.6833135888502
22.6250331010453
22.3469552987167
22.1490435540069
21.8182017506586
21.9471097560976
22.2467317073171
22.1960592334495
22.2325753378091
22.3945261324042
22.2996310019546
22.0105126200391
21.8045540069686
22.1147766635505
21.8065574912892
21.8010705362454
21.5534041811847
999.99
999.99
999.99
999.99
999.99
999.99
999.99
999.99
999.99
999.99
999.99
999.99
999.99
999.99
999.99
999.99
999.99
999.99
999.99
999.99
999.99
999.99
999.99
999.99
999.99
999.99
999.99
999.99
999.99
999.99
999.99
999.99
999.99
999.99
999.99
999.99
999.99
999.99
999.99
999.99
999.99
999.99
999.99
999.99
999.99
999.99
999.99
999.99
999.99
999.99
999.99
999.99
999.99
999.99
999.99
999.99
999.99
999.99
999.99
999.99
23.0094824509221
23.1774512195122
22.9801945270672
22.5133536585366
22.4241683521713
22.6920487804878
22.3074390243903
22.1858292682927
22.1890588935157
21.9376951219512
21.6509524092802
21.6850975609756
21.5771237358715
21.8595975609756
21.8196198691255
22.0101097560976
21.7778691255205
21.749998810232
21.6435853658536
21.3056781677572
21.458756097561
21.2575556216538
21.276268292683
21.1053372992266
999.99
999.99
999.99
999.99
999.99
999.99
999.99
999.99
999.99
999.99
999.99
999.99
999.99
999.99
999.99
999.99
999.99
999.99
999.99
999.99
999.99
999.99
999.99
999.99
999.99
999.99
999.99
999.99
999.99
999.99
999.99
999.99
999.99
999.99
999.99
999.99
999.99
999.99
999.99
999.99
999.99
999.99
999.99
999.99
999.99
999.99
999.99
999.99
999.99
999.99
999.99
23.3929756097561
22.9622597093567
23.0348501742161
22.8063674683437
22.6875425342058
22.6325139372822
22.7520719809637
22.9980348432056
22.9757674003569
22.8813414634147
22.7614736126455
22.8579756097561
22.6531844990227
22.9473571428571
22.5771916376307
22.2574425087108
21.5157431800797
20.7797926829268
20.820846604912
21.377468641115
21.5081520353531
21.3040261324042
21.5611822894536
21.5305592334495
21.4707172601343
21.2832032803603
21.0744320557491
20.8617928953854
20.630432055749
20.4867454746325
999.99
999.99
999.99
999.99
999.99
999.99
999.99
999.99
999.99
999.99
999.99
999.99
999.99
999.99
999.99
999.99
999.99
999.99
999.99
999.99
999.99
999.99
999.99
999.99
999.99
999.99
999.99
999.99
999.99
999.99
999.99
999.99
999.99
999.99
999.99
999.99
999.99
999.99
999.99
999.99
999.99
999.99
999.99
999.99
999.99
999.99
23.218898784737
23.131818815331
999.99
23.598637630662
23.4057855018271
23.345181184669
23.3042221466814
23.1092961672474
22.9604221126881
22.8745017421603
22.6815854508371
22.486392538455
22.5286080139373
22.552043851449
22.7342595818815
22.7867669754398
22.6809808362369
22.7689303135889
22.7136202090592
22.6904869550438
22.2356149825784
21.989787456446
22.1465104529617
22.0230243902439
22.0539128919861
21.6403915186539
21.5563519163763
21.4427413104445
21.1986986062718
20.8998996345712
20.7572142857142
999.99
999.99
999.99
999.99
999.99
999.99
999.99
999.99
999.99
999.99
999.99
999.99
999.99
999.99
999.99
999.99
999.99
999.99
999.99
999.99
999.99
999.99
999.99
999.99
999.99
999.99
999.99
999.99
999.99
999.99
999.99
999.99
999.99
999.99
999.99
999.99
999.99
999.99
999.99
999.99
999.99
999.99
999.99
999.99
999.99
999.99
999.99
999.99
22.5266512118232
22.7934358719097
23.0326248710073
23.164712294674
23.2751360544218
23.4030426414468
22.9975535537237
23.226631325701
23.5179303054953
23.3151599469057
23.0623469387755
22.7591942923511
22.7843479949981
22.6917074829932
22.3290847527589
22.449767517715
22.4488869255019
22.6374872059472
22.4932580886013
22.5974217687075
22.2720716774515
22.20445273505
22.1265419777667
22.1071684978572
21.7321132404181
21.6315986394558
21.356781317405
21.2702535217537
21.3401211216194
999.99
999.99
999.99
999.99
999.99
999.99
999.99
999.99
999.99
999.99
999.99
999.99
999.99
999.99
999.99
999.99
999.99
999.99
999.99
999.99
999.99
999.99
999.99
999.99
999.99
999.99
999.99
999.99
999.99
999.99
999.99
999.99
999.99
999.99
999.99
999.99
999.99
999.99
999.99
999.99
999.99
999.99
999.99
999.99
999.99
999.99
999.99
999.99
999.99
999.99
999.99
22.2637421602787
22.1881142177275
22.2006759581882
22.4222241862837
22.7278257839721
22.8334634146342
23.0025923344948
23.1170534545764
23.1108257839721
23.2502018356421
23.1688432055749
23.0001384380046
22.9012055749129
22.8963402736467
22.7646968641115
22.7116655052265
22.6995958188153
22.6329209654117
22.4537768335175
22.5252142857143
22.4795448287584
22.1468170731707
21.9049174810912
21.8747735191638
21.632959717855
21.3422282229965
21.1572350641625
21.176606271777
21.4338571428571
999.99
999.99
999.99
999.99
999.99
999.99
999.99
999.99
999.99
999.99
999.99
999.99
999.99
999.99
999.99
999.99
999.99
999.99
999.99
999.99
999.99
999.99
999.99
999.99
999.99
999.99
999.99
999.99
999.99
999.99
999.99
999.99
999.99
999.99
999.99
999.99
999.99
999.99
999.99
999.99
999.99
999.99
21.7994846240697
999.99
999.99
21.9735175045628
21.953357395784
21.8596703169073
21.8591066461088
21.9845160942426
22.1154135738769
22.1708503401361
22.3172580056413
22.51225425423
22.6705516840883
22.353388827512
22.6523894143023
22.4626006385897
22.4786636801061
22.6837405455936
22.8353758088601
22.9813864843974
23.0284982578397
23.0930162399284
23.1061053592168
22.9113302617894
22.8997482993197
22.7955278361196
22.6038548199768
22.4855633672862
22.5005671146507
22.4629538539985
22.5450591565597
22.0691475858636
21.7379517456001
21.5724567778331
999.99
999.99
999.99
999.99
999.99
999.99
999.99
999.99
999.99
999.99
999.99
999.99
999.99
999.99
999.99
999.99
999.99
999.99
999.99
999.99
999.99
999.99
999.99
999.99
999.99
999.99
999.99
999.99
999.99
999.99
999.99
999.99
999.99
999.99
999.99
999.99
999.99
999.99
999.99
999.99
999.99
999.99
999.99
999.99
999.99
999.99
999.99
999.99
999.99
21.9846709441659
21.900700348432
22.0177131809297
22.0512717770035
22.0121909577632
22.0439982578397
21.9730702812952
22.0151167247387
22.1344700433416
21.8526193592249
21.8295888501742
21.6717956998386
22.3700069686412
22.4199937962097
22.3874738675958
22.3304759071981
22.306724738676
22.1091649528342
22.5287665505227
22.7382897085069
22.9964982578397
22.988383020311
22.7327909407665
22.9717701198267
22.6722299651569
22.480108353871
999.99
999.99
999.99
999.99
999.99
999.99
999.99
999.99
999.99
999.99
999.99
999.99
999.99
999.99
999.99
999.99
999.99
999.99
999.99
999.99
999.99
999.99
999.99
999.99
999.99
999.99
999.99
999.99
999.99
999.99
999.99
999.99
999.99
999.99
999.99
999.99
999.99
999.99
999.99
999.99
999.99
999.99
999.99
999.99
999.99
999.99
999.99
999.99
999.99
999.99
999.99
999.99
999.99
999.99
999.99
999.99
999.99
21.8349800288944
21.8866835075494
21.9159743916603
22.0239367015099
22.0824608651313
22.0241713124274
21.9950996289057
21.6914419279907
21.7699258944506
21.679891051245
21.7956318234611
21.770341406759
22.1106771196284
22.2252800770517
22.2687607433217
22.296796379706
22.2787282229965
22.3551454633013
22.5849407665505
999.99
999.99
22.6878166340897
999.99
999.99
999.99
999.99
999.99
999.99
999.99
999.99
999.99
999.99
999.99
999.99
999.99
999.99
999.99
999.99
999.99
999.99
999.99
999.99
999.99
999.99
999.99
999.99
999.99
999.99
999.99
999.99
999.99
999.99
999.99
999.99
999.99
999.99
999.99
999.99
999.99
999.99
999.99
999.99
999.99
999.99
999.99
999.99
999.99
999.99
999.99
999.99
999.99
999.99
999.99
999.99
999.99
999.99
999.99
999.99
999.99
999.99
999.99
999.99
999.99
21.7653431630832
21.8881585365854
22.0422600492904
22.1441202090592
22.1602694824509
22.1724442508711
22.183274071556
22.0569128919861
21.8970654372398
22.0744674088553
22.0879024390244
22.0957676553072
22.0577142857143
22.1640866830968
22.1730522648084
999.99
999.99
999.99
999.99
999.99
999.99
999.99
999.99
999.99
999.99
999.99
999.99
999.99
999.99
999.99
999.99
999.99
999.99
999.99
999.99
999.99
999.99
999.99
999.99
999.99
999.99
999.99
999.99
999.99
999.99
999.99
999.99
999.99
999.99
999.99
999.99
999.99
999.99
999.99
999.99
999.99
999.99
999.99
999.99
999.99
999.99
999.99
999.99
999.99
999.99
999.99
999.99
999.99
999.99
999.99
999.99
999.99
999.99
999.99
999.99
999.99
999.99
999.99
999.99
999.99
999.99
999.99
999.99
21.4935542619189
21.547649825784
21.6444871250106
21.7409094076655
21.8969257244837
22.0203519163763
21.9931324041812
21.9237944250871
22.1193748619019
22.1435968386165
22.1513205574913
22.0019900569389
999.99
999.99
999.99
999.99
999.99
999.99
999.99
999.99
999.99
999.99
999.99
999.99
999.99
999.99
999.99
999.99
999.99
999.99
999.99
999.99
999.99
999.99
999.99
999.99
999.99
999.99
999.99
999.99
999.99
999.99
999.99
999.99
999.99
999.99
999.99
999.99
999.99
999.99
999.99
999.99
999.99
999.99
999.99
999.99
999.99
999.99
999.99
999.99
999.99
999.99
999.99
999.99
999.99
999.99
999.99
999.99
999.99
999.99
999.99
999.99
999.99
999.99
999.99
999.99
999.99
999.99
999.99
999.99
999.99
999.99
999.99
999.99
21.2991637630662
21.2260975609756
999.99
999.99
999.99
999.99
999.99
999.99
999.99
999.99
999.99
999.99
999.99
999.99
999.99
999.99
999.99
999.99
999.99
999.99
999.99
999.99
999.99
999.99
999.99
999.99
999.99
999.99
999.99
999.99
999.99
999.99
999.99
999.99
999.99
999.99
999.99
999.99
999.99
999.99
999.99
999.99
999.99
999.99
999.99
999.99
999.99
999.99
999.99
999.99
999.99
999.99
999.99
999.99
999.99
999.99
999.99
999.99
999.99
999.99
999.99
999.99
999.99
999.99
999.99
999.99
999.99
999.99
999.99
999.99
999.99
999.99
999.99
999.99
999.99
999.99
999.99
999.99
999.99
999.99
999.99
999.99
999.99
999.99
999.99
999.99
999.99
999.99
999.99
999.99
999.99
999.99
999.99
999.99
999.99
999.99
999.99
999.99
999.99
999.99
999.99
999.99
999.99
999.99
999.99
999.99
999.99
999.99
999.99
999.99
999.99
999.99
999.99
999.99
999.99
999.99
999.99
999.99
999.99
999.99
999.99
999.99
999.99
999.99
999.99
999.99
999.99
999.99
999.99
999.99
999.99
999.99
999.99
999.99
999.99
999.99
999.99
999.99
999.99
999.99
999.99
999.99
999.99
999.99
999.99
999.99
999.99
999.99
999.99
999.99
999.99
999.99
999.99
999.99
999.99
999.99
999.99
999.99
999.99
999.99
999.99
999.99
999.99
999.99
999.99
999.99
999.99
999.99
999.99
999.99
999.99
999.99
999.99
999.99
999.99
999.99
999.99
999.99
999.99
999.99
999.99
999.99
999.99
999.99
999.99
999.99
999.99
999.99
999.99
999.99
999.99
999.99
999.99
999.99
999.99
999.99
999.99
999.99
999.99
999.99
999.99
999.99
999.99
999.99
999.99
999.99
999.99
999.99
999.99
999.99
999.99
999.99
999.99
999.99
999.99
999.99
999.99
999.99
999.99
999.99
999.99
999.99
999.99
999.99
999.99
999.99
999.99
999.99
999.99
999.99
999.99
999.99
999.99
999.99
999.99
999.99
999.99
999.99
999.99
999.99
999.99
999.99
999.99
999.99
999.99
999.99
999.99
999.99
999.99
999.99
999.99
999.99
999.99
999.99
999.99
999.99
999.99
999.99
999.99
999.99
999.99
999.99
999.99
999.99
999.99
999.99
999.99
999.99
999.99
999.99
999.99
999.99
999.99
999.99
999.99
999.99
999.99
999.99
999.99
999.99
999.99
999.99
999.99
999.99
999.99
999.99
999.99
999.99
999.99
999.99
999.99
999.99
999.99
999.99
999.99
999.99
999.99
999.99
999.99
999.99
999.99
999.99
999.99
999.99
999.99
999.99
999.99
999.99
999.99
999.99
999.99
999.99
999.99
999.99
999.99
999.99
999.99
999.99
999.99
999.99
999.99
999.99
999.99
999.99
999.99
999.99
999.99
999.99
999.99
999.99
999.99
999.99
999.99
999.99
999.99
999.99
999.99
999.99
999.99
999.99
999.99
999.99
999.99
999.99
999.99
999.99
999.99
999.99
999.99
999.99
999.99
999.99
999.99
999.99
999.99
999.99
999.99
999.99
999.99
999.99
999.99
999.99
999.99
999.99
999.99
999.99
999.99
999.99
999.99
999.99
999.99
999.99
999.99
999.99
999.99
999.99
999.99
999.99
999.99
999.99
999.99
999.99
999.99
999.99
999.99
999.99
999.99
999.99
999.99
999.99
999.99
999.99
999.99
999.99
999.99
999.99
999.99
999.99
999.99
999.99
999.99
999.99
999.99
999.99
999.99
999.99
999.99
999.99
999.99
999.99
999.99
999.99
999.99
