999.99
999.99
999.99
999.99
999.99
999.99
999.99
999.99
999.99
999.99
999.99
999.99
999.99
999.99
999.99
999.99
999.99
999.99
999.99
999.99
999.99
999.99
999.99
999.99
999.99
999.99
999.99
999.99
999.99
999.99
999.99
999.99
999.99
999.99
999.99
999.99
999.99
999.99
999.99
999.99
999.99
999.99
999.99
999.99
999.99
999.99
999.99
999.99
999.99
999.99
999.99
999.99
999.99
999.99
999.99
999.99
999.99
999.99
999.99
999.99
999.99
999.99
999.99
999.99
999.99
999.99
999.99
999.99
999.99
999.99
999.99
999.99
999.99
999.99
999.99
999.99
999.99
999.99
999.99
999.99
999.99
999.99
999.99
999.99
999.99
999.99
999.99
999.99
999.99
999.99
999.99
999.99
999.99
999.99
999.99
999.99
999.99
999.99
999.99
999.99
999.99
999.99
999.99
999.99
999.99
999.99
999.99
999.99
999.99
999.99
999.99
999.99
999.99
999.99
999.99
999.99
999.99
999.99
999.99
999.99
999.99
999.99
999.99
999.99
999.99
999.99
999.99
999.99
999.99
999.99
999.99
999.99
999.99
999.99
24.1786772329396
24.2203355995581
23.9295505226481
23.8330016146851
23.6216794425087
23.3983644089403
23.3206759581883
23.5915072660832
23.303512195122
23.3014108098921
23.1270383275261
23.0186957593269
22.9638222996516
22.9795163593099
23.0326759581882
22.9394741225461
22.6584459930314
22.2041459165464
21.6250383275262
21.4626445993031
20.5452961672474
999.99
999.99
999.99
999.99
999.99
999.99
999.99
999.99
999.99
999.99
999.99
999.99
999.99
999.99
999.99
999.99
999.99
999.99
999.99
999.99
999.99
999.99
999.99
999.99
999.99
999.99
999.99
999.99
999.99
999.99
999.99
999.99
999.99
999.99
999.99
999.99
999.99
999.99
999.99
999.99
999.99
999.99
999.99
999.99
999.99
999.99
999.99
999.99
999.99
999.99
999.99
999.99
999.99
999.99
999.99
999.99
999.99
999.99
999.99
999.99
999.99
999.99
24.0632530745791
24.0400900278017
23.8844619213539
23.939887433379
23.7180843703336
23.7803459250446
23.1200813837731
23.1621884204008
23.5361635141862
23.3965780997705
23.1001470881035
22.8706624215421
22.8991331508213
23.0037431193774
22.994181184669
23.0937142857143
22.9941207068193
22.8205033811264
22.1997259830762
21.6985853051513
20.7481505724241
999.99
999.99
999.99
999.99
999.99
999.99
999.99
999.99
999.99
999.99
999.99
999.99
999.99
999.99
999.99
999.99
999.99
999.99
999.99
999.99
999.99
999.99
999.99
999.99
999.99
999.99
999.99
999.99
999.99
999.99
999.99
999.99
999.99
999.99
999.99
999.99
999.99
999.99
999.99
999.99
999.99
999.99
999.99
999.99
999.99
999.99
999.99
999.99
999.99
999.99
999.99
999.99
999.99
999.99
999.99
999.99
999.99
999.99
999.99
999.99
999.99
999.99
24.1169730602532
24.0465866406051
23.6945121951219
23.7875427041727
24.1387421602788
23.6706861561995
23.5819128919861
23.5843293107844
23.6314111498258
23.37685374352
23.325787456446
23.1973519163763
23.1778850174216
23.0455779722954
22.9945679442509
22.9641340188663
22.5859756097561
22.1797821874735
21.604780487805
20.9100856632957
20.6187526132404
999.99
999.99
999.99
999.99
999.99
999.99
999.99
999.99
999.99
999.99
999.99
999.99
999.99
999.99
999.99
999.99
999.99
999.99
999.99
999.99
999.99
999.99
999.99
999.99
999.99
999.99
999.99
999.99
999.99
999.99
999.99
999.99
999.99
999.99
999.99
999.99
999.99
999.99
999.99
999.99
999.99
999.99
999.99
999.99
999.99
999.99
999.99
999.99
999.99
999.99
999.99
999.99
999.99
999.99
999.99
999.99
999.99
999.99
999.99
999.99
999.99
999.99
24.1974498172857
24.5719608226396
24.3610452961673
24.2886353361095
23.8959825783972
23.5588412509561
23.6172264808361
23.7611910427466
23.209299651568
23.3777623013512
23.4655331010453
23.4563344947735
23.3788885017422
23.0846694144642
22.8461114982578
22.5221584091102
22.4818989547039
22.2271986912553
21.6621951219512
21.7531916376306
24.7231841697057
999.99
999.99
999.99
999.99
999.99
999.99
999.99
999.99
999.99
999.99
999.99
999.99
999.99
999.99
999.99
999.99
999.99
999.99
999.99
999.99
999.99
999.99
999.99
999.99
999.99
999.99
999.99
999.99
999.99
999.99
999.99
999.99
999.99
999.99
999.99
999.99
999.99
999.99
999.99
999.99
999.99
999.99
999.99
999.99
999.99
999.99
999.99
999.99
999.99
999.99
999.99
999.99
999.99
999.99
999.99
999.99
999.99
999.99
999.99
999.99
999.99
999.99
999.99
23.9820809042237
23.8746202090592
23.7566965241778
23.6821672473867
23.4828297781932
23.4196445993031
23.3369657516784
23.3545365853659
23.3658462649783
23.4223414634146
23.4762218917311
23.4408083623693
23.3105621653777
23.0493275261324
22.756362369338
22.5048536585366
21.9801243307555
21.337693379791
21.2909824084304
24.7231841697057
24.7231841697057
999.99
999.99
999.99
999.99
999.99
999.99
999.99
999.99
999.99
999.99
999.99
999.99
999.99
999.99
999.99
999.99
999.99
999.99
999.99
999.99
999.99
999.99
999.99
999.99
999.99
999.99
999.99
999.99
999.99
999.99
999.99
999.99
999.99
999.99
999.99
999.99
999.99
999.99
999.99
999.99
999.99
999.99
999.99
999.99
999.99
999.99
999.99
999.99
999.99
999.99
999.99
999.99
999.99
999.99
999.99
999.99
999.99
999.99
999.99
999.99
999.99
24.0908862071896
24.0454729327781
24.1103031358885
23.8017286479136
23.6304947735191
23.401063312654
23.3504181184669
23.3719475652248
23.4767979094077
23.4674750573638
23.6822229965157
23.8055288518739
23.7665331010453
23.7984226225886
23.8682334494773
23.6205065862156
23.4340905923345
23.1337511685222
22.3991707317074
21.4594846604913
20.9527526132404
999.99
999.99
999.99
999.99
999.99
999.99
999.99
999.99
999.99
999.99
999.99
999.99
999.99
999.99
999.99
999.99
999.99
999.99
999.99
999.99
999.99
999.99
999.99
999.99
999.99
999.99
999.99
999.99
999.99
999.99
999.99
999.99
999.99
999.99
999.99
999.99
999.99
999.99
999.99
999.99
999.99
999.99
999.99
999.99
999.99
999.99
999.99
999.99
999.99
999.99
999.99
999.99
999.99
999.99
999.99
999.99
999.99
999.99
999.99
999.99
999.99
999.99
999.99
999.99
23.9781544715447
23.7749775643749
23.7043403019744
23.618806181128
23.4551486643438
23.5055714285714
23.6163797909408
23.8016547406589
23.6648919860627
23.7669994334438
23.8972427409988
23.9863674116881
23.9800511033682
23.9387698082207
23.7581904761905
23.5948634599587
23.1643217189315
22.8022044418006
22.1715191637631
22.5755064729045
24.7231841697057
999.99
999.99
999.99
999.99
999.99
999.99
999.99
999.99
999.99
999.99
999.99
999.99
999.99
999.99
999.99
999.99
999.99
999.99
999.99
999.99
999.99
999.99
999.99
999.99
999.99
999.99
999.99
999.99
999.99
999.99
999.99
999.99
999.99
999.99
999.99
999.99
999.99
999.99
999.99
999.99
999.99
999.99
999.99
999.99
999.99
999.99
999.99
999.99
999.99
999.99
999.99
999.99
999.99
999.99
999.99
999.99
999.99
999.99
999.99
999.99
999.99
999.99
999.99
23.6401846689895
23.6023205574913
23.4460282994816
23.5524041811846
23.5882638735446
23.6920069686411
23.7696291323192
23.8803170731707
23.9785647148806
24.0160348432056
24.1308008838277
24.1608048780488
24.0928538285034
24.0003344947735
23.692037902609
23.3567108013937
23.0457754737826
22.5605087108014
22.0184529616725
21.9006230135124
21.6807648083624
999.99
999.99
999.99
999.99
999.99
999.99
999.99
999.99
999.99
999.99
999.99
999.99
999.99
999.99
999.99
999.99
999.99
999.99
999.99
999.99
999.99
999.99
999.99
999.99
999.99
999.99
999.99
999.99
999.99
999.99
999.99
999.99
999.99
999.99
999.99
999.99
999.99
999.99
999.99
999.99
999.99
999.99
999.99
999.99
999.99
999.99
999.99
999.99
999.99
999.99
999.99
999.99
999.99
999.99
999.99
999.99
999.99
999.99
24.0161127426581
23.9538449335713
23.9571325336797
23.8859585199934
23.85523500346
23.8115392400863
23.7197593876337
23.6858802057408
23.9537540215372
24.2348231292517
24.4185392967419
24.4488347436536
24.3693734293241
24.4273505890161
24.3880666270077
24.3254400199104
24.3140184980595
24.1660175875228
24.0853945578231
23.9855993031359
23.4829708911525
999.99
999.99
999.99
999.99
999.99
999.99
999.99
999.99
999.99
999.99
999.99
999.99
999.99
999.99
999.99
999.99
999.99
999.99
999.99
999.99
999.99
999.99
999.99
999.99
999.99
999.99
999.99
999.99
999.99
999.99
999.99
999.99
999.99
999.99
999.99
999.99
999.99
999.99
999.99
999.99
999.99
999.99
999.99
999.99
999.99
999.99
999.99
999.99
999.99
999.99
999.99
999.99
999.99
999.99
999.99
999.99
999.99
999.99
999.99
999.99
999.99
999.99
999.99
24.0735540069686
24.0930226905753
24.1233066202091
23.9286935497578
23.8401672473868
23.7565888501742
23.7836794425087
24.1085246027024
24.2901602787456
24.3682945525623
24.4392996515679
24.5777115662446
24.687668989547
24.7467124160789
24.6537177700348
24.547249851279
24.4264843205575
24.3264826208889
24.2757770034843
24.1689932863092
23.8080557491289
999.99
999.99
999.99
999.99
999.99
999.99
999.99
999.99
999.99
999.99
999.99
999.99
999.99
999.99
999.99
999.99
999.99
999.99
999.99
999.99
999.99
999.99
999.99
999.99
999.99
999.99
999.99
999.99
999.99
999.99
999.99
999.99
999.99
999.99
999.99
999.99
999.99
999.99
999.99
999.99
999.99
999.99
999.99
999.99
999.99
999.99
999.99
999.99
999.99
999.99
999.99
999.99
999.99
999.99
999.99
999.99
999.99
999.99
999.99
999.99
999.99
999.99
24.1440769383304
24.2130620136216
24.0700441347271
24.0376268134857
24.0823789613407
24.1516437413752
24.0294466567115
23.9475270024726
24.2810489464078
24.5660136054422
24.6203753111001
24.8164184138855
24.8172213373154
24.7240909767833
24.7427114650738
24.7625859607376
24.5291763729882
24.3400743443124
23.9839387755102
23.8703831376691
23.4226948730712
999.99
999.99
999.99
999.99
999.99
999.99
999.99
999.99
999.99
999.99
999.99
999.99
999.99
999.99
999.99
999.99
999.99
999.99
999.99
999.99
999.99
999.99
999.99
999.99
999.99
999.99
999.99
999.99
999.99
999.99
999.99
999.99
999.99
999.99
999.99
999.99
999.99
999.99
999.99
999.99
999.99
999.99
999.99
999.99
999.99
999.99
999.99
999.99
999.99
999.99
999.99
999.99
999.99
999.99
999.99
999.99
999.99
999.99
999.99
999.99
999.99
999.99
999.99
999.99
999.99
999.99
24.2600069686411
24.1955094756522
24.2049825783972
24.0955948839976
24.0015226480836
24.1056439194357
24.3448536585366
24.3652163678083
24.3544390243902
24.3079240248152
24.1119407665505
24.0363088297782
24.0415540069686
23.9035337809127
23.6633240418119
23.2357034078355
22.9058606271777
22.2250711311294
21.9011323191977
21.3813432055749
21.3472087192997
999.99
999.99
999.99
999.99
999.99
999.99
999.99
999.99
999.99
999.99
999.99
999.99
999.99
999.99
999.99
999.99
999.99
999.99
999.99
999.99
999.99
999.99
999.99
999.99
999.99
999.99
999.99
999.99
999.99
999.99
999.99
999.99
999.99
999.99
999.99
999.99
999.99
999.99
999.99
999.99
999.99
999.99
999.99
999.99
999.99
999.99
999.99
999.99
999.99
999.99
999.99
999.99
999.99
999.99
999.99
999.99
999.99
999.99
999.99
999.99
999.99
999.99
24.1983484320557
24.0062335344608
24.0395121951219
23.9812963372142
24.1145888501742
24.0387232939577
24.0784912891986
23.8851922325147
23.8224181184669
23.7486036372907
23.750031358885
23.7004192232515
23.7217804878049
23.6313626242883
23.4089198606272
23.0180739355826
22.4952299651568
22.5211789750999
22.4058370017846
22.0890243902439
21.80986266678
999.99
999.99
999.99
999.99
999.99
999.99
999.99
999.99
999.99
999.99
999.99
999.99
999.99
999.99
999.99
999.99
999.99
999.99
999.99
999.99
999.99
999.99
999.99
999.99
999.99
999.99
999.99
999.99
999.99
999.99
999.99
999.99
999.99
999.99
999.99
999.99
999.99
999.99
999.99
999.99
999.99
999.99
999.99
999.99
999.99
999.99
999.99
999.99
999.99
999.99
999.99
999.99
999.99
999.99
999.99
999.99
999.99
999.99
999.99
999.99
999.99
999.99
24.6287073170731
24.2345139797739
23.8144634146342
23.7466317668055
23.8075853658537
23.7677311124331
23.580487804878
23.7855966686496
23.7665365853659
23.6336686496133
23.7514634146341
23.7683218322427
23.7647317073171
23.4475609756098
23.3491463414634
23.3378096371208
23.3375365853658
23.2925395597858
23.3112123735871
23.2050609756097
22.7820862581796
999.99
999.99
999.99
999.99
999.99
999.99
999.99
999.99
999.99
999.99
999.99
999.99
999.99
999.99
999.99
999.99
999.99
999.99
999.99
999.99
999.99
999.99
999.99
999.99
999.99
999.99
999.99
999.99
999.99
999.99
999.99
999.99
999.99
999.99
999.99
999.99
999.99
999.99
999.99
999.99
999.99
999.99
999.99
999.99
999.99
999.99
999.99
999.99
999.99
999.99
999.99
999.99
999.99
999.99
999.99
999.99
999.99
999.99
999.99
999.99
999.99
999.99
999.99
24.7180255800119
24.710606271777
24.5522596243732
24.3831463414634
24.3121675873204
24.0842508710801
23.7589967706298
23.8062473867596
23.8664982578397
23.6943310104529
23.5536483385739
23.566818815331
23.6879411064842
23.7904947735192
23.786215517974
23.8771254355401
23.989226225886
24.0281160023795
23.8655278745645
23.3867688450752
22.9075871080139
999.99
999.99
999.99
999.99
999.99
999.99
999.99
999.99
999.99
999.99
999.99
999.99
999.99
999.99
999.99
999.99
999.99
999.99
999.99
999.99
999.99
999.99
999.99
999.99
999.99
999.99
999.99
999.99
999.99
999.99
999.99
999.99
999.99
999.99
999.99
999.99
999.99
999.99
999.99
999.99
999.99
999.99
999.99
999.99
999.99
999.99
999.99
999.99
999.99
999.99
999.99
999.99
999.99
999.99
999.99
999.99
999.99
999.99
999.99
999.99
999.99
999.99
24.8565476352349
24.9175774016924
24.959505270996
25.0388547370168
25.0353745057809
24.9461292517007
24.6865210536327
24.6904264974282
24.7382439246966
24.6024638294342
24.483693877551
24.337843537415
24.3250263914012
24.3352699518832
24.289058080103
24.2750340136054
24.353607081143
24.394497323022
24.4067306288369
24.1828822514133
23.84950016592
999.99
999.99
999.99
999.99
999.99
999.99
999.99
999.99
999.99
999.99
999.99
999.99
999.99
999.99
999.99
999.99
999.99
999.99
999.99
999.99
999.99
999.99
999.99
999.99
999.99
999.99
999.99
999.99
999.99
999.99
999.99
999.99
999.99
999.99
999.99
999.99
999.99
999.99
999.99
999.99
999.99
999.99
999.99
999.99
999.99
999.99
999.99
999.99
999.99
999.99
999.99
999.99
999.99
999.99
999.99
999.99
999.99
999.99
999.99
999.99
999.99
999.99
999.99
999.99
24.9712080394323
25.1895400696864
25.3370394323107
25.1637108013937
25.1196515679443
25.0730662020906
24.974949604827
24.7251881533101
24.5040035693039
24.739606271777
24.8912316648253
24.6921567944251
24.5609510495453
24.5227108013937
24.522419733152
24.4208591824594
24.3867090592334
24.2422423727373
23.4114912891985
22.9331895980285
21.5534477351917
999.99
999.99
999.99
999.99
999.99
999.99
999.99
999.99
999.99
999.99
999.99
999.99
999.99
999.99
999.99
999.99
999.99
999.99
999.99
999.99
999.99
999.99
999.99
999.99
999.99
999.99
999.99
999.99
999.99
999.99
999.99
999.99
999.99
999.99
999.99
999.99
999.99
999.99
999.99
999.99
999.99
999.99
999.99
999.99
999.99
999.99
999.99
999.99
999.99
999.99
999.99
999.99
999.99
999.99
999.99
999.99
999.99
999.99
999.99
999.99
999.99
999.99
25.1064419644122
25.2281118300979
25.4423381288268
25.2368047950887
25.2309820057708
25.1082505392401
25.335037414966
25.2254768541563
25.0600028408746
24.864450223992
24.7413298166381
24.701574829932
24.700627541915
24.7881949560312
24.6731683238435
24.597718360872
24.4735223162436
24.308305561963
23.9615330180853
23.2372896275704
21.5290715115315
999.99
999.99
999.99
999.99
999.99
999.99
999.99
999.99
999.99
999.99
999.99
999.99
999.99
999.99
999.99
999.99
999.99
999.99
999.99
999.99
999.99
999.99
999.99
999.99
999.99
999.99
999.99
999.99
999.99
999.99
999.99
999.99
999.99
999.99
999.99
999.99
999.99
999.99
999.99
999.99
999.99
999.99
999.99
999.99
999.99
999.99
999.99
999.99
999.99
999.99
999.99
999.99
999.99
999.99
999.99
999.99
999.99
999.99
999.99
999.99
999.99
25.0704006968641
25.116521543299
25.2768641114983
25.2595539219852
25.4449198606272
25.3450670519249
25.1379094076655
25.0814397042577
25.0618292682927
24.994790430866
24.7112926829268
24.6790490354381
24.8365156794425
24.8674500722359
24.8382787456446
24.7340070536245
24.6751622333645
24.4737473867596
24.0553031358885
23.7065714285714
22.8710485255377
999.99
999.99
999.99
999.99
999.99
999.99
999.99
999.99
999.99
999.99
999.99
999.99
999.99
999.99
999.99
999.99
999.99
999.99
999.99
999.99
999.99
999.99
999.99
999.99
999.99
999.99
999.99
999.99
999.99
999.99
999.99
999.99
999.99
999.99
999.99
999.99
999.99
999.99
999.99
999.99
999.99
999.99
999.99
999.99
999.99
999.99
999.99
999.99
999.99
999.99
999.99
999.99
999.99
999.99
999.99
999.99
999.99
999.99
999.99
999.99
999.99
999.99
999.99
999.99
999.99
25.3065637962502
25.2759698025552
25.3413945578231
25.1390754106521
24.9768674926246
24.8306295005807
25.0346598598988
25.0785368342459
25.0055660948496
24.7854262485482
24.6068583933276
24.6548860129418
24.5886666666667
24.4726433528795
24.1710609756098
23.6754607599137
23.0933578065372
22.1878367346939
21.7175012444002
21.7602300845382
24.7231841697057
999.99
999.99
999.99
999.99
999.99
999.99
999.99
999.99
999.99
999.99
999.99
999.99
999.99
999.99
999.99
999.99
999.99
999.99
999.99
999.99
999.99
999.99
999.99
999.99
999.99
999.99
999.99
999.99
999.99
999.99
999.99
999.99
999.99
999.99
999.99
999.99
999.99
999.99
999.99
999.99
999.99
999.99
999.99
999.99
999.99
999.99
999.99
999.99
999.99
999.99
999.99
999.99
999.99
999.99
999.99
999.99
999.99
999.99
999.99
999.99
999.99
25.3843902439024
25.3037751338489
25.285487804878
25.0943242117787
25.0332195121951
24.9577626412849
24.9284146341463
25.009261748959
24.9936829268293
24.9456157049376
24.7338780487805
24.4246537775134
24.2203170731707
24.1082914931588
23.8395413444378
23.2907804878049
22.9038256989887
21.8750121951219
21.2649976204641
24.7231841697057
999.99
999.99
999.99
999.99
999.99
999.99
999.99
999.99
999.99
999.99
999.99
999.99
999.99
999.99
999.99
999.99
999.99
999.99
999.99
999.99
999.99
999.99
999.99
999.99
999.99
999.99
999.99
999.99
999.99
999.99
999.99
999.99
999.99
999.99
999.99
999.99
999.99
999.99
999.99
999.99
999.99
999.99
999.99
999.99
999.99
999.99
999.99
999.99
999.99
999.99
999.99
999.99
999.99
999.99
999.99
999.99
999.99
999.99
999.99
999.99
999.99
999.99
25.2510168267188
25.3451289198606
25.3872199371123
25.2851289198606
25.1244702982918
25.0522369337979
25.1552145831563
25.1063275261324
25.0235625053114
25.0733066202091
25.0492000509901
24.8468222996516
24.5306623608397
24.2480418118467
23.8593759666865
23.093824594204
22.2030104529617
21.4693598198351
20.8528292682926
20.4434402141582
999.99
999.99
999.99
999.99
999.99
999.99
999.99
999.99
999.99
999.99
999.99
999.99
999.99
999.99
999.99
999.99
999.99
999.99
999.99
999.99
999.99
999.99
999.99
999.99
999.99
999.99
999.99
999.99
999.99
999.99
999.99
999.99
999.99
999.99
999.99
999.99
999.99
999.99
999.99
999.99
999.99
999.99
999.99
999.99
999.99
999.99
999.99
999.99
999.99
999.99
999.99
999.99
999.99
999.99
999.99
999.99
999.99
999.99
999.99
999.99
999.99
999.99
999.99
999.99
25.3051986062718
25.0807431800799
24.9958362369338
24.9854121696269
24.9443379790941
24.9477606016827
25.0126829268293
25.039318517889
24.7995017421603
24.5913205574913
24.2044146341465
23.6876870910173
22.8640696864112
21.9397470043342
21.2129959207954
21.0789616724739
20.751081159174
20.4541324041812
30.2295597858335
24.7231841697057
999.99
999.99
999.99
999.99
999.99
999.99
999.99
999.99
999.99
999.99
999.99
999.99
999.99
999.99
999.99
999.99
999.99
999.99
999.99
999.99
999.99
999.99
999.99
999.99
999.99
999.99
999.99
999.99
999.99
999.99
999.99
999.99
999.99
999.99
999.99
999.99
999.99
999.99
999.99
999.99
999.99
999.99
999.99
999.99
999.99
999.99
999.99
999.99
999.99
999.99
999.99
999.99
999.99
999.99
999.99
999.99
999.99
999.99
999.99
999.99
999.99
25.1622299651568
25.1589821534801
25.0091742160279
24.9179017591569
24.8261149825784
24.7968432905584
24.8508397212544
24.6624572958273
24.4081533101045
24.2093519163763
23.9301916376307
23.4069075380302
22.8987735191638
22.260119656667
22.0899163763066
21.8344969830883
21.5025177190448
21.4241480836237
21.0380565989632
20.7542404181184
999.99
999.99
999.99
999.99
999.99
999.99
999.99
999.99
999.99
999.99
999.99
999.99
999.99
999.99
999.99
999.99
999.99
999.99
999.99
999.99
999.99
999.99
999.99
999.99
999.99
999.99
999.99
999.99
999.99
999.99
999.99
999.99
999.99
999.99
999.99
999.99
999.99
999.99
999.99
999.99
999.99
999.99
999.99
999.99
999.99
999.99
999.99
999.99
999.99
999.99
999.99
999.99
999.99
999.99
999.99
999.99
999.99
999.99
999.99
999.99
999.99
999.99
999.99
999.99
25.4475539219853
25.0043135888502
24.5516651652928
24.634299651568
24.7544649443358
24.5864041811847
24.4495342908133
24.319275261324
24.0706115407495
23.6729547038328
23.3796304920541
23.2242857142858
22.7935628452452
22.6002508710801
22.2664120846435
21.8148118466899
21.5948170731707
21.4383311804198
20.8514825783972
30.4334143791878
999.99
999.99
999.99
999.99
999.99
999.99
999.99
999.99
999.99
999.99
999.99
999.99
999.99
999.99
999.99
999.99
999.99
999.99
999.99
999.99
999.99
999.99
999.99
999.99
999.99
999.99
999.99
999.99
999.99
999.99
999.99
999.99
999.99
999.99
999.99
999.99
999.99
999.99
999.99
999.99
999.99
999.99
999.99
999.99
999.99
999.99
999.99
999.99
999.99
999.99
999.99
999.99
999.99
999.99
999.99
999.99
999.99
999.99
999.99
999.99
999.99
999.99
25.2581707317074
25.3123701878134
25.2263275261324
25.2407328970851
25.0512334494773
24.78949553837
24.5725261324042
24.4062696524178
24.2446968641115
24.0182726268377
23.9127456445993
23.9418052179825
23.5816167247387
23.3127526132404
23.0783867595819
22.6354650293193
22.0875846859862
21.6456358885018
21.2613284609501
20.9725871080139
999.99
999.99
999.99
999.99
999.99
999.99
999.99
999.99
999.99
999.99
999.99
999.99
999.99
999.99
999.99
999.99
999.99
999.99
999.99
999.99
999.99
999.99
999.99
999.99
999.99
999.99
999.99
999.99
999.99
999.99
999.99
999.99
999.99
999.99
999.99
999.99
999.99
999.99
999.99
999.99
999.99
999.99
999.99
999.99
999.99
999.99
999.99
999.99
999.99
999.99
999.99
999.99
999.99
999.99
999.99
999.99
999.99
999.99
999.99
999.99
999.99
999.99
999.99
999.99
999.99
24.9094693877551
24.8632544403841
24.7239910403186
24.6785139190715
24.5577272274764
24.4228919617817
24.3023200597312
24.3536331751023
24.1387715281234
24.0036203304642
23.7774141363863
23.5480514028336
23.3057421602787
22.8619598878219
22.4626734693878
21.9613815331011
21.6557653850356
21.4038792931807
21.3823414998361
21.3774897959184
999.99
999.99
999.99
999.99
999.99
999.99
999.99
999.99
999.99
999.99
999.99
999.99
999.99
999.99
999.99
999.99
999.99
999.99
999.99
999.99
999.99
999.99
999.99
999.99
999.99
999.99
999.99
999.99
999.99
999.99
999.99
999.99
999.99
999.99
999.99
999.99
999.99
999.99
999.99
999.99
999.99
999.99
999.99
999.99
999.99
999.99
999.99
999.99
999.99
999.99
999.99
999.99
999.99
999.99
999.99
999.99
999.99
999.99
999.99
999.99
999.99
999.99
999.99
24.983
25.0453712076145
25.2479268292683
25.224762046401
24.9866829268293
24.9286210588935
24.9060731707317
24.5902207019631
24.1623658536585
23.8136531826295
23.4949512195122
23.3343944080904
23.2156585365854
22.8689779892921
22.3341457465794
22.0339634146342
21.8021707317073
21.9258414634147
21.811004164188
21.8313170731707
999.99
999.99
999.99
999.99
999.99
999.99
999.99
999.99
999.99
999.99
999.99
999.99
999.99
999.99
999.99
999.99
999.99
999.99
999.99
999.99
999.99
999.99
999.99
999.99
999.99
999.99
999.99
999.99
999.99
999.99
999.99
999.99
999.99
999.99
999.99
999.99
999.99
999.99
999.99
999.99
999.99
999.99
999.99
999.99
999.99
999.99
999.99
999.99
999.99
999.99
999.99
999.99
999.99
999.99
999.99
999.99
999.99
999.99
999.99
999.99
999.99
999.99
25.1381419830276
25.1996416127427
25.2117724508007
25.2981513190642
25.2241541113769
25.1771209556994
25.037965618133
24.7615326032852
24.4531329019412
24.1070871080139
23.8506307712854
23.5813897461424
23.306120773592
23.104181184669
22.8043051633503
22.3444012674671
22.1398758088601
22.0019751969794
21.9870482827277
21.8049330330586
999.99
999.99
999.99
999.99
999.99
999.99
999.99
999.99
999.99
999.99
999.99
999.99
999.99
999.99
999.99
999.99
999.99
999.99
999.99
999.99
999.99
999.99
999.99
999.99
999.99
999.99
999.99
999.99
999.99
999.99
999.99
999.99
999.99
999.99
999.99
999.99
999.99
999.99
999.99
999.99
999.99
999.99
999.99
999.99
999.99
999.99
999.99
999.99
999.99
999.99
999.99
999.99
999.99
999.99
999.99
999.99
999.99
999.99
999.99
999.99
999.99
999.99
999.99
25.0962294552562
25.151212543554
25.1619071980964
25.2694982578397
25.1869517294128
25.0482508710801
24.8427605166992
24.6185644599303
24.3745258774539
24.4030905923345
24.5344501572193
24.0841114982579
23.7394985977735
23.3300905923345
23.0028568029234
22.4677758137163
22.1752142857143
21.9503859097476
21.6657752613241
21.4363416333815
999.99
999.99
999.99
999.99
999.99
999.99
999.99
999.99
999.99
999.99
999.99
999.99
999.99
999.99
999.99
999.99
999.99
999.99
999.99
999.99
999.99
999.99
999.99
999.99
999.99
999.99
999.99
999.99
999.99
999.99
999.99
999.99
999.99
999.99
999.99
999.99
999.99
999.99
999.99
999.99
999.99
999.99
999.99
999.99
999.99
999.99
999.99
999.99
999.99
999.99
999.99
999.99
999.99
999.99
999.99
999.99
999.99
999.99
999.99
999.99
999.99
25.2626532676128
25.2287177700348
25.2898460950115
25.2590522648084
25.291881533101
25.2765087108014
25.2272361689471
25.1554982578397
25.081939066882
25.0882473867596
25.0415602107589
24.9577108013937
24.9500310189513
24.9312334494774
24.7028201750659
24.1805505226481
23.4908992096541
22.8341831392878
22.1323815331011
21.542425087108
999.99
999.99
999.99
999.99
999.99
999.99
999.99
999.99
999.99
999.99
999.99
999.99
999.99
999.99
999.99
999.99
999.99
999.99
999.99
999.99
999.99
999.99
999.99
999.99
999.99
999.99
999.99
999.99
999.99
999.99
999.99
999.99
999.99
999.99
999.99
999.99
999.99
999.99
999.99
999.99
999.99
999.99
999.99
999.99
999.99
999.99
999.99
999.99
999.99
999.99
999.99
999.99
999.99
999.99
999.99
999.99
999.99
999.99
999.99
999.99
999.99
999.99
999.99
999.99
25.2893484320558
25.2293562505311
25.2325261324042
25.2297421602787
25.2269094076655
25.2198705702388
25.2470104529617
25.2641601087788
25.1966027874564
25.2361707317073
25.178668989547
25.1431686071216
25.0555331010453
24.7449159513895
24.3399895470383
23.5953367043426
23.0692756012576
22.2471358885018
21.715434605252
21.289200348432
999.99
999.99
999.99
999.99
999.99
999.99
999.99
999.99
999.99
999.99
999.99
999.99
999.99
999.99
999.99
999.99
999.99
999.99
999.99
999.99
999.99
999.99
999.99
999.99
999.99
999.99
999.99
999.99
999.99
999.99
999.99
999.99
999.99
999.99
999.99
999.99
999.99
999.99
999.99
999.99
999.99
999.99
999.99
999.99
999.99
999.99
999.99
999.99
999.99
999.99
999.99
999.99
999.99
999.99
999.99
999.99
999.99
999.99
999.99
999.99
999.99
999.99
999.99
25.3882682926829
25.3492240163168
25.3677735191638
25.3345348007139
25.2648850174216
25.4297392708422
25.4723519163763
25.4911625732982
25.4535853658537
25.503068071726
25.439543554007
25.5546196991586
25.399818815331
25.2616027874564
24.861094076655
24.3886410299991
23.5919364323955
22.2186289198607
21.2356369507946
24.7231841697057
999.99
999.99
999.99
999.99
999.99
999.99
999.99
999.99
999.99
999.99
999.99
999.99
999.99
999.99
999.99
999.99
999.99
999.99
999.99
999.99
999.99
999.99
999.99
999.99
999.99
999.99
999.99
999.99
999.99
999.99
999.99
999.99
999.99
999.99
999.99
999.99
999.99
999.99
999.99
999.99
999.99
999.99
999.99
999.99
999.99
999.99
999.99
999.99
999.99
999.99
999.99
999.99
999.99
999.99
999.99
999.99
999.99
999.99
999.99
999.99
999.99
999.99
25.4578642814651
25.492818815331
25.4394191382681
25.3563066202091
25.3525493328801
25.438637630662
25.4995964986828
25.487637630662
25.4518750743605
25.5163484320557
25.4779705107504
25.4510104529617
25.4298684456531
25.4471846689896
25.4134876349112
25.1949303135888
24.6514959632871
23.8233829353275
22.4390365853659
22.1867488739696
999.99
999.99
999.99
999.99
999.99
999.99
999.99
999.99
999.99
999.99
999.99
999.99
999.99
999.99
999.99
999.99
999.99
999.99
999.99
999.99
999.99
999.99
999.99
999.99
999.99
999.99
999.99
999.99
999.99
999.99
999.99
999.99
999.99
999.99
999.99
999.99
999.99
999.99
999.99
999.99
999.99
999.99
999.99
999.99
999.99
999.99
999.99
999.99
999.99
999.99
999.99
999.99
999.99
999.99
999.99
999.99
999.99
999.99
999.99
999.99
999.99
999.99
25.6319024390244
25.5708334324807
25.4930731707317
25.5209678762641
25.3660975609756
25.3347977394408
25.442756097561
25.4668370017847
25.4864390243902
25.5135907198096
25.4624878048781
25.5094776918501
25.581
25.4273854848305
25.3995853658537
25.2776686496133
25.1738780487805
24.8883902439024
24.4451052944675
23.1740853658537
999.99
999.99
999.99
999.99
999.99
999.99
999.99
999.99
999.99
999.99
999.99
999.99
999.99
999.99
999.99
999.99
999.99
999.99
999.99
999.99
999.99
999.99
999.99
999.99
999.99
999.99
999.99
999.99
999.99
999.99
999.99
999.99
999.99
999.99
999.99
999.99
999.99
999.99
999.99
999.99
999.99
999.99
999.99
999.99
999.99
999.99
999.99
999.99
999.99
999.99
999.99
999.99
999.99
999.99
999.99
999.99
999.99
999.99
999.99
999.99
999.99
999.99
999.99
25.4366937945911
25.4781810754046
25.4562959183673
25.4659132177559
25.5773387257342
25.5947477347869
25.6227964161274
25.6540151715653
25.5956082628173
25.6451652179016
25.5352782478845
25.4318820672826
25.4314996681599
25.3613786234303
25.1638791272607
25.0494671984201
25.0079556163929
24.8178959236282
24.0050180144634
23.3505306122449
999.99
999.99
999.99
999.99
999.99
999.99
999.99
999.99
999.99
999.99
999.99
999.99
999.99
999.99
999.99
999.99
999.99
999.99
999.99
999.99
999.99
999.99
999.99
999.99
999.99
999.99
999.99
999.99
999.99
999.99
999.99
999.99
999.99
999.99
999.99
999.99
999.99
999.99
999.99
999.99
999.99
999.99
999.99
999.99
999.99
999.99
999.99
999.99
999.99
999.99
999.99
999.99
999.99
999.99
999.99
999.99
999.99
999.99
999.99
999.99
999.99
999.99
999.99
999.99
25.1304980028894
25.1492160278746
25.3242720319537
25.735149825784
25.8165024220277
25.8008571428571
25.7946202090592
25.7812229965157
25.6025199286139
25.6921533101045
25.3525440639075
25.3258083623693
25.0847648508542
24.8601149825784
24.7690646723889
24.621031358885
24.326714625648
24.0914125945441
23.4020540069687
24.2484338403989
999.99
999.99
999.99
999.99
999.99
999.99
999.99
999.99
999.99
999.99
999.99
999.99
999.99
999.99
999.99
999.99
999.99
999.99
999.99
999.99
999.99
999.99
999.99
999.99
999.99
999.99
999.99
999.99
999.99
999.99
999.99
999.99
999.99
999.99
999.99
999.99
999.99
999.99
999.99
999.99
999.99
999.99
999.99
999.99
999.99
999.99
999.99
999.99
999.99
999.99
999.99
999.99
999.99
999.99
999.99
999.99
999.99
999.99
25.2061516772087
25.265735563946
25.3182490459598
25.3559965986395
25.5931007134561
25.506126400709
25.6026696532271
25.5099274868781
25.7097482993197
25.7772297951899
25.7309900447984
25.5761855228707
25.530443919031
25.4869803324066
25.5362110502738
25.4303395431938
25.1907823129252
25.0054755146556
24.8787253193961
24.3323064846403
999.99
999.99
999.99
999.99
999.99
999.99
999.99
999.99
999.99
999.99
999.99
999.99
999.99
999.99
999.99
999.99
999.99
999.99
999.99
999.99
999.99
999.99
999.99
999.99
999.99
999.99
999.99
999.99
999.99
999.99
999.99
999.99
999.99
999.99
999.99
999.99
999.99
999.99
999.99
999.99
999.99
999.99
999.99
999.99
999.99
999.99
999.99
999.99
999.99
999.99
999.99
999.99
999.99
999.99
999.99
999.99
999.99
999.99
999.99
999.99
24.8181289198606
24.7137730942466
24.7728902439024
24.8298034333305
24.8987091017252
24.9616515679442
24.9748678507691
25.2426794425088
25.372349876774
25.4267456445993
25.5615102405031
25.1336620209059
25.0631031698819
25.3922717770035
25.5633039007393
25.3237909407666
25.2133495368403
25.2548153310105
25.3415565564715
25.1627665505226
999.99
999.99
999.99
999.99
999.99
999.99
999.99
999.99
999.99
999.99
999.99
999.99
999.99
999.99
999.99
999.99
999.99
999.99
999.99
999.99
999.99
999.99
999.99
999.99
999.99
999.99
999.99
999.99
999.99
999.99
999.99
999.99
999.99
999.99
999.99
999.99
999.99
999.99
999.99
999.99
999.99
999.99
999.99
999.99
999.99
999.99
999.99
999.99
999.99
999.99
999.99
999.99
999.99
999.99
999.99
999.99
999.99
999.99
999.99
25.1157607433217
25.1141824472799
25.0830334328853
25.0863196449311
25.0102069852331
24.9407857142857
24.8079394391903
24.6671286446762
24.6716565435216
24.6493258669322
24.449183135241
24.3179820806372
24.1835615421659
24.3258477683756
24.5492453410871
24.7345084619214
24.7322195344527
24.513612825618
24.5165638873039
24.6930707648913
999.99
999.99
999.99
999.99
999.99
999.99
999.99
999.99
999.99
999.99
999.99
999.99
999.99
999.99
999.99
999.99
999.99
999.99
999.99
999.99
999.99
999.99
999.99
999.99
999.99
999.99
999.99
999.99
999.99
999.99
999.99
999.99
999.99
999.99
999.99
999.99
999.99
999.99
999.99
999.99
999.99
999.99
999.99
999.99
999.99
999.99
999.99
999.99
999.99
999.99
999.99
999.99
999.99
999.99
999.99
999.99
999.99
25.711606271777
25.6515517124161
25.5433693379791
25.3833519163763
25.3144947735192
25.2026564119996
25.2467770034843
25.2125769524943
25.1114407665505
25.068968641115
24.9458989547038
24.9448022435625
24.9130609756097
24.9515037817626
24.969365343758
25.0586898954704
24.8171563695079
24.734487804878
24.5948409110223
24.2818919860627
999.99
999.99
999.99
999.99
999.99
999.99
999.99
999.99
999.99
999.99
999.99
999.99
999.99
999.99
999.99
999.99
999.99
999.99
999.99
999.99
999.99
999.99
999.99
999.99
999.99
999.99
999.99
999.99
999.99
999.99
999.99
999.99
999.99
999.99
999.99
999.99
999.99
999.99
999.99
999.99
999.99
999.99
999.99
999.99
999.99
999.99
999.99
999.99
999.99
999.99
999.99
999.99
999.99
999.99
999.99
999.99
999.99
999.99
999.99
999.99
25.2631154074955
25.3687317073171
25.3009048185604
25.4502195121951
25.5320600832837
25.5479024390244
25.6281463414634
25.5273048780488
25.3825687091017
25.3512926829268
25.2512908982748
24.997743902439
24.9495181439619
24.8653048780488
24.8802736466389
24.8288536585366
24.6895633551458
24.5678780487805
24.4818780487805
24.3797192147531
24.009975609756
23.4657174301011
22.9052926829268
23.08051338489
999.99
999.99
999.99
999.99
999.99
999.99
999.99
999.99
999.99
999.99
999.99
999.99
999.99
999.99
999.99
999.99
999.99
999.99
999.99
999.99
999.99
999.99
999.99
999.99
999.99
999.99
999.99
999.99
999.99
999.99
999.99
999.99
999.99
999.99
999.99
999.99
999.99
999.99
999.99
999.99
999.99
999.99
999.99
999.99
999.99
999.99
999.99
999.99
999.99
999.99
999.99
25.6700348432056
25.4701460865131
25.168393728223
25.0384065607207
24.9511070791196
24.8534825783972
24.7833509815586
25.0434268292683
25.2407982493414
25.3640766550523
25.4093275261324
25.4576829268293
25.4803826803773
25.6008257839721
25.7409094076655
25.6404547038327
25.5663307555027
25.3976794425087
25.3221765955639
24.998074912892
24.9659106824169
25.0696707317073
25.1025941191468
25.0151480836237
24.756787456446
24.3938075975185
24.0825017421603
23.794272881788
23.2626724738675
22.621118466899
999.99
999.99
999.99
999.99
999.99
999.99
999.99
999.99
999.99
999.99
999.99
999.99
999.99
999.99
999.99
999.99
999.99
999.99
999.99
999.99
999.99
999.99
999.99
999.99
999.99
999.99
999.99
999.99
999.99
999.99
999.99
999.99
999.99
999.99
999.99
999.99
999.99
999.99
999.99
999.99
999.99
999.99
999.99
999.99
999.99
999.99
25.660460015297
25.5515156794425
999.99
25.8671602787456
26.1540600832838
26.1400418118467
25.9897634911192
25.8771080139373
25.6550623778364
25.4400731707317
24.9368388714201
24.7567527832073
24.7488362369338
24.9055929293788
25.0581864111498
25.1083003314354
25.3138257839721
25.3894216027875
25.4066080139373
25.5458454151441
25.469756097561
25.6065087108014
25.7299303135888
25.6710871080139
25.1701358885017
24.9277429251296
24.9004965156794
24.897597943401
25.0231114982578
24.9038924959633
24.7127804878049
999.99
999.99
999.99
999.99
999.99
999.99
999.99
999.99
999.99
999.99
999.99
999.99
999.99
999.99
999.99
999.99
999.99
999.99
999.99
999.99
999.99
999.99
999.99
999.99
999.99
999.99
999.99
999.99
999.99
999.99
999.99
999.99
999.99
999.99
999.99
999.99
999.99
999.99
999.99
999.99
999.99
999.99
999.99
999.99
999.99
999.99
999.99
999.99
25.7116822995706
26.0010014932803
25.8805285847831
25.8947952546872
25.9680952380952
26.0973084453293
26.0651645683854
25.9026482495437
25.7263830486388
25.6030404844865
25.537462585034
25.3255830429734
25.2692283059566
25.2438690890991
24.8787908800641
24.7000929759173
24.8910692716111
24.8981760897101
24.9050494441679
24.8804829931973
24.9151019578563
25.2364630301853
25.3077005143521
25.2529039727729
25.1998169902107
25.2662380952381
25.1675053094409
25.157940374008
25.0229863115978
999.99
999.99
999.99
999.99
999.99
999.99
999.99
999.99
999.99
999.99
999.99
999.99
999.99
999.99
999.99
999.99
999.99
999.99
999.99
999.99
999.99
999.99
999.99
999.99
999.99
999.99
999.99
999.99
999.99
999.99
999.99
999.99
999.99
999.99
999.99
999.99
999.99
999.99
999.99
999.99
999.99
999.99
999.99
999.99
999.99
999.99
999.99
999.99
999.99
999.99
999.99
25.6415783972125
25.8624850004249
25.8323658536585
26.0423643239569
25.8547979094077
25.8915226480836
25.8147839721254
25.7796125605507
25.634425087108
25.3990694314608
25.5638885017421
25.6587487040027
25.4956341463414
25.4304306110309
25.4208292682927
25.3847266083114
25.3345121951219
25.306894620549
24.8801546698394
24.8213972125435
24.7916076315119
24.8226986062718
25.0001155774624
25.0473763066202
25.2671861137078
25.4112700348432
25.4071694569559
25.2600592334495
25.4034738675958
999.99
999.99
999.99
999.99
999.99
999.99
999.99
999.99
999.99
999.99
999.99
999.99
999.99
999.99
999.99
999.99
999.99
999.99
999.99
999.99
999.99
999.99
999.99
999.99
999.99
999.99
999.99
999.99
999.99
999.99
999.99
999.99
999.99
999.99
999.99
999.99
999.99
999.99
999.99
999.99
999.99
999.99
25.2696003634053
999.99
999.99
25.1884110668658
25.0829673056611
24.9703509208562
24.9561702663219
25.4574769371163
25.7088283253812
25.6805850340136
25.7003023062884
25.9415683974958
26.1322719429235
26.0037520709652
25.9622676290028
25.9636648941553
25.9730612244898
25.8039383708272
25.5255979757757
25.555361203851
25.7566386261822
25.8680604717794
25.8619669819147
25.9425622017992
25.6681020408163
25.6636454289033
25.8789261655882
25.878163410992
25.9235503567281
25.9801146669257
25.7807795044252
25.1981465073834
24.6649232761516
24.7461617720259
999.99
999.99
999.99
999.99
999.99
999.99
999.99
999.99
999.99
999.99
999.99
999.99
999.99
999.99
999.99
999.99
999.99
999.99
999.99
999.99
999.99
999.99
999.99
999.99
999.99
999.99
999.99
999.99
999.99
999.99
999.99
999.99
999.99
999.99
999.99
999.99
999.99
999.99
999.99
999.99
999.99
999.99
999.99
999.99
999.99
999.99
999.99
999.99
999.99
25.0843897340019
25.1790818815331
25.3172944675788
25.1428205574913
25.1690809892071
25.3891463414634
25.0545443188578
25.1073989547038
25.4540152120336
25.7215095606357
25.9375017421603
25.7179342228265
25.7551637630662
25.9442058298632
26.0387665505226
25.6452396532677
25.627243902439
25.7397736891306
25.7228745644599
25.5517798929209
25.4826968641115
25.7490701963117
25.7047456445993
25.5368095521373
25.8201428571429
26.0122597943401
999.99
999.99
999.99
999.99
999.99
999.99
999.99
999.99
999.99
999.99
999.99
999.99
999.99
999.99
999.99
999.99
999.99
999.99
999.99
999.99
999.99
999.99
999.99
999.99
999.99
999.99
999.99
999.99
999.99
999.99
999.99
999.99
999.99
999.99
999.99
999.99
999.99
999.99
999.99
999.99
999.99
999.99
999.99
999.99
999.99
999.99
999.99
999.99
999.99
999.99
999.99
999.99
999.99
999.99
999.99
999.99
999.99
25.371948868304
25.4052694541231
25.2697091017252
25.3369442508711
25.330119798306
25.1049912891986
24.8782517209144
25.0525290360046
25.212585450837
25.3923140987507
25.3285168408827
25.1151046146002
25.1342357723577
25.1916622192006
25.2636074332172
25.4914217160986
25.4907955865273
25.5103701311578
25.7526759581882
999.99
999.99
25.552268434322
999.99
999.99
999.99
999.99
999.99
999.99
999.99
999.99
999.99
999.99
999.99
999.99
999.99
999.99
999.99
999.99
999.99
999.99
999.99
999.99
999.99
999.99
999.99
999.99
999.99
999.99
999.99
999.99
999.99
999.99
999.99
999.99
999.99
999.99
999.99
999.99
999.99
999.99
999.99
999.99
999.99
999.99
999.99
999.99
999.99
999.99
999.99
999.99
999.99
999.99
999.99
999.99
999.99
999.99
999.99
999.99
999.99
999.99
999.99
999.99
999.99
24.7449860627178
24.6999895470383
24.6122696524178
24.8996742160279
24.5643356845415
24.8847891986062
25.3560902524008
25.347700348432
25.1786037222742
25.2115035268123
25.1751289198606
25.4441169371973
25.4850662020906
25.2650809042237
25.3107630662021
999.99
999.99
999.99
999.99
999.99
999.99
999.99
999.99
999.99
999.99
999.99
999.99
999.99
999.99
999.99
999.99
999.99
999.99
999.99
999.99
999.99
999.99
999.99
999.99
999.99
999.99
999.99
999.99
999.99
999.99
999.99
999.99
999.99
999.99
999.99
999.99
999.99
999.99
999.99
999.99
999.99
999.99
999.99
999.99
999.99
999.99
999.99
999.99
999.99
999.99
999.99
999.99
999.99
999.99
999.99
999.99
999.99
999.99
999.99
999.99
999.99
999.99
999.99
999.99
999.99
999.99
999.99
999.99
24.5674849154415
24.6860278745645
24.6992551202516
24.8547142857143
25.1498755842611
25.2939738675958
25.2991907028129
25.2948536585366
25.1867124160789
25.2876723039007
25.256968641115
25.1754834707232
999.99
999.99
999.99
999.99
999.99
999.99
999.99
999.99
999.99
999.99
999.99
999.99
999.99
999.99
999.99
999.99
999.99
999.99
999.99
999.99
999.99
999.99
999.99
999.99
999.99
999.99
999.99
999.99
999.99
999.99
999.99
999.99
999.99
999.99
999.99
999.99
999.99
999.99
999.99
999.99
999.99
999.99
999.99
999.99
999.99
999.99
999.99
999.99
999.99
999.99
999.99
999.99
999.99
999.99
999.99
999.99
999.99
999.99
999.99
999.99
999.99
999.99
999.99
999.99
999.99
999.99
999.99
999.99
999.99
999.99
999.99
999.99
24.8123519163763
24.9687108013937
999.99
999.99
999.99
999.99
999.99
999.99
999.99
999.99
999.99
999.99
999.99
999.99
999.99
999.99
999.99
999.99
999.99
999.99
999.99
999.99
999.99
999.99
999.99
999.99
999.99
999.99
999.99
999.99
999.99
999.99
999.99
999.99
999.99
999.99
999.99
999.99
999.99
999.99
999.99
999.99
999.99
999.99
999.99
999.99
999.99
999.99
999.99
999.99
999.99
999.99
999.99
999.99
999.99
999.99
999.99
999.99
999.99
999.99
999.99
999.99
999.99
999.99
999.99
999.99
999.99
999.99
999.99
999.99
999.99
999.99
999.99
999.99
999.99
999.99
999.99
999.99
999.99
999.99
999.99
999.99
999.99
999.99
999.99
999.99
999.99
999.99
999.99
999.99
999.99
999.99
999.99
999.99
999.99
999.99
999.99
999.99
999.99
999.99
999.99
999.99
999.99
999.99
999.99
999.99
999.99
999.99
999.99
999.99
999.99
999.99
999.99
999.99
999.99
999.99
999.99
999.99
999.99
999.99
999.99
999.99
999.99
999.99
999.99
999.99
999.99
999.99
999.99
999.99
999.99
999.99
999.99
999.99
999.99
999.99
999.99
999.99
999.99
999.99
999.99
999.99
999.99
999.99
999.99
999.99
999.99
999.99
999.99
999.99
999.99
999.99
999.99
999.99
999.99
999.99
999.99
999.99
999.99
999.99
999.99
999.99
999.99
999.99
999.99
999.99
999.99
999.99
999.99
999.99
999.99
999.99
999.99
999.99
999.99
999.99
999.99
999.99
999.99
999.99
999.99
999.99
999.99
999.99
999.99
999.99
999.99
999.99
999.99
999.99
999.99
999.99
999.99
999.99
999.99
999.99
999.99
999.99
999.99
999.99
999.99
999.99
999.99
999.99
999.99
999.99
999.99
999.99
999.99
999.99
999.99
999.99
999.99
999.99
999.99
999.99
999.99
999.99
999.99
999.99
999.99
999.99
999.99
999.99
999.99
999.99
999.99
999.99
999.99
999.99
999.99
999.99
999.99
999.99
999.99
999.99
999.99
999.99
999.99
999.99
999.99
999.99
999.99
999.99
999.99
999.99
999.99
999.99
999.99
999.99
999.99
999.99
999.99
999.99
999.99
999.99
999.99
999.99
999.99
999.99
999.99
999.99
999.99
999.99
999.99
999.99
999.99
999.99
999.99
999.99
999.99
999.99
999.99
999.99
999.99
999.99
999.99
999.99
999.99
999.99
999.99
999.99
999.99
999.99
999.99
999.99
999.99
999.99
999.99
999.99
999.99
999.99
999.99
999.99
999.99
999.99
999.99
999.99
999.99
999.99
999.99
999.99
999.99
999.99
999.99
999.99
999.99
999.99
999.99
999.99
999.99
999.99
999.99
999.99
999.99
999.99
999.99
999.99
999.99
999.99
999.99
999.99
999.99
999.99
999.99
999.99
999.99
999.99
999.99
999.99
999.99
999.99
999.99
999.99
999.99
999.99
999.99
999.99
999.99
999.99
999.99
999.99
999.99
999.99
999.99
999.99
999.99
999.99
999.99
999.99
999.99
999.99
999.99
999.99
999.99
999.99
999.99
999.99
999.99
999.99
999.99
999.99
999.99
999.99
999.99
999.99
999.99
999.99
999.99
999.99
999.99
999.99
999.99
999.99
999.99
999.99
999.99
999.99
999.99
999.99
999.99
999.99
999.99
999.99
999.99
999.99
999.99
999.99
999.99
999.99
999.99
999.99
999.99
999.99
999.99
999.99
999.99
999.99
999.99
999.99
999.99
999.99
999.99
999.99
999.99
999.99
999.99
999.99
999.99
999.99
999.99
999.99
999.99
