999.99
999.99
999.99
999.99
999.99
999.99
999.99
999.99
999.99
999.99
999.99
999.99
999.99
999.99
999.99
999.99
999.99
999.99
999.99
999.99
999.99
999.99
999.99
999.99
999.99
999.99
999.99
999.99
999.99
999.99
999.99
999.99
999.99
999.99
999.99
999.99
999.99
999.99
999.99
999.99
999.99
999.99
999.99
999.99
999.99
999.99
999.99
999.99
999.99
999.99
999.99
999.99
999.99
999.99
999.99
999.99
999.99
999.99
999.99
999.99
999.99
999.99
999.99
999.99
999.99
999.99
999.99
999.99
999.99
999.99
999.99
999.99
999.99
999.99
999.99
999.99
999.99
999.99
999.99
999.99
999.99
999.99
999.99
999.99
999.99
999.99
999.99
999.99
999.99
999.99
999.99
999.99
999.99
999.99
999.99
999.99
999.99
999.99
999.99
999.99
999.99
999.99
999.99
999.99
999.99
999.99
999.99
999.99
999.99
999.99
999.99
999.99
999.99
999.99
999.99
999.99
999.99
999.99
999.99
999.99
999.99
999.99
999.99
999.99
999.99
999.99
999.99
999.99
999.99
999.99
999.99
999.99
999.99
999.99
22.5514941786352
22.3934796464689
22.1959895470383
22.1219805387949
22.0568745644599
22.0731443018611
21.9699094076655
21.8695236678848
21.9844808362369
21.7882207869465
21.4934912891986
21.4329635421093
21.5967386759582
21.7626485935243
21.6227073170732
21.6992028554432
21.07306271777
20.2942311549249
19.4432857142858
19.2430034843206
18.9590278745645
999.99
999.99
999.99
999.99
999.99
999.99
999.99
999.99
999.99
999.99
999.99
999.99
999.99
999.99
999.99
999.99
999.99
999.99
999.99
999.99
999.99
999.99
999.99
999.99
999.99
999.99
999.99
999.99
999.99
999.99
999.99
999.99
999.99
999.99
999.99
999.99
999.99
999.99
999.99
999.99
999.99
999.99
999.99
999.99
999.99
999.99
999.99
999.99
999.99
999.99
999.99
999.99
999.99
999.99
999.99
999.99
999.99
999.99
999.99
999.99
999.99
999.99
22.7450392926951
22.152403197805
22.1438661025386
22.2607447522733
22.1902954206072
22.0313488144812
21.9601896465903
22.0596732447887
22.1424955201593
21.9943618412267
21.7292901941264
21.842252230815
22.0281194624191
21.7835768735811
21.3121630164261
21.2265510204082
20.7486005475361
20.1867143160656
19.4664203583873
19.2368765555003
18.7860455450473
999.99
999.99
999.99
999.99
999.99
999.99
999.99
999.99
999.99
999.99
999.99
999.99
999.99
999.99
999.99
999.99
999.99
999.99
999.99
999.99
999.99
999.99
999.99
999.99
999.99
999.99
999.99
999.99
999.99
999.99
999.99
999.99
999.99
999.99
999.99
999.99
999.99
999.99
999.99
999.99
999.99
999.99
999.99
999.99
999.99
999.99
999.99
999.99
999.99
999.99
999.99
999.99
999.99
999.99
999.99
999.99
999.99
999.99
999.99
999.99
999.99
999.99
23.0269702558001
22.5742060848135
22.4665783972126
22.1749665165292
22.0174982578397
22.0326822469618
22.0844146341463
22.1104241522903
22.0310383275261
21.9964506671199
21.8504285714286
21.8352334494774
21.7018013937282
21.6382357440299
21.3268780487804
21.1100160618678
20.2966411149826
20.171290728308
19.7321533101046
19.3577609416164
19.2658118466899
999.99
999.99
999.99
999.99
999.99
999.99
999.99
999.99
999.99
999.99
999.99
999.99
999.99
999.99
999.99
999.99
999.99
999.99
999.99
999.99
999.99
999.99
999.99
999.99
999.99
999.99
999.99
999.99
999.99
999.99
999.99
999.99
999.99
999.99
999.99
999.99
999.99
999.99
999.99
999.99
999.99
999.99
999.99
999.99
999.99
999.99
999.99
999.99
999.99
999.99
999.99
999.99
999.99
999.99
999.99
999.99
999.99
999.99
999.99
999.99
999.99
999.99
23.0760262598793
22.5801795699839
22.4616480836237
22.5319790940766
22.3798606271776
22.1890874479477
22.1942891986063
22.2596765530722
22.1620348432056
22.1535750828588
22.1964912891986
22.1771881533101
21.7989825783972
21.2227512535055
20.9963693379791
20.8281072490864
20.344724738676
19.9105755077761
19.3583693379791
19.2143832752613
23.3729852350592
999.99
999.99
999.99
999.99
999.99
999.99
999.99
999.99
999.99
999.99
999.99
999.99
999.99
999.99
999.99
999.99
999.99
999.99
999.99
999.99
999.99
999.99
999.99
999.99
999.99
999.99
999.99
999.99
999.99
999.99
999.99
999.99
999.99
999.99
999.99
999.99
999.99
999.99
999.99
999.99
999.99
999.99
999.99
999.99
999.99
999.99
999.99
999.99
999.99
999.99
999.99
999.99
999.99
999.99
999.99
999.99
999.99
999.99
999.99
999.99
999.99
999.99
999.99
23.0613763066202
22.3484599303136
22.1062372737316
22.3018188153311
22.4785585960738
22.3850662020906
22.0216276026174
22.2375574912892
22.2482648083624
22.0679616724738
22.011522138183
21.5334843205575
21.1664946885357
20.9994006968641
20.7481986062718
20.3167456445993
19.7356298971701
19.3617317073171
19.3753626242883
23.3729852350592
23.3729852350592
999.99
999.99
999.99
999.99
999.99
999.99
999.99
999.99
999.99
999.99
999.99
999.99
999.99
999.99
999.99
999.99
999.99
999.99
999.99
999.99
999.99
999.99
999.99
999.99
999.99
999.99
999.99
999.99
999.99
999.99
999.99
999.99
999.99
999.99
999.99
999.99
999.99
999.99
999.99
999.99
999.99
999.99
999.99
999.99
999.99
999.99
999.99
999.99
999.99
999.99
999.99
999.99
999.99
999.99
999.99
999.99
999.99
999.99
999.99
999.99
999.99
23.8597248236594
23.6168618169457
23.1312752613241
22.7668900314438
22.1561393728222
22.0288261239058
22.3095714285714
22.3887819325231
22.288393728223
22.3541466813971
21.8750348432055
21.5116576017677
21.4600557491289
21.1199403416334
20.9614529616724
20.7367826123905
20.5706480836237
20.117437579672
19.6083135888503
19.32550743605
19.629756097561
999.99
999.99
999.99
999.99
999.99
999.99
999.99
999.99
999.99
999.99
999.99
999.99
999.99
999.99
999.99
999.99
999.99
999.99
999.99
999.99
999.99
999.99
999.99
999.99
999.99
999.99
999.99
999.99
999.99
999.99
999.99
999.99
999.99
999.99
999.99
999.99
999.99
999.99
999.99
999.99
999.99
999.99
999.99
999.99
999.99
999.99
999.99
999.99
999.99
999.99
999.99
999.99
999.99
999.99
999.99
999.99
999.99
999.99
999.99
999.99
999.99
999.99
999.99
999.99
23.4313368176539
22.7439906801507
22.4655005807201
22.2715329027506
22.1520476190477
22.1475714285714
22.1074413472706
22.508141950653
22.2940034843205
21.8015874337838
21.3757328687573
20.7804123962494
20.5915156794425
20.6959551004221
20.6488095238095
20.5709832299369
20.3292891986063
19.7747117645393
19.0636190476191
18.8005459618708
23.3729852350592
999.99
999.99
999.99
999.99
999.99
999.99
999.99
999.99
999.99
999.99
999.99
999.99
999.99
999.99
999.99
999.99
999.99
999.99
999.99
999.99
999.99
999.99
999.99
999.99
999.99
999.99
999.99
999.99
999.99
999.99
999.99
999.99
999.99
999.99
999.99
999.99
999.99
999.99
999.99
999.99
999.99
999.99
999.99
999.99
999.99
999.99
999.99
999.99
999.99
999.99
999.99
999.99
999.99
999.99
999.99
999.99
999.99
999.99
999.99
999.99
999.99
999.99
999.99
23.3000696864111
23.0234390243901
22.9591682671879
22.1333205574914
21.9141633381491
22.0768257839721
22.1035954788816
21.7635365853658
21.2694752273307
21.2762090592334
21.2756451092037
21.1000487804878
21.2382648083624
21.359818815331
21.2121777853319
20.8348710801394
20.4352993966177
19.6941951219512
19.4899442508711
19.162927169202
19.2557543554007
999.99
999.99
999.99
999.99
999.99
999.99
999.99
999.99
999.99
999.99
999.99
999.99
999.99
999.99
999.99
999.99
999.99
999.99
999.99
999.99
999.99
999.99
999.99
999.99
999.99
999.99
999.99
999.99
999.99
999.99
999.99
999.99
999.99
999.99
999.99
999.99
999.99
999.99
999.99
999.99
999.99
999.99
999.99
999.99
999.99
999.99
999.99
999.99
999.99
999.99
999.99
999.99
999.99
999.99
999.99
999.99
999.99
999.99
22.769388003982
23.1571946525189
23.1302452864548
23.3067169404347
23.0959958965145
22.9492083955532
22.3937229742581
21.6989752779161
21.4203613090685
21.5594285714286
21.9773501317243
21.9773026381284
21.9089573828342
21.7832087273934
21.6204913418074
21.5379706321553
21.6157083773426
21.4637237431558
21.4110680272109
21.4989263315082
21.343753313342
999.99
999.99
999.99
999.99
999.99
999.99
999.99
999.99
999.99
999.99
999.99
999.99
999.99
999.99
999.99
999.99
999.99
999.99
999.99
999.99
999.99
999.99
999.99
999.99
999.99
999.99
999.99
999.99
999.99
999.99
999.99
999.99
999.99
999.99
999.99
999.99
999.99
999.99
999.99
999.99
999.99
999.99
999.99
999.99
999.99
999.99
999.99
999.99
999.99
999.99
999.99
999.99
999.99
999.99
999.99
999.99
999.99
999.99
999.99
999.99
999.99
999.99
999.99
22.3618536585366
22.8586542024305
22.820637630662
22.8535438089572
22.5195365853658
22.3691275601258
22.2643344947735
22.2766276026175
21.76487456446
21.5261315543469
21.7213658536586
21.9760763151185
22.1154006968641
22.1477188748194
22.1281567944251
22.0595525622503
21.9534912891986
22.009540579587
22.0666341463414
22.1197030679018
21.9777456445993
999.99
999.99
999.99
999.99
999.99
999.99
999.99
999.99
999.99
999.99
999.99
999.99
999.99
999.99
999.99
999.99
999.99
999.99
999.99
999.99
999.99
999.99
999.99
999.99
999.99
999.99
999.99
999.99
999.99
999.99
999.99
999.99
999.99
999.99
999.99
999.99
999.99
999.99
999.99
999.99
999.99
999.99
999.99
999.99
999.99
999.99
999.99
999.99
999.99
999.99
999.99
999.99
999.99
999.99
999.99
999.99
999.99
999.99
999.99
999.99
999.99
999.99
22.7798972226606
22.8719860060621
22.811212377634
22.904805420324
22.8508339140534
22.6658377909165
22.5779855649577
22.6532418264153
22.4538775510204
22.2001088435374
22.1732525302804
22.2861162897045
22.4469739505558
22.4182047736406
22.349012278082
22.3486949499609
22.2872815662851
22.2864481864132
22.3412984901278
22.3427971486037
22.1322590011615
999.99
999.99
999.99
999.99
999.99
999.99
999.99
999.99
999.99
999.99
999.99
999.99
999.99
999.99
999.99
999.99
999.99
999.99
999.99
999.99
999.99
999.99
999.99
999.99
999.99
999.99
999.99
999.99
999.99
999.99
999.99
999.99
999.99
999.99
999.99
999.99
999.99
999.99
999.99
999.99
999.99
999.99
999.99
999.99
999.99
999.99
999.99
999.99
999.99
999.99
999.99
999.99
999.99
999.99
999.99
999.99
999.99
999.99
999.99
999.99
999.99
999.99
999.99
999.99
999.99
999.99
22.8700278745644
22.5926301521203
22.3989860627178
22.4727784482026
22.5542857142857
22.5286953344098
22.4862404181185
22.6258029234299
22.7079268292683
22.639885697289
22.6519198606272
22.6267585620804
22.7517526132404
22.6758829778193
22.5245888501742
22.5141552647234
22.5912195121951
22.5724517719045
21.9884702133083
21.2070574912892
20.8619205404946
999.99
999.99
999.99
999.99
999.99
999.99
999.99
999.99
999.99
999.99
999.99
999.99
999.99
999.99
999.99
999.99
999.99
999.99
999.99
999.99
999.99
999.99
999.99
999.99
999.99
999.99
999.99
999.99
999.99
999.99
999.99
999.99
999.99
999.99
999.99
999.99
999.99
999.99
999.99
999.99
999.99
999.99
999.99
999.99
999.99
999.99
999.99
999.99
999.99
999.99
999.99
999.99
999.99
999.99
999.99
999.99
999.99
999.99
999.99
999.99
999.99
999.99
22.9207456445994
22.8707765785672
22.6732264808363
22.5777211693719
22.5409477351916
22.5631790600833
22.8200627177701
22.9657668054729
22.989818815331
22.9976289623523
22.9715783972126
23.0742767910258
23.0520209059233
23.004339933713
22.7465226480836
22.5694383445228
22.5588606271777
22.5826804623099
22.3215258774538
21.7881655052265
21.1713029659216
999.99
999.99
999.99
999.99
999.99
999.99
999.99
999.99
999.99
999.99
999.99
999.99
999.99
999.99
999.99
999.99
999.99
999.99
999.99
999.99
999.99
999.99
999.99
999.99
999.99
999.99
999.99
999.99
999.99
999.99
999.99
999.99
999.99
999.99
999.99
999.99
999.99
999.99
999.99
999.99
999.99
999.99
999.99
999.99
999.99
999.99
999.99
999.99
999.99
999.99
999.99
999.99
999.99
999.99
999.99
999.99
999.99
999.99
999.99
999.99
999.99
999.99
23.0698536585366
23.0226692444973
23.0945609756097
23.0102165377751
22.9073414634146
22.9967144556811
23.2560975609756
23.3733771564545
23.4076829268293
23.488251635931
23.4580975609756
23.3840362879239
23.2848780487805
23.2708780487805
23.2643170731707
23.227503866746
23.0864634146341
22.9715318262939
22.7786395002974
22.0745853658537
21.2255990481855
999.99
999.99
999.99
999.99
999.99
999.99
999.99
999.99
999.99
999.99
999.99
999.99
999.99
999.99
999.99
999.99
999.99
999.99
999.99
999.99
999.99
999.99
999.99
999.99
999.99
999.99
999.99
999.99
999.99
999.99
999.99
999.99
999.99
999.99
999.99
999.99
999.99
999.99
999.99
999.99
999.99
999.99
999.99
999.99
999.99
999.99
999.99
999.99
999.99
999.99
999.99
999.99
999.99
999.99
999.99
999.99
999.99
999.99
999.99
999.99
999.99
999.99
999.99
23.227594968981
23.3558013937282
23.432433415484
23.4665993031359
23.5231454916291
23.6352717770035
23.5531476162149
23.582456445993
23.5116341463415
23.525149825784
23.5048760091782
23.565031358885
23.5000691765106
23.4214494773519
23.4002198521288
23.3650139372822
23.0074835557066
22.2660650123225
21.6217961672474
20.6540664570408
19.7904146341463
999.99
999.99
999.99
999.99
999.99
999.99
999.99
999.99
999.99
999.99
999.99
999.99
999.99
999.99
999.99
999.99
999.99
999.99
999.99
999.99
999.99
999.99
999.99
999.99
999.99
999.99
999.99
999.99
999.99
999.99
999.99
999.99
999.99
999.99
999.99
999.99
999.99
999.99
999.99
999.99
999.99
999.99
999.99
999.99
999.99
999.99
999.99
999.99
999.99
999.99
999.99
999.99
999.99
999.99
999.99
999.99
999.99
999.99
999.99
999.99
999.99
999.99
23.7408410688487
23.7711981085117
23.7300816265828
23.7355227310436
23.8254079750877
23.8465408163265
23.6959389960624
23.5399965986395
23.5770256265504
23.5607974946076
23.4990952380952
23.4926415297826
23.4803254116638
23.54993744815
23.5416246727126
23.4623833582213
23.3325201107213
22.7510049189217
21.9651040318567
20.8498020999
20.3921165588186
999.99
999.99
999.99
999.99
999.99
999.99
999.99
999.99
999.99
999.99
999.99
999.99
999.99
999.99
999.99
999.99
999.99
999.99
999.99
999.99
999.99
999.99
999.99
999.99
999.99
999.99
999.99
999.99
999.99
999.99
999.99
999.99
999.99
999.99
999.99
999.99
999.99
999.99
999.99
999.99
999.99
999.99
999.99
999.99
999.99
999.99
999.99
999.99
999.99
999.99
999.99
999.99
999.99
999.99
999.99
999.99
999.99
999.99
999.99
999.99
999.99
999.99
999.99
999.99
24.0195366703493
24.0529581881533
24.0749452706722
23.9091951219512
23.8250598283335
23.7266202090592
23.5590539644769
23.4423832752614
23.5608038582476
23.6004041811847
23.5468581626583
23.6082857142857
23.5792571598538
23.4529651567944
23.1450468258689
22.4587492988866
21.766137630662
21.1166053369593
20.4836829268292
20.2707580521798
20.0793606271777
999.99
999.99
999.99
999.99
999.99
999.99
999.99
999.99
999.99
999.99
999.99
999.99
999.99
999.99
999.99
999.99
999.99
999.99
999.99
999.99
999.99
999.99
999.99
999.99
999.99
999.99
999.99
999.99
999.99
999.99
999.99
999.99
999.99
999.99
999.99
999.99
999.99
999.99
999.99
999.99
999.99
999.99
999.99
999.99
999.99
999.99
999.99
999.99
999.99
999.99
999.99
999.99
999.99
999.99
999.99
999.99
999.99
999.99
999.99
999.99
999.99
999.99
24.3667748586644
24.45081251037
24.3753022961713
24.1588935623029
23.7958502005204
23.7400989712958
23.5285544217687
23.4226197112991
23.4125825168854
23.680025053924
23.8032054089929
23.8342142857143
23.748129433808
23.58456255185
23.1491161278312
22.8033866887623
22.2674917039987
21.6010440659309
21.0934301476688
20.7347929560879
20.401018914883
999.99
999.99
999.99
999.99
999.99
999.99
999.99
999.99
999.99
999.99
999.99
999.99
999.99
999.99
999.99
999.99
999.99
999.99
999.99
999.99
999.99
999.99
999.99
999.99
999.99
999.99
999.99
999.99
999.99
999.99
999.99
999.99
999.99
999.99
999.99
999.99
999.99
999.99
999.99
999.99
999.99
999.99
999.99
999.99
999.99
999.99
999.99
999.99
999.99
999.99
999.99
999.99
999.99
999.99
999.99
999.99
999.99
999.99
999.99
999.99
999.99
24.018299651568
24.0489860627178
24.0619512195122
24.1284074105549
24.1487386759582
23.9834861052095
23.7349094076655
23.5152721169372
23.5894076655052
23.7468050480157
23.7571881533101
23.7601946970341
23.7467944250871
23.6475093056854
23.5109547038327
22.902514999575
22.3484314608651
21.5314477351917
21.2411428571429
21.0598310104529
20.8831297696949
999.99
999.99
999.99
999.99
999.99
999.99
999.99
999.99
999.99
999.99
999.99
999.99
999.99
999.99
999.99
999.99
999.99
999.99
999.99
999.99
999.99
999.99
999.99
999.99
999.99
999.99
999.99
999.99
999.99
999.99
999.99
999.99
999.99
999.99
999.99
999.99
999.99
999.99
999.99
999.99
999.99
999.99
999.99
999.99
999.99
999.99
999.99
999.99
999.99
999.99
999.99
999.99
999.99
999.99
999.99
999.99
999.99
999.99
999.99
999.99
999.99
999.99
999.99
999.99
999.99
24.0239783089917
24.2073476854156
24.1639183673469
24.1963088601294
24.0757966751245
23.9286251037
23.6216935052426
23.5851780321885
23.4987090450696
23.4597643106023
23.3485071345611
23.1160335158454
22.7191394557823
22.349640342038
21.9562086444334
21.4523156102417
20.9721744649079
20.6739217687075
20.3293779658205
20.3793253934531
23.3729852350592
999.99
999.99
999.99
999.99
999.99
999.99
999.99
999.99
999.99
999.99
999.99
999.99
999.99
999.99
999.99
999.99
999.99
999.99
999.99
999.99
999.99
999.99
999.99
999.99
999.99
999.99
999.99
999.99
999.99
999.99
999.99
999.99
999.99
999.99
999.99
999.99
999.99
999.99
999.99
999.99
999.99
999.99
999.99
999.99
999.99
999.99
999.99
999.99
999.99
999.99
999.99
999.99
999.99
999.99
999.99
999.99
999.99
999.99
999.99
999.99
999.99
24.0396097560976
24.4115936942296
24.4676341463415
24.5349678762641
24.4286341463415
24.1027638310529
24.0725609756098
23.8578203450327
23.5247804878049
23.510995240928
23.1866097560976
23.0184289113623
22.7159756097561
22.3415853658536
21.9256026174895
21.5364024390244
21.3396989886972
20.8068658536585
20.3092254610352
23.3729852350592
999.99
999.99
999.99
999.99
999.99
999.99
999.99
999.99
999.99
999.99
999.99
999.99
999.99
999.99
999.99
999.99
999.99
999.99
999.99
999.99
999.99
999.99
999.99
999.99
999.99
999.99
999.99
999.99
999.99
999.99
999.99
999.99
999.99
999.99
999.99
999.99
999.99
999.99
999.99
999.99
999.99
999.99
999.99
999.99
999.99
999.99
999.99
999.99
999.99
999.99
999.99
999.99
999.99
999.99
999.99
999.99
999.99
999.99
999.99
999.99
999.99
999.99
24.2013933033059
24.1594390243902
24.2764568709102
24.4581010452962
24.5580942466219
24.6463554006969
24.6061274751423
24.4071637630662
24.1918206849664
23.8737909407666
23.4721118381916
23.3369860627178
23.0820333984873
22.6800418118467
22.556490184414
22.0831086088212
21.288331010453
20.7212066796974
20.256425087108
19.9158863771565
999.99
999.99
999.99
999.99
999.99
999.99
999.99
999.99
999.99
999.99
999.99
999.99
999.99
999.99
999.99
999.99
999.99
999.99
999.99
999.99
999.99
999.99
999.99
999.99
999.99
999.99
999.99
999.99
999.99
999.99
999.99
999.99
999.99
999.99
999.99
999.99
999.99
999.99
999.99
999.99
999.99
999.99
999.99
999.99
999.99
999.99
999.99
999.99
999.99
999.99
999.99
999.99
999.99
999.99
999.99
999.99
999.99
999.99
999.99
999.99
999.99
999.99
999.99
999.99
23.9267700348432
24.069288348772
24.1479407665505
24.3140094331605
24.4983832752613
24.5304228775389
24.2676933797909
23.977377071471
23.6748222996516
23.4202682926829
23.2168013937283
22.786082943826
22.4813867595819
22.0108594374097
21.4069116172346
21.0898083623694
20.7229955808617
20.419850174216
20.6393330500552
23.3729852350592
999.99
999.99
999.99
999.99
999.99
999.99
999.99
999.99
999.99
999.99
999.99
999.99
999.99
999.99
999.99
999.99
999.99
999.99
999.99
999.99
999.99
999.99
999.99
999.99
999.99
999.99
999.99
999.99
999.99
999.99
999.99
999.99
999.99
999.99
999.99
999.99
999.99
999.99
999.99
999.99
999.99
999.99
999.99
999.99
999.99
999.99
999.99
999.99
999.99
999.99
999.99
999.99
999.99
999.99
999.99
999.99
999.99
999.99
999.99
999.99
999.99
24.0496515679442
23.9896039772244
24.1690348432056
24.2011771904479
24.337818815331
24.4760766550523
24.4370871080139
24.3192742415229
24.0972055749129
23.8559614175235
23.6221289198606
23.7308917311125
23.2956027874565
22.5478577377412
22.3781846689896
22.0750572788306
21.6506496983088
21.5469668989547
21.1764655392198
20.3673083623692
999.99
999.99
999.99
999.99
999.99
999.99
999.99
999.99
999.99
999.99
999.99
999.99
999.99
999.99
999.99
999.99
999.99
999.99
999.99
999.99
999.99
999.99
999.99
999.99
999.99
999.99
999.99
999.99
999.99
999.99
999.99
999.99
999.99
999.99
999.99
999.99
999.99
999.99
999.99
999.99
999.99
999.99
999.99
999.99
999.99
999.99
999.99
999.99
999.99
999.99
999.99
999.99
999.99
999.99
999.99
999.99
999.99
999.99
999.99
999.99
999.99
999.99
999.99
999.99
24.0526720489505
24.2486341463414
24.365039092377
24.6225156794425
24.7191212713521
24.577425087108
24.6493296507181
24.510456445993
24.0378665760176
23.8951219512195
23.5422807852469
22.9559965156796
22.3989412764511
22.1805470383275
21.9218066627007
21.6739651567944
21.6341132404181
21.4201791450667
21.0220418118466
20.5854486275177
999.99
999.99
999.99
999.99
999.99
999.99
999.99
999.99
999.99
999.99
999.99
999.99
999.99
999.99
999.99
999.99
999.99
999.99
999.99
999.99
999.99
999.99
999.99
999.99
999.99
999.99
999.99
999.99
999.99
999.99
999.99
999.99
999.99
999.99
999.99
999.99
999.99
999.99
999.99
999.99
999.99
999.99
999.99
999.99
999.99
999.99
999.99
999.99
999.99
999.99
999.99
999.99
999.99
999.99
999.99
999.99
999.99
999.99
999.99
999.99
999.99
999.99
24.2263867595819
24.4335888501742
24.4291358885017
24.5887605166992
24.6075818815331
24.5611732812101
24.4653902439024
24.2900888076825
23.847606271777
23.623370527747
23.4866759581882
23.1940304240674
22.6835226480837
22.5207839721254
22.2169547038327
21.7634338404011
21.5556917651058
21.6426114982578
21.1958481346137
20.7995017421602
999.99
999.99
999.99
999.99
999.99
999.99
999.99
999.99
999.99
999.99
999.99
999.99
999.99
999.99
999.99
999.99
999.99
999.99
999.99
999.99
999.99
999.99
999.99
999.99
999.99
999.99
999.99
999.99
999.99
999.99
999.99
999.99
999.99
999.99
999.99
999.99
999.99
999.99
999.99
999.99
999.99
999.99
999.99
999.99
999.99
999.99
999.99
999.99
999.99
999.99
999.99
999.99
999.99
999.99
999.99
999.99
999.99
999.99
999.99
999.99
999.99
999.99
999.99
999.99
999.99
24.1479268292683
24.2217900423703
24.0529885515181
24.0898754507157
24.2974519661523
24.3000597797715
23.7516241911398
23.2029758040039
23.0343539074166
22.8799224465515
22.5895704330513
22.3875548446624
22.2866132404181
22.1495234129345
21.9237959183673
21.8891739671478
21.5678520559919
21.2481090094574
20.8445028833663
20.8397346938776
999.99
999.99
999.99
999.99
999.99
999.99
999.99
999.99
999.99
999.99
999.99
999.99
999.99
999.99
999.99
999.99
999.99
999.99
999.99
999.99
999.99
999.99
999.99
999.99
999.99
999.99
999.99
999.99
999.99
999.99
999.99
999.99
999.99
999.99
999.99
999.99
999.99
999.99
999.99
999.99
999.99
999.99
999.99
999.99
999.99
999.99
999.99
999.99
999.99
999.99
999.99
999.99
999.99
999.99
999.99
999.99
999.99
999.99
999.99
999.99
999.99
999.99
999.99
24.528
24.4975520523498
24.3506097560975
24.4381885782272
24.2670243902439
23.9026710291493
23.4606829268293
23.3601784651993
23.1684390243902
22.8355585960738
22.6259512195122
22.5500249851279
22.5303414634146
22.5435895300416
22.3022201070791
21.8665243902439
21.8085907198096
21.6516829268293
21.4843944080904
21.207
999.99
999.99
999.99
999.99
999.99
999.99
999.99
999.99
999.99
999.99
999.99
999.99
999.99
999.99
999.99
999.99
999.99
999.99
999.99
999.99
999.99
999.99
999.99
999.99
999.99
999.99
999.99
999.99
999.99
999.99
999.99
999.99
999.99
999.99
999.99
999.99
999.99
999.99
999.99
999.99
999.99
999.99
999.99
999.99
999.99
999.99
999.99
999.99
999.99
999.99
999.99
999.99
999.99
999.99
999.99
999.99
999.99
999.99
999.99
999.99
999.99
999.99
24.5500938095643
24.5523230462917
24.6166159113259
24.6385161772026
24.5091128094307
24.0853952215032
23.4877774284014
23.4199009457442
23.2920466073401
23.1422215032354
23.0598241328656
22.8851642608263
22.8452360718231
22.7871174713788
22.7235470868895
22.3942452378929
22.1813666002987
21.8366212288604
21.6866538078646
21.1703935218347
999.99
999.99
999.99
999.99
999.99
999.99
999.99
999.99
999.99
999.99
999.99
999.99
999.99
999.99
999.99
999.99
999.99
999.99
999.99
999.99
999.99
999.99
999.99
999.99
999.99
999.99
999.99
999.99
999.99
999.99
999.99
999.99
999.99
999.99
999.99
999.99
999.99
999.99
999.99
999.99
999.99
999.99
999.99
999.99
999.99
999.99
999.99
999.99
999.99
999.99
999.99
999.99
999.99
999.99
999.99
999.99
999.99
999.99
999.99
999.99
999.99
999.99
999.99
23.9942410979859
24.1757526132404
24.1584389394068
23.9777735191638
23.7077328970851
23.3066097560976
23.3256037222742
23.4550069686411
23.5136710291493
23.3403693379791
23.0512191722615
22.7363031358885
22.6825541769355
22.5048153310105
22.4276894705532
22.2015157644259
21.9077752613241
21.6759592929379
21.4393222996515
21.1890115577462
999.99
999.99
999.99
999.99
999.99
999.99
999.99
999.99
999.99
999.99
999.99
999.99
999.99
999.99
999.99
999.99
999.99
999.99
999.99
999.99
999.99
999.99
999.99
999.99
999.99
999.99
999.99
999.99
999.99
999.99
999.99
999.99
999.99
999.99
999.99
999.99
999.99
999.99
999.99
999.99
999.99
999.99
999.99
999.99
999.99
999.99
999.99
999.99
999.99
999.99
999.99
999.99
999.99
999.99
999.99
999.99
999.99
999.99
999.99
999.99
999.99
23.8154456530977
23.8330975609756
23.7152563100195
23.9248606271777
23.8651785501827
23.6788292682926
23.4881366533526
23.4995052264808
23.687320897425
23.8654216027874
23.7325308064927
23.5282508710801
23.2110684966432
22.978149825784
22.6760660321238
22.4754529616725
22.2973454576357
22.0808474547463
21.7963170731707
21.4440139372822
999.99
999.99
999.99
999.99
999.99
999.99
999.99
999.99
999.99
999.99
999.99
999.99
999.99
999.99
999.99
999.99
999.99
999.99
999.99
999.99
999.99
999.99
999.99
999.99
999.99
999.99
999.99
999.99
999.99
999.99
999.99
999.99
999.99
999.99
999.99
999.99
999.99
999.99
999.99
999.99
999.99
999.99
999.99
999.99
999.99
999.99
999.99
999.99
999.99
999.99
999.99
999.99
999.99
999.99
999.99
999.99
999.99
999.99
999.99
999.99
999.99
999.99
999.99
999.99
23.762724738676
23.9106897255035
23.9492822299652
24.0787003484321
24.1337142857143
24.1779534290813
24.0455644599303
24.021940851534
24.0249721254355
23.968393728223
23.6331707317073
23.3246639755248
22.9359198606272
22.6277563525113
22.4950696864111
22.2655846859862
22.1409002294552
21.7319965156795
21.3784157389309
20.7502770034843
999.99
999.99
999.99
999.99
999.99
999.99
999.99
999.99
999.99
999.99
999.99
999.99
999.99
999.99
999.99
999.99
999.99
999.99
999.99
999.99
999.99
999.99
999.99
999.99
999.99
999.99
999.99
999.99
999.99
999.99
999.99
999.99
999.99
999.99
999.99
999.99
999.99
999.99
999.99
999.99
999.99
999.99
999.99
999.99
999.99
999.99
999.99
999.99
999.99
999.99
999.99
999.99
999.99
999.99
999.99
999.99
999.99
999.99
999.99
999.99
999.99
999.99
999.99
24.0821637630662
24.1486956743435
24.1992926829268
24.2062723718875
24.3101846689896
24.3029818985298
24.312149825784
24.2610290643325
24.2357073170732
24.1270421517804
23.8969721254356
23.4536066966942
23.0236759581882
22.8185888501742
22.5620905923345
22.2745623353446
21.9019151865386
21.5749651567944
21.3179780742755
20.8001324041811
999.99
999.99
999.99
999.99
999.99
999.99
999.99
999.99
999.99
999.99
999.99
999.99
999.99
999.99
999.99
999.99
999.99
999.99
999.99
999.99
999.99
999.99
999.99
999.99
999.99
999.99
999.99
999.99
999.99
999.99
999.99
999.99
999.99
999.99
999.99
999.99
999.99
999.99
999.99
999.99
999.99
999.99
999.99
999.99
999.99
999.99
999.99
999.99
999.99
999.99
999.99
999.99
999.99
999.99
999.99
999.99
999.99
999.99
999.99
999.99
999.99
999.99
24.5492541004504
24.4132508710801
24.4257706297272
24.3261289198606
24.3233833602448
24.3103728222997
24.3288239143367
24.3791672473868
24.3988012237614
24.3213972125435
24.1892010707912
23.854031358885
23.676920200561
23.3212404181185
22.8688755842611
22.4769477351916
22.186076400102
21.7067911957168
21.4199146341463
21.3589677912807
999.99
999.99
999.99
999.99
999.99
999.99
999.99
999.99
999.99
999.99
999.99
999.99
999.99
999.99
999.99
999.99
999.99
999.99
999.99
999.99
999.99
999.99
999.99
999.99
999.99
999.99
999.99
999.99
999.99
999.99
999.99
999.99
999.99
999.99
999.99
999.99
999.99
999.99
999.99
999.99
999.99
999.99
999.99
999.99
999.99
999.99
999.99
999.99
999.99
999.99
999.99
999.99
999.99
999.99
999.99
999.99
999.99
999.99
999.99
999.99
999.99
999.99
24.9889756097561
24.9743985722784
24.9397317073171
24.9827108863771
25.0789024390244
25.0320826888757
24.9276097560975
24.7177049375372
24.4258048780488
24.3357638310529
24.3485365853658
24.1812040452112
23.8076829268293
23.4151451516955
23.259512195122
22.8233533610946
22.441
22.3324634146341
22.05148958953
21.5917804878049
999.99
999.99
999.99
999.99
999.99
999.99
999.99
999.99
999.99
999.99
999.99
999.99
999.99
999.99
999.99
999.99
999.99
999.99
999.99
999.99
999.99
999.99
999.99
999.99
999.99
999.99
999.99
999.99
999.99
999.99
999.99
999.99
999.99
999.99
999.99
999.99
999.99
999.99
999.99
999.99
999.99
999.99
999.99
999.99
999.99
999.99
999.99
999.99
999.99
999.99
999.99
999.99
999.99
999.99
999.99
999.99
999.99
999.99
999.99
999.99
999.99
999.99
999.99
25.0016232785797
24.99434589267
24.9646666666667
25.0789278025309
25.0931392898623
25.105179624616
24.9131893147503
24.8030212559742
24.664868674299
24.5036746530855
24.3971598639456
24.0592762669612
23.612950058072
23.2140842671394
22.9454097395056
22.7409095209768
22.4969597643936
22.2684180759752
21.8740826038922
21.3952961672474
999.99
999.99
999.99
999.99
999.99
999.99
999.99
999.99
999.99
999.99
999.99
999.99
999.99
999.99
999.99
999.99
999.99
999.99
999.99
999.99
999.99
999.99
999.99
999.99
999.99
999.99
999.99
999.99
999.99
999.99
999.99
999.99
999.99
999.99
999.99
999.99
999.99
999.99
999.99
999.99
999.99
999.99
999.99
999.99
999.99
999.99
999.99
999.99
999.99
999.99
999.99
999.99
999.99
999.99
999.99
999.99
999.99
999.99
999.99
999.99
999.99
999.99
999.99
999.99
25.0346349111923
24.9915296167247
25.0091147276281
24.9494216027875
24.7844562760262
24.6279442508711
24.5979094076655
24.5470592334495
24.1679796889606
24.0936759581882
23.8903852298801
23.3236480836237
22.9433271861988
22.6271393728223
22.3822030254101
22.1687073170732
21.8642550352681
21.6796564969831
21.4797857142857
22.7960628027512
999.99
999.99
999.99
999.99
999.99
999.99
999.99
999.99
999.99
999.99
999.99
999.99
999.99
999.99
999.99
999.99
999.99
999.99
999.99
999.99
999.99
999.99
999.99
999.99
999.99
999.99
999.99
999.99
999.99
999.99
999.99
999.99
999.99
999.99
999.99
999.99
999.99
999.99
999.99
999.99
999.99
999.99
999.99
999.99
999.99
999.99
999.99
999.99
999.99
999.99
999.99
999.99
999.99
999.99
999.99
999.99
999.99
999.99
24.8837519070686
24.8736424018745
25.0042316243571
25.0273197278912
25.0295457109673
25.0111560963469
25.0207752613241
24.8877748505708
24.6797755102041
24.623200158231
24.4833648581384
24.4192683938537
24.1669238427078
23.7189759679005
23.4522469719595
23.1486324972582
22.952380952381
22.8789330451991
22.7035882694542
22.297694462318
999.99
999.99
999.99
999.99
999.99
999.99
999.99
999.99
999.99
999.99
999.99
999.99
999.99
999.99
999.99
999.99
999.99
999.99
999.99
999.99
999.99
999.99
999.99
999.99
999.99
999.99
999.99
999.99
999.99
999.99
999.99
999.99
999.99
999.99
999.99
999.99
999.99
999.99
999.99
999.99
999.99
999.99
999.99
999.99
999.99
999.99
999.99
999.99
999.99
999.99
999.99
999.99
999.99
999.99
999.99
999.99
999.99
999.99
999.99
999.99
24.8913432055749
24.8589201155775
24.8664337979094
24.8488732047251
24.8222603042407
24.9260801393728
24.9667030679017
24.90506271777
24.7547902608991
24.5128466898955
24.6482097391009
24.4304355400697
24.2180204810062
24.1087073170732
23.8882678677658
23.6488571428572
23.4616410299991
23.3342682926829
23.0111837341718
22.8503728222997
999.99
999.99
999.99
999.99
999.99
999.99
999.99
999.99
999.99
999.99
999.99
999.99
999.99
999.99
999.99
999.99
999.99
999.99
999.99
999.99
999.99
999.99
999.99
999.99
999.99
999.99
999.99
999.99
999.99
999.99
999.99
999.99
999.99
999.99
999.99
999.99
999.99
999.99
999.99
999.99
999.99
999.99
999.99
999.99
999.99
999.99
999.99
999.99
999.99
999.99
999.99
999.99
999.99
999.99
999.99
999.99
999.99
999.99
999.99
24.5593280238925
24.4783134087662
24.6745116144019
24.7545274638112
24.8908154969305
24.9003231292517
24.6824648249544
24.5889276912431
24.7357228285722
24.8788907416625
24.9068247641709
24.5944871411979
24.331049073883
24.1216572092252
24.0630224943041
24.0147530280405
23.900721276613
23.8214892981583
23.7069273816606
23.5736134892982
999.99
999.99
999.99
999.99
999.99
999.99
999.99
999.99
999.99
999.99
999.99
999.99
999.99
999.99
999.99
999.99
999.99
999.99
999.99
999.99
999.99
999.99
999.99
999.99
999.99
999.99
999.99
999.99
999.99
999.99
999.99
999.99
999.99
999.99
999.99
999.99
999.99
999.99
999.99
999.99
999.99
999.99
999.99
999.99
999.99
999.99
999.99
999.99
999.99
999.99
999.99
999.99
999.99
999.99
999.99
999.99
999.99
24.8830191637631
24.7584926489335
24.7141794425087
24.6621080139373
24.6778519163763
24.6806913401887
24.7720662020906
24.663740630577
24.7174616724739
24.7597073170732
24.6152090592335
24.5892177275431
24.6656393728223
24.7320946715391
24.6822503611796
24.5327979094077
24.2824674938386
23.9771672473867
23.7750131724314
23.5346515679443
999.99
999.99
999.99
999.99
999.99
999.99
999.99
999.99
999.99
999.99
999.99
999.99
999.99
999.99
999.99
999.99
999.99
999.99
999.99
999.99
999.99
999.99
999.99
999.99
999.99
999.99
999.99
999.99
999.99
999.99
999.99
999.99
999.99
999.99
999.99
999.99
999.99
999.99
999.99
999.99
999.99
999.99
999.99
999.99
999.99
999.99
999.99
999.99
999.99
999.99
999.99
999.99
999.99
999.99
999.99
999.99
999.99
999.99
999.99
999.99
24.8287108863772
24.8220487804878
24.8292296252231
24.9462073170732
24.8583646638906
24.7769146341463
24.8200243902439
24.7840121951219
24.7089595478881
24.8158170731707
24.827503271862
24.6970243902439
24.6743777513385
24.482743902439
24.405249851279
24.2858414634146
24.0269422962522
23.7397138607971
23.6334634146341
23.3118036882807
23.0009024390243
22.6641754907793
22.2735853658537
21.9336335514575
999.99
999.99
999.99
999.99
999.99
999.99
999.99
999.99
999.99
999.99
999.99
999.99
999.99
999.99
999.99
999.99
999.99
999.99
999.99
999.99
999.99
999.99
999.99
999.99
999.99
999.99
999.99
999.99
999.99
999.99
999.99
999.99
999.99
999.99
999.99
999.99
999.99
999.99
999.99
999.99
999.99
999.99
999.99
999.99
999.99
999.99
999.99
999.99
999.99
999.99
999.99
24.5992996515679
24.4679854678338
24.3550069686411
24.3321080989207
24.3395512874989
24.314212543554
24.2305597858418
24.1676986062718
24.4012348092122
24.5460923344948
24.5998581626583
24.5489303135888
24.6404404691085
24.6793397212543
24.689787456446
24.7425923344948
24.6814822809552
24.6189930313589
24.5450575337809
24.3826114982578
24.3467634911192
24.3358763066202
24.1366564119997
23.6536777003485
23.3174741225461
22.9204092801904
22.5987909407665
22.3604101300246
22.0576306620208
21.6965156794425
999.99
999.99
999.99
999.99
999.99
999.99
999.99
999.99
999.99
999.99
999.99
999.99
999.99
999.99
999.99
999.99
999.99
999.99
999.99
999.99
999.99
999.99
999.99
999.99
999.99
999.99
999.99
999.99
999.99
999.99
999.99
999.99
999.99
999.99
999.99
999.99
999.99
999.99
999.99
999.99
999.99
999.99
999.99
999.99
999.99
999.99
24.6591689470553
24.6436411149826
999.99
24.7257665505226
24.7755769524943
24.8511881533101
24.8128589275091
24.6342404181185
24.5340400271947
24.5058327526132
24.5682353191128
24.6638399762046
24.4145522648083
24.2646119656667
24.5352317073171
24.2643508965752
24.1102038327527
23.8115958188153
23.72443728223
23.8737730092632
24.0283571428571
23.9531567944251
23.761775261324
23.5770905923345
23.5405087108014
23.5940527747089
23.6543867595819
23.5180634826209
23.3539512195122
23.0566804623099
22.8173763066202
999.99
999.99
999.99
999.99
999.99
999.99
999.99
999.99
999.99
999.99
999.99
999.99
999.99
999.99
999.99
999.99
999.99
999.99
999.99
999.99
999.99
999.99
999.99
999.99
999.99
999.99
999.99
999.99
999.99
999.99
999.99
999.99
999.99
999.99
999.99
999.99
999.99
999.99
999.99
999.99
999.99
999.99
999.99
999.99
999.99
999.99
999.99
999.99
24.4596884952672
24.5950889331342
24.6267248843618
24.6754282395885
24.6132585034014
24.5924703832752
24.5762638492637
24.550543885847
24.6388045907238
24.5608739007798
24.482156462585
24.616556163929
24.6208280016349
24.5165277916045
24.4750114484818
24.4044545399361
24.2688977932636
24.2083715475482
24.1499775178364
23.7838979591837
23.7269772689564
23.8698890561579
23.8841717272275
23.8280016551535
23.6460384934462
23.5146802721089
23.4146275925004
23.3363010760521
23.2368451136552
999.99
999.99
999.99
999.99
999.99
999.99
999.99
999.99
999.99
999.99
999.99
999.99
999.99
999.99
999.99
999.99
999.99
999.99
999.99
999.99
999.99
999.99
999.99
999.99
999.99
999.99
999.99
999.99
999.99
999.99
999.99
999.99
999.99
999.99
999.99
999.99
999.99
999.99
999.99
999.99
999.99
999.99
999.99
999.99
999.99
999.99
999.99
999.99
999.99
999.99
999.99
24.472700348432
24.3775887651908
24.2302543554007
24.240359989802
24.2142229965157
24.2410905923345
24.2764843205575
24.4596909152715
24.526756097561
24.4750463159684
24.487512195122
24.5467290728308
24.5505365853659
24.6235666694994
24.6438466898955
24.6242500212459
24.6334773519164
24.6611173621144
24.5178129514745
24.3992351916376
24.2892311549248
23.929818815331
23.6368973400187
23.6794599303136
23.7622043001615
23.6779477351917
23.461004759072
23.4636202090592
23.483668989547
999.99
999.99
999.99
999.99
999.99
999.99
999.99
999.99
999.99
999.99
999.99
999.99
999.99
999.99
999.99
999.99
999.99
999.99
999.99
999.99
999.99
999.99
999.99
999.99
999.99
999.99
999.99
999.99
999.99
999.99
999.99
999.99
999.99
999.99
999.99
999.99
999.99
999.99
999.99
999.99
999.99
999.99
24.3509969001283
999.99
999.99
24.2469419279907
24.2138207820903
24.263993777999
24.2758681219067
24.2475286212046
24.2462333442598
24.2586802721088
24.2921465073834
24.2794593678042
24.5184592666335
24.373836754928
24.3358359050937
24.258390563602
24.2407224157956
24.2625825897283
24.2982472208396
24.4725438251446
24.3926240252199
24.4856645623151
24.591912560146
24.6873969697338
24.7576394557823
24.7090492742011
24.5665696034512
24.6683928217331
24.642737348598
24.6698141169615
24.6731330800018
24.629112659698
24.4282270190646
24.312931143189
999.99
999.99
999.99
999.99
999.99
999.99
999.99
999.99
999.99
999.99
999.99
999.99
999.99
999.99
999.99
999.99
999.99
999.99
999.99
999.99
999.99
999.99
999.99
999.99
999.99
999.99
999.99
999.99
999.99
999.99
999.99
999.99
999.99
999.99
999.99
999.99
999.99
999.99
999.99
999.99
999.99
999.99
999.99
999.99
999.99
999.99
999.99
999.99
999.99
24.3304136143452
24.236724738676
24.2178320727458
24.0369233449477
24.0343506416249
23.9485156794425
24.0434258519588
24.1295243902439
24.2704085153395
24.2112372737316
24.3187770034843
24.5408653862497
24.5572508710801
24.1795741480412
24.3770557491289
24.3619559785842
24.4446132404181
24.3909349876774
24.4013588850174
24.405222656582
24.4723867595819
24.291293107844
24.5209547038327
24.673045636101
24.6152090592334
24.4495321662276
999.99
999.99
999.99
999.99
999.99
999.99
999.99
999.99
999.99
999.99
999.99
999.99
999.99
999.99
999.99
999.99
999.99
999.99
999.99
999.99
999.99
999.99
999.99
999.99
999.99
999.99
999.99
999.99
999.99
999.99
999.99
999.99
999.99
999.99
999.99
999.99
999.99
999.99
999.99
999.99
999.99
999.99
999.99
999.99
999.99
999.99
999.99
999.99
999.99
999.99
999.99
999.99
999.99
999.99
999.99
999.99
999.99
24.0603723973825
24.0781492450639
24.1013712642701
24.0987944250871
24.0718367468344
24.159137630662
24.1255984249738
24.1490290360047
24.319415427325
24.4984895612022
24.4368222996516
24.4514511486927
24.4133890824623
24.2741558312795
24.150756097561
24.2975013172431
24.22349941928
24.1975398430639
24.3958106852497
999.99
999.99
24.6176481402793
999.99
999.99
999.99
999.99
999.99
999.99
999.99
999.99
999.99
999.99
999.99
999.99
999.99
999.99
999.99
999.99
999.99
999.99
999.99
999.99
999.99
999.99
999.99
999.99
999.99
999.99
999.99
999.99
999.99
999.99
999.99
999.99
999.99
999.99
999.99
999.99
999.99
999.99
999.99
999.99
999.99
999.99
999.99
999.99
999.99
999.99
999.99
999.99
999.99
999.99
999.99
999.99
999.99
999.99
999.99
999.99
999.99
999.99
999.99
999.99
999.99
23.9363526812272
23.9143153310104
23.8996108608821
23.8939355400697
23.9268959802838
23.8973013937282
24.0299949859777
23.9767770034843
24.0172802753463
24.0883823404436
24.006637630662
23.9700407920455
23.9424111498258
23.9619962607291
23.9448432055749
999.99
999.99
999.99
999.99
999.99
999.99
999.99
999.99
999.99
999.99
999.99
999.99
999.99
999.99
999.99
999.99
999.99
999.99
999.99
999.99
999.99
999.99
999.99
999.99
999.99
999.99
999.99
999.99
999.99
999.99
999.99
999.99
999.99
999.99
999.99
999.99
999.99
999.99
999.99
999.99
999.99
999.99
999.99
999.99
999.99
999.99
999.99
999.99
999.99
999.99
999.99
999.99
999.99
999.99
999.99
999.99
999.99
999.99
999.99
999.99
999.99
999.99
999.99
999.99
999.99
999.99
999.99
999.99
23.9687051924875
23.9446742160279
23.9015386249681
23.8592473867596
23.86664476927
23.8226289198606
23.7943924534716
23.6827979094077
23.6955765275771
23.642172261409
23.3991324041812
23.3616342313249
999.99
999.99
999.99
999.99
999.99
999.99
999.99
999.99
999.99
999.99
999.99
999.99
999.99
999.99
999.99
999.99
999.99
999.99
999.99
999.99
999.99
999.99
999.99
999.99
999.99
999.99
999.99
999.99
999.99
999.99
999.99
999.99
999.99
999.99
999.99
999.99
999.99
999.99
999.99
999.99
999.99
999.99
999.99
999.99
999.99
999.99
999.99
999.99
999.99
999.99
999.99
999.99
999.99
999.99
999.99
999.99
999.99
999.99
999.99
999.99
999.99
999.99
999.99
999.99
999.99
999.99
999.99
999.99
999.99
999.99
999.99
999.99
23.4087804878049
23.4216027874565
999.99
999.99
999.99
999.99
999.99
999.99
999.99
999.99
999.99
999.99
999.99
999.99
999.99
999.99
999.99
999.99
999.99
999.99
999.99
999.99
999.99
999.99
999.99
999.99
999.99
999.99
999.99
999.99
999.99
999.99
999.99
999.99
999.99
999.99
999.99
999.99
999.99
999.99
999.99
999.99
999.99
999.99
999.99
999.99
999.99
999.99
999.99
999.99
999.99
999.99
999.99
999.99
999.99
999.99
999.99
999.99
999.99
999.99
999.99
999.99
999.99
999.99
999.99
999.99
999.99
999.99
999.99
999.99
999.99
999.99
999.99
999.99
999.99
999.99
999.99
999.99
999.99
999.99
999.99
999.99
999.99
999.99
999.99
999.99
999.99
999.99
999.99
999.99
999.99
999.99
999.99
999.99
999.99
999.99
999.99
999.99
999.99
999.99
999.99
999.99
999.99
999.99
999.99
999.99
999.99
999.99
999.99
999.99
999.99
999.99
999.99
999.99
999.99
999.99
999.99
999.99
999.99
999.99
999.99
999.99
999.99
999.99
999.99
999.99
999.99
999.99
999.99
999.99
999.99
999.99
999.99
999.99
999.99
999.99
999.99
999.99
999.99
999.99
999.99
999.99
999.99
999.99
999.99
999.99
999.99
999.99
999.99
999.99
999.99
999.99
999.99
999.99
999.99
999.99
999.99
999.99
999.99
999.99
999.99
999.99
999.99
999.99
999.99
999.99
999.99
999.99
999.99
999.99
999.99
999.99
999.99
999.99
999.99
999.99
999.99
999.99
999.99
999.99
999.99
999.99
999.99
999.99
999.99
999.99
999.99
999.99
999.99
999.99
999.99
999.99
999.99
999.99
999.99
999.99
999.99
999.99
999.99
999.99
999.99
999.99
999.99
999.99
999.99
999.99
999.99
999.99
999.99
999.99
999.99
999.99
999.99
999.99
999.99
999.99
999.99
999.99
999.99
999.99
999.99
999.99
999.99
999.99
999.99
999.99
999.99
999.99
999.99
999.99
999.99
999.99
999.99
999.99
999.99
999.99
999.99
999.99
999.99
999.99
999.99
999.99
999.99
999.99
999.99
999.99
999.99
999.99
999.99
999.99
999.99
999.99
999.99
999.99
999.99
999.99
999.99
999.99
999.99
999.99
999.99
999.99
999.99
999.99
999.99
999.99
999.99
999.99
999.99
999.99
999.99
999.99
999.99
999.99
999.99
999.99
999.99
999.99
999.99
999.99
999.99
999.99
999.99
999.99
999.99
999.99
999.99
999.99
999.99
999.99
999.99
999.99
999.99
999.99
999.99
999.99
999.99
999.99
999.99
999.99
999.99
999.99
999.99
999.99
999.99
999.99
999.99
999.99
999.99
999.99
999.99
999.99
999.99
999.99
999.99
999.99
999.99
999.99
999.99
999.99
999.99
999.99
999.99
999.99
999.99
999.99
999.99
999.99
999.99
999.99
999.99
999.99
999.99
999.99
999.99
999.99
999.99
999.99
999.99
999.99
999.99
999.99
999.99
999.99
999.99
999.99
999.99
999.99
999.99
999.99
999.99
999.99
999.99
999.99
999.99
999.99
999.99
999.99
999.99
999.99
999.99
999.99
999.99
999.99
999.99
999.99
999.99
999.99
999.99
999.99
999.99
999.99
999.99
999.99
999.99
999.99
999.99
999.99
999.99
999.99
999.99
999.99
999.99
999.99
999.99
999.99
999.99
999.99
999.99
999.99
999.99
999.99
999.99
999.99
999.99
999.99
999.99
999.99
999.99
999.99
999.99
999.99
999.99
999.99
999.99
999.99
999.99
999.99
999.99
999.99
999.99
999.99
999.99
