999.99
999.99
999.99
999.99
999.99
999.99
999.99
999.99
999.99
999.99
999.99
999.99
999.99
999.99
999.99
999.99
999.99
999.99
999.99
999.99
999.99
999.99
999.99
999.99
999.99
999.99
999.99
999.99
999.99
999.99
999.99
999.99
999.99
999.99
999.99
999.99
999.99
999.99
999.99
999.99
999.99
999.99
999.99
999.99
999.99
999.99
999.99
999.99
999.99
999.99
999.99
999.99
999.99
999.99
999.99
999.99
999.99
999.99
999.99
999.99
999.99
999.99
999.99
999.99
999.99
999.99
999.99
999.99
999.99
999.99
999.99
999.99
999.99
999.99
999.99
999.99
999.99
999.99
999.99
999.99
999.99
999.99
999.99
999.99
999.99
999.99
999.99
999.99
999.99
999.99
999.99
999.99
999.99
999.99
999.99
999.99
999.99
999.99
999.99
999.99
999.99
999.99
999.99
999.99
999.99
999.99
999.99
999.99
999.99
999.99
999.99
999.99
999.99
999.99
999.99
999.99
999.99
999.99
999.99
999.99
999.99
999.99
999.99
999.99
999.99
999.99
999.99
999.99
999.99
999.99
999.99
999.99
999.99
999.99
15.587813461375
15.4708890116427
15.6874006968641
15.7552947225291
15.6858188153309
15.5947246536925
15.8245644599303
15.7914046910852
16.0927665505226
16.0942858842526
16.5589094076655
16.63265071811
15.8285365853659
15.6962650633127
15.8242264808363
16.0528728647914
15.8664216027875
15.6958925809467
15.3797142857143
15.1912160278746
14.7720104529617
999.99
999.99
999.99
999.99
999.99
999.99
999.99
999.99
999.99
999.99
999.99
999.99
999.99
999.99
999.99
999.99
999.99
999.99
999.99
999.99
999.99
999.99
999.99
999.99
999.99
999.99
999.99
999.99
999.99
999.99
999.99
999.99
999.99
999.99
999.99
999.99
999.99
999.99
999.99
999.99
999.99
999.99
999.99
999.99
999.99
999.99
999.99
999.99
999.99
999.99
999.99
999.99
999.99
999.99
999.99
999.99
999.99
999.99
999.99
999.99
999.99
999.99
15.6091553921985
15.6575244266654
15.6756881533101
15.7042173329773
15.7639474863116
15.7592272760383
15.6676358885017
15.7119329480752
15.6822259830761
15.7558816484357
15.8440540069686
15.7652190205053
16.0131192135391
16.147585845403
15.761068442011
15.8279897959184
15.7674644101543
15.7745288882954
15.7327849676456
15.5598088601294
15.1378997013439
999.99
999.99
999.99
999.99
999.99
999.99
999.99
999.99
999.99
999.99
999.99
999.99
999.99
999.99
999.99
999.99
999.99
999.99
999.99
999.99
999.99
999.99
999.99
999.99
999.99
999.99
999.99
999.99
999.99
999.99
999.99
999.99
999.99
999.99
999.99
999.99
999.99
999.99
999.99
999.99
999.99
999.99
999.99
999.99
999.99
999.99
999.99
999.99
999.99
999.99
999.99
999.99
999.99
999.99
999.99
999.99
999.99
999.99
999.99
999.99
999.99
999.99
16.6157151355486
16.3836559870825
15.9846306620209
16.1231999660067
16.3581219512194
16.2359636270927
16.2065296167248
16.1079666864961
16.1344041811847
15.9210192912382
16.0935853658537
15.958118466899
16.0486620209059
16.2657416503782
16.2164181184669
16.0427079969405
15.8004146341463
15.805667799779
15.8934181184669
15.5860085833263
15.6648397212544
999.99
999.99
999.99
999.99
999.99
999.99
999.99
999.99
999.99
999.99
999.99
999.99
999.99
999.99
999.99
999.99
999.99
999.99
999.99
999.99
999.99
999.99
999.99
999.99
999.99
999.99
999.99
999.99
999.99
999.99
999.99
999.99
999.99
999.99
999.99
999.99
999.99
999.99
999.99
999.99
999.99
999.99
999.99
999.99
999.99
999.99
999.99
999.99
999.99
999.99
999.99
999.99
999.99
999.99
999.99
999.99
999.99
999.99
999.99
999.99
999.99
999.99
15.8978470298292
16.1837314523668
16.3071881533101
16.3117707147106
16.2318675958188
16.2628636865811
16.1412543554008
16.5232761961417
16.4360383275261
16.351168097221
16.1667038327526
16.4874703832753
16.2295400696864
16.0547135208634
15.9986759581881
15.9448906263279
15.9503902439024
16.0011086938047
15.7542578397213
15.6415888501742
38.3833449477365
999.99
999.99
999.99
999.99
999.99
999.99
999.99
999.99
999.99
999.99
999.99
999.99
999.99
999.99
999.99
999.99
999.99
999.99
999.99
999.99
999.99
999.99
999.99
999.99
999.99
999.99
999.99
999.99
999.99
999.99
999.99
999.99
999.99
999.99
999.99
999.99
999.99
999.99
999.99
999.99
999.99
999.99
999.99
999.99
999.99
999.99
999.99
999.99
999.99
999.99
999.99
999.99
999.99
999.99
999.99
999.99
999.99
999.99
999.99
999.99
999.99
999.99
999.99
16.1380879578482
16.2013519163763
16.2260920370528
16.0207595818814
16.4461689470553
16.5968466898955
23.9520514999457
31.2824808362411
16.3803559105974
16.3002648083624
16.4357908557831
16.1062926829268
16.0927216792725
16.1108362369338
16.0265191637631
15.9888222996516
15.923559445908
15.6009965156795
15.130018441404
37.779216027876
18.9675684892277
999.99
999.99
999.99
999.99
999.99
999.99
999.99
999.99
999.99
999.99
999.99
999.99
999.99
999.99
999.99
999.99
999.99
999.99
999.99
999.99
999.99
999.99
999.99
999.99
999.99
999.99
999.99
999.99
999.99
999.99
999.99
999.99
999.99
999.99
999.99
999.99
999.99
999.99
999.99
999.99
999.99
999.99
999.99
999.99
999.99
999.99
999.99
999.99
999.99
999.99
999.99
999.99
999.99
999.99
999.99
999.99
999.99
999.99
999.99
999.99
999.99
16.1022129684711
16.1048411659726
16.1810975609756
16.3230936517378
16.2208989547039
16.2379706807173
16.3173937282231
16.1611969915866
16.3360940766551
15.9572753463074
16.371637630662
15.894482026005
15.9837003484321
16.1173464774369
16.0571567944251
16.10615517974
16.0592857142857
15.8943699328631
15.6287665505227
15.1603666185094
14.8552961672474
999.99
999.99
999.99
999.99
999.99
999.99
999.99
999.99
999.99
999.99
999.99
999.99
999.99
999.99
999.99
999.99
999.99
999.99
999.99
999.99
999.99
999.99
999.99
999.99
999.99
999.99
999.99
999.99
999.99
999.99
999.99
999.99
999.99
999.99
999.99
999.99
999.99
999.99
999.99
999.99
999.99
999.99
999.99
999.99
999.99
999.99
999.99
999.99
999.99
999.99
999.99
999.99
999.99
999.99
999.99
999.99
999.99
999.99
999.99
999.99
999.99
999.99
999.99
999.99
16.7291219512195
16.7198575677742
16.651099883856
16.7309798022719
16.7256922183508
16.5252857142857
16.4718850174216
16.5905723067335
16.3298327526132
16.1288621568794
16.0707921022067
16.0986227302343
16.0474541231127
15.9173373275545
15.6582857142857
15.6094691085238
15.4823170731707
15.3114951984363
15.0596806039489
15.1013537293561
18.9675684892277
999.99
999.99
999.99
999.99
999.99
999.99
999.99
999.99
999.99
999.99
999.99
999.99
999.99
999.99
999.99
999.99
999.99
999.99
999.99
999.99
999.99
999.99
999.99
999.99
999.99
999.99
999.99
999.99
999.99
999.99
999.99
999.99
999.99
999.99
999.99
999.99
999.99
999.99
999.99
999.99
999.99
999.99
999.99
999.99
999.99
999.99
999.99
999.99
999.99
999.99
999.99
999.99
999.99
999.99
999.99
999.99
999.99
999.99
999.99
999.99
999.99
999.99
999.99
16.4541010452962
16.5386097560976
16.5753827653608
16.5687247386759
16.6104819410215
16.5810801393728
16.3028029234299
16.2837108013937
16.2091820345033
16.1574982578397
16.0553009263194
15.9985783972125
15.7737894110648
15.6873693379791
15.7780079034588
15.6793902439024
15.4434959632872
15.2116550522648
15.2035017421603
15.2527881363134
15.308862369338
999.99
999.99
999.99
999.99
999.99
999.99
999.99
999.99
999.99
999.99
999.99
999.99
999.99
999.99
999.99
999.99
999.99
999.99
999.99
999.99
999.99
999.99
999.99
999.99
999.99
999.99
999.99
999.99
999.99
999.99
999.99
999.99
999.99
999.99
999.99
999.99
999.99
999.99
999.99
999.99
999.99
999.99
999.99
999.99
999.99
999.99
999.99
999.99
999.99
999.99
999.99
999.99
999.99
999.99
999.99
999.99
999.99
999.99
16.676506636801
16.7425342584386
16.7862187311569
16.5243383109342
16.483147685011
16.6707806537249
16.4810300193843
16.6418929815829
16.6429375776485
16.7229047619048
16.7177487606583
16.4155691056911
16.078753552105
16.0350532603285
15.94418137487
15.8198894972623
15.7059140534263
15.9729601791936
16.0072653061224
15.9989069188651
15.7921949236566
999.99
999.99
999.99
999.99
999.99
999.99
999.99
999.99
999.99
999.99
999.99
999.99
999.99
999.99
999.99
999.99
999.99
999.99
999.99
999.99
999.99
999.99
999.99
999.99
999.99
999.99
999.99
999.99
999.99
999.99
999.99
999.99
999.99
999.99
999.99
999.99
999.99
999.99
999.99
999.99
999.99
999.99
999.99
999.99
999.99
999.99
999.99
999.99
999.99
999.99
999.99
999.99
999.99
999.99
999.99
999.99
999.99
999.99
999.99
999.99
999.99
999.99
999.99
16.7151289198606
16.5471356335515
16.6056202090592
16.4493110393474
16.485456445993
16.4995655647149
16.4175365853659
16.3832983768165
16.421331010453
16.4638006288774
16.5581114982578
16.273861477012
16.2539198606272
16.1242997365514
16.0505191637631
16.0043779213053
16.1925853658537
16.3401861137078
16.3155261324042
16.177190107929
16.1197839721254
999.99
999.99
999.99
999.99
999.99
999.99
999.99
999.99
999.99
999.99
999.99
999.99
999.99
999.99
999.99
999.99
999.99
999.99
999.99
999.99
999.99
999.99
999.99
999.99
999.99
999.99
999.99
999.99
999.99
999.99
999.99
999.99
999.99
999.99
999.99
999.99
999.99
999.99
999.99
999.99
999.99
999.99
999.99
999.99
999.99
999.99
999.99
999.99
999.99
999.99
999.99
999.99
999.99
999.99
999.99
999.99
999.99
999.99
999.99
999.99
999.99
999.99
16.3926341665756
16.351505651398
16.2427368508379
16.3352007025297
16.2692258171561
16.2795373016547
16.3130074664012
16.3856898185806
16.4947912726066
16.4172993197279
16.5042945080471
16.5724211414489
16.3981969470715
16.0787979458291
16.0396885681102
16.0421639289862
16.1554451634312
16.1693850761006
16.2667678778829
16.2238776238633
16.3392696200431
999.99
999.99
999.99
999.99
999.99
999.99
999.99
999.99
999.99
999.99
999.99
999.99
999.99
999.99
999.99
999.99
999.99
999.99
999.99
999.99
999.99
999.99
999.99
999.99
999.99
999.99
999.99
999.99
999.99
999.99
999.99
999.99
999.99
999.99
999.99
999.99
999.99
999.99
999.99
999.99
999.99
999.99
999.99
999.99
999.99
999.99
999.99
999.99
999.99
999.99
999.99
999.99
999.99
999.99
999.99
999.99
999.99
999.99
999.99
999.99
999.99
999.99
999.99
999.99
999.99
999.99
16.4495574912892
16.5886182544404
16.5305958188153
16.6202802753463
16.8442717770035
17.1052890286394
17.0908606271777
16.8486244582307
16.3681289198606
16.0916843715475
16.2040104529617
16.249992266508
16.3993379790941
16.0856751933374
16.7564216027874
16.6162026854764
16.4442578397213
16.4271430271097
16.2772563100195
16.0124390243903
15.8890322087193
999.99
999.99
999.99
999.99
999.99
999.99
999.99
999.99
999.99
999.99
999.99
999.99
999.99
999.99
999.99
999.99
999.99
999.99
999.99
999.99
999.99
999.99
999.99
999.99
999.99
999.99
999.99
999.99
999.99
999.99
999.99
999.99
999.99
999.99
999.99
999.99
999.99
999.99
999.99
999.99
999.99
999.99
999.99
999.99
999.99
999.99
999.99
999.99
999.99
999.99
999.99
999.99
999.99
999.99
999.99
999.99
999.99
999.99
999.99
999.99
999.99
999.99
16.544212543554
16.4046264128495
16.549212543554
17.0974129344777
17.1658327526132
17.210672558851
17.2825470383275
17.1970001699668
17.1133449477352
16.6518565479731
16.5902334494774
16.5133281210164
16.6554494773519
16.4800952664231
16.8656132404181
16.9054035013172
16.4316411149826
16.5556810571939
16.6075690490354
16.5372334494774
16.2690831137928
999.99
999.99
999.99
999.99
999.99
999.99
999.99
999.99
999.99
999.99
999.99
999.99
999.99
999.99
999.99
999.99
999.99
999.99
999.99
999.99
999.99
999.99
999.99
999.99
999.99
999.99
999.99
999.99
999.99
999.99
999.99
999.99
999.99
999.99
999.99
999.99
999.99
999.99
999.99
999.99
999.99
999.99
999.99
999.99
999.99
999.99
999.99
999.99
999.99
999.99
999.99
999.99
999.99
999.99
999.99
999.99
999.99
999.99
999.99
999.99
999.99
999.99
16.6118048780487
16.7038750743605
17.0066829268292
16.9489684711481
16.8022682926829
16.9203569303986
16.894487804878
16.9477108863772
16.7297317073171
17.0922028554432
16.8022682926829
16.501016656752
36.6933414634176
16.1126097560976
16.3618780487804
16.4916264128495
16.7859024390244
16.7155871505056
16.8065990481856
16.9206463414634
16.9028625817965
999.99
999.99
999.99
999.99
999.99
999.99
999.99
999.99
999.99
999.99
999.99
999.99
999.99
999.99
999.99
999.99
999.99
999.99
999.99
999.99
999.99
999.99
999.99
999.99
999.99
999.99
999.99
999.99
999.99
999.99
999.99
999.99
999.99
999.99
999.99
999.99
999.99
999.99
999.99
999.99
999.99
999.99
999.99
999.99
999.99
999.99
999.99
999.99
999.99
999.99
999.99
999.99
999.99
999.99
999.99
999.99
999.99
999.99
999.99
999.99
999.99
999.99
999.99
17.0391966516529
17.2604006968641
17.2249773094246
17.3824494773519
17.393600917821
17.3793379790941
17.1507487040027
17.096818815331
16.8956497832922
34.9529616724893
18.9675684892277
16.1604459930314
18.9675684892277
18.9675684892277
18.9675684892277
18.9675684892277
16.5090452111839
16.7840642474718
17.0424529616725
17.1156220786947
16.9544790940766
999.99
999.99
999.99
999.99
999.99
999.99
999.99
999.99
999.99
999.99
999.99
999.99
999.99
999.99
999.99
999.99
999.99
999.99
999.99
999.99
999.99
999.99
999.99
999.99
999.99
999.99
999.99
999.99
999.99
999.99
999.99
999.99
999.99
999.99
999.99
999.99
999.99
999.99
999.99
999.99
999.99
999.99
999.99
999.99
999.99
999.99
999.99
999.99
999.99
999.99
999.99
999.99
999.99
999.99
999.99
999.99
999.99
999.99
999.99
999.99
999.99
999.99
17.3466916133497
17.3275296167247
17.363934498011
17.415105939937
17.4218182022363
17.265119047619
17.0685522607616
17.1731165588187
17.1447750286313
16.510025966484
16.2156326530612
16.3156178861789
16.0375731545444
18.9675684892277
34.1151053592252
16.4604911232786
16.6611106180723
16.8583422808743
17.1078924008628
17.2591750071831
17.2137096399535
999.99
999.99
999.99
999.99
999.99
999.99
999.99
999.99
999.99
999.99
999.99
999.99
999.99
999.99
999.99
999.99
999.99
999.99
999.99
999.99
999.99
999.99
999.99
999.99
999.99
999.99
999.99
999.99
999.99
999.99
999.99
999.99
999.99
999.99
999.99
999.99
999.99
999.99
999.99
999.99
999.99
999.99
999.99
999.99
999.99
999.99
999.99
999.99
999.99
999.99
999.99
999.99
999.99
999.99
999.99
999.99
999.99
999.99
999.99
999.99
999.99
999.99
999.99
999.99
17.4368812781508
17.2559512195122
17.0022629387269
16.9880557491289
17.0619501147276
16.9741742160279
17.0590551542449
16.3594425087108
16.5781514404692
16.7536759581881
17.0392501062292
16.7165017421603
17.0544619699158
17.0810034843206
17.3629784991926
17.0678317328121
17.171118466899
17.1965786521628
17.1819390243902
17.0337764086004
16.3828205574913
999.99
999.99
999.99
999.99
999.99
999.99
999.99
999.99
999.99
999.99
999.99
999.99
999.99
999.99
999.99
999.99
999.99
999.99
999.99
999.99
999.99
999.99
999.99
999.99
999.99
999.99
999.99
999.99
999.99
999.99
999.99
999.99
999.99
999.99
999.99
999.99
999.99
999.99
999.99
999.99
999.99
999.99
999.99
999.99
999.99
999.99
999.99
999.99
999.99
999.99
999.99
999.99
999.99
999.99
999.99
999.99
999.99
999.99
999.99
999.99
999.99
999.99
17.2460975447883
17.3204051767049
17.3658166887219
17.3928474365356
17.0781504753002
17.2778199767712
17.2512789115646
16.9099245063878
16.4495407030153
18.9675684892277
18.9675684892277
17.0439727891156
17.1028983820774
17.4507406669985
17.7274082300379
17.7365615138381
17.4224743653559
17.1472844031128
17.2611898954704
17.1861814153383
16.6486652563465
999.99
999.99
999.99
999.99
999.99
999.99
999.99
999.99
999.99
999.99
999.99
999.99
999.99
999.99
999.99
999.99
999.99
999.99
999.99
999.99
999.99
999.99
999.99
999.99
999.99
999.99
999.99
999.99
999.99
999.99
999.99
999.99
999.99
999.99
999.99
999.99
999.99
999.99
999.99
999.99
999.99
999.99
999.99
999.99
999.99
999.99
999.99
999.99
999.99
999.99
999.99
999.99
999.99
999.99
999.99
999.99
999.99
999.99
999.99
999.99
999.99
16.8163135888502
16.9630565989632
17.1245853658537
17.50649851279
17.527912891986
17.2550351831393
17.4096515679442
17.4803881193167
17.5357212543554
16.6403998470296
18.9294843205552
17.4872058298632
17.6309721254355
17.6405218832328
17.2694041811847
17.18700594884
17.2307814226226
17.3738153310105
17.4296411149826
17.3168310104529
17.0503874394494
999.99
999.99
999.99
999.99
999.99
999.99
999.99
999.99
999.99
999.99
999.99
999.99
999.99
999.99
999.99
999.99
999.99
999.99
999.99
999.99
999.99
999.99
999.99
999.99
999.99
999.99
999.99
999.99
999.99
999.99
999.99
999.99
999.99
999.99
999.99
999.99
999.99
999.99
999.99
999.99
999.99
999.99
999.99
999.99
999.99
999.99
999.99
999.99
999.99
999.99
999.99
999.99
999.99
999.99
999.99
999.99
999.99
999.99
999.99
999.99
999.99
999.99
999.99
999.99
999.99
16.6459521583767
17.2482293014767
17.4216088435374
17.1425091256015
17.2783037712408
17.3377175211548
17.0697828673408
22.6558518334193
30.8888690223448
17.7156476688236
17.8017027603427
17.8216676621868
17.8726530612245
17.496726343244
17.3966801061888
17.2925861266577
17.0947074000332
16.8052244897959
16.6862133731541
16.5353151913949
18.9675684892277
999.99
999.99
999.99
999.99
999.99
999.99
999.99
999.99
999.99
999.99
999.99
999.99
999.99
999.99
999.99
999.99
999.99
999.99
999.99
999.99
999.99
999.99
999.99
999.99
999.99
999.99
999.99
999.99
999.99
999.99
999.99
999.99
999.99
999.99
999.99
999.99
999.99
999.99
999.99
999.99
999.99
999.99
999.99
999.99
999.99
999.99
999.99
999.99
999.99
999.99
999.99
999.99
999.99
999.99
999.99
999.99
999.99
999.99
999.99
999.99
999.99
16.5190731707317
16.6145615704938
16.9270487804879
16.8144949434861
16.7636341463415
16.5821790600833
18.9675684892277
18.9675684892277
18.9675684892277
18.9675684892277
18.9675684892277
27.5679547888141
17.5209756097561
17.45748958953
17.3570803093397
17.0846951219512
16.9837085068412
16.8223048780488
16.412
18.9675684892277
999.99
999.99
999.99
999.99
999.99
999.99
999.99
999.99
999.99
999.99
999.99
999.99
999.99
999.99
999.99
999.99
999.99
999.99
999.99
999.99
999.99
999.99
999.99
999.99
999.99
999.99
999.99
999.99
999.99
999.99
999.99
999.99
999.99
999.99
999.99
999.99
999.99
999.99
999.99
999.99
999.99
999.99
999.99
999.99
999.99
999.99
999.99
999.99
999.99
999.99
999.99
999.99
999.99
999.99
999.99
999.99
999.99
999.99
999.99
999.99
999.99
999.99
16.7736986487635
17.136818815331
16.9574717430101
16.8190592334495
17.1308047930653
17.1429268292683
17.3570797994391
18.9675684892277
18.9675684892277
18.9675684892277
18.9675684892277
17.4573344947735
17.4299954958783
17.2624982578397
17.3126213988272
17.2770144471828
17.0468170731707
16.9568770289793
16.6717909407665
16.3858392963372
999.99
999.99
999.99
999.99
999.99
999.99
999.99
999.99
999.99
999.99
999.99
999.99
999.99
999.99
999.99
999.99
999.99
999.99
999.99
999.99
999.99
999.99
999.99
999.99
999.99
999.99
999.99
999.99
999.99
999.99
999.99
999.99
999.99
999.99
999.99
999.99
999.99
999.99
999.99
999.99
999.99
999.99
999.99
999.99
999.99
999.99
999.99
999.99
999.99
999.99
999.99
999.99
999.99
999.99
999.99
999.99
999.99
999.99
999.99
999.99
999.99
999.99
999.99
999.99
17.5591010452962
17.5049245347157
17.4888675958188
17.6028391263703
17.9931533101045
18.9675684892277
18.9675684892277
18.9675684892277
18.9675684892277
18.9675684892277
17.114087108014
17.191122036203
17.2646655052265
17.1959049885272
17.0278503441829
17.0118466898955
16.8875284269567
16.7599860627178
16.3987735191638
18.9675684892277
999.99
999.99
999.99
999.99
999.99
999.99
999.99
999.99
999.99
999.99
999.99
999.99
999.99
999.99
999.99
999.99
999.99
999.99
999.99
999.99
999.99
999.99
999.99
999.99
999.99
999.99
999.99
999.99
999.99
999.99
999.99
999.99
999.99
999.99
999.99
999.99
999.99
999.99
999.99
999.99
999.99
999.99
999.99
999.99
999.99
999.99
999.99
999.99
999.99
999.99
999.99
999.99
999.99
999.99
999.99
999.99
999.99
999.99
999.99
999.99
999.99
18.9675684892277
17.6127800628877
17.532724738676
17.4882420328036
17.7168641114983
17.6835947990142
18.9675684892277
18.9675684892277
18.9675684892277
34.6381166822418
18.9675684892277
18.9675684892277
17.0537247386759
17.3501544148891
17.4289163763066
17.402957338319
17.5944691935073
17.5437195121951
17.1397870315288
16.7451724738675
999.99
999.99
999.99
999.99
999.99
999.99
999.99
999.99
999.99
999.99
999.99
999.99
999.99
999.99
999.99
999.99
999.99
999.99
999.99
999.99
999.99
999.99
999.99
999.99
999.99
999.99
999.99
999.99
999.99
999.99
999.99
999.99
999.99
999.99
999.99
999.99
999.99
999.99
999.99
999.99
999.99
999.99
999.99
999.99
999.99
999.99
999.99
999.99
999.99
999.99
999.99
999.99
999.99
999.99
999.99
999.99
999.99
999.99
999.99
999.99
999.99
999.99
999.99
999.99
17.3727718194952
17.4898780487805
17.6295443188578
17.7121254355401
18.9675684892277
18.9675684892277
18.9675684892277
18.9675684892277
18.9675684892277
18.9675684892277
31.114576017695
17.7302508710802
17.5816118806833
17.5587282229965
17.7088410809892
17.7036968641115
17.6781393728223
17.3354968981048
16.9524285714285
16.5032039602278
999.99
999.99
999.99
999.99
999.99
999.99
999.99
999.99
999.99
999.99
999.99
999.99
999.99
999.99
999.99
999.99
999.99
999.99
999.99
999.99
999.99
999.99
999.99
999.99
999.99
999.99
999.99
999.99
999.99
999.99
999.99
999.99
999.99
999.99
999.99
999.99
999.99
999.99
999.99
999.99
999.99
999.99
999.99
999.99
999.99
999.99
999.99
999.99
999.99
999.99
999.99
999.99
999.99
999.99
999.99
999.99
999.99
999.99
999.99
999.99
999.99
999.99
17.6672543554007
17.7343989122121
17.654512195122
17.6850050990057
18.9675684892277
18.9675684892277
18.9675684892277
18.9675684892277
18.9675684892277
18.9675684892277
17.8485644599303
17.876902354041
17.6902473867596
17.7348118466899
17.7679303135888
17.8928636015977
17.9069378771139
17.6322839721254
17.3464615449987
16.9413606271777
999.99
999.99
999.99
999.99
999.99
999.99
999.99
999.99
999.99
999.99
999.99
999.99
999.99
999.99
999.99
999.99
999.99
999.99
999.99
999.99
999.99
999.99
999.99
999.99
999.99
999.99
999.99
999.99
999.99
999.99
999.99
999.99
999.99
999.99
999.99
999.99
999.99
999.99
999.99
999.99
999.99
999.99
999.99
999.99
999.99
999.99
999.99
999.99
999.99
999.99
999.99
999.99
999.99
999.99
999.99
999.99
999.99
999.99
999.99
999.99
999.99
999.99
999.99
999.99
999.99
17.7095828770532
20.9254528766922
18.9675684892277
18.9675684892277
18.9675684892277
18.9675684892277
18.9675684892277
18.9675684892277
18.9675684892277
30.8803323337849
36.7628267795059
17.6284884361835
17.71281234445
17.8156553436366
17.7490408163265
17.5664069188651
17.3678004831915
16.8955597312095
16.4219691024536
16.3227959183673
999.99
999.99
999.99
999.99
999.99
999.99
999.99
999.99
999.99
999.99
999.99
999.99
999.99
999.99
999.99
999.99
999.99
999.99
999.99
999.99
999.99
999.99
999.99
999.99
999.99
999.99
999.99
999.99
999.99
999.99
999.99
999.99
999.99
999.99
999.99
999.99
999.99
999.99
999.99
999.99
999.99
999.99
999.99
999.99
999.99
999.99
999.99
999.99
999.99
999.99
999.99
999.99
999.99
999.99
999.99
999.99
999.99
999.99
999.99
999.99
999.99
999.99
999.99
17.391
20.6063474122578
18.9675684892277
18.9675684892277
18.9675684892277
18.9675684892277
18.9675684892277
18.9675684892277
18.9675684892277
18.9675684892277
18.9675684892277
35.1460535395681
17.6820731707317
17.6778732897085
17.9504045211184
18.0196463414634
17.7778649613325
16.9443536585365
16.6126519928614
16.2878292682927
999.99
999.99
999.99
999.99
999.99
999.99
999.99
999.99
999.99
999.99
999.99
999.99
999.99
999.99
999.99
999.99
999.99
999.99
999.99
999.99
999.99
999.99
999.99
999.99
999.99
999.99
999.99
999.99
999.99
999.99
999.99
999.99
999.99
999.99
999.99
999.99
999.99
999.99
999.99
999.99
999.99
999.99
999.99
999.99
999.99
999.99
999.99
999.99
999.99
999.99
999.99
999.99
999.99
999.99
999.99
999.99
999.99
999.99
999.99
999.99
999.99
999.99
17.2022649783292
18.9675684892277
18.9675684892277
18.9675684892277
18.9675684892277
18.9675684892277
18.9675684892277
18.9675684892277
18.9675684892277
18.9675684892277
18.9675684892277
18.9675684892277
17.6950229819471
17.6619840716774
17.7307824181428
17.8567144071192
17.9313407167745
17.6793337420631
16.8985985564958
16.7065039881509
999.99
999.99
999.99
999.99
999.99
999.99
999.99
999.99
999.99
999.99
999.99
999.99
999.99
999.99
999.99
999.99
999.99
999.99
999.99
999.99
999.99
999.99
999.99
999.99
999.99
999.99
999.99
999.99
999.99
999.99
999.99
999.99
999.99
999.99
999.99
999.99
999.99
999.99
999.99
999.99
999.99
999.99
999.99
999.99
999.99
999.99
999.99
999.99
999.99
999.99
999.99
999.99
999.99
999.99
999.99
999.99
999.99
999.99
999.99
999.99
999.99
999.99
999.99
24.6877793830086
18.9675684892277
18.9675684892277
18.9675684892277
18.9675684892277
18.9675684892277
18.9675684892277
18.9675684892277
18.9675684892277
18.9675684892277
26.0295035268127
17.5506724738676
17.7408895215433
17.7912961672474
17.8188256989887
17.8224416588765
17.9708484320557
17.8856363559106
17.4649965156794
17.295394917991
999.99
999.99
999.99
999.99
999.99
999.99
999.99
999.99
999.99
999.99
999.99
999.99
999.99
999.99
999.99
999.99
999.99
999.99
999.99
999.99
999.99
999.99
999.99
999.99
999.99
999.99
999.99
999.99
999.99
999.99
999.99
999.99
999.99
999.99
999.99
999.99
999.99
999.99
999.99
999.99
999.99
999.99
999.99
999.99
999.99
999.99
999.99
999.99
999.99
999.99
999.99
999.99
999.99
999.99
999.99
999.99
999.99
999.99
999.99
999.99
999.99
17.4609618424407
17.5170348432056
18.9675684892277
18.9675684892277
18.9675684892277
18.9675684892277
18.9675684892277
18.9675684892277
18.9675684892277
18.9675684892277
18.9675684892277
17.7833379790941
17.7623121441319
17.7424006968641
17.7909210503952
17.8014634146341
17.859529276791
17.8052484915442
17.8422055749129
17.6847003484321
999.99
999.99
999.99
999.99
999.99
999.99
999.99
999.99
999.99
999.99
999.99
999.99
999.99
999.99
999.99
999.99
999.99
999.99
999.99
999.99
999.99
999.99
999.99
999.99
999.99
999.99
999.99
999.99
999.99
999.99
999.99
999.99
999.99
999.99
999.99
999.99
999.99
999.99
999.99
999.99
999.99
999.99
999.99
999.99
999.99
999.99
999.99
999.99
999.99
999.99
999.99
999.99
999.99
999.99
999.99
999.99
999.99
999.99
999.99
999.99
999.99
999.99
999.99
999.99
18.9675684892277
18.9675684892277
18.9675684892277
18.9675684892277
18.9675684892277
18.9675684892277
18.9675684892277
18.9675684892277
18.9675684892277
17.5647421602787
17.6806864111498
17.7074723378941
17.6444494773519
17.5839106824169
17.5635121951219
17.6409533440979
17.6580110478457
17.8764721254355
17.511491969066
16.8424599303135
999.99
999.99
999.99
999.99
999.99
999.99
999.99
999.99
999.99
999.99
999.99
999.99
999.99
999.99
999.99
999.99
999.99
999.99
999.99
999.99
999.99
999.99
999.99
999.99
999.99
999.99
999.99
999.99
999.99
999.99
999.99
999.99
999.99
999.99
999.99
999.99
999.99
999.99
999.99
999.99
999.99
999.99
999.99
999.99
999.99
999.99
999.99
999.99
999.99
999.99
999.99
999.99
999.99
999.99
999.99
999.99
999.99
999.99
999.99
999.99
999.99
999.99
999.99
18.9675684892277
18.9675684892277
18.9675684892277
18.9675684892277
18.9675684892277
18.9675684892277
18.9675684892277
18.9675684892277
36.173735191643
18.9675684892277
36.146585365859
17.6773626242883
17.6588292682927
36.3324111498311
17.6623449477352
18.9675684892277
16.9422423727372
16.9897996515679
16.3119755247726
15.7522770034843
999.99
999.99
999.99
999.99
999.99
999.99
999.99
999.99
999.99
999.99
999.99
999.99
999.99
999.99
999.99
999.99
999.99
999.99
999.99
999.99
999.99
999.99
999.99
999.99
999.99
999.99
999.99
999.99
999.99
999.99
999.99
999.99
999.99
999.99
999.99
999.99
999.99
999.99
999.99
999.99
999.99
999.99
999.99
999.99
999.99
999.99
999.99
999.99
999.99
999.99
999.99
999.99
999.99
999.99
999.99
999.99
999.99
999.99
999.99
999.99
999.99
999.99
18.9675684892277
18.9675684892277
18.9675684892277
18.9675684892277
18.9675684892277
18.9675684892277
18.9675684892277
18.9675684892277
18.9675684892277
18.9675684892277
18.9675684892277
18.9675684892277
18.9675684892277
18.9675684892277
18.9675684892277
18.9675684892277
39.4380387524369
16.3552756012578
16.4576986062718
16.3622630237104
999.99
999.99
999.99
999.99
999.99
999.99
999.99
999.99
999.99
999.99
999.99
999.99
999.99
999.99
999.99
999.99
999.99
999.99
999.99
999.99
999.99
999.99
999.99
999.99
999.99
999.99
999.99
999.99
999.99
999.99
999.99
999.99
999.99
999.99
999.99
999.99
999.99
999.99
999.99
999.99
999.99
999.99
999.99
999.99
999.99
999.99
999.99
999.99
999.99
999.99
999.99
999.99
999.99
999.99
999.99
999.99
999.99
999.99
999.99
999.99
999.99
999.99
17.4398292682928
18.9675684892277
18.9675684892277
27.4977560975589
18.9675684892277
18.9675684892277
18.9675684892277
18.9675684892277
18.9675684892277
18.9675684892277
18.9675684892277
18.9675684892277
18.9675684892277
18.9675684892277
18.9675684892277
18.606255800119
18.0370731707317
17.6984146341464
18.9675684892277
16.5528780487805
999.99
999.99
999.99
999.99
999.99
999.99
999.99
999.99
999.99
999.99
999.99
999.99
999.99
999.99
999.99
999.99
999.99
999.99
999.99
999.99
999.99
999.99
999.99
999.99
999.99
999.99
999.99
999.99
999.99
999.99
999.99
999.99
999.99
999.99
999.99
999.99
999.99
999.99
999.99
999.99
999.99
999.99
999.99
999.99
999.99
999.99
999.99
999.99
999.99
999.99
999.99
999.99
999.99
999.99
999.99
999.99
999.99
999.99
999.99
999.99
999.99
999.99
999.99
18.9675684892277
18.9675684892277
18.9675684892277
18.9675684892277
18.9675684892277
18.9675684892277
18.9675684892277
19.1103734556387
18.9675684892277
18.1917904571704
18.9675684892277
18.9675684892277
19.2876066036171
19.2020182228752
18.7885404015265
18.5553386265869
18.1833694209391
17.4235614956274
16.8579892617368
16.5850754106521
999.99
999.99
999.99
999.99
999.99
999.99
999.99
999.99
999.99
999.99
999.99
999.99
999.99
999.99
999.99
999.99
999.99
999.99
999.99
999.99
999.99
999.99
999.99
999.99
999.99
999.99
999.99
999.99
999.99
999.99
999.99
999.99
999.99
999.99
999.99
999.99
999.99
999.99
999.99
999.99
999.99
999.99
999.99
999.99
999.99
999.99
999.99
999.99
999.99
999.99
999.99
999.99
999.99
999.99
999.99
999.99
999.99
999.99
999.99
999.99
999.99
999.99
999.99
999.99
18.9675684892277
18.9675684892277
18.9675684892277
18.9675684892277
18.9675684892277
18.9675684892277
18.9675684892277
19.7085783972102
18.9675684892277
18.9675684892277
18.8842802753463
18.622425087108
18.9675684892277
18.1970801393728
17.9004407240588
17.5735226480836
17.0810602532506
16.9393228520438
16.3227299651568
17.6322048100597
999.99
999.99
999.99
999.99
999.99
999.99
999.99
999.99
999.99
999.99
999.99
999.99
999.99
999.99
999.99
999.99
999.99
999.99
999.99
999.99
999.99
999.99
999.99
999.99
999.99
999.99
999.99
999.99
999.99
999.99
999.99
999.99
999.99
999.99
999.99
999.99
999.99
999.99
999.99
999.99
999.99
999.99
999.99
999.99
999.99
999.99
999.99
999.99
999.99
999.99
999.99
999.99
999.99
999.99
999.99
999.99
999.99
999.99
17.7907138324693
17.8374063017235
17.804993943919
18.9675684892277
18.9675684892277
18.9675684892277
18.9675684892277
18.9675684892277
18.2052653061225
18.1891051285476
18.1278155798905
18.09103677152
18.1161385432222
18.1190064405298
18.0171883192302
18.0241145313569
18.9675684892277
18.0728913932022
17.8582254023561
17.6105534485061
999.99
999.99
999.99
999.99
999.99
999.99
999.99
999.99
999.99
999.99
999.99
999.99
999.99
999.99
999.99
999.99
999.99
999.99
999.99
999.99
999.99
999.99
999.99
999.99
999.99
999.99
999.99
999.99
999.99
999.99
999.99
999.99
999.99
999.99
999.99
999.99
999.99
999.99
999.99
999.99
999.99
999.99
999.99
999.99
999.99
999.99
999.99
999.99
999.99
999.99
999.99
999.99
999.99
999.99
999.99
999.99
999.99
999.99
999.99
999.99
18.9675684892277
18.9675684892277
18.9675684892277
38.2927662105932
25.0305932693151
25.4000383275287
33.3803637290885
38.074505226457
24.4329680462336
17.8049999999999
17.6734079204555
17.1364982578398
18.0241251805898
18.1685156794425
18.2212812951474
18.9675684892277
18.1538077674854
18.1031637630662
18.0934968131215
18.9675684892277
999.99
999.99
999.99
999.99
999.99
999.99
999.99
999.99
999.99
999.99
999.99
999.99
999.99
999.99
999.99
999.99
999.99
999.99
999.99
999.99
999.99
999.99
999.99
999.99
999.99
999.99
999.99
999.99
999.99
999.99
999.99
999.99
999.99
999.99
999.99
999.99
999.99
999.99
999.99
999.99
999.99
999.99
999.99
999.99
999.99
999.99
999.99
999.99
999.99
999.99
999.99
999.99
999.99
999.99
999.99
999.99
999.99
999.99
999.99
18.9675684892277
18.9675684892277
18.9675684892277
17.8026507464378
18.9675684892277
18.9675684892277
18.9675684892277
18.9675684892277
37.6568210876269
18.9675684892277
18.9675684892277
18.9675684892277
18.9675684892277
18.9675684892277
18.9675684892277
18.9675684892277
18.0935750525076
18.2461054421769
18.2381084044564
18.9675684892277
999.99
999.99
999.99
999.99
999.99
999.99
999.99
999.99
999.99
999.99
999.99
999.99
999.99
999.99
999.99
999.99
999.99
999.99
999.99
999.99
999.99
999.99
999.99
999.99
999.99
999.99
999.99
999.99
999.99
999.99
999.99
999.99
999.99
999.99
999.99
999.99
999.99
999.99
999.99
999.99
999.99
999.99
999.99
999.99
999.99
999.99
999.99
999.99
999.99
999.99
999.99
999.99
999.99
999.99
999.99
999.99
999.99
18.9675684892277
18.9675684892277
18.9675684892277
18.9675684892277
18.9675684892277
18.9675684892277
18.9675684892277
18.9675684892277
18.9675684892277
18.9675684892277
18.9675684892277
18.9675684892277
18.2876550522648
19.5975773774113
38.7808209399176
18.9675684892277
33.5715923344918
33.4442926829239
18.9675684892277
18.9675684892277
999.99
999.99
999.99
999.99
999.99
999.99
999.99
999.99
999.99
999.99
999.99
999.99
999.99
999.99
999.99
999.99
999.99
999.99
999.99
999.99
999.99
999.99
999.99
999.99
999.99
999.99
999.99
999.99
999.99
999.99
999.99
999.99
999.99
999.99
999.99
999.99
999.99
999.99
999.99
999.99
999.99
999.99
999.99
999.99
999.99
999.99
999.99
999.99
999.99
999.99
999.99
999.99
999.99
999.99
999.99
999.99
999.99
999.99
999.99
999.99
18.9675684892277
18.9675684892277
18.9675684892277
18.9675684892277
18.9675684892277
18.9675684892277
18.9675684892277
18.9675684892277
18.9675684892277
18.9675684892277
18.9675684892277
18.9675684892277
18.9675684892277
18.9675684892277
34.0148869720382
18.1814634146341
18.8253438429506
18.9675684892277
18.9675684892277
36.8053658536615
18.9675684892277
17.2655264723379
37.5678536585395
37.5780975609786
999.99
999.99
999.99
999.99
999.99
999.99
999.99
999.99
999.99
999.99
999.99
999.99
999.99
999.99
999.99
999.99
999.99
999.99
999.99
999.99
999.99
999.99
999.99
999.99
999.99
999.99
999.99
999.99
999.99
999.99
999.99
999.99
999.99
999.99
999.99
999.99
999.99
999.99
999.99
999.99
999.99
999.99
999.99
999.99
999.99
999.99
999.99
999.99
999.99
999.99
999.99
18.9675684892277
25.6748041131853
18.9675684892277
18.9675684892277
18.9675684892277
18.9675684892277
18.9675684892277
18.9675684892277
18.9675684892277
18.9675684892277
18.9675684892277
18.9675684892277
18.9675684892277
18.3062804878049
18.1720905923345
18.9675684892277
18.9675684892277
18.9675684892277
18.9675684892277
18.9675684892277
30.3367262683901
18.1247787456446
17.9201435370103
18.9675684892277
17.6676953344098
17.6559352426277
18.9675684892277
18.9675684892277
16.3270243902438
16.1229640520099
999.99
999.99
999.99
999.99
999.99
999.99
999.99
999.99
999.99
999.99
999.99
999.99
999.99
999.99
999.99
999.99
999.99
999.99
999.99
999.99
999.99
999.99
999.99
999.99
999.99
999.99
999.99
999.99
999.99
999.99
999.99
999.99
999.99
999.99
999.99
999.99
999.99
999.99
999.99
999.99
999.99
999.99
999.99
999.99
999.99
999.99
24.65246
22.0787805574918
999.99
24.65246
24.65246
18.9675684892277
18.9675684892277
18.9675684892277
18.9675684892277
18.9675684892277
18.9675684892277
18.9675684892277
18.9675684892277
18.9675684892277
18.9675684892277
18.9675684892277
18.9675684892277
18.9675684892277
18.9675684892277
18.9675684892277
18.9675684892277
18.9675684892277
18.9675684892277
18.9675684892277
18.9675684892277
17.7867018781338
17.6939581881533
17.7116072065947
17.6597351916376
17.6470548143112
18.1960993031359
999.99
999.99
999.99
999.99
999.99
999.99
999.99
999.99
999.99
999.99
999.99
999.99
999.99
999.99
999.99
999.99
999.99
999.99
999.99
999.99
999.99
999.99
999.99
999.99
999.99
999.99
999.99
999.99
999.99
999.99
999.99
999.99
999.99
999.99
999.99
999.99
999.99
999.99
999.99
999.99
999.99
999.99
999.99
999.99
999.99
999.99
999.99
999.99
23.8066866864979
17.1690353409656
21.5358745578227
24.65246
24.65246
24.65246
24.65246
20.9374936054417
21.5240665758554
18.9675684892277
18.9675684892277
18.9675684892277
18.9675684892277
18.9675684892277
18.9675684892277
18.9675684892277
18.9675684892277
18.9675684892277
18.9675684892277
18.9675684892277
18.9675684892277
18.9675684892277
18.9675684892277
18.9675684892277
22.2713062054119
17.3973333333333
18.9675684892277
18.9675684892277
18.9675684892277
999.99
999.99
999.99
999.99
999.99
999.99
999.99
999.99
999.99
999.99
999.99
999.99
999.99
999.99
999.99
999.99
999.99
999.99
999.99
999.99
999.99
999.99
999.99
999.99
999.99
999.99
999.99
999.99
999.99
999.99
999.99
999.99
999.99
999.99
999.99
999.99
999.99
999.99
999.99
999.99
999.99
999.99
999.99
999.99
999.99
999.99
999.99
999.99
999.99
999.99
999.99
22.1423629268306
24.65246
24.65246
24.65246
24.65246
24.65246
24.65246
24.65246
24.65246
24.65246
24.65246
24.65246
18.9675684892277
18.9675684892277
19.6150871080093
18.9675684892277
18.9675684892277
18.9675684892277
18.9675684892277
18.9675684892277
18.9675684892277
18.9675684892277
18.9675684892277
18.9675684892277
18.9675684892277
18.9675684892277
18.9675684892277
18.9675684892277
18.9675684892277
999.99
999.99
999.99
999.99
999.99
999.99
999.99
999.99
999.99
999.99
999.99
999.99
999.99
999.99
999.99
999.99
999.99
999.99
999.99
999.99
999.99
999.99
999.99
999.99
999.99
999.99
999.99
999.99
999.99
999.99
999.99
999.99
999.99
999.99
999.99
999.99
999.99
999.99
999.99
999.99
999.99
999.99
24.4511933016069
999.99
999.99
24.65246
24.65246
24.65246
20.8134078911562
16.6416113323378
16.6786210143784
20.5544262585036
24.65246
24.65246
24.65246
24.65246
24.65246
24.65246
24.65246
24.65246
24.65246
24.65246
24.65246
24.65246
24.65246
24.65246
18.9675684892277
18.9675684892277
18.9675684892277
18.9675684892277
18.9675684892277
18.9675684892277
18.9675684892277
18.9675684892277
18.9675684892277
18.9675684892277
999.99
999.99
999.99
999.99
999.99
999.99
999.99
999.99
999.99
999.99
999.99
999.99
999.99
999.99
999.99
999.99
999.99
999.99
999.99
999.99
999.99
999.99
999.99
999.99
999.99
999.99
999.99
999.99
999.99
999.99
999.99
999.99
999.99
999.99
999.99
999.99
999.99
999.99
999.99
999.99
999.99
999.99
999.99
999.99
999.99
999.99
999.99
999.99
999.99
17.4535727203193
17.3243177700346
16.6103038157559
17.2287777003482
17.1703632361687
16.699212543554
23.2883900858328
24.65246
24.65246
24.65246
24.65246
20.1312615568969
24.65246
24.65246
24.65246
24.65246
24.65246
24.65246
24.65246
24.65246
24.65246
24.65246
24.65246
24.65246
18.9675684892277
18.9675684892277
999.99
999.99
999.99
999.99
999.99
999.99
999.99
999.99
999.99
999.99
999.99
999.99
999.99
999.99
999.99
999.99
999.99
999.99
999.99
999.99
999.99
999.99
999.99
999.99
999.99
999.99
999.99
999.99
999.99
999.99
999.99
999.99
999.99
999.99
999.99
999.99
999.99
999.99
999.99
999.99
999.99
999.99
999.99
999.99
999.99
999.99
999.99
999.99
999.99
999.99
999.99
999.99
999.99
999.99
999.99
999.99
999.99
19.7248470116999
23.3590994076667
24.1808062462817
21.2670695470382
21.1817440605081
20.9931028687564
23.6236418917307
24.65246
24.65246
24.65246
24.65246
24.65246
24.65246
24.65246
24.65246
23.7341673527681
21.5574276190478
22.142615752528
24.65246
999.99
999.99
24.65246
999.99
999.99
999.99
999.99
999.99
999.99
999.99
999.99
999.99
999.99
999.99
999.99
999.99
999.99
999.99
999.99
999.99
999.99
999.99
999.99
999.99
999.99
999.99
999.99
999.99
999.99
999.99
999.99
999.99
999.99
999.99
999.99
999.99
999.99
999.99
999.99
999.99
999.99
999.99
999.99
999.99
999.99
999.99
999.99
999.99
999.99
999.99
999.99
999.99
999.99
999.99
999.99
999.99
999.99
999.99
999.99
999.99
999.99
999.99
999.99
999.99
18.3763804708082
19.5465243902438
24.1887515169539
24.65246
24.3509280207354
24.65246
23.5849582578398
24.65246
24.65246
24.65246
24.65246
24.65246
24.65246
23.316665574913
23.2347840418119
999.99
999.99
999.99
999.99
999.99
999.99
999.99
999.99
999.99
999.99
999.99
999.99
999.99
999.99
999.99
999.99
999.99
999.99
999.99
999.99
999.99
999.99
999.99
999.99
999.99
999.99
999.99
999.99
999.99
999.99
999.99
999.99
999.99
999.99
999.99
999.99
999.99
999.99
999.99
999.99
999.99
999.99
999.99
999.99
999.99
999.99
999.99
999.99
999.99
999.99
999.99
999.99
999.99
999.99
999.99
999.99
999.99
999.99
999.99
999.99
999.99
999.99
999.99
999.99
999.99
999.99
999.99
999.99
18.2596108608821
22.797658780489
24.65246
24.65246
24.65246
24.65246
24.65246
22.5539077351916
20.5689771105647
24.65246
24.65246
24.65246
999.99
999.99
999.99
999.99
999.99
999.99
999.99
999.99
999.99
999.99
999.99
999.99
999.99
999.99
999.99
999.99
999.99
999.99
999.99
999.99
999.99
999.99
999.99
999.99
999.99
999.99
999.99
999.99
999.99
999.99
999.99
999.99
999.99
999.99
999.99
999.99
999.99
999.99
999.99
999.99
999.99
999.99
999.99
999.99
999.99
999.99
999.99
999.99
999.99
999.99
999.99
999.99
999.99
999.99
999.99
999.99
999.99
999.99
999.99
999.99
999.99
999.99
999.99
999.99
999.99
999.99
999.99
999.99
999.99
999.99
999.99
999.99
17.4036881533101
17.2830348432056
999.99
999.99
999.99
999.99
999.99
999.99
999.99
999.99
999.99
999.99
999.99
999.99
999.99
999.99
999.99
999.99
999.99
999.99
999.99
999.99
999.99
999.99
999.99
999.99
999.99
999.99
999.99
999.99
999.99
999.99
999.99
999.99
999.99
999.99
999.99
999.99
999.99
999.99
999.99
999.99
999.99
999.99
999.99
999.99
999.99
999.99
999.99
999.99
999.99
999.99
999.99
999.99
999.99
999.99
999.99
999.99
999.99
999.99
999.99
999.99
999.99
999.99
999.99
999.99
999.99
999.99
999.99
999.99
999.99
999.99
999.99
999.99
999.99
999.99
999.99
999.99
999.99
999.99
999.99
999.99
999.99
999.99
999.99
999.99
999.99
999.99
999.99
999.99
999.99
999.99
999.99
999.99
999.99
999.99
999.99
999.99
999.99
999.99
999.99
999.99
999.99
999.99
999.99
999.99
999.99
999.99
999.99
999.99
999.99
999.99
999.99
999.99
999.99
999.99
999.99
999.99
999.99
999.99
999.99
999.99
999.99
999.99
999.99
999.99
999.99
999.99
999.99
999.99
999.99
999.99
999.99
999.99
999.99
999.99
999.99
999.99
999.99
999.99
999.99
999.99
999.99
999.99
999.99
999.99
999.99
999.99
999.99
999.99
999.99
999.99
999.99
999.99
999.99
999.99
999.99
999.99
999.99
999.99
999.99
999.99
999.99
999.99
999.99
999.99
999.99
999.99
999.99
999.99
999.99
999.99
999.99
999.99
999.99
999.99
999.99
999.99
999.99
999.99
999.99
999.99
999.99
999.99
999.99
999.99
999.99
999.99
999.99
999.99
999.99
999.99
999.99
999.99
999.99
999.99
999.99
999.99
999.99
999.99
999.99
999.99
999.99
999.99
999.99
999.99
999.99
999.99
999.99
999.99
999.99
999.99
999.99
999.99
999.99
999.99
999.99
999.99
999.99
999.99
999.99
999.99
999.99
999.99
999.99
999.99
999.99
999.99
999.99
999.99
999.99
999.99
999.99
999.99
999.99
999.99
999.99
999.99
999.99
999.99
999.99
999.99
999.99
999.99
999.99
999.99
999.99
999.99
999.99
999.99
999.99
999.99
999.99
999.99
999.99
999.99
999.99
999.99
999.99
999.99
999.99
999.99
999.99
999.99
999.99
999.99
999.99
999.99
999.99
999.99
999.99
999.99
999.99
999.99
999.99
999.99
999.99
999.99
999.99
999.99
999.99
999.99
999.99
999.99
999.99
999.99
999.99
999.99
999.99
999.99
999.99
999.99
999.99
999.99
999.99
999.99
999.99
999.99
999.99
999.99
999.99
999.99
999.99
999.99
999.99
999.99
999.99
999.99
999.99
999.99
999.99
999.99
999.99
999.99
999.99
999.99
999.99
999.99
999.99
999.99
999.99
999.99
999.99
999.99
999.99
999.99
999.99
999.99
999.99
999.99
999.99
999.99
999.99
999.99
999.99
999.99
999.99
999.99
999.99
999.99
999.99
999.99
999.99
999.99
999.99
999.99
999.99
999.99
999.99
999.99
999.99
999.99
999.99
999.99
999.99
999.99
999.99
999.99
999.99
999.99
999.99
999.99
999.99
999.99
999.99
999.99
999.99
999.99
999.99
999.99
999.99
999.99
999.99
999.99
999.99
999.99
999.99
999.99
999.99
999.99
999.99
999.99
999.99
999.99
999.99
999.99
999.99
999.99
999.99
999.99
999.99
999.99
999.99
999.99
999.99
999.99
999.99
999.99
999.99
999.99
999.99
999.99
999.99
999.99
999.99
999.99
999.99
999.99
999.99
999.99
999.99
999.99
999.99
