999.99
999.99
999.99
999.99
999.99
999.99
999.99
999.99
999.99
999.99
999.99
999.99
999.99
999.99
999.99
999.99
999.99
999.99
999.99
999.99
999.99
999.99
999.99
999.99
999.99
999.99
999.99
999.99
999.99
999.99
999.99
999.99
999.99
999.99
999.99
999.99
999.99
999.99
999.99
999.99
999.99
999.99
999.99
999.99
999.99
999.99
999.99
999.99
999.99
999.99
999.99
999.99
999.99
999.99
999.99
999.99
999.99
999.99
999.99
999.99
999.99
999.99
999.99
999.99
999.99
999.99
999.99
999.99
999.99
999.99
999.99
999.99
999.99
999.99
999.99
999.99
999.99
999.99
999.99
999.99
999.99
999.99
999.99
999.99
999.99
999.99
999.99
999.99
999.99
999.99
999.99
999.99
999.99
999.99
999.99
999.99
999.99
999.99
999.99
999.99
999.99
999.99
999.99
999.99
999.99
999.99
999.99
999.99
999.99
999.99
999.99
999.99
999.99
999.99
999.99
999.99
999.99
999.99
999.99
999.99
999.99
999.99
999.99
999.99
999.99
999.99
999.99
999.99
999.99
999.99
999.99
999.99
999.99
999.99
15.8407921305346
15.6875542619189
15.3840243902439
15.3074380895725
15.0759790940766
14.9749235149146
14.7472299651568
15.6097834622249
15.310087108014
14.9674289963457
14.8763275261324
14.8819824084304
15.2431916376306
15.5792976969491
15.2556794425087
15.0680293192827
14.5754773519164
14.9602004759071
14.7022334494774
14.5742195121951
14.5096027874564
999.99
999.99
999.99
999.99
999.99
999.99
999.99
999.99
999.99
999.99
999.99
999.99
999.99
999.99
999.99
999.99
999.99
999.99
999.99
999.99
999.99
999.99
999.99
999.99
999.99
999.99
999.99
999.99
999.99
999.99
999.99
999.99
999.99
999.99
999.99
999.99
999.99
999.99
999.99
999.99
999.99
999.99
999.99
999.99
999.99
999.99
999.99
999.99
999.99
999.99
999.99
999.99
999.99
999.99
999.99
999.99
999.99
999.99
999.99
999.99
999.99
999.99
15.6510231883354
15.6019901176413
15.5993068690891
15.5213827592905
15.2683763066202
15.1747298862436
15.4363135888502
15.3662346999478
15.3319843205575
15.7944984095959
15.8603554006968
15.7190632944433
15.9360754106521
15.5843799123456
15.2603367346938
14.8947040816327
14.8102371826779
14.7180321480168
14.7128695868591
14.6352501183698
14.5089201095072
999.99
999.99
999.99
999.99
999.99
999.99
999.99
999.99
999.99
999.99
999.99
999.99
999.99
999.99
999.99
999.99
999.99
999.99
999.99
999.99
999.99
999.99
999.99
999.99
999.99
999.99
999.99
999.99
999.99
999.99
999.99
999.99
999.99
999.99
999.99
999.99
999.99
999.99
999.99
999.99
999.99
999.99
999.99
999.99
999.99
999.99
999.99
999.99
999.99
999.99
999.99
999.99
999.99
999.99
999.99
999.99
999.99
999.99
999.99
999.99
999.99
999.99
15.7257426701793
15.6488420158069
15.6060522648084
15.6449812186623
15.4828710801393
15.3599388119317
15.2672996515679
15.2561484660491
15.9055888501742
15.7650091782102
15.8495679442509
15.5628292682927
15.4589198606272
15.4432404181185
15.1613519163763
15.1142750913572
15.0914216027875
14.8843526812272
14.4414599303136
14.3331760006799
14.3236550522648
999.99
999.99
999.99
999.99
999.99
999.99
999.99
999.99
999.99
999.99
999.99
999.99
999.99
999.99
999.99
999.99
999.99
999.99
999.99
999.99
999.99
999.99
999.99
999.99
999.99
999.99
999.99
999.99
999.99
999.99
999.99
999.99
999.99
999.99
999.99
999.99
999.99
999.99
999.99
999.99
999.99
999.99
999.99
999.99
999.99
999.99
999.99
999.99
999.99
999.99
999.99
999.99
999.99
999.99
999.99
999.99
999.99
999.99
999.99
999.99
999.99
999.99
15.6451548398062
15.6647012832498
15.7000592334495
15.6722599643069
15.560881533101
15.3749876774029
15.3500487804878
15.3201375031868
16.0259860627178
15.7896830118127
16.068818815331
15.9689581881533
15.7474703832753
15.5594015466984
15.5810383275261
15.5039495198436
15.1011637630662
14.8037645959038
14.5382020905924
14.4056027874564
37.3420313588864
999.99
999.99
999.99
999.99
999.99
999.99
999.99
999.99
999.99
999.99
999.99
999.99
999.99
999.99
999.99
999.99
999.99
999.99
999.99
999.99
999.99
999.99
999.99
999.99
999.99
999.99
999.99
999.99
999.99
999.99
999.99
999.99
999.99
999.99
999.99
999.99
999.99
999.99
999.99
999.99
999.99
999.99
999.99
999.99
999.99
999.99
999.99
999.99
999.99
999.99
999.99
999.99
999.99
999.99
999.99
999.99
999.99
999.99
999.99
999.99
999.99
999.99
999.99
15.7690661171072
15.766149825784
15.7203880343333
15.5247700348432
15.6969953259114
15.502818815331
15.5969862326846
15.3262822299652
14.6966568369168
15.7233310104532
16.2319649018441
15.975818815331
16.0522320897425
15.6196829268292
15.4655191637631
15.2679442508711
15.1227017931504
14.790480836237
14.5432530806493
14.4319163763066
17.0810410986094
999.99
999.99
999.99
999.99
999.99
999.99
999.99
999.99
999.99
999.99
999.99
999.99
999.99
999.99
999.99
999.99
999.99
999.99
999.99
999.99
999.99
999.99
999.99
999.99
999.99
999.99
999.99
999.99
999.99
999.99
999.99
999.99
999.99
999.99
999.99
999.99
999.99
999.99
999.99
999.99
999.99
999.99
999.99
999.99
999.99
999.99
999.99
999.99
999.99
999.99
999.99
999.99
999.99
999.99
999.99
999.99
999.99
999.99
999.99
999.99
999.99
15.6559963457126
15.5844487125011
15.5335261324042
15.4839596328716
15.584843205575
15.4053774963882
15.3425818815331
15.3160360329736
15.3075993031359
15.4223664485426
15.7628466898956
15.9185890201411
16.0711777003484
16.0102921730263
15.6059233449477
15.4493571853489
15.3778919860627
15.2468847624713
15.0738919860628
14.8216943146087
14.5690871080139
999.99
999.99
999.99
999.99
999.99
999.99
999.99
999.99
999.99
999.99
999.99
999.99
999.99
999.99
999.99
999.99
999.99
999.99
999.99
999.99
999.99
999.99
999.99
999.99
999.99
999.99
999.99
999.99
999.99
999.99
999.99
999.99
999.99
999.99
999.99
999.99
999.99
999.99
999.99
999.99
999.99
999.99
999.99
999.99
999.99
999.99
999.99
999.99
999.99
999.99
999.99
999.99
999.99
999.99
999.99
999.99
999.99
999.99
999.99
999.99
999.99
999.99
999.99
999.99
15.5530696864112
15.4839312484066
15.2897096399535
15.3655885385683
15.4057166085947
15.4272857142857
15.5395725900116
15.4580819806804
15.5731835075494
15.5130445313164
15.5395818815331
15.771220277046
16.0450766550523
15.9796508880769
15.8227142857143
15.5642800770517
15.2763135888502
14.9393853998471
14.703131242741
14.6686653069318
17.0810410986094
999.99
999.99
999.99
999.99
999.99
999.99
999.99
999.99
999.99
999.99
999.99
999.99
999.99
999.99
999.99
999.99
999.99
999.99
999.99
999.99
999.99
999.99
999.99
999.99
999.99
999.99
999.99
999.99
999.99
999.99
999.99
999.99
999.99
999.99
999.99
999.99
999.99
999.99
999.99
999.99
999.99
999.99
999.99
999.99
999.99
999.99
999.99
999.99
999.99
999.99
999.99
999.99
999.99
999.99
999.99
999.99
999.99
999.99
999.99
999.99
999.99
999.99
999.99
15.2624947735192
15.3149303135889
15.6554687685901
15.3049860627179
15.2336039772244
15.6299128919861
15.784927169202
15.787331010453
15.8154418288434
16.4788153310105
16.3881284949435
16.2423205574913
16.1708345372652
16.1251846689896
15.7853876094162
15.5070940766551
15.2410371377581
15.0523797909408
14.9402195121951
14.6488238293533
14.6284860627178
999.99
999.99
999.99
999.99
999.99
999.99
999.99
999.99
999.99
999.99
999.99
999.99
999.99
999.99
999.99
999.99
999.99
999.99
999.99
999.99
999.99
999.99
999.99
999.99
999.99
999.99
999.99
999.99
999.99
999.99
999.99
999.99
999.99
999.99
999.99
999.99
999.99
999.99
999.99
999.99
999.99
999.99
999.99
999.99
999.99
999.99
999.99
999.99
999.99
999.99
999.99
999.99
999.99
999.99
999.99
999.99
999.99
999.99
15.6441995188319
15.6593485291797
15.7127018862274
15.6399855649577
15.4179472657594
15.3713607101377
15.2604496270846
15.4530605608096
15.6372943825954
15.7489047619048
15.6581132141137
15.4798720756595
15.298461253627
16.0644667330347
16.220527540701
16.1027169404347
16.2224530466561
16.2729764393562
16.1514421768707
15.6869427575909
15.3109969851117
999.99
999.99
999.99
999.99
999.99
999.99
999.99
999.99
999.99
999.99
999.99
999.99
999.99
999.99
999.99
999.99
999.99
999.99
999.99
999.99
999.99
999.99
999.99
999.99
999.99
999.99
999.99
999.99
999.99
999.99
999.99
999.99
999.99
999.99
999.99
999.99
999.99
999.99
999.99
999.99
999.99
999.99
999.99
999.99
999.99
999.99
999.99
999.99
999.99
999.99
999.99
999.99
999.99
999.99
999.99
999.99
999.99
999.99
999.99
999.99
999.99
999.99
999.99
15.5700871080139
15.8349728902864
15.6883902439024
15.5062300501402
15.5711463414634
15.5536231834792
15.4209198606272
15.3648522138183
15.340637630662
15.3478694654542
15.413480836237
15.5551799099176
15.8042473867596
16.202747769185
16.1769268292683
16.1878098070876
16.3287839721254
16.2190633976375
16.2424773519164
16.2225043766466
15.9308571428571
999.99
999.99
999.99
999.99
999.99
999.99
999.99
999.99
999.99
999.99
999.99
999.99
999.99
999.99
999.99
999.99
999.99
999.99
999.99
999.99
999.99
999.99
999.99
999.99
999.99
999.99
999.99
999.99
999.99
999.99
999.99
999.99
999.99
999.99
999.99
999.99
999.99
999.99
999.99
999.99
999.99
999.99
999.99
999.99
999.99
999.99
999.99
999.99
999.99
999.99
999.99
999.99
999.99
999.99
999.99
999.99
999.99
999.99
999.99
999.99
999.99
999.99
15.4255189088128
15.3592154491779
15.5194089928655
15.3600324636695
15.227555832089
15.3094977357987
15.3226689895471
15.100782745936
15.1671755433881
15.3111156462585
15.4397932636469
15.6632488638525
15.713268624523
16.1570085388111
16.0749485647917
16.0488132590335
16.1140673635308
16.1708047687843
16.1111383773021
16.1671736535185
16.3647385100381
999.99
999.99
999.99
999.99
999.99
999.99
999.99
999.99
999.99
999.99
999.99
999.99
999.99
999.99
999.99
999.99
999.99
999.99
999.99
999.99
999.99
999.99
999.99
999.99
999.99
999.99
999.99
999.99
999.99
999.99
999.99
999.99
999.99
999.99
999.99
999.99
999.99
999.99
999.99
999.99
999.99
999.99
999.99
999.99
999.99
999.99
999.99
999.99
999.99
999.99
999.99
999.99
999.99
999.99
999.99
999.99
999.99
999.99
999.99
999.99
999.99
999.99
999.99
999.99
999.99
999.99
15.4313797909408
15.3216724738676
15.1732404181185
15.104142687176
14.9954494773519
15.1725305515425
15.9281045296168
16.0525436389903
16.0178362369338
16.1039221551797
16.0952926829268
16.0704799014193
16.1207735191638
16.2215657346818
16.1531149825784
15.9271549247897
16.1173728222997
16.2655507775984
15.80719707657
15.3665540069686
15.1719700858333
999.99
999.99
999.99
999.99
999.99
999.99
999.99
999.99
999.99
999.99
999.99
999.99
999.99
999.99
999.99
999.99
999.99
999.99
999.99
999.99
999.99
999.99
999.99
999.99
999.99
999.99
999.99
999.99
999.99
999.99
999.99
999.99
999.99
999.99
999.99
999.99
999.99
999.99
999.99
999.99
999.99
999.99
999.99
999.99
999.99
999.99
999.99
999.99
999.99
999.99
999.99
999.99
999.99
999.99
999.99
999.99
999.99
999.99
999.99
999.99
999.99
999.99
15.3077108013937
15.2668663210674
15.268456445993
15.2823202175576
15.3083066202091
15.5628748194102
16.0811881533101
16.0153370442764
15.9780034843206
15.9492918330926
16.0313379790941
16.1277905158494
15.9293763066202
15.8962852893686
15.9558815331011
16.0855947990142
16.0855679442509
15.9511347837171
15.8149190107929
15.8452770034843
15.5393133338999
999.99
999.99
999.99
999.99
999.99
999.99
999.99
999.99
999.99
999.99
999.99
999.99
999.99
999.99
999.99
999.99
999.99
999.99
999.99
999.99
999.99
999.99
999.99
999.99
999.99
999.99
999.99
999.99
999.99
999.99
999.99
999.99
999.99
999.99
999.99
999.99
999.99
999.99
999.99
999.99
999.99
999.99
999.99
999.99
999.99
999.99
999.99
999.99
999.99
999.99
999.99
999.99
999.99
999.99
999.99
999.99
999.99
999.99
999.99
999.99
999.99
999.99
15.5576585365854
15.5342861392029
15.480243902439
15.6778310529447
15.8974634146341
15.8996525877454
15.9068780487805
15.8821183819155
15.8868780487805
15.976499702558
15.9778048780488
15.7369821534802
15.8263170731707
15.6714878048781
15.6245853658536
15.7515187388459
15.8163902439024
15.6579250446163
15.5671760856633
15.6653902439024
15.6649018441404
999.99
999.99
999.99
999.99
999.99
999.99
999.99
999.99
999.99
999.99
999.99
999.99
999.99
999.99
999.99
999.99
999.99
999.99
999.99
999.99
999.99
999.99
999.99
999.99
999.99
999.99
999.99
999.99
999.99
999.99
999.99
999.99
999.99
999.99
999.99
999.99
999.99
999.99
999.99
999.99
999.99
999.99
999.99
999.99
999.99
999.99
999.99
999.99
999.99
999.99
999.99
999.99
999.99
999.99
999.99
999.99
999.99
999.99
999.99
999.99
999.99
999.99
999.99
15.4484020565989
15.4950348432055
15.4671610435965
15.7167003484321
15.9020853233619
15.7692648083624
15.8398010537945
16.2280034843205
16.3665851109034
15.7386097560976
15.9434689385569
15.4991707317073
15.415285969236
15.5974146341463
15.5591062292853
15.541724738676
15.7119189258095
16.1623145236678
15.8539216027874
15.8431684371548
15.9330505226481
999.99
999.99
999.99
999.99
999.99
999.99
999.99
999.99
999.99
999.99
999.99
999.99
999.99
999.99
999.99
999.99
999.99
999.99
999.99
999.99
999.99
999.99
999.99
999.99
999.99
999.99
999.99
999.99
999.99
999.99
999.99
999.99
999.99
999.99
999.99
999.99
999.99
999.99
999.99
999.99
999.99
999.99
999.99
999.99
999.99
999.99
999.99
999.99
999.99
999.99
999.99
999.99
999.99
999.99
999.99
999.99
999.99
999.99
999.99
999.99
999.99
999.99
15.3090703622318
15.2835501078481
15.2770499297875
15.7159823295171
15.8921268397901
15.5566156462585
16.382325178971
16.4773286046126
16.4724543436649
16.3002007632323
16.6719897959184
15.8387075659532
15.6128253428677
15.5188617056579
15.472381045458
15.8074165422267
16.2546003330541
16.2348431893876
16.3512697859632
16.5152924805853
16.3968934793429
999.99
999.99
999.99
999.99
999.99
999.99
999.99
999.99
999.99
999.99
999.99
999.99
999.99
999.99
999.99
999.99
999.99
999.99
999.99
999.99
999.99
999.99
999.99
999.99
999.99
999.99
999.99
999.99
999.99
999.99
999.99
999.99
999.99
999.99
999.99
999.99
999.99
999.99
999.99
999.99
999.99
999.99
999.99
999.99
999.99
999.99
999.99
999.99
999.99
999.99
999.99
999.99
999.99
999.99
999.99
999.99
999.99
999.99
999.99
999.99
999.99
999.99
999.99
999.99
15.2452123735871
15.2828780487805
15.3748578227246
15.7005470383275
15.9046853063653
16.0019790940766
15.9436349111923
16.0429581881534
15.6154530466556
15.916393728223
15.5807913656838
15.3398118466899
15.601104784567
16.0320731707317
16.0760537945101
16.1305131299397
16.4172665505226
16.6733758817031
16.4982961672473
16.252373672134
15.7067195121951
999.99
999.99
999.99
999.99
999.99
999.99
999.99
999.99
999.99
999.99
999.99
999.99
999.99
999.99
999.99
999.99
999.99
999.99
999.99
999.99
999.99
999.99
999.99
999.99
999.99
999.99
999.99
999.99
999.99
999.99
999.99
999.99
999.99
999.99
999.99
999.99
999.99
999.99
999.99
999.99
999.99
999.99
999.99
999.99
999.99
999.99
999.99
999.99
999.99
999.99
999.99
999.99
999.99
999.99
999.99
999.99
999.99
999.99
999.99
999.99
999.99
999.99
15.3918536484195
15.4022092251535
15.4341452994048
15.9450517670482
16.1100550166527
16.2185399037664
16.1769217687075
15.8696241081799
15.8504832946861
15.7994974282396
15.7665946553517
15.5869863945578
15.5090850340136
15.6948112659698
16.1015229070808
16.6338011165204
16.9291358055417
17.0867661761909
16.5854416791106
16.1123716264614
15.6523256180521
999.99
999.99
999.99
999.99
999.99
999.99
999.99
999.99
999.99
999.99
999.99
999.99
999.99
999.99
999.99
999.99
999.99
999.99
999.99
999.99
999.99
999.99
999.99
999.99
999.99
999.99
999.99
999.99
999.99
999.99
999.99
999.99
999.99
999.99
999.99
999.99
999.99
999.99
999.99
999.99
999.99
999.99
999.99
999.99
999.99
999.99
999.99
999.99
999.99
999.99
999.99
999.99
999.99
999.99
999.99
999.99
999.99
999.99
999.99
999.99
999.99
17.0810410986094
23.6435823914191
17.0810410986094
17.0810410986094
16.657331010453
16.4154895895301
15.953425087108
15.6779214753123
15.8740522648084
16.2462563950031
15.9572787456446
15.8467970595733
15.6346655052265
15.644383615195
15.8583867595819
16.883305600408
17.2028948754993
17.2094547038328
16.5496306620209
16.3884982578397
16.1247698648764
999.99
999.99
999.99
999.99
999.99
999.99
999.99
999.99
999.99
999.99
999.99
999.99
999.99
999.99
999.99
999.99
999.99
999.99
999.99
999.99
999.99
999.99
999.99
999.99
999.99
999.99
999.99
999.99
999.99
999.99
999.99
999.99
999.99
999.99
999.99
999.99
999.99
999.99
999.99
999.99
999.99
999.99
999.99
999.99
999.99
999.99
999.99
999.99
999.99
999.99
999.99
999.99
999.99
999.99
999.99
999.99
999.99
999.99
999.99
999.99
999.99
999.99
999.99
999.99
999.99
16.9763985176462
16.8701231956197
16.9104965986395
17.0810410986094
16.413964739971
16.3165204081632
16.2250084538277
16.0731582877053
16.0265455450473
16.3307144516342
16.4174763543728
16.4955759084122
17.3796360544218
17.7074808504009
17.3312135390742
16.8469674918153
16.8089019412643
16.2593775510204
16.0383235440518
22.11689553109
17.0810410986094
999.99
999.99
999.99
999.99
999.99
999.99
999.99
999.99
999.99
999.99
999.99
999.99
999.99
999.99
999.99
999.99
999.99
999.99
999.99
999.99
999.99
999.99
999.99
999.99
999.99
999.99
999.99
999.99
999.99
999.99
999.99
999.99
999.99
999.99
999.99
999.99
999.99
999.99
999.99
999.99
999.99
999.99
999.99
999.99
999.99
999.99
999.99
999.99
999.99
999.99
999.99
999.99
999.99
999.99
999.99
999.99
999.99
999.99
999.99
999.99
999.99
16.082756097561
16.1321201665675
16.2656829268293
16.2872105889351
16.2888780487805
16.2399226650803
16.1877073170732
16.3811082688877
16.4653658536585
16.5339845330161
16.5550731707317
16.5632914931588
16.5558780487805
16.5940220107079
17.0249589530041
16.7177682926829
16.5613646638905
16.217256097561
15.7058417608567
17.0810410986094
999.99
999.99
999.99
999.99
999.99
999.99
999.99
999.99
999.99
999.99
999.99
999.99
999.99
999.99
999.99
999.99
999.99
999.99
999.99
999.99
999.99
999.99
999.99
999.99
999.99
999.99
999.99
999.99
999.99
999.99
999.99
999.99
999.99
999.99
999.99
999.99
999.99
999.99
999.99
999.99
999.99
999.99
999.99
999.99
999.99
999.99
999.99
999.99
999.99
999.99
999.99
999.99
999.99
999.99
999.99
999.99
999.99
999.99
999.99
999.99
999.99
999.99
16.147502676978
15.9560627177701
16.1240058638565
16.1806968641115
16.192281805048
16.3048745644599
16.4048902014107
16.4853170731708
16.6267738590975
16.6630871080139
16.5940598283335
16.3708292682927
16.2691678422708
16.1744320557491
16.1928068326676
16.4044422537606
16.6120383275261
16.2489974504971
15.9371463414634
15.8128107419053
999.99
999.99
999.99
999.99
999.99
999.99
999.99
999.99
999.99
999.99
999.99
999.99
999.99
999.99
999.99
999.99
999.99
999.99
999.99
999.99
999.99
999.99
999.99
999.99
999.99
999.99
999.99
999.99
999.99
999.99
999.99
999.99
999.99
999.99
999.99
999.99
999.99
999.99
999.99
999.99
999.99
999.99
999.99
999.99
999.99
999.99
999.99
999.99
999.99
999.99
999.99
999.99
999.99
999.99
999.99
999.99
999.99
999.99
999.99
999.99
999.99
999.99
999.99
999.99
16.3973170731707
16.4588969151015
16.5947456445993
16.6358034333305
16.5981219512195
16.4548382765361
16.3102787456446
16.4787089317583
16.2832926829268
16.2313797909408
16.0894459930314
16.1042572448373
16.2691533101046
16.0499937962097
16.0423057703748
16.1743275261324
15.8402671029149
15.5420766550522
15.2909520693465
17.0810410986094
999.99
999.99
999.99
999.99
999.99
999.99
999.99
999.99
999.99
999.99
999.99
999.99
999.99
999.99
999.99
999.99
999.99
999.99
999.99
999.99
999.99
999.99
999.99
999.99
999.99
999.99
999.99
999.99
999.99
999.99
999.99
999.99
999.99
999.99
999.99
999.99
999.99
999.99
999.99
999.99
999.99
999.99
999.99
999.99
999.99
999.99
999.99
999.99
999.99
999.99
999.99
999.99
999.99
999.99
999.99
999.99
999.99
999.99
999.99
999.99
999.99
16.326850174216
16.4386798674259
16.5581010452962
16.5351147276281
16.6148397212544
16.7102795104955
16.6242473867596
16.5373022010708
16.5222752613241
16.6351040197162
16.3810278745645
16.2207328121017
16.2618675958188
16.3602682076995
16.3701219512195
16.2287894110648
16.2049230899974
15.9868466898955
15.9598153310104
15.5143170731707
999.99
999.99
999.99
999.99
999.99
999.99
999.99
999.99
999.99
999.99
999.99
999.99
999.99
999.99
999.99
999.99
999.99
999.99
999.99
999.99
999.99
999.99
999.99
999.99
999.99
999.99
999.99
999.99
999.99
999.99
999.99
999.99
999.99
999.99
999.99
999.99
999.99
999.99
999.99
999.99
999.99
999.99
999.99
999.99
999.99
999.99
999.99
999.99
999.99
999.99
999.99
999.99
999.99
999.99
999.99
999.99
999.99
999.99
999.99
999.99
999.99
999.99
999.99
999.99
16.4862204470129
16.330724738676
16.6216105209484
16.7801463414634
16.2877056174047
16.7736480836237
16.7254028214498
16.731212543554
16.5558906263278
16.5263588850174
16.5439593779213
16.5166794425087
16.4949784142092
16.4367073170732
16.2833350896575
16.1801219512195
16.2264930313589
16.1277024730178
15.8438780487804
15.5535004674089
999.99
999.99
999.99
999.99
999.99
999.99
999.99
999.99
999.99
999.99
999.99
999.99
999.99
999.99
999.99
999.99
999.99
999.99
999.99
999.99
999.99
999.99
999.99
999.99
999.99
999.99
999.99
999.99
999.99
999.99
999.99
999.99
999.99
999.99
999.99
999.99
999.99
999.99
999.99
999.99
999.99
999.99
999.99
999.99
999.99
999.99
999.99
999.99
999.99
999.99
999.99
999.99
999.99
999.99
999.99
999.99
999.99
999.99
999.99
999.99
999.99
999.99
15.9369860627178
15.8647383360245
16.0777177700348
16.3715740630577
16.4613101045296
16.6083424832157
16.5458641114983
25.3434529616727
16.735149825784
16.7920797144556
16.6868745644599
16.5439871675024
16.3185331010453
16.2925609756098
16.2988432055749
16.1303474122546
16.0145582561401
16.0176027874565
16.0394592504462
15.8269668989547
999.99
999.99
999.99
999.99
999.99
999.99
999.99
999.99
999.99
999.99
999.99
999.99
999.99
999.99
999.99
999.99
999.99
999.99
999.99
999.99
999.99
999.99
999.99
999.99
999.99
999.99
999.99
999.99
999.99
999.99
999.99
999.99
999.99
999.99
999.99
999.99
999.99
999.99
999.99
999.99
999.99
999.99
999.99
999.99
999.99
999.99
999.99
999.99
999.99
999.99
999.99
999.99
999.99
999.99
999.99
999.99
999.99
999.99
999.99
999.99
999.99
999.99
999.99
999.99
999.99
16.5054798407168
19.673584528163
20.0991264310499
17.0810410986094
17.0810410986094
17.0810410986094
16.8331214534595
16.4689438138134
16.3923728222997
16.1517828794815
15.8133862618218
15.8785042309607
15.9626485813838
15.9777396107759
16.1077959183673
16.1024850671976
15.9020570360208
15.7120589845694
15.3007282715585
15.0961020408163
999.99
999.99
999.99
999.99
999.99
999.99
999.99
999.99
999.99
999.99
999.99
999.99
999.99
999.99
999.99
999.99
999.99
999.99
999.99
999.99
999.99
999.99
999.99
999.99
999.99
999.99
999.99
999.99
999.99
999.99
999.99
999.99
999.99
999.99
999.99
999.99
999.99
999.99
999.99
999.99
999.99
999.99
999.99
999.99
999.99
999.99
999.99
999.99
999.99
999.99
999.99
999.99
999.99
999.99
999.99
999.99
999.99
999.99
999.99
999.99
999.99
999.99
999.99
16.808
16.5269095776324
15.6721463414632
17.0810410986094
16.1586341463415
16.2120582986318
16.2993902439024
16.467506841166
16.3903170731707
15.7178459250448
15.5278048780488
15.5322189173111
15.6236097560976
16.0251267102915
15.987261748959
15.8193170731707
15.550487804878
15.4108658536585
15.280745984533
15.5251951219512
999.99
999.99
999.99
999.99
999.99
999.99
999.99
999.99
999.99
999.99
999.99
999.99
999.99
999.99
999.99
999.99
999.99
999.99
999.99
999.99
999.99
999.99
999.99
999.99
999.99
999.99
999.99
999.99
999.99
999.99
999.99
999.99
999.99
999.99
999.99
999.99
999.99
999.99
999.99
999.99
999.99
999.99
999.99
999.99
999.99
999.99
999.99
999.99
999.99
999.99
999.99
999.99
999.99
999.99
999.99
999.99
999.99
999.99
999.99
999.99
999.99
999.99
17.0455620682539
16.6586943753111
17.0810410986094
21.3693489298263
17.8746493219639
16.729243404679
16.5941334968253
16.4623967147834
15.8991862229722
15.7586933797909
15.3325749493135
15.348638626182
15.6673280603139
38.3670174216042
17.0810410986094
17.0810410986094
15.6015164260826
15.6691133800337
15.5649402687904
15.6101990311889
999.99
999.99
999.99
999.99
999.99
999.99
999.99
999.99
999.99
999.99
999.99
999.99
999.99
999.99
999.99
999.99
999.99
999.99
999.99
999.99
999.99
999.99
999.99
999.99
999.99
999.99
999.99
999.99
999.99
999.99
999.99
999.99
999.99
999.99
999.99
999.99
999.99
999.99
999.99
999.99
999.99
999.99
999.99
999.99
999.99
999.99
999.99
999.99
999.99
999.99
999.99
999.99
999.99
999.99
999.99
999.99
999.99
999.99
999.99
999.99
999.99
999.99
999.99
16.8436290473358
16.9426236933798
16.9392861392028
16.6854599303136
16.662009518144
16.6252055749129
16.5933328800884
16.1925993031359
16.0683120591485
15.9600557491289
17.0810410986094
23.003041811847
17.0810410986094
17.0810410986094
17.0810410986094
15.9232363389138
15.4958170731707
15.5163536160449
15.6494790940767
15.6736295572363
999.99
999.99
999.99
999.99
999.99
999.99
999.99
999.99
999.99
999.99
999.99
999.99
999.99
999.99
999.99
999.99
999.99
999.99
999.99
999.99
999.99
999.99
999.99
999.99
999.99
999.99
999.99
999.99
999.99
999.99
999.99
999.99
999.99
999.99
999.99
999.99
999.99
999.99
999.99
999.99
999.99
999.99
999.99
999.99
999.99
999.99
999.99
999.99
999.99
999.99
999.99
999.99
999.99
999.99
999.99
999.99
999.99
999.99
999.99
999.99
999.99
16.8476518228945
16.8611846689895
16.8662422877539
16.4322752613241
16.3342390583836
16.3413588850174
16.5081222911532
16.4209128919861
16.2638092122036
16.1167212543553
16.132884082604
16.2311045296167
17.0810410986094
17.0810410986094
17.0810410986094
17.0810410986094
17.0810410986094
17.0810410986094
15.7130331010453
15.6198641114983
999.99
999.99
999.99
999.99
999.99
999.99
999.99
999.99
999.99
999.99
999.99
999.99
999.99
999.99
999.99
999.99
999.99
999.99
999.99
999.99
999.99
999.99
999.99
999.99
999.99
999.99
999.99
999.99
999.99
999.99
999.99
999.99
999.99
999.99
999.99
999.99
999.99
999.99
999.99
999.99
999.99
999.99
999.99
999.99
999.99
999.99
999.99
999.99
999.99
999.99
999.99
999.99
999.99
999.99
999.99
999.99
999.99
999.99
999.99
999.99
999.99
999.99
999.99
999.99
16.8101080139373
17.0810410986094
35.5636376306649
16.1524773519164
16.0752404181185
16.0586201240758
15.9631777003484
15.9469538539985
16.1575783972125
16.0519581881533
16.0691707317073
16.1224486275175
17.0810410986094
17.0810410986094
17.0810410986094
17.0810410986094
17.0810410986094
33.6358484320578
15.8697071471063
15.69906271777
999.99
999.99
999.99
999.99
999.99
999.99
999.99
999.99
999.99
999.99
999.99
999.99
999.99
999.99
999.99
999.99
999.99
999.99
999.99
999.99
999.99
999.99
999.99
999.99
999.99
999.99
999.99
999.99
999.99
999.99
999.99
999.99
999.99
999.99
999.99
999.99
999.99
999.99
999.99
999.99
999.99
999.99
999.99
999.99
999.99
999.99
999.99
999.99
999.99
999.99
999.99
999.99
999.99
999.99
999.99
999.99
999.99
999.99
999.99
999.99
999.99
999.99
999.99
17.0810410986094
17.0810410986094
16.6290871080139
16.59299405116
16.6846445993031
16.4805178040282
16.6140766550522
16.5182584346052
16.3974599303136
16.2899999150166
16.3611324041812
16.3860039092377
16.3347073170731
16.4543379790941
38.1670731707331
17.0810410986094
16.5599035438089
15.9586550522648
15.7456439194357
15.4604268292683
999.99
999.99
999.99
999.99
999.99
999.99
999.99
999.99
999.99
999.99
999.99
999.99
999.99
999.99
999.99
999.99
999.99
999.99
999.99
999.99
999.99
999.99
999.99
999.99
999.99
999.99
999.99
999.99
999.99
999.99
999.99
999.99
999.99
999.99
999.99
999.99
999.99
999.99
999.99
999.99
999.99
999.99
999.99
999.99
999.99
999.99
999.99
999.99
999.99
999.99
999.99
999.99
999.99
999.99
999.99
999.99
999.99
999.99
999.99
999.99
999.99
999.99
16.7188404861052
16.7529825783972
16.8828307979944
16.8233205574913
16.7374898444803
16.7604320557491
16.8162532506161
16.8394111498258
16.7883053454576
16.5101428571428
16.4627605166992
16.4686167247387
16.3708226395853
16.3142822299652
16.1972715220532
16.1935714285714
17.0810410986094
16.2879657516784
16.0371027874565
15.8686852213818
999.99
999.99
999.99
999.99
999.99
999.99
999.99
999.99
999.99
999.99
999.99
999.99
999.99
999.99
999.99
999.99
999.99
999.99
999.99
999.99
999.99
999.99
999.99
999.99
999.99
999.99
999.99
999.99
999.99
999.99
999.99
999.99
999.99
999.99
999.99
999.99
999.99
999.99
999.99
999.99
999.99
999.99
999.99
999.99
999.99
999.99
999.99
999.99
999.99
999.99
999.99
999.99
999.99
999.99
999.99
999.99
999.99
999.99
999.99
999.99
999.99
999.99
15.9150731707317
17.1214812611541
17.1231707317073
17.02850743605
17.1649756097561
17.11851338489
16.9709268292683
17.0169202855443
16.9108780487805
16.9431867935753
16.8043902439024
16.4878364069006
16.2990487804878
16.326752528257
16.2387073170732
16.2092355740631
16.1228780487805
16.1692195121951
16.2746662700773
16.027
999.99
999.99
999.99
999.99
999.99
999.99
999.99
999.99
999.99
999.99
999.99
999.99
999.99
999.99
999.99
999.99
999.99
999.99
999.99
999.99
999.99
999.99
999.99
999.99
999.99
999.99
999.99
999.99
999.99
999.99
999.99
999.99
999.99
999.99
999.99
999.99
999.99
999.99
999.99
999.99
999.99
999.99
999.99
999.99
999.99
999.99
999.99
999.99
999.99
999.99
999.99
999.99
999.99
999.99
999.99
999.99
999.99
999.99
999.99
999.99
999.99
999.99
999.99
17.0810410986094
16.8193260672502
16.8447653061225
16.8771999214915
16.9708932304629
16.9876177445398
16.9423096067695
17.0075918367347
17.013037746806
16.9717245869198
16.9694716276755
16.7545145220491
16.4830611415298
16.4008896429482
16.1582150323544
16.1558418640508
16.1563014766882
16.0410275265371
16.0140653765372
15.4502607433217
999.99
999.99
999.99
999.99
999.99
999.99
999.99
999.99
999.99
999.99
999.99
999.99
999.99
999.99
999.99
999.99
999.99
999.99
999.99
999.99
999.99
999.99
999.99
999.99
999.99
999.99
999.99
999.99
999.99
999.99
999.99
999.99
999.99
999.99
999.99
999.99
999.99
999.99
999.99
999.99
999.99
999.99
999.99
999.99
999.99
999.99
999.99
999.99
999.99
999.99
999.99
999.99
999.99
999.99
999.99
999.99
999.99
999.99
999.99
999.99
999.99
999.99
999.99
999.99
16.8263281210164
16.9234599303136
16.9153456276026
17.0173693379791
17.0470568539135
17.0257317073171
16.9936236933798
16.9949094076655
17.0445130449562
17.0836202090592
16.9262568199201
16.5372787456446
16.4099148466049
16.3646968641115
16.1418974250021
15.5171080139373
15.2044990226906
15.4253585450837
15.3060383275261
16.7701555196713
999.99
999.99
999.99
999.99
999.99
999.99
999.99
999.99
999.99
999.99
999.99
999.99
999.99
999.99
999.99
999.99
999.99
999.99
999.99
999.99
999.99
999.99
999.99
999.99
999.99
999.99
999.99
999.99
999.99
999.99
999.99
999.99
999.99
999.99
999.99
999.99
999.99
999.99
999.99
999.99
999.99
999.99
999.99
999.99
999.99
999.99
999.99
999.99
999.99
999.99
999.99
999.99
999.99
999.99
999.99
999.99
999.99
999.99
16.8464442974096
16.6222466522599
16.6150012444002
16.6158163265306
16.714112161938
16.7813665760177
16.8381902273104
17.0617514922685
17.2705680272109
17.5304188833177
17.4928795420607
17.397178376169
17.3388169902107
17.3468420825796
17.1397193462751
16.9929888408665
16.889343537415
16.4717452297993
16.2148215530115
16.0400716147256
999.99
999.99
999.99
999.99
999.99
999.99
999.99
999.99
999.99
999.99
999.99
999.99
999.99
999.99
999.99
999.99
999.99
999.99
999.99
999.99
999.99
999.99
999.99
999.99
999.99
999.99
999.99
999.99
999.99
999.99
999.99
999.99
999.99
999.99
999.99
999.99
999.99
999.99
999.99
999.99
999.99
999.99
999.99
999.99
999.99
999.99
999.99
999.99
999.99
999.99
999.99
999.99
999.99
999.99
999.99
999.99
999.99
999.99
999.99
999.99
17.0810410986094
23.7865258774565
16.7506219512195
16.6833121441319
16.650183564205
16.8399860627178
17.0089120421518
17.2817351916377
17.3941109883573
17.5682717770034
17.5848200900825
17.3661637630662
17.4706039772244
17.280519163763
17.0163174131045
16.8624146341464
16.4455184838956
16.3998780487805
16.2172948075125
16.1240383275261
999.99
999.99
999.99
999.99
999.99
999.99
999.99
999.99
999.99
999.99
999.99
999.99
999.99
999.99
999.99
999.99
999.99
999.99
999.99
999.99
999.99
999.99
999.99
999.99
999.99
999.99
999.99
999.99
999.99
999.99
999.99
999.99
999.99
999.99
999.99
999.99
999.99
999.99
999.99
999.99
999.99
999.99
999.99
999.99
999.99
999.99
999.99
999.99
999.99
999.99
999.99
999.99
999.99
999.99
999.99
999.99
999.99
999.99
999.99
17.0810410986094
17.0810410986094
16.1951645926663
16.3033213789977
16.5814718765555
16.9065544217687
17.1912702837233
17.1361035705181
17.4170286171578
17.6816957856313
17.9911839466305
18.1661722249876
18.1585733204644
18.1260148498424
17.9696417402178
17.5289742823959
17.1952945120939
16.4349015264642
16.0756589230576
16.1595599800896
999.99
999.99
999.99
999.99
999.99
999.99
999.99
999.99
999.99
999.99
999.99
999.99
999.99
999.99
999.99
999.99
999.99
999.99
999.99
999.99
999.99
999.99
999.99
999.99
999.99
999.99
999.99
999.99
999.99
999.99
999.99
999.99
999.99
999.99
999.99
999.99
999.99
999.99
999.99
999.99
999.99
999.99
999.99
999.99
999.99
999.99
999.99
999.99
999.99
999.99
999.99
999.99
999.99
999.99
999.99
999.99
999.99
17.0810410986094
17.0810410986094
17.0810410986094
17.0810410986094
17.0810410986094
17.0810410986094
17.0810410986094
16.6207270332285
16.667724738676
16.6775644599303
16.6106271777003
16.9111013852299
16.7531585365854
16.8131154074955
17.7880510750404
17.66006271777
17.6233687430951
17.6416829268292
17.642171071641
17.3648501742162
999.99
999.99
999.99
999.99
999.99
999.99
999.99
999.99
999.99
999.99
999.99
999.99
999.99
999.99
999.99
999.99
999.99
999.99
999.99
999.99
999.99
999.99
999.99
999.99
999.99
999.99
999.99
999.99
999.99
999.99
999.99
999.99
999.99
999.99
999.99
999.99
999.99
999.99
999.99
999.99
999.99
999.99
999.99
999.99
999.99
999.99
999.99
999.99
999.99
999.99
999.99
999.99
999.99
999.99
999.99
999.99
999.99
999.99
999.99
999.99
17.0810410986094
17.0810410986094
17.0810410986094
17.0810410986094
17.0810410986094
17.0810410986094
16.2723170731708
17.0330365853659
17.0989541939322
16.9757073170732
16.6586799524093
16.159
16.0974378346222
16.1450609756097
16.2083640690065
16.1759634146341
16.4295865556217
16.3235324211779
16.4192926829268
16.5728405710887
16.5606097560975
16.4376823319453
16.1607317073172
16.2247192147532
999.99
999.99
999.99
999.99
999.99
999.99
999.99
999.99
999.99
999.99
999.99
999.99
999.99
999.99
999.99
999.99
999.99
999.99
999.99
999.99
999.99
999.99
999.99
999.99
999.99
999.99
999.99
999.99
999.99
999.99
999.99
999.99
999.99
999.99
999.99
999.99
999.99
999.99
999.99
999.99
999.99
999.99
999.99
999.99
999.99
999.99
999.99
999.99
999.99
999.99
999.99
17.0810410986094
17.0810410986094
17.0810410986094
17.0810410986094
17.0810410986094
17.0810410986094
17.0810410986094
17.0810410986094
17.0810410986094
17.6837073170732
17.4969862326846
17.5099006968641
17.4499162063398
17.2034756097561
17.0962369337979
16.9362386759582
16.593882722869
16.3232421602787
16.1511518653862
16.0424878048781
16.2268823829353
16.1896724738676
16.240642389734
16.1265818815331
16.2278228095521
16.2602665080309
16.4192578397213
16.2691405625903
15.8165121951218
15.5065505226481
999.99
999.99
999.99
999.99
999.99
999.99
999.99
999.99
999.99
999.99
999.99
999.99
999.99
999.99
999.99
999.99
999.99
999.99
999.99
999.99
999.99
999.99
999.99
999.99
999.99
999.99
999.99
999.99
999.99
999.99
999.99
999.99
999.99
999.99
999.99
999.99
999.99
999.99
999.99
999.99
999.99
999.99
999.99
999.99
999.99
999.99
16.8352377836322
16.7401045296167
999.99
24.65246
24.65246
17.0810410986094
17.0810410986094
17.0810410986094
17.0810410986094
17.0810410986094
17.0810410986094
17.0810410986094
17.0810410986094
17.5116374606952
17.6188170731707
28.9369954108903
17.0866202090592
17.4460034843206
17.3750418118467
17.3936097560975
17.2924233449478
17.1726864111498
16.9129111498257
16.6926236933798
16.3305191637631
16.1942831647829
16.2296777003485
16.5607025580011
16.6327491289199
16.5260524347752
16.1458066202091
999.99
999.99
999.99
999.99
999.99
999.99
999.99
999.99
999.99
999.99
999.99
999.99
999.99
999.99
999.99
999.99
999.99
999.99
999.99
999.99
999.99
999.99
999.99
999.99
999.99
999.99
999.99
999.99
999.99
999.99
999.99
999.99
999.99
999.99
999.99
999.99
999.99
999.99
999.99
999.99
999.99
999.99
999.99
999.99
999.99
999.99
999.99
999.99
19.912605631812
19.4354799303149
24.65246
24.65246
24.65246
24.65246
24.65246
16.8886027874565
16.9621353947885
17.0810410986094
17.0810410986094
17.0810410986094
17.0810410986094
17.0810410986094
17.3464679956456
17.9436507869061
17.9276082628173
17.2896141266739
17.0810410986094
17.0810410986094
17.0810410986094
17.4451831514283
17.6486298324208
17.0042370632965
17.0376348100216
17.109
16.9177400033184
16.6992716151302
16.264081300813
999.99
999.99
999.99
999.99
999.99
999.99
999.99
999.99
999.99
999.99
999.99
999.99
999.99
999.99
999.99
999.99
999.99
999.99
999.99
999.99
999.99
999.99
999.99
999.99
999.99
999.99
999.99
999.99
999.99
999.99
999.99
999.99
999.99
999.99
999.99
999.99
999.99
999.99
999.99
999.99
999.99
999.99
999.99
999.99
999.99
999.99
999.99
999.99
999.99
999.99
999.99
21.7393629268308
24.65246
24.65246
24.65246
24.65246
24.65246
24.65246
24.65246
24.65246
24.65246
19.840714146342
24.3846042508715
17.0810410986094
17.0427827823574
16.7314529616725
16.9394434435284
17.2971777003484
20.1206434945139
17.0652872439874
16.8833048780488
16.6154618849324
16.4898344947736
17.0279566584516
17.2902979094077
17.2302915781423
17.1081864111498
16.9550582136483
17.5435487804878
17.7488885017422
999.99
999.99
999.99
999.99
999.99
999.99
999.99
999.99
999.99
999.99
999.99
999.99
999.99
999.99
999.99
999.99
999.99
999.99
999.99
999.99
999.99
999.99
999.99
999.99
999.99
999.99
999.99
999.99
999.99
999.99
999.99
999.99
999.99
999.99
999.99
999.99
999.99
999.99
999.99
999.99
999.99
999.99
16.0465915534566
999.99
999.99
15.8109214368674
15.9623304034285
16.0138272772524
15.9264239661361
15.9218319230131
15.8973368055134
15.9090068027211
20.4395711564623
22.3756127349697
23.0345050804701
20.6842060717015
20.8235507482991
24.65246
15.5380399867263
24.65246
24.65246
20.9348180657779
24.65246
24.65246
16.729005973121
16.6420545391268
16.5232040816327
17.0810410986094
17.0810410986094
17.0810410986094
16.3501821801891
16.6922065461521
16.7751948508136
17.1554503899121
17.2415486772936
17.1800650406504
999.99
999.99
999.99
999.99
999.99
999.99
999.99
999.99
999.99
999.99
999.99
999.99
999.99
999.99
999.99
999.99
999.99
999.99
999.99
999.99
999.99
999.99
999.99
999.99
999.99
999.99
999.99
999.99
999.99
999.99
999.99
999.99
999.99
999.99
999.99
999.99
999.99
999.99
999.99
999.99
999.99
999.99
999.99
999.99
999.99
999.99
999.99
999.99
999.99
15.810646553922
15.900968641115
16.0112150930569
15.9649547038328
15.9560491204215
15.9133449477352
15.968434010368
15.9770121951219
15.9461757457296
15.8845869805388
15.6904006968641
24.65246
18.3300092682915
17.6611295198455
24.65246
16.4958199201155
16.39281184669
15.8878336874309
16.4635783972126
16.5567119061783
16.5737595818815
16.6110729157814
16.6793519163763
23.9560868088734
17.0810410986094
17.0810410986094
999.99
999.99
999.99
999.99
999.99
999.99
999.99
999.99
999.99
999.99
999.99
999.99
999.99
999.99
999.99
999.99
999.99
999.99
999.99
999.99
999.99
999.99
999.99
999.99
999.99
999.99
999.99
999.99
999.99
999.99
999.99
999.99
999.99
999.99
999.99
999.99
999.99
999.99
999.99
999.99
999.99
999.99
999.99
999.99
999.99
999.99
999.99
999.99
999.99
999.99
999.99
999.99
999.99
999.99
999.99
999.99
999.99
15.4437848219597
15.5279965156795
15.5258175122518
15.4618734030197
15.4156475453953
15.4978635307781
15.8674482875839
16.4066324041812
16.682648621852
16.754657545112
16.6818548199768
16.6735269539106
16.5812706155633
16.7621874451148
16.7522462253194
16.6498796351378
16.6544262485482
16.5712473584318
16.6424692218351
999.99
999.99
24.3514968947052
999.99
999.99
999.99
999.99
999.99
999.99
999.99
999.99
999.99
999.99
999.99
999.99
999.99
999.99
999.99
999.99
999.99
999.99
999.99
999.99
999.99
999.99
999.99
999.99
999.99
999.99
999.99
999.99
999.99
999.99
999.99
999.99
999.99
999.99
999.99
999.99
999.99
999.99
999.99
999.99
999.99
999.99
999.99
999.99
999.99
999.99
999.99
999.99
999.99
999.99
999.99
999.99
999.99
999.99
999.99
999.99
999.99
999.99
999.99
999.99
999.99
15.4728344522818
15.6316846689895
15.7356502082094
15.7085348432056
15.5232698223846
15.5290557491289
15.9085779722954
16.4602508710801
16.6256211438769
16.4550362029404
16.1858222996516
16.1563461375032
16.0442473867596
16.068653097646
16.2715505226481
999.99
999.99
999.99
999.99
999.99
999.99
999.99
999.99
999.99
999.99
999.99
999.99
999.99
999.99
999.99
999.99
999.99
999.99
999.99
999.99
999.99
999.99
999.99
999.99
999.99
999.99
999.99
999.99
999.99
999.99
999.99
999.99
999.99
999.99
999.99
999.99
999.99
999.99
999.99
999.99
999.99
999.99
999.99
999.99
999.99
999.99
999.99
999.99
999.99
999.99
999.99
999.99
999.99
999.99
999.99
999.99
999.99
999.99
999.99
999.99
999.99
999.99
999.99
999.99
999.99
999.99
999.99
999.99
17.7937228911371
15.3087160278745
24.65246
15.5830714285714
15.7329282739866
15.7235818815331
15.8053068751593
15.9354616724739
15.9523669584431
16.1029009943061
16.1137142857143
16.0933524262769
999.99
999.99
999.99
999.99
999.99
999.99
999.99
999.99
999.99
999.99
999.99
999.99
999.99
999.99
999.99
999.99
999.99
999.99
999.99
999.99
999.99
999.99
999.99
999.99
999.99
999.99
999.99
999.99
999.99
999.99
999.99
999.99
999.99
999.99
999.99
999.99
999.99
999.99
999.99
999.99
999.99
999.99
999.99
999.99
999.99
999.99
999.99
999.99
999.99
999.99
999.99
999.99
999.99
999.99
999.99
999.99
999.99
999.99
999.99
999.99
999.99
999.99
999.99
999.99
999.99
999.99
999.99
999.99
999.99
999.99
999.99
999.99
15.7829128919861
15.8726864111498
999.99
999.99
999.99
999.99
999.99
999.99
999.99
999.99
999.99
999.99
999.99
999.99
999.99
999.99
999.99
999.99
999.99
999.99
999.99
999.99
999.99
999.99
999.99
999.99
999.99
999.99
999.99
999.99
999.99
999.99
999.99
999.99
999.99
999.99
999.99
999.99
999.99
999.99
999.99
999.99
999.99
999.99
999.99
999.99
999.99
999.99
999.99
999.99
999.99
999.99
999.99
999.99
999.99
999.99
999.99
999.99
999.99
999.99
999.99
999.99
999.99
999.99
999.99
999.99
999.99
999.99
999.99
999.99
999.99
999.99
999.99
999.99
999.99
999.99
999.99
999.99
999.99
999.99
999.99
999.99
999.99
999.99
999.99
999.99
999.99
999.99
999.99
999.99
999.99
999.99
999.99
999.99
999.99
999.99
999.99
999.99
999.99
999.99
999.99
999.99
999.99
999.99
999.99
999.99
999.99
999.99
999.99
999.99
999.99
999.99
999.99
999.99
999.99
999.99
999.99
999.99
999.99
999.99
999.99
999.99
999.99
999.99
999.99
999.99
999.99
999.99
999.99
999.99
999.99
999.99
999.99
999.99
999.99
999.99
999.99
999.99
999.99
999.99
999.99
999.99
999.99
999.99
999.99
999.99
999.99
999.99
999.99
999.99
999.99
999.99
999.99
999.99
999.99
999.99
999.99
999.99
999.99
999.99
999.99
999.99
999.99
999.99
999.99
999.99
999.99
999.99
999.99
999.99
999.99
999.99
999.99
999.99
999.99
999.99
999.99
999.99
999.99
999.99
999.99
999.99
999.99
999.99
999.99
999.99
999.99
999.99
999.99
999.99
999.99
999.99
999.99
999.99
999.99
999.99
999.99
999.99
999.99
999.99
999.99
999.99
999.99
999.99
999.99
999.99
999.99
999.99
999.99
999.99
999.99
999.99
999.99
999.99
999.99
999.99
999.99
999.99
999.99
999.99
999.99
999.99
999.99
999.99
999.99
999.99
999.99
999.99
999.99
999.99
999.99
999.99
999.99
999.99
999.99
999.99
999.99
999.99
999.99
999.99
999.99
999.99
999.99
999.99
999.99
999.99
999.99
999.99
999.99
999.99
999.99
999.99
999.99
999.99
999.99
999.99
999.99
999.99
999.99
999.99
999.99
999.99
999.99
999.99
999.99
999.99
999.99
999.99
999.99
999.99
999.99
999.99
999.99
999.99
999.99
999.99
999.99
999.99
999.99
999.99
999.99
999.99
999.99
999.99
999.99
999.99
999.99
999.99
999.99
999.99
999.99
999.99
999.99
999.99
999.99
999.99
999.99
999.99
999.99
999.99
999.99
999.99
999.99
999.99
999.99
999.99
999.99
999.99
999.99
999.99
999.99
999.99
999.99
999.99
999.99
999.99
999.99
999.99
999.99
999.99
999.99
999.99
999.99
999.99
999.99
999.99
999.99
999.99
999.99
999.99
999.99
999.99
999.99
999.99
999.99
999.99
999.99
999.99
999.99
999.99
999.99
999.99
999.99
999.99
999.99
999.99
999.99
999.99
999.99
999.99
999.99
999.99
999.99
999.99
999.99
999.99
999.99
999.99
999.99
999.99
999.99
999.99
999.99
999.99
999.99
999.99
999.99
999.99
999.99
999.99
999.99
999.99
999.99
999.99
999.99
999.99
999.99
999.99
999.99
999.99
999.99
999.99
999.99
999.99
999.99
999.99
999.99
999.99
999.99
999.99
999.99
999.99
999.99
999.99
999.99
999.99
999.99
999.99
999.99
999.99
999.99
999.99
999.99
999.99
999.99
999.99
999.99
999.99
999.99
999.99
999.99
999.99
999.99
