999.99
999.99
999.99
999.99
999.99
999.99
999.99
999.99
999.99
999.99
999.99
999.99
999.99
999.99
999.99
999.99
999.99
999.99
999.99
999.99
999.99
999.99
999.99
999.99
999.99
999.99
999.99
999.99
999.99
999.99
999.99
999.99
999.99
999.99
999.99
999.99
999.99
999.99
999.99
999.99
999.99
999.99
999.99
999.99
999.99
999.99
999.99
999.99
999.99
999.99
999.99
999.99
999.99
999.99
999.99
999.99
999.99
999.99
999.99
999.99
999.99
999.99
999.99
999.99
999.99
999.99
999.99
999.99
999.99
999.99
999.99
999.99
999.99
999.99
999.99
999.99
999.99
999.99
999.99
999.99
999.99
999.99
999.99
999.99
999.99
999.99
999.99
999.99
999.99
999.99
999.99
999.99
999.99
999.99
999.99
999.99
999.99
999.99
999.99
999.99
999.99
999.99
999.99
999.99
999.99
999.99
999.99
999.99
999.99
999.99
999.99
999.99
999.99
999.99
999.99
999.99
999.99
999.99
999.99
999.99
999.99
999.99
999.99
999.99
999.99
999.99
999.99
999.99
999.99
999.99
999.99
999.99
999.99
999.99
16.0936432395683
15.9737657856718
15.7917003484321
15.7911333389989
15.8907595818816
15.8404382595394
15.7409825783972
15.8353178380216
15.7847386759582
15.5091921475312
15.6104425087108
15.7492382085493
16.0542961672474
15.8842431375882
15.9259233449477
15.6922660831138
15.5140766550523
15.7123010113028
15.7267526132404
15.7277003484321
15.6629163763066
999.99
999.99
999.99
999.99
999.99
999.99
999.99
999.99
999.99
999.99
999.99
999.99
999.99
999.99
999.99
999.99
999.99
999.99
999.99
999.99
999.99
999.99
999.99
999.99
999.99
999.99
999.99
999.99
999.99
999.99
999.99
999.99
999.99
999.99
999.99
999.99
999.99
999.99
999.99
999.99
999.99
999.99
999.99
999.99
999.99
999.99
999.99
999.99
999.99
999.99
999.99
999.99
999.99
999.99
999.99
999.99
999.99
999.99
999.99
999.99
999.99
999.99
16.0644259976447
16.1803398547997
16.188431309109
16.2005076242276
16.1260517670483
15.8859763139045
15.8673658536585
15.8774498476369
15.702837481334
15.7199663283517
15.8806224489796
15.9061161662762
15.7802633150821
15.8394067792495
15.7795550024888
15.9726428571429
15.8072093081135
15.669667599461
15.7516102538576
15.8101708773932
15.8394328023892
999.99
999.99
999.99
999.99
999.99
999.99
999.99
999.99
999.99
999.99
999.99
999.99
999.99
999.99
999.99
999.99
999.99
999.99
999.99
999.99
999.99
999.99
999.99
999.99
999.99
999.99
999.99
999.99
999.99
999.99
999.99
999.99
999.99
999.99
999.99
999.99
999.99
999.99
999.99
999.99
999.99
999.99
999.99
999.99
999.99
999.99
999.99
999.99
999.99
999.99
999.99
999.99
999.99
999.99
999.99
999.99
999.99
999.99
999.99
999.99
999.99
999.99
16.1183425681992
16.2095255375202
16.2619198606272
16.1622619189258
16.1011533101046
16.132634656242
15.8239442508711
15.7863841250956
15.7979930313589
16.0332497662956
15.9713588850174
16.0510592334495
16.0681777003484
16.079649528342
15.9269198606271
15.6954234724228
15.5449059233449
15.6331641029999
15.8665783972125
15.775931928274
15.7532682926829
999.99
999.99
999.99
999.99
999.99
999.99
999.99
999.99
999.99
999.99
999.99
999.99
999.99
999.99
999.99
999.99
999.99
999.99
999.99
999.99
999.99
999.99
999.99
999.99
999.99
999.99
999.99
999.99
999.99
999.99
999.99
999.99
999.99
999.99
999.99
999.99
999.99
999.99
999.99
999.99
999.99
999.99
999.99
999.99
999.99
999.99
999.99
999.99
999.99
999.99
999.99
999.99
999.99
999.99
999.99
999.99
999.99
999.99
999.99
999.99
999.99
999.99
16.1656470638226
16.1920174216028
16.2443902439025
16.1982529106824
16.3235365853658
16.1578077674853
16.0560348432056
16.0634139542789
16.1238153310104
16.3123489419563
16.1177839721254
16.0623832752613
16.0404041811847
15.854738845925
15.6092160278746
15.8081078439705
15.7495853658537
15.8064715730433
15.7268292682927
15.4531846689895
37.7574634146356
999.99
999.99
999.99
999.99
999.99
999.99
999.99
999.99
999.99
999.99
999.99
999.99
999.99
999.99
999.99
999.99
999.99
999.99
999.99
999.99
999.99
999.99
999.99
999.99
999.99
999.99
999.99
999.99
999.99
999.99
999.99
999.99
999.99
999.99
999.99
999.99
999.99
999.99
999.99
999.99
999.99
999.99
999.99
999.99
999.99
999.99
999.99
999.99
999.99
999.99
999.99
999.99
999.99
999.99
999.99
999.99
999.99
999.99
999.99
999.99
999.99
999.99
999.99
16.2549838531486
16.3045470383275
16.3277016231835
16.2304076655052
16.062110733407
16.1040139372822
16.0719697458995
16.1176515679443
16.0709496048271
15.9847909407665
15.9361171921475
15.856850174216
15.8465201835642
15.9556097560976
15.8817839721254
15.8244738675958
15.7540854083454
15.6797665505227
15.4385012322597
38.0550174216042
17.6064499474977
999.99
999.99
999.99
999.99
999.99
999.99
999.99
999.99
999.99
999.99
999.99
999.99
999.99
999.99
999.99
999.99
999.99
999.99
999.99
999.99
999.99
999.99
999.99
999.99
999.99
999.99
999.99
999.99
999.99
999.99
999.99
999.99
999.99
999.99
999.99
999.99
999.99
999.99
999.99
999.99
999.99
999.99
999.99
999.99
999.99
999.99
999.99
999.99
999.99
999.99
999.99
999.99
999.99
999.99
999.99
999.99
999.99
999.99
999.99
999.99
999.99
16.1650626327866
16.1480677317923
16.2031777003484
16.1857913656837
16.0797003484321
16.0921152375287
15.9059616724739
15.7957316223336
15.8354634146341
15.9158156709442
15.812637630662
15.881493753718
15.9249128919861
15.9760870230305
15.9780522648084
16.04371046146
16.0021358885017
15.7987129259795
15.6534703832753
15.5597591569644
15.4607351916376
999.99
999.99
999.99
999.99
999.99
999.99
999.99
999.99
999.99
999.99
999.99
999.99
999.99
999.99
999.99
999.99
999.99
999.99
999.99
999.99
999.99
999.99
999.99
999.99
999.99
999.99
999.99
999.99
999.99
999.99
999.99
999.99
999.99
999.99
999.99
999.99
999.99
999.99
999.99
999.99
999.99
999.99
999.99
999.99
999.99
999.99
999.99
999.99
999.99
999.99
999.99
999.99
999.99
999.99
999.99
999.99
999.99
999.99
999.99
999.99
999.99
999.99
999.99
999.99
16.0601707317073
16.0439193790544
16.0155574912892
15.9995588793519
15.8891974448316
15.9342380952381
15.9556051103368
15.9882270757202
15.9502450638792
15.994725021954
15.9969547038328
15.9661087787881
15.9472276422764
15.902173309538
15.8301428571429
15.9499395201269
16.0684367015099
15.8183009546472
15.6596957026713
15.6912128268321
17.6064499474977
999.99
999.99
999.99
999.99
999.99
999.99
999.99
999.99
999.99
999.99
999.99
999.99
999.99
999.99
999.99
999.99
999.99
999.99
999.99
999.99
999.99
999.99
999.99
999.99
999.99
999.99
999.99
999.99
999.99
999.99
999.99
999.99
999.99
999.99
999.99
999.99
999.99
999.99
999.99
999.99
999.99
999.99
999.99
999.99
999.99
999.99
999.99
999.99
999.99
999.99
999.99
999.99
999.99
999.99
999.99
999.99
999.99
999.99
999.99
999.99
999.99
999.99
999.99
16.2002613240418
16.2175470383275
16.2020189513045
16.2007038327526
16.0953670434265
15.982425087108
16.0160192912382
16.0938885017422
16.108427466644
16.1347038327526
16.1423815755928
16.2280278745645
16.2046553921985
16.1051393728223
16.2344462479816
16.1192195121951
16.2063407835472
16.3230940766551
16.3846968641115
16.3980978159259
16.2267108013937
999.99
999.99
999.99
999.99
999.99
999.99
999.99
999.99
999.99
999.99
999.99
999.99
999.99
999.99
999.99
999.99
999.99
999.99
999.99
999.99
999.99
999.99
999.99
999.99
999.99
999.99
999.99
999.99
999.99
999.99
999.99
999.99
999.99
999.99
999.99
999.99
999.99
999.99
999.99
999.99
999.99
999.99
999.99
999.99
999.99
999.99
999.99
999.99
999.99
999.99
999.99
999.99
999.99
999.99
999.99
999.99
999.99
999.99
16.1669167081467
16.1161519625102
16.0496112008158
16.0272030861125
16.0493447696747
16.1001898125104
16.1734641592509
16.2196742989879
16.1757103238678
16.0234421768707
16.0854828960734
16.0281091753775
15.9627599460962
15.9774605939937
15.9898238050723
16.0352221669156
16.0269679531539
16.247206238593
16.1023401360544
16.1321053592169
16.1364432978426
999.99
999.99
999.99
999.99
999.99
999.99
999.99
999.99
999.99
999.99
999.99
999.99
999.99
999.99
999.99
999.99
999.99
999.99
999.99
999.99
999.99
999.99
999.99
999.99
999.99
999.99
999.99
999.99
999.99
999.99
999.99
999.99
999.99
999.99
999.99
999.99
999.99
999.99
999.99
999.99
999.99
999.99
999.99
999.99
999.99
999.99
999.99
999.99
999.99
999.99
999.99
999.99
999.99
999.99
999.99
999.99
999.99
999.99
999.99
999.99
999.99
999.99
999.99
16.171968641115
16.2449721254355
16.3208153310105
16.2036102659981
16.3705400696865
16.2374989377071
16.2582055749129
16.281792215518
16.1746655052265
16.1661058043681
16.0976655052265
16.0660237103765
16.1144459930314
16.1273709526642
16.1203101045296
16.2427630662021
16.0867909407665
16.1927091867086
16.2506655052265
16.2212076994986
16.3805400696864
999.99
999.99
999.99
999.99
999.99
999.99
999.99
999.99
999.99
999.99
999.99
999.99
999.99
999.99
999.99
999.99
999.99
999.99
999.99
999.99
999.99
999.99
999.99
999.99
999.99
999.99
999.99
999.99
999.99
999.99
999.99
999.99
999.99
999.99
999.99
999.99
999.99
999.99
999.99
999.99
999.99
999.99
999.99
999.99
999.99
999.99
999.99
999.99
999.99
999.99
999.99
999.99
999.99
999.99
999.99
999.99
999.99
999.99
999.99
999.99
999.99
999.99
16.3121529701708
16.3419100511115
16.3523719926995
16.3400745871222
16.3218865107019
16.3906691999822
16.4645787290526
16.2499541291829
16.1994441679111
16.0639931972789
16.1141733864278
16.1612936136977
16.2797645594823
16.6668197015868
16.704737846358
16.7191207128896
16.7706845860295
16.7687751378957
16.7323718267795
16.5729772527691
16.334637132902
999.99
999.99
999.99
999.99
999.99
999.99
999.99
999.99
999.99
999.99
999.99
999.99
999.99
999.99
999.99
999.99
999.99
999.99
999.99
999.99
999.99
999.99
999.99
999.99
999.99
999.99
999.99
999.99
999.99
999.99
999.99
999.99
999.99
999.99
999.99
999.99
999.99
999.99
999.99
999.99
999.99
999.99
999.99
999.99
999.99
999.99
999.99
999.99
999.99
999.99
999.99
999.99
999.99
999.99
999.99
999.99
999.99
999.99
999.99
999.99
999.99
999.99
999.99
999.99
999.99
999.99
16.2087317073171
16.1447277980794
16.0512264808362
16.1414660491204
16.2679407665505
16.4840092631937
16.634756097561
16.6753891391179
16.8894006968641
17.197660831138
17.1351846689895
17.117541174471
17.0973484320558
17.0590098580777
17.1082717770035
16.9652178125266
16.7617839721254
16.8108398062378
16.9297705447438
16.859212543554
16.7613592249511
999.99
999.99
999.99
999.99
999.99
999.99
999.99
999.99
999.99
999.99
999.99
999.99
999.99
999.99
999.99
999.99
999.99
999.99
999.99
999.99
999.99
999.99
999.99
999.99
999.99
999.99
999.99
999.99
999.99
999.99
999.99
999.99
999.99
999.99
999.99
999.99
999.99
999.99
999.99
999.99
999.99
999.99
999.99
999.99
999.99
999.99
999.99
999.99
999.99
999.99
999.99
999.99
999.99
999.99
999.99
999.99
999.99
999.99
999.99
999.99
999.99
999.99
16.2700801393728
16.2811284099601
16.464818815331
16.7172079544489
16.8378710801394
16.9453263363644
17.1144843205575
17.0263739270843
17.0068292682927
17.1060926319368
17.1275679442509
17.1089100875329
17.0992891986063
17.0758782187474
17.0312020905923
16.9242172176426
16.910574912892
16.9752729667715
17.0592229115323
17.0566289198606
16.9473807257585
999.99
999.99
999.99
999.99
999.99
999.99
999.99
999.99
999.99
999.99
999.99
999.99
999.99
999.99
999.99
999.99
999.99
999.99
999.99
999.99
999.99
999.99
999.99
999.99
999.99
999.99
999.99
999.99
999.99
999.99
999.99
999.99
999.99
999.99
999.99
999.99
999.99
999.99
999.99
999.99
999.99
999.99
999.99
999.99
999.99
999.99
999.99
999.99
999.99
999.99
999.99
999.99
999.99
999.99
999.99
999.99
999.99
999.99
999.99
999.99
999.99
999.99
16.0643902439025
16.4568346222487
16.5765609756097
16.7389446757882
16.992487804878
17.0650160618679
17.1611951219512
17.1970529446758
17.2154390243902
17.2193033908388
17.2215365853659
17.1384515169542
17.1256585365854
17.1652926829268
17.1831707317073
17.2349173111243
17.153
17.1118221296847
17.0761142177275
17.0028048780488
17.0205353955979
999.99
999.99
999.99
999.99
999.99
999.99
999.99
999.99
999.99
999.99
999.99
999.99
999.99
999.99
999.99
999.99
999.99
999.99
999.99
999.99
999.99
999.99
999.99
999.99
999.99
999.99
999.99
999.99
999.99
999.99
999.99
999.99
999.99
999.99
999.99
999.99
999.99
999.99
999.99
999.99
999.99
999.99
999.99
999.99
999.99
999.99
999.99
999.99
999.99
999.99
999.99
999.99
999.99
999.99
999.99
999.99
999.99
999.99
999.99
999.99
999.99
999.99
999.99
16.6135524772669
16.7754076655052
17.093979773944
17.1276933797909
17.1033589700008
17.0708571428571
17.0965637800629
17.1403484320557
16.9179783292258
16.9650069686411
17.0093662785757
17.0621707317073
17.1124801563695
17.1575923344948
17.131832497663
17.0064703832752
16.8559974504972
16.8558863771565
16.9901881533101
17.1286133254015
16.9634930313589
999.99
999.99
999.99
999.99
999.99
999.99
999.99
999.99
999.99
999.99
999.99
999.99
999.99
999.99
999.99
999.99
999.99
999.99
999.99
999.99
999.99
999.99
999.99
999.99
999.99
999.99
999.99
999.99
999.99
999.99
999.99
999.99
999.99
999.99
999.99
999.99
999.99
999.99
999.99
999.99
999.99
999.99
999.99
999.99
999.99
999.99
999.99
999.99
999.99
999.99
999.99
999.99
999.99
999.99
999.99
999.99
999.99
999.99
999.99
999.99
999.99
999.99
16.8743098637432
16.9937398373983
17.0436534092518
17.3384540401526
17.2281985131947
17.0861904761905
17.3772917319218
17.432956031193
16.9467670948213
16.842962750954
16.8255170068027
16.8661091753775
16.9434138935765
16.7844996681599
16.9224869469501
17.0380473701676
17.0797760666432
17.0892300926319
17.129368674299
17.1961060937165
17.1472956694873
999.99
999.99
999.99
999.99
999.99
999.99
999.99
999.99
999.99
999.99
999.99
999.99
999.99
999.99
999.99
999.99
999.99
999.99
999.99
999.99
999.99
999.99
999.99
999.99
999.99
999.99
999.99
999.99
999.99
999.99
999.99
999.99
999.99
999.99
999.99
999.99
999.99
999.99
999.99
999.99
999.99
999.99
999.99
999.99
999.99
999.99
999.99
999.99
999.99
999.99
999.99
999.99
999.99
999.99
999.99
999.99
999.99
999.99
999.99
999.99
999.99
999.99
999.99
999.99
17.0474929038837
17.1750801393728
17.239271097136
17.1265331010453
17.0409768845075
17.1061881533101
17.2941804198181
17.3010557491289
17.1339292088042
17.099512195122
17.255862071896
17.2883031358885
17.1307494688536
17.2140836236934
17.3152147531231
17.3602148381066
17.3066271777003
17.2408015636951
17.3024320557491
17.3016485935243
17.085893728223
999.99
999.99
999.99
999.99
999.99
999.99
999.99
999.99
999.99
999.99
999.99
999.99
999.99
999.99
999.99
999.99
999.99
999.99
999.99
999.99
999.99
999.99
999.99
999.99
999.99
999.99
999.99
999.99
999.99
999.99
999.99
999.99
999.99
999.99
999.99
999.99
999.99
999.99
999.99
999.99
999.99
999.99
999.99
999.99
999.99
999.99
999.99
999.99
999.99
999.99
999.99
999.99
999.99
999.99
999.99
999.99
999.99
999.99
999.99
999.99
999.99
999.99
16.9351965039437
16.8811449311432
17.1676858688746
17.2617513688402
17.1365766186308
17.1272985730878
17.1919523809524
17.2263379790941
17.2442679547726
17.3550651236104
17.0904680401608
16.6928163265306
16.7012825516882
16.9598647751784
17.0702910581246
17.2932195830146
17.3255225651236
17.3726414225416
17.4281864941098
17.2718703598037
17.1103941430231
999.99
999.99
999.99
999.99
999.99
999.99
999.99
999.99
999.99
999.99
999.99
999.99
999.99
999.99
999.99
999.99
999.99
999.99
999.99
999.99
999.99
999.99
999.99
999.99
999.99
999.99
999.99
999.99
999.99
999.99
999.99
999.99
999.99
999.99
999.99
999.99
999.99
999.99
999.99
999.99
999.99
999.99
999.99
999.99
999.99
999.99
999.99
999.99
999.99
999.99
999.99
999.99
999.99
999.99
999.99
999.99
999.99
999.99
999.99
999.99
999.99
16.9313554006969
16.8330168267188
16.9342857142857
17.3167472592844
17.3030662020906
17.0709425512025
17.3063763066202
17.6308857822725
17.6179965156794
17.3327188748193
17.284881533101
17.1986168097221
16.9927038327527
16.9329545338659
17.0620766550523
17.2201058893516
17.2909782442424
17.3995
17.4017282229965
17.4232839721254
17.5485116002379
999.99
999.99
999.99
999.99
999.99
999.99
999.99
999.99
999.99
999.99
999.99
999.99
999.99
999.99
999.99
999.99
999.99
999.99
999.99
999.99
999.99
999.99
999.99
999.99
999.99
999.99
999.99
999.99
999.99
999.99
999.99
999.99
999.99
999.99
999.99
999.99
999.99
999.99
999.99
999.99
999.99
999.99
999.99
999.99
999.99
999.99
999.99
999.99
999.99
999.99
999.99
999.99
999.99
999.99
999.99
999.99
999.99
999.99
999.99
999.99
999.99
999.99
999.99
999.99
999.99
17.5365785226643
17.7730857806537
17.5303911564626
17.6325087108014
17.5152628780245
17.4429586029534
17.5219677508124
17.4377617388419
17.4609770079359
17.3290199933632
17.2147405759449
17.0826095901775
17.2323095238095
17.3549147676917
17.5355799734528
17.5329992169384
17.4848538244566
17.4975850340136
17.4133417122947
17.1015116953385
17.6064499474977
999.99
999.99
999.99
999.99
999.99
999.99
999.99
999.99
999.99
999.99
999.99
999.99
999.99
999.99
999.99
999.99
999.99
999.99
999.99
999.99
999.99
999.99
999.99
999.99
999.99
999.99
999.99
999.99
999.99
999.99
999.99
999.99
999.99
999.99
999.99
999.99
999.99
999.99
999.99
999.99
999.99
999.99
999.99
999.99
999.99
999.99
999.99
999.99
999.99
999.99
999.99
999.99
999.99
999.99
999.99
999.99
999.99
999.99
999.99
999.99
999.99
17.4481219512195
17.5699428911362
17.5746585365854
17.6025663295657
17.6493170731707
17.5698518738846
17.5007073170732
17.3270226055919
17.3117073170732
17.3465282569899
17.237243902439
17.1791600237954
17.387512195122
17.4639280190363
17.5164765020821
17.5202073170732
17.5089131469363
17.3499146341463
17.1969428911363
16.5691951219512
999.99
999.99
999.99
999.99
999.99
999.99
999.99
999.99
999.99
999.99
999.99
999.99
999.99
999.99
999.99
999.99
999.99
999.99
999.99
999.99
999.99
999.99
999.99
999.99
999.99
999.99
999.99
999.99
999.99
999.99
999.99
999.99
999.99
999.99
999.99
999.99
999.99
999.99
999.99
999.99
999.99
999.99
999.99
999.99
999.99
999.99
999.99
999.99
999.99
999.99
999.99
999.99
999.99
999.99
999.99
999.99
999.99
999.99
999.99
999.99
999.99
999.99
17.500998810232
17.5787282229965
17.6526282824849
17.725668989547
17.7138010537945
17.6437073170732
17.5609264893346
17.4749616724739
17.5377045976035
17.588606271777
17.5157999490099
17.5439407665505
17.5314820260049
17.4365644599303
17.3811950369678
17.3974795614855
17.4058153310105
17.3557548228095
17.2172682926829
17.1325684541515
999.99
999.99
999.99
999.99
999.99
999.99
999.99
999.99
999.99
999.99
999.99
999.99
999.99
999.99
999.99
999.99
999.99
999.99
999.99
999.99
999.99
999.99
999.99
999.99
999.99
999.99
999.99
999.99
999.99
999.99
999.99
999.99
999.99
999.99
999.99
999.99
999.99
999.99
999.99
999.99
999.99
999.99
999.99
999.99
999.99
999.99
999.99
999.99
999.99
999.99
999.99
999.99
999.99
999.99
999.99
999.99
999.99
999.99
999.99
999.99
999.99
999.99
999.99
999.99
17.6893658536585
17.6568123565905
17.6385853658536
17.5522455171242
17.6199651567944
17.605815246027
17.5322055749129
17.5031287498938
17.5367456445993
17.5934494773519
17.5947317073171
17.7010461460015
17.5125714285714
17.4943429081329
17.4363410384975
17.3824773519164
17.2296644004419
17.1273344947735
16.8880723208974
17.6064499474977
999.99
999.99
999.99
999.99
999.99
999.99
999.99
999.99
999.99
999.99
999.99
999.99
999.99
999.99
999.99
999.99
999.99
999.99
999.99
999.99
999.99
999.99
999.99
999.99
999.99
999.99
999.99
999.99
999.99
999.99
999.99
999.99
999.99
999.99
999.99
999.99
999.99
999.99
999.99
999.99
999.99
999.99
999.99
999.99
999.99
999.99
999.99
999.99
999.99
999.99
999.99
999.99
999.99
999.99
999.99
999.99
999.99
999.99
999.99
999.99
999.99
17.6264181184669
17.6303525962437
17.7186794425087
17.8033721424322
17.7420905923345
17.663482620889
17.5720522648084
17.5013118891816
17.3142090592335
17.3512074445483
17.4988641114983
17.5617958698054
17.601574912892
17.56629251296
17.5596445993031
17.613461205065
17.6083135038668
17.6042595818815
17.4864182884338
17.3317804878049
999.99
999.99
999.99
999.99
999.99
999.99
999.99
999.99
999.99
999.99
999.99
999.99
999.99
999.99
999.99
999.99
999.99
999.99
999.99
999.99
999.99
999.99
999.99
999.99
999.99
999.99
999.99
999.99
999.99
999.99
999.99
999.99
999.99
999.99
999.99
999.99
999.99
999.99
999.99
999.99
999.99
999.99
999.99
999.99
999.99
999.99
999.99
999.99
999.99
999.99
999.99
999.99
999.99
999.99
999.99
999.99
999.99
999.99
999.99
999.99
999.99
999.99
999.99
999.99
17.4134575507776
17.3270139372822
17.3499563185179
17.4533344947735
17.5600690915271
17.5186167247387
17.7014974080054
17.6586167247386
17.5367611115833
17.4603135888502
17.505812866491
17.4253101045296
17.4478749893771
17.4525574912892
17.8282680377327
17.7736724738676
17.5396167247387
17.4375763576103
17.3573710801394
17.1656029574233
999.99
999.99
999.99
999.99
999.99
999.99
999.99
999.99
999.99
999.99
999.99
999.99
999.99
999.99
999.99
999.99
999.99
999.99
999.99
999.99
999.99
999.99
999.99
999.99
999.99
999.99
999.99
999.99
999.99
999.99
999.99
999.99
999.99
999.99
999.99
999.99
999.99
999.99
999.99
999.99
999.99
999.99
999.99
999.99
999.99
999.99
999.99
999.99
999.99
999.99
999.99
999.99
999.99
999.99
999.99
999.99
999.99
999.99
999.99
999.99
999.99
999.99
17.0141707317073
17.1334763321152
17.119487804878
17.212103594799
17.0451533101045
17.4108684456531
17.5819756097561
17.7030790345883
17.5559024390244
17.6174311209314
17.5835574912892
17.6233295657347
17.598337979094
17.7495714285714
17.7729790940767
17.7855880853234
17.7461457465794
17.7307351916376
17.6164457380811
17.3403222996515
999.99
999.99
999.99
999.99
999.99
999.99
999.99
999.99
999.99
999.99
999.99
999.99
999.99
999.99
999.99
999.99
999.99
999.99
999.99
999.99
999.99
999.99
999.99
999.99
999.99
999.99
999.99
999.99
999.99
999.99
999.99
999.99
999.99
999.99
999.99
999.99
999.99
999.99
999.99
999.99
999.99
999.99
999.99
999.99
999.99
999.99
999.99
999.99
999.99
999.99
999.99
999.99
999.99
999.99
999.99
999.99
999.99
999.99
999.99
999.99
999.99
999.99
999.99
999.99
999.99
17.3383678446988
17.6064499474977
20.6919467396613
17.7642446794304
17.8807237431558
17.6531109033738
17.7672797411648
17.6523995677985
17.7090214036834
17.6230489261737
17.5852444001991
17.5430948900679
17.5108342458935
17.5464861780524
17.5049387755102
17.6047854654057
17.6682093506052
17.6781226978596
17.4491221576078
17.3341836734694
999.99
999.99
999.99
999.99
999.99
999.99
999.99
999.99
999.99
999.99
999.99
999.99
999.99
999.99
999.99
999.99
999.99
999.99
999.99
999.99
999.99
999.99
999.99
999.99
999.99
999.99
999.99
999.99
999.99
999.99
999.99
999.99
999.99
999.99
999.99
999.99
999.99
999.99
999.99
999.99
999.99
999.99
999.99
999.99
999.99
999.99
999.99
999.99
999.99
999.99
999.99
999.99
999.99
999.99
999.99
999.99
999.99
999.99
999.99
999.99
999.99
999.99
999.99
17.271
17.8936555621653
17.3801707317075
18.1104622248662
18.0394634146341
17.9041213563355
17.8758536585366
17.8645675193337
17.7025365853659
17.6521879833432
17.6574146341463
17.6086722189173
17.5760975609756
17.4505770374777
17.3423384889947
17.4256829268293
17.4701606186794
17.5314268292683
17.573262938727
17.3636341463415
999.99
999.99
999.99
999.99
999.99
999.99
999.99
999.99
999.99
999.99
999.99
999.99
999.99
999.99
999.99
999.99
999.99
999.99
999.99
999.99
999.99
999.99
999.99
999.99
999.99
999.99
999.99
999.99
999.99
999.99
999.99
999.99
999.99
999.99
999.99
999.99
999.99
999.99
999.99
999.99
999.99
999.99
999.99
999.99
999.99
999.99
999.99
999.99
999.99
999.99
999.99
999.99
999.99
999.99
999.99
999.99
999.99
999.99
999.99
999.99
999.99
999.99
17.3910594641188
17.7053106022897
17.6599906882444
17.5152847187656
17.85599107674
17.8320930811349
17.8144508613677
17.6919766052762
17.6712630479914
17.6738894972623
17.7516352147045
17.7812075659532
17.7929629715063
17.7424385266302
17.3749375493207
17.0840647330914
17.3357797411647
17.7441279486215
17.7936786958686
17.9726817856232
999.99
999.99
999.99
999.99
999.99
999.99
999.99
999.99
999.99
999.99
999.99
999.99
999.99
999.99
999.99
999.99
999.99
999.99
999.99
999.99
999.99
999.99
999.99
999.99
999.99
999.99
999.99
999.99
999.99
999.99
999.99
999.99
999.99
999.99
999.99
999.99
999.99
999.99
999.99
999.99
999.99
999.99
999.99
999.99
999.99
999.99
999.99
999.99
999.99
999.99
999.99
999.99
999.99
999.99
999.99
999.99
999.99
999.99
999.99
999.99
999.99
999.99
999.99
17.476738251041
17.5806167247387
17.5302171326591
17.7646167247387
17.6493025410045
17.6945226480836
17.7458127815076
17.7539268292683
17.7801523752868
17.7987317073171
17.7769881873035
17.7662473867596
17.6487391008753
17.2844912891986
17.6064499474977
17.751612815501
17.6224738675958
17.7696123905838
17.9596515679443
17.9994691085239
999.99
999.99
999.99
999.99
999.99
999.99
999.99
999.99
999.99
999.99
999.99
999.99
999.99
999.99
999.99
999.99
999.99
999.99
999.99
999.99
999.99
999.99
999.99
999.99
999.99
999.99
999.99
999.99
999.99
999.99
999.99
999.99
999.99
999.99
999.99
999.99
999.99
999.99
999.99
999.99
999.99
999.99
999.99
999.99
999.99
999.99
999.99
999.99
999.99
999.99
999.99
999.99
999.99
999.99
999.99
999.99
999.99
999.99
999.99
999.99
999.99
17.044923005014
17.1033379790941
17.2873412934477
17.6364494773519
17.7850760601683
17.7568466898955
17.8708515339509
17.6064499474977
17.6885816265828
17.816031358885
17.8381629132319
17.9092404181185
17.8309122121186
17.8016236933798
17.8835820515
17.8339616724739
17.5450667969746
17.6884743774964
17.817681184669
17.7604425087108
999.99
999.99
999.99
999.99
999.99
999.99
999.99
999.99
999.99
999.99
999.99
999.99
999.99
999.99
999.99
999.99
999.99
999.99
999.99
999.99
999.99
999.99
999.99
999.99
999.99
999.99
999.99
999.99
999.99
999.99
999.99
999.99
999.99
999.99
999.99
999.99
999.99
999.99
999.99
999.99
999.99
999.99
999.99
999.99
999.99
999.99
999.99
999.99
999.99
999.99
999.99
999.99
999.99
999.99
999.99
999.99
999.99
999.99
999.99
999.99
999.99
999.99
999.99
999.99
17.4974181184669
17.5861219512195
17.7372996515679
17.8177700348432
17.7770975609756
17.5535164442934
17.5284947735192
17.5881521203365
17.487
16.9768641114983
34.7448083623713
17.3802685476333
17.7821777003484
17.6352437324722
17.7115121951219
17.6515419393218
17.6615143197077
17.6391829268293
17.3725775473783
17.065231707317
999.99
999.99
999.99
999.99
999.99
999.99
999.99
999.99
999.99
999.99
999.99
999.99
999.99
999.99
999.99
999.99
999.99
999.99
999.99
999.99
999.99
999.99
999.99
999.99
999.99
999.99
999.99
999.99
999.99
999.99
999.99
999.99
999.99
999.99
999.99
999.99
999.99
999.99
999.99
999.99
999.99
999.99
999.99
999.99
999.99
999.99
999.99
999.99
999.99
999.99
999.99
999.99
999.99
999.99
999.99
999.99
999.99
999.99
999.99
999.99
999.99
999.99
999.99
17.543905923345
17.5691488059829
17.5590104529617
17.1363586300671
17.6020836236934
17.5708003739271
17.2720662020906
17.6064499474977
33.1183101045365
17.6064499474977
17.8587421602788
17.6433563355146
17.4534390243902
17.6616445993031
17.6424843205575
17.7914496473188
17.5778699753548
17.535149825784
17.5441980113878
17.0932804878048
999.99
999.99
999.99
999.99
999.99
999.99
999.99
999.99
999.99
999.99
999.99
999.99
999.99
999.99
999.99
999.99
999.99
999.99
999.99
999.99
999.99
999.99
999.99
999.99
999.99
999.99
999.99
999.99
999.99
999.99
999.99
999.99
999.99
999.99
999.99
999.99
999.99
999.99
999.99
999.99
999.99
999.99
999.99
999.99
999.99
999.99
999.99
999.99
999.99
999.99
999.99
999.99
999.99
999.99
999.99
999.99
999.99
999.99
999.99
999.99
999.99
999.99
17.8151069941361
17.7526445993031
17.521626497833
17.6064499474977
17.6064499474977
17.6064499474977
17.6064499474977
17.6064499474977
17.6064499474977
17.2784006968641
17.6064499474977
17.6064499474977
17.8790128324977
17.8870731707317
17.7557747089317
17.9664459930314
17.9155160193762
17.6333572703323
17.6737456445993
17.691812271607
999.99
999.99
999.99
999.99
999.99
999.99
999.99
999.99
999.99
999.99
999.99
999.99
999.99
999.99
999.99
999.99
999.99
999.99
999.99
999.99
999.99
999.99
999.99
999.99
999.99
999.99
999.99
999.99
999.99
999.99
999.99
999.99
999.99
999.99
999.99
999.99
999.99
999.99
999.99
999.99
999.99
999.99
999.99
999.99
999.99
999.99
999.99
999.99
999.99
999.99
999.99
999.99
999.99
999.99
999.99
999.99
999.99
999.99
999.99
999.99
999.99
999.99
17.9127804878049
17.9701814396193
18.0023170731708
17.8076061867936
17.6064499474977
17.6064499474977
17.6064499474977
17.6064499474977
17.6064499474977
27.7854473527641
17.6064499474977
17.6064499474977
38.3166585365868
31.2168893515949
17.5114146341463
17.8079042236764
17.8646341463415
17.7189024390244
17.6963997620464
17.5195365853659
999.99
999.99
999.99
999.99
999.99
999.99
999.99
999.99
999.99
999.99
999.99
999.99
999.99
999.99
999.99
999.99
999.99
999.99
999.99
999.99
999.99
999.99
999.99
999.99
999.99
999.99
999.99
999.99
999.99
999.99
999.99
999.99
999.99
999.99
999.99
999.99
999.99
999.99
999.99
999.99
999.99
999.99
999.99
999.99
999.99
999.99
999.99
999.99
999.99
999.99
999.99
999.99
999.99
999.99
999.99
999.99
999.99
999.99
999.99
999.99
999.99
999.99
999.99
17.6632813174049
17.8054388078848
17.9683503401361
17.8092036364814
17.3389543719927
17.6064499474977
17.6064499474977
18.5820205821872
17.6064499474977
17.6064499474977
17.6064499474977
17.6064499474977
18.2181251037
18.0096767776712
17.7442466401195
17.8090141396237
17.7644446656711
17.6323002282412
17.3570829397791
17.2592633980421
999.99
999.99
999.99
999.99
999.99
999.99
999.99
999.99
999.99
999.99
999.99
999.99
999.99
999.99
999.99
999.99
999.99
999.99
999.99
999.99
999.99
999.99
999.99
999.99
999.99
999.99
999.99
999.99
999.99
999.99
999.99
999.99
999.99
999.99
999.99
999.99
999.99
999.99
999.99
999.99
999.99
999.99
999.99
999.99
999.99
999.99
999.99
999.99
999.99
999.99
999.99
999.99
999.99
999.99
999.99
999.99
999.99
999.99
999.99
999.99
999.99
999.99
999.99
999.99
18.0995858757542
18.0969233449478
17.8820611030849
17.7446759581882
17.2916781677573
17.202024390244
17.4894459930314
17.6064499474977
17.6064499474977
17.6064499474977
17.5227007733491
17.6064499474977
18.8193090847261
17.4844808362369
17.4312031953769
17.6021045296167
17.6717484490524
17.4892422027704
16.9704233449478
18.2739270842162
999.99
999.99
999.99
999.99
999.99
999.99
999.99
999.99
999.99
999.99
999.99
999.99
999.99
999.99
999.99
999.99
999.99
999.99
999.99
999.99
999.99
999.99
999.99
999.99
999.99
999.99
999.99
999.99
999.99
999.99
999.99
999.99
999.99
999.99
999.99
999.99
999.99
999.99
999.99
999.99
999.99
999.99
999.99
999.99
999.99
999.99
999.99
999.99
999.99
999.99
999.99
999.99
999.99
999.99
999.99
999.99
999.99
999.99
18.0286964250305
17.9877349629917
17.8828754770201
17.9008639455782
17.8883261987722
18.0172908780407
17.8624357059896
17.8536214575063
17.3371088435374
17.1394642604217
17.4243212211714
17.5393608720109
17.6305040650406
23.4983335093662
17.6064499474977
17.6064499474977
17.5102142857143
17.6064499474977
17.8186178861787
17.9626174187699
999.99
999.99
999.99
999.99
999.99
999.99
999.99
999.99
999.99
999.99
999.99
999.99
999.99
999.99
999.99
999.99
999.99
999.99
999.99
999.99
999.99
999.99
999.99
999.99
999.99
999.99
999.99
999.99
999.99
999.99
999.99
999.99
999.99
999.99
999.99
999.99
999.99
999.99
999.99
999.99
999.99
999.99
999.99
999.99
999.99
999.99
999.99
999.99
999.99
999.99
999.99
999.99
999.99
999.99
999.99
999.99
999.99
999.99
999.99
999.99
17.7846289198606
17.9220018696354
18.0244547038328
17.8291543299057
17.7985718534886
17.8820940766551
17.8971992011557
17.7221219512195
17.8465370952664
17.8635783972125
17.9616286224186
18.0571672473868
17.9876349961757
17.9483554006969
18.0905722784057
18.3426968641115
18.2849647318773
18.1764425087108
18.0005505226481
18.1491114982578
999.99
999.99
999.99
999.99
999.99
999.99
999.99
999.99
999.99
999.99
999.99
999.99
999.99
999.99
999.99
999.99
999.99
999.99
999.99
999.99
999.99
999.99
999.99
999.99
999.99
999.99
999.99
999.99
999.99
999.99
999.99
999.99
999.99
999.99
999.99
999.99
999.99
999.99
999.99
999.99
999.99
999.99
999.99
999.99
999.99
999.99
999.99
999.99
999.99
999.99
999.99
999.99
999.99
999.99
999.99
999.99
999.99
999.99
999.99
17.6592706155633
17.5316007943927
17.5548407997345
17.6190221928153
17.7693330014933
17.7421904761905
17.822993695039
17.7271189828698
17.9198349540887
17.9886352248216
17.902883068873
17.4883292682927
17.6789722711214
17.7320267960843
17.8557572003221
18.0365819644931
18.0695929799641
17.9876676621868
17.77640695731
17.7532399203584
999.99
999.99
999.99
999.99
999.99
999.99
999.99
999.99
999.99
999.99
999.99
999.99
999.99
999.99
999.99
999.99
999.99
999.99
999.99
999.99
999.99
999.99
999.99
999.99
999.99
999.99
999.99
999.99
999.99
999.99
999.99
999.99
999.99
999.99
999.99
999.99
999.99
999.99
999.99
999.99
999.99
999.99
999.99
999.99
999.99
999.99
999.99
999.99
999.99
999.99
999.99
999.99
999.99
999.99
999.99
999.99
999.99
17.9074320557491
17.899068071726
17.774243902439
17.8911672473868
17.8375278745645
17.8191030848985
17.5922961672474
17.7258137163253
17.6900696864112
17.6453972125435
17.7830818815331
18.3113225121102
18.0462282229965
18.2821427721594
17.7701858587575
17.9617630662021
18.0688621568794
18.0293205574913
17.6009996600663
17.8800627177699
999.99
999.99
999.99
999.99
999.99
999.99
999.99
999.99
999.99
999.99
999.99
999.99
999.99
999.99
999.99
999.99
999.99
999.99
999.99
999.99
999.99
999.99
999.99
999.99
999.99
999.99
999.99
999.99
999.99
999.99
999.99
999.99
999.99
999.99
999.99
999.99
999.99
999.99
999.99
999.99
999.99
999.99
999.99
999.99
999.99
999.99
999.99
999.99
999.99
999.99
999.99
999.99
999.99
999.99
999.99
999.99
999.99
999.99
999.99
999.99
17.8354509220702
17.8446585365854
17.7726133254015
17.793256097561
17.7900505651398
17.7504268292683
17.8156585365854
17.6983536585366
17.6668381915526
17.7321829268293
18.0182694824509
17.9842926829268
18.1748001189768
18.4216341463415
18.2688887566924
18.085487804878
18.2570636525877
18.360992861392
18.4030731707317
18.2510844735276
18.2062195121951
18.0963509815586
18.4767560975609
18.4619440809042
999.99
999.99
999.99
999.99
999.99
999.99
999.99
999.99
999.99
999.99
999.99
999.99
999.99
999.99
999.99
999.99
999.99
999.99
999.99
999.99
999.99
999.99
999.99
999.99
999.99
999.99
999.99
999.99
999.99
999.99
999.99
999.99
999.99
999.99
999.99
999.99
999.99
999.99
999.99
999.99
999.99
999.99
999.99
999.99
999.99
999.99
999.99
999.99
999.99
999.99
999.99
17.5229163763066
17.5966562420328
17.5580383275262
17.5291162573298
17.5212698223846
17.6899947735192
17.6347049375372
17.7336254355401
17.7415255375202
17.7200766550523
17.7821102235064
17.7666010452962
17.9287094416589
17.8681132404181
17.7463414634146
17.7338344947735
17.8987579671964
18.0132700348432
18.0404016316818
17.9853815331011
18.0629903118891
17.9907317073171
17.9565990481856
18.0986811846689
18.7157291578142
18.0531121781252
17.8745783972125
17.9922682926829
18.2989825783973
18.3526176595564
999.99
999.99
999.99
999.99
999.99
999.99
999.99
999.99
999.99
999.99
999.99
999.99
999.99
999.99
999.99
999.99
999.99
999.99
999.99
999.99
999.99
999.99
999.99
999.99
999.99
999.99
999.99
999.99
999.99
999.99
999.99
999.99
999.99
999.99
999.99
999.99
999.99
999.99
999.99
999.99
999.99
999.99
999.99
999.99
999.99
999.99
17.5961946120506
17.7065540069687
999.99
17.861905923345
17.8351046146001
17.7941916376306
17.6423785161893
17.6249651567944
17.6359664315458
17.6211742160279
17.5999320982408
17.7861818645364
17.8764477351916
17.9402632786607
17.9417961672474
17.8496264978329
17.7822735191638
17.763487804878
17.8628519163763
17.8736027874564
17.8168170731707
17.7259337979094
17.7337822299651
17.6706933797909
17.6064499474977
37.2159653267529
17.6064499474977
31.0100335684665
18.9441916376307
18.584891051245
18.7172351916376
999.99
999.99
999.99
999.99
999.99
999.99
999.99
999.99
999.99
999.99
999.99
999.99
999.99
999.99
999.99
999.99
999.99
999.99
999.99
999.99
999.99
999.99
999.99
999.99
999.99
999.99
999.99
999.99
999.99
999.99
999.99
999.99
999.99
999.99
999.99
999.99
999.99
999.99
999.99
999.99
999.99
999.99
999.99
999.99
999.99
999.99
999.99
999.99
17.6523078018834
17.63600016592
17.6924531923418
17.6731277584204
17.7066394557823
17.4430723411316
17.2302583779496
17.3424378629501
17.6706753147422
17.7069097395056
17.643843537415
17.6394559482329
17.5601375031869
17.6946442674631
17.6098148008757
17.5758756732913
17.5615303633649
17.6097732075579
17.5844942757591
17.7326258503401
17.6870138543222
17.6341486198287
17.6064499474977
17.6064499474977
17.6064499474977
17.6064499474977
17.6064499474977
17.6064499474977
17.6064499474977
999.99
999.99
999.99
999.99
999.99
999.99
999.99
999.99
999.99
999.99
999.99
999.99
999.99
999.99
999.99
999.99
999.99
999.99
999.99
999.99
999.99
999.99
999.99
999.99
999.99
999.99
999.99
999.99
999.99
999.99
999.99
999.99
999.99
999.99
999.99
999.99
999.99
999.99
999.99
999.99
999.99
999.99
999.99
999.99
999.99
999.99
999.99
999.99
999.99
999.99
999.99
17.8747944250871
17.8342117787031
17.8169128919861
17.6406172346393
17.5890975609756
17.4607282229965
17.4302195121951
17.31692835897
17.3005226480836
17.1713370442764
16.9935923344948
16.8617688450752
17.2381393728224
17.5050366278576
17.1484355400697
16.801789241098
16.6047177700348
16.4519833432481
16.5775502676978
17.2296271777004
20.2691764255923
17.559787456446
17.9687947650208
17.8196324041812
20.6704602702426
17.6064499474977
17.6064499474977
17.6064499474977
17.6064499474977
999.99
999.99
999.99
999.99
999.99
999.99
999.99
999.99
999.99
999.99
999.99
999.99
999.99
999.99
999.99
999.99
999.99
999.99
999.99
999.99
999.99
999.99
999.99
999.99
999.99
999.99
999.99
999.99
999.99
999.99
999.99
999.99
999.99
999.99
999.99
999.99
999.99
999.99
999.99
999.99
999.99
999.99
20.6689531368992
999.99
999.99
20.7407987987388
19.7920188524006
16.6505503567281
20.5284435789357
24.65246
20.529449685602
24.65246
20.2530134494776
16.8729716762375
17.6405322714452
17.6613606372948
17.8980296996848
17.8719267321444
17.7929157126266
17.710406410988
17.6391662518666
17.581485093502
17.512612410818
17.208324110608
17.0319211879874
17.2783476024556
16.9599455782313
16.9429371041694
17.1357662186825
17.1509359791507
17.2188767214203
17.2769691833902
17.0463415929132
16.6886317405011
33.3508663008309
17.6064499474977
999.99
999.99
999.99
999.99
999.99
999.99
999.99
999.99
999.99
999.99
999.99
999.99
999.99
999.99
999.99
999.99
999.99
999.99
999.99
999.99
999.99
999.99
999.99
999.99
999.99
999.99
999.99
999.99
999.99
999.99
999.99
999.99
999.99
999.99
999.99
999.99
999.99
999.99
999.99
999.99
999.99
999.99
999.99
999.99
999.99
999.99
999.99
999.99
999.99
17.1478376136651
16.8715383275261
16.8221941871335
16.6955383275261
16.6753450327186
16.6881445993031
16.7748299481601
17.3270163763064
17.3623997790429
24.1226718466901
24.65246
17.2631529701708
17.2724634146342
17.3340830288094
17.4308536585366
17.5311887481941
17.6144878048781
17.7287804878049
17.6089477351916
17.4629829183309
17.5078745644599
17.5267071471063
17.4691289198606
17.5261250956064
17.3224599303136
17.3224208379366
999.99
999.99
999.99
999.99
999.99
999.99
999.99
999.99
999.99
999.99
999.99
999.99
999.99
999.99
999.99
999.99
999.99
999.99
999.99
999.99
999.99
999.99
999.99
999.99
999.99
999.99
999.99
999.99
999.99
999.99
999.99
999.99
999.99
999.99
999.99
999.99
999.99
999.99
999.99
999.99
999.99
999.99
999.99
999.99
999.99
999.99
999.99
999.99
999.99
999.99
999.99
999.99
999.99
999.99
999.99
999.99
999.99
16.6144306393587
16.5899256678281
16.6861094019999
16.7601794425087
16.6535017138325
16.6237421602787
16.5934388827512
16.6859181184669
16.7896562703606
16.8839818985298
17.0269128919861
17.1565703804425
17.2271881533101
17.2922430809325
17.5071579558653
17.4683967026429
17.7576515679442
17.6689092376986
17.7899825783972
999.99
999.99
17.542800685533
999.99
999.99
999.99
999.99
999.99
999.99
999.99
999.99
999.99
999.99
999.99
999.99
999.99
999.99
999.99
999.99
999.99
999.99
999.99
999.99
999.99
999.99
999.99
999.99
999.99
999.99
999.99
999.99
999.99
999.99
999.99
999.99
999.99
999.99
999.99
999.99
999.99
999.99
999.99
999.99
999.99
999.99
999.99
999.99
999.99
999.99
999.99
999.99
999.99
999.99
999.99
999.99
999.99
999.99
999.99
999.99
999.99
999.99
999.99
999.99
999.99
16.6800288943656
16.7081637630662
16.7298838276536
16.7134599303136
16.7279902269058
16.6710296167247
16.8636682246962
16.9226550522648
16.945042661681
16.9860149570834
17.0521533101045
17.1007968046231
17.1741045296167
17.2192053199626
17.342818815331
999.99
999.99
999.99
999.99
999.99
999.99
999.99
999.99
999.99
999.99
999.99
999.99
999.99
999.99
999.99
999.99
999.99
999.99
999.99
999.99
999.99
999.99
999.99
999.99
999.99
999.99
999.99
999.99
999.99
999.99
999.99
999.99
999.99
999.99
999.99
999.99
999.99
999.99
999.99
999.99
999.99
999.99
999.99
999.99
999.99
999.99
999.99
999.99
999.99
999.99
999.99
999.99
999.99
999.99
999.99
999.99
999.99
999.99
999.99
999.99
999.99
999.99
999.99
999.99
999.99
999.99
999.99
999.99
16.6114148890966
16.6057804878049
16.6828659811337
16.7379320557491
16.7525501827144
16.8580121951219
16.8867401206765
16.7903606271777
16.84315220532
16.9387333220022
17.0446515679442
17.0172224866151
999.99
999.99
999.99
999.99
999.99
999.99
999.99
999.99
999.99
999.99
999.99
999.99
999.99
999.99
999.99
999.99
999.99
999.99
999.99
999.99
999.99
999.99
999.99
999.99
999.99
999.99
999.99
999.99
999.99
999.99
999.99
999.99
999.99
999.99
999.99
999.99
999.99
999.99
999.99
999.99
999.99
999.99
999.99
999.99
999.99
999.99
999.99
999.99
999.99
999.99
999.99
999.99
999.99
999.99
999.99
999.99
999.99
999.99
999.99
999.99
999.99
999.99
999.99
999.99
999.99
999.99
999.99
999.99
999.99
999.99
999.99
999.99
16.6766271777003
16.719031358885
999.99
999.99
999.99
999.99
999.99
999.99
999.99
999.99
999.99
999.99
999.99
999.99
999.99
999.99
999.99
999.99
999.99
999.99
999.99
999.99
999.99
999.99
999.99
999.99
999.99
999.99
999.99
999.99
999.99
999.99
999.99
999.99
999.99
999.99
999.99
999.99
999.99
999.99
999.99
999.99
999.99
999.99
999.99
999.99
999.99
999.99
999.99
999.99
999.99
999.99
999.99
999.99
999.99
999.99
999.99
999.99
999.99
999.99
999.99
999.99
999.99
999.99
999.99
999.99
999.99
999.99
999.99
999.99
999.99
999.99
999.99
999.99
999.99
999.99
999.99
999.99
999.99
999.99
999.99
999.99
999.99
999.99
999.99
999.99
999.99
999.99
999.99
999.99
999.99
999.99
999.99
999.99
999.99
999.99
999.99
999.99
999.99
999.99
999.99
999.99
999.99
999.99
999.99
999.99
999.99
999.99
999.99
999.99
999.99
999.99
999.99
999.99
999.99
999.99
999.99
999.99
999.99
999.99
999.99
999.99
999.99
999.99
999.99
999.99
999.99
999.99
999.99
999.99
999.99
999.99
999.99
999.99
999.99
999.99
999.99
999.99
999.99
999.99
999.99
999.99
999.99
999.99
999.99
999.99
999.99
999.99
999.99
999.99
999.99
999.99
999.99
999.99
999.99
999.99
999.99
999.99
999.99
999.99
999.99
999.99
999.99
999.99
999.99
999.99
999.99
999.99
999.99
999.99
999.99
999.99
999.99
999.99
999.99
999.99
999.99
999.99
999.99
999.99
999.99
999.99
999.99
999.99
999.99
999.99
999.99
999.99
999.99
999.99
999.99
999.99
999.99
999.99
999.99
999.99
999.99
999.99
999.99
999.99
999.99
999.99
999.99
999.99
999.99
999.99
999.99
999.99
999.99
999.99
999.99
999.99
999.99
999.99
999.99
999.99
999.99
999.99
999.99
999.99
999.99
999.99
999.99
999.99
999.99
999.99
999.99
999.99
999.99
999.99
999.99
999.99
999.99
999.99
999.99
999.99
999.99
999.99
999.99
999.99
999.99
999.99
999.99
999.99
999.99
999.99
999.99
999.99
999.99
999.99
999.99
999.99
999.99
999.99
999.99
999.99
999.99
999.99
999.99
999.99
999.99
999.99
999.99
999.99
999.99
999.99
999.99
999.99
999.99
999.99
999.99
999.99
999.99
999.99
999.99
999.99
999.99
999.99
999.99
999.99
999.99
999.99
999.99
999.99
999.99
999.99
999.99
999.99
999.99
999.99
999.99
999.99
999.99
999.99
999.99
999.99
999.99
999.99
999.99
999.99
999.99
999.99
999.99
999.99
999.99
999.99
999.99
999.99
999.99
999.99
999.99
999.99
999.99
999.99
999.99
999.99
999.99
999.99
999.99
999.99
999.99
999.99
999.99
999.99
999.99
999.99
999.99
999.99
999.99
999.99
999.99
999.99
999.99
999.99
999.99
999.99
999.99
999.99
999.99
999.99
999.99
999.99
999.99
999.99
999.99
999.99
999.99
999.99
999.99
999.99
999.99
999.99
999.99
999.99
999.99
999.99
999.99
999.99
999.99
999.99
999.99
999.99
999.99
999.99
999.99
999.99
999.99
999.99
999.99
999.99
999.99
999.99
999.99
999.99
999.99
999.99
999.99
999.99
999.99
999.99
999.99
999.99
999.99
999.99
999.99
999.99
999.99
999.99
999.99
999.99
999.99
999.99
999.99
999.99
999.99
999.99
999.99
999.99
999.99
999.99
999.99
999.99
999.99
999.99
999.99
999.99
999.99
999.99
999.99
999.99
999.99
999.99
999.99
