999.99
999.99
999.99
999.99
999.99
999.99
999.99
999.99
999.99
999.99
999.99
999.99
999.99
999.99
999.99
999.99
999.99
999.99
999.99
999.99
999.99
999.99
999.99
999.99
999.99
999.99
999.99
999.99
999.99
999.99
999.99
999.99
999.99
999.99
999.99
999.99
999.99
999.99
999.99
999.99
999.99
999.99
999.99
999.99
999.99
999.99
999.99
999.99
999.99
999.99
999.99
999.99
999.99
999.99
999.99
999.99
999.99
999.99
999.99
999.99
999.99
999.99
999.99
999.99
999.99
999.99
999.99
999.99
999.99
999.99
999.99
999.99
999.99
999.99
999.99
999.99
999.99
999.99
999.99
999.99
999.99
999.99
999.99
999.99
999.99
999.99
999.99
999.99
999.99
999.99
999.99
999.99
999.99
999.99
999.99
999.99
999.99
999.99
999.99
999.99
999.99
999.99
999.99
999.99
999.99
999.99
999.99
999.99
999.99
999.99
999.99
999.99
999.99
999.99
999.99
999.99
999.99
999.99
999.99
999.99
999.99
999.99
999.99
999.99
999.99
999.99
999.99
999.99
999.99
999.99
999.99
999.99
999.99
999.99
18.7677699498598
18.4667405455936
18.5183205574913
18.5664036712841
18.5926829268293
18.5946355910597
18.3624459930314
18.3062264808362
18.5017491289199
18.3735642899635
18.3413275261324
18.3627458145661
18.4952682926829
18.7954624798164
18.570543554007
18.5312837596669
18.2419651567944
17.949849579332
18.026606271777
17.9904529616725
17.5892717770035
999.99
999.99
999.99
999.99
999.99
999.99
999.99
999.99
999.99
999.99
999.99
999.99
999.99
999.99
999.99
999.99
999.99
999.99
999.99
999.99
999.99
999.99
999.99
999.99
999.99
999.99
999.99
999.99
999.99
999.99
999.99
999.99
999.99
999.99
999.99
999.99
999.99
999.99
999.99
999.99
999.99
999.99
999.99
999.99
999.99
999.99
999.99
999.99
999.99
999.99
999.99
999.99
999.99
999.99
999.99
999.99
999.99
999.99
999.99
999.99
999.99
999.99
18.8517666537168
18.6769458473455
18.6765129417621
18.5266565516152
18.5349031856645
18.4471740885527
18.2347269785963
18.2993004164188
18.3845756595321
18.4708027413226
18.5804054255849
18.6962118394056
18.9005331010453
19.0881009542425
18.9632583374813
18.8210204081633
18.417581383773
18.2915852201678
18.1912817322051
17.8994692724205
17.3478011448482
999.99
999.99
999.99
999.99
999.99
999.99
999.99
999.99
999.99
999.99
999.99
999.99
999.99
999.99
999.99
999.99
999.99
999.99
999.99
999.99
999.99
999.99
999.99
999.99
999.99
999.99
999.99
999.99
999.99
999.99
999.99
999.99
999.99
999.99
999.99
999.99
999.99
999.99
999.99
999.99
999.99
999.99
999.99
999.99
999.99
999.99
999.99
999.99
999.99
999.99
999.99
999.99
999.99
999.99
999.99
999.99
999.99
999.99
999.99
999.99
999.99
999.99
19.1028842525707
18.7897984193082
18.6723275261324
18.4243178380216
18.4053170731707
18.3763290558341
18.3622961672474
18.4052824849154
18.4501393728223
18.6728515339509
18.4233902439024
18.7861533101045
18.9232160278746
18.8216468938557
18.6761672473868
18.6879877623863
18.321031358885
18.0340401971616
17.6059651567945
17.4346653352596
17.0054703832753
999.99
999.99
999.99
999.99
999.99
999.99
999.99
999.99
999.99
999.99
999.99
999.99
999.99
999.99
999.99
999.99
999.99
999.99
999.99
999.99
999.99
999.99
999.99
999.99
999.99
999.99
999.99
999.99
999.99
999.99
999.99
999.99
999.99
999.99
999.99
999.99
999.99
999.99
999.99
999.99
999.99
999.99
999.99
999.99
999.99
999.99
999.99
999.99
999.99
999.99
999.99
999.99
999.99
999.99
999.99
999.99
999.99
999.99
999.99
999.99
999.99
999.99
18.7149850429166
18.7411064842356
18.4762891986063
18.4274487974845
18.320149825784
18.3709996600663
18.5840522648083
18.5219108523838
18.5027909407665
18.5788550182714
18.4707770034843
18.4964912891986
18.4474111498258
18.5171713265913
18.2669477351916
18.0515738930908
17.866031358885
17.6169464604403
16.9255156794425
16.7894738675958
38.8629895470397
999.99
999.99
999.99
999.99
999.99
999.99
999.99
999.99
999.99
999.99
999.99
999.99
999.99
999.99
999.99
999.99
999.99
999.99
999.99
999.99
999.99
999.99
999.99
999.99
999.99
999.99
999.99
999.99
999.99
999.99
999.99
999.99
999.99
999.99
999.99
999.99
999.99
999.99
999.99
999.99
999.99
999.99
999.99
999.99
999.99
999.99
999.99
999.99
999.99
999.99
999.99
999.99
999.99
999.99
999.99
999.99
999.99
999.99
999.99
999.99
999.99
999.99
999.99
18.825470128325
18.8810557491289
18.8810399422113
19.1005296167248
19.1344686836067
19.1649756097561
19.0374928189003
18.9851114982578
18.8969467153905
18.9827351916376
18.9657100365429
18.5661602787457
18.3434751423472
18.1195574912892
17.733031358885
17.474031358885
17.3115121951219
17.1148606271777
16.8413103594799
16.4540592334495
20.3929969537237
999.99
999.99
999.99
999.99
999.99
999.99
999.99
999.99
999.99
999.99
999.99
999.99
999.99
999.99
999.99
999.99
999.99
999.99
999.99
999.99
999.99
999.99
999.99
999.99
999.99
999.99
999.99
999.99
999.99
999.99
999.99
999.99
999.99
999.99
999.99
999.99
999.99
999.99
999.99
999.99
999.99
999.99
999.99
999.99
999.99
999.99
999.99
999.99
999.99
999.99
999.99
999.99
999.99
999.99
999.99
999.99
999.99
999.99
999.99
999.99
999.99
18.5662828248491
18.8007099515594
18.6029163763066
18.8858429506247
19.2998919860628
19.2758337724144
19.160606271777
19.1493903288859
19.0290662020906
18.9857381660576
18.887850174216
18.8928497492989
18.5387108013937
18.6207573723124
18.2511777003484
17.9480997705447
17.7866097560976
17.4755500127475
17.1735365853659
16.97528061528
16.5761114982578
999.99
999.99
999.99
999.99
999.99
999.99
999.99
999.99
999.99
999.99
999.99
999.99
999.99
999.99
999.99
999.99
999.99
999.99
999.99
999.99
999.99
999.99
999.99
999.99
999.99
999.99
999.99
999.99
999.99
999.99
999.99
999.99
999.99
999.99
999.99
999.99
999.99
999.99
999.99
999.99
999.99
999.99
999.99
999.99
999.99
999.99
999.99
999.99
999.99
999.99
999.99
999.99
999.99
999.99
999.99
999.99
999.99
999.99
999.99
999.99
999.99
999.99
999.99
999.99
19.5983821138211
19.6127044842922
19.1604552845527
19.0008532619473
18.9188339140535
18.8201428571429
18.7577119628339
19.1284955950256
19.0511637630662
19.0316450525481
18.9783797909408
18.6608305147163
18.4735133565621
17.78973244384
17.554
17.4745126766948
17.3994378629501
17.1730482422595
16.8191986062718
16.6151595422226
20.3929969537237
999.99
999.99
999.99
999.99
999.99
999.99
999.99
999.99
999.99
999.99
999.99
999.99
999.99
999.99
999.99
999.99
999.99
999.99
999.99
999.99
999.99
999.99
999.99
999.99
999.99
999.99
999.99
999.99
999.99
999.99
999.99
999.99
999.99
999.99
999.99
999.99
999.99
999.99
999.99
999.99
999.99
999.99
999.99
999.99
999.99
999.99
999.99
999.99
999.99
999.99
999.99
999.99
999.99
999.99
999.99
999.99
999.99
999.99
999.99
999.99
999.99
999.99
999.99
19.794031358885
19.5790627177699
19.105309594629
18.8537909407666
19.0378698053879
19.1098257839721
19.0470344182884
18.9582891986063
19.1302939576782
19.2589930313589
19.1142529956658
18.5305087108013
17.9079061782951
17.7412578397212
17.6320267697799
17.7448362369338
17.808857312824
17.7740418118467
17.7052264808362
17.4152701623183
17.0323745644599
999.99
999.99
999.99
999.99
999.99
999.99
999.99
999.99
999.99
999.99
999.99
999.99
999.99
999.99
999.99
999.99
999.99
999.99
999.99
999.99
999.99
999.99
999.99
999.99
999.99
999.99
999.99
999.99
999.99
999.99
999.99
999.99
999.99
999.99
999.99
999.99
999.99
999.99
999.99
999.99
999.99
999.99
999.99
999.99
999.99
999.99
999.99
999.99
999.99
999.99
999.99
999.99
999.99
999.99
999.99
999.99
999.99
999.99
19.2165489464078
19.4811000983379
19.8036994864573
19.9308694209391
19.7211856078541
19.6933718267795
19.7749999878595
19.188212875394
19.3954354874609
19.3897074829932
19.412326036899
18.9882706155633
18.5391795376092
18.6132271445163
18.6309487630864
18.1738347436535
18.0897139093591
17.9240416459267
17.9255714285714
17.8739465737515
17.723082753625
999.99
999.99
999.99
999.99
999.99
999.99
999.99
999.99
999.99
999.99
999.99
999.99
999.99
999.99
999.99
999.99
999.99
999.99
999.99
999.99
999.99
999.99
999.99
999.99
999.99
999.99
999.99
999.99
999.99
999.99
999.99
999.99
999.99
999.99
999.99
999.99
999.99
999.99
999.99
999.99
999.99
999.99
999.99
999.99
999.99
999.99
999.99
999.99
999.99
999.99
999.99
999.99
999.99
999.99
999.99
999.99
999.99
999.99
999.99
999.99
999.99
999.99
999.99
19.6607142857143
19.8946679697459
19.6415679442509
19.8521703917737
20.0382299651568
19.4495473782612
19.4263205574913
19.0620552392284
18.9419651567944
18.9648538285034
18.592818815331
18.4083061103085
18.4672996515679
18.681471318093
18.6301045296167
18.5766016826719
18.2568118466899
18.315234384295
18.2935923344948
18.2275015721934
18.1255331010453
999.99
999.99
999.99
999.99
999.99
999.99
999.99
999.99
999.99
999.99
999.99
999.99
999.99
999.99
999.99
999.99
999.99
999.99
999.99
999.99
999.99
999.99
999.99
999.99
999.99
999.99
999.99
999.99
999.99
999.99
999.99
999.99
999.99
999.99
999.99
999.99
999.99
999.99
999.99
999.99
999.99
999.99
999.99
999.99
999.99
999.99
999.99
999.99
999.99
999.99
999.99
999.99
999.99
999.99
999.99
999.99
999.99
999.99
999.99
999.99
999.99
999.99
19.598504008385
19.590825002934
19.6645677783309
19.6429020586224
19.5972848846856
19.5243518435334
19.3260846192136
19.2369981344114
18.9778885017422
19.0087414965986
18.9673585531774
19.0635417086525
19.1015674464908
18.6982668034495
18.5207192633151
18.4737298012602
18.4476487473038
18.4797075517893
18.4629226812676
18.4410986010109
18.2707740169238
999.99
999.99
999.99
999.99
999.99
999.99
999.99
999.99
999.99
999.99
999.99
999.99
999.99
999.99
999.99
999.99
999.99
999.99
999.99
999.99
999.99
999.99
999.99
999.99
999.99
999.99
999.99
999.99
999.99
999.99
999.99
999.99
999.99
999.99
999.99
999.99
999.99
999.99
999.99
999.99
999.99
999.99
999.99
999.99
999.99
999.99
999.99
999.99
999.99
999.99
999.99
999.99
999.99
999.99
999.99
999.99
999.99
999.99
999.99
999.99
999.99
999.99
999.99
999.99
999.99
999.99
19.9520522648085
19.4732418628367
19.2833344947735
19.2808824679188
19.3355400696864
19.2400835387099
19.1561324041812
19.1625823914337
19.042487804878
18.6436121356335
18.4793414634146
18.5276225885952
18.3724878048781
18.3417708846775
18.4274076655052
18.4162235064163
18.2775191637631
18.3832410979859
18.4511595988782
18.5415801393728
18.575989886972
999.99
999.99
999.99
999.99
999.99
999.99
999.99
999.99
999.99
999.99
999.99
999.99
999.99
999.99
999.99
999.99
999.99
999.99
999.99
999.99
999.99
999.99
999.99
999.99
999.99
999.99
999.99
999.99
999.99
999.99
999.99
999.99
999.99
999.99
999.99
999.99
999.99
999.99
999.99
999.99
999.99
999.99
999.99
999.99
999.99
999.99
999.99
999.99
999.99
999.99
999.99
999.99
999.99
999.99
999.99
999.99
999.99
999.99
999.99
999.99
999.99
999.99
19.5609790940767
19.4964923939832
19.4605261324042
19.4437103764766
19.4995017421603
19.5994439534291
19.4278257839721
19.1594442933628
19.0604738675958
18.8706541174471
18.6862787456446
18.5467624713181
18.5584390243903
18.6348109118721
18.8190905923345
18.7935775473783
18.6353240418118
18.5754574657942
18.6698403161384
18.6860174216028
18.6063693379791
999.99
999.99
999.99
999.99
999.99
999.99
999.99
999.99
999.99
999.99
999.99
999.99
999.99
999.99
999.99
999.99
999.99
999.99
999.99
999.99
999.99
999.99
999.99
999.99
999.99
999.99
999.99
999.99
999.99
999.99
999.99
999.99
999.99
999.99
999.99
999.99
999.99
999.99
999.99
999.99
999.99
999.99
999.99
999.99
999.99
999.99
999.99
999.99
999.99
999.99
999.99
999.99
999.99
999.99
999.99
999.99
999.99
999.99
999.99
999.99
999.99
999.99
19.887243902439
19.8386888756692
19.8384390243902
19.5814663890541
19.5930487804878
19.5328149910767
19.4226341463414
18.9750327186199
18.8192926829268
18.7318364069007
18.7873414634146
18.8380333135039
18.8570243902439
18.942243902439
19.0060487804878
18.95349553837
18.9972926829268
18.925246281975
18.8677001784652
18.8418414634146
18.6714295062463
999.99
999.99
999.99
999.99
999.99
999.99
999.99
999.99
999.99
999.99
999.99
999.99
999.99
999.99
999.99
999.99
999.99
999.99
999.99
999.99
999.99
999.99
999.99
999.99
999.99
999.99
999.99
999.99
999.99
999.99
999.99
999.99
999.99
999.99
999.99
999.99
999.99
999.99
999.99
999.99
999.99
999.99
999.99
999.99
999.99
999.99
999.99
999.99
999.99
999.99
999.99
999.99
999.99
999.99
999.99
999.99
999.99
999.99
999.99
999.99
999.99
999.99
999.99
20.2651673323702
20.310243902439
20.1494106399252
19.8510940766551
19.6182976969491
19.5872264808362
19.4456045721084
19.4023344947735
19.4230126625308
19.3627560975609
19.2181454916291
19.4558118466899
19.4967166652503
19.5370801393728
19.4803004164188
19.4780348432056
19.3832154329905
19.0023402736466
18.6328972125436
18.6071512705023
18.3152404181184
999.99
999.99
999.99
999.99
999.99
999.99
999.99
999.99
999.99
999.99
999.99
999.99
999.99
999.99
999.99
999.99
999.99
999.99
999.99
999.99
999.99
999.99
999.99
999.99
999.99
999.99
999.99
999.99
999.99
999.99
999.99
999.99
999.99
999.99
999.99
999.99
999.99
999.99
999.99
999.99
999.99
999.99
999.99
999.99
999.99
999.99
999.99
999.99
999.99
999.99
999.99
999.99
999.99
999.99
999.99
999.99
999.99
999.99
999.99
999.99
999.99
999.99
20.1997775639703
20.1865282064045
19.8519518265367
19.7815412311266
19.9166342009737
19.7441360544218
19.8031977038287
19.6029985896798
19.7407638573573
19.6581913887506
19.530656462585
19.4337721088435
19.3710356687589
19.4021536419446
19.5734486679859
19.6152736850838
19.5191528507893
19.2516721116763
18.9864800895968
18.9722206230499
18.7568240418118
999.99
999.99
999.99
999.99
999.99
999.99
999.99
999.99
999.99
999.99
999.99
999.99
999.99
999.99
999.99
999.99
999.99
999.99
999.99
999.99
999.99
999.99
999.99
999.99
999.99
999.99
999.99
999.99
999.99
999.99
999.99
999.99
999.99
999.99
999.99
999.99
999.99
999.99
999.99
999.99
999.99
999.99
999.99
999.99
999.99
999.99
999.99
999.99
999.99
999.99
999.99
999.99
999.99
999.99
999.99
999.99
999.99
999.99
999.99
999.99
999.99
999.99
999.99
999.99
20.0884716580267
20.0525714285714
20.0368239143367
20.046787456446
20.1182266508031
20.0469547038327
19.8044585705787
19.6979407665505
19.4078759241947
19.1071428571429
19.2279778193252
19.3762473867596
19.4336792725419
19.435881533101
19.2739732302201
19.1262195121951
19.169181184669
19.3325777173451
18.8581167247386
18.5050611880684
17.57256271777
999.99
999.99
999.99
999.99
999.99
999.99
999.99
999.99
999.99
999.99
999.99
999.99
999.99
999.99
999.99
999.99
999.99
999.99
999.99
999.99
999.99
999.99
999.99
999.99
999.99
999.99
999.99
999.99
999.99
999.99
999.99
999.99
999.99
999.99
999.99
999.99
999.99
999.99
999.99
999.99
999.99
999.99
999.99
999.99
999.99
999.99
999.99
999.99
999.99
999.99
999.99
999.99
999.99
999.99
999.99
999.99
999.99
999.99
999.99
999.99
999.99
999.99
20.1637304022144
20.0403568110171
20.0678351382195
19.9900446324871
20.1154690255638
19.8238172390908
19.9081972789116
19.6194141363863
19.5721141833295
19.2659503899121
19.193292166956
19.1424523809524
19.2224543679459
19.3377224987556
19.2534535808374
19.2873837993258
19.2273683424589
19.213776285172
19.3208051269288
18.9454877057308
18.3086675792268
999.99
999.99
999.99
999.99
999.99
999.99
999.99
999.99
999.99
999.99
999.99
999.99
999.99
999.99
999.99
999.99
999.99
999.99
999.99
999.99
999.99
999.99
999.99
999.99
999.99
999.99
999.99
999.99
999.99
999.99
999.99
999.99
999.99
999.99
999.99
999.99
999.99
999.99
999.99
999.99
999.99
999.99
999.99
999.99
999.99
999.99
999.99
999.99
999.99
999.99
999.99
999.99
999.99
999.99
999.99
999.99
999.99
999.99
999.99
999.99
999.99
20.0636585365854
20.1829081329141
20.1325121951219
20.2741539049885
20.2724808362369
20.0308198351322
19.8510383275261
19.6175715985383
19.5001393728223
19.3207920455511
19.2329616724739
19.2870344182884
19.2667665505226
19.3463597348517
19.287574912892
19.1554010367978
19.2725072660831
19.3383954703833
19.3635574912892
19.3657491289199
19.0767020481007
999.99
999.99
999.99
999.99
999.99
999.99
999.99
999.99
999.99
999.99
999.99
999.99
999.99
999.99
999.99
999.99
999.99
999.99
999.99
999.99
999.99
999.99
999.99
999.99
999.99
999.99
999.99
999.99
999.99
999.99
999.99
999.99
999.99
999.99
999.99
999.99
999.99
999.99
999.99
999.99
999.99
999.99
999.99
999.99
999.99
999.99
999.99
999.99
999.99
999.99
999.99
999.99
999.99
999.99
999.99
999.99
999.99
999.99
999.99
999.99
999.99
999.99
999.99
999.99
999.99
20.3668287422048
20.0007732702837
20.046612244898
20.1172692052431
20.1898044571785
19.9314661523146
19.7007327412821
19.4194583540733
19.3327402623155
19.410756014601
19.3651040622079
19.3757517836403
19.9619863945578
19.6686225784782
19.4722177700348
19.3925062422351
19.2555740832918
18.8352380952381
18.4391146507384
23.8967094214289
20.3929969537237
999.99
999.99
999.99
999.99
999.99
999.99
999.99
999.99
999.99
999.99
999.99
999.99
999.99
999.99
999.99
999.99
999.99
999.99
999.99
999.99
999.99
999.99
999.99
999.99
999.99
999.99
999.99
999.99
999.99
999.99
999.99
999.99
999.99
999.99
999.99
999.99
999.99
999.99
999.99
999.99
999.99
999.99
999.99
999.99
999.99
999.99
999.99
999.99
999.99
999.99
999.99
999.99
999.99
999.99
999.99
999.99
999.99
999.99
999.99
999.99
999.99
20.3729512195122
20.1849607376562
20.266512195122
20.2884711481261
20.4201463414634
20.4883146936347
20.3639512195121
20.2165901249256
19.7862926829268
19.8204878048781
19.6918292682926
19.9328786436645
20.2030243902439
20.2174889946461
19.5021160023796
19.7596951219512
19.5005193337299
18.6179146341463
18.1209994051161
20.3929969537237
999.99
999.99
999.99
999.99
999.99
999.99
999.99
999.99
999.99
999.99
999.99
999.99
999.99
999.99
999.99
999.99
999.99
999.99
999.99
999.99
999.99
999.99
999.99
999.99
999.99
999.99
999.99
999.99
999.99
999.99
999.99
999.99
999.99
999.99
999.99
999.99
999.99
999.99
999.99
999.99
999.99
999.99
999.99
999.99
999.99
999.99
999.99
999.99
999.99
999.99
999.99
999.99
999.99
999.99
999.99
999.99
999.99
999.99
999.99
999.99
999.99
999.99
20.4306833517464
20.4767282229965
20.761644174386
20.5893554006968
20.2566503781763
20.223668989547
20.1046920200561
20.3664041811847
20.2478735446587
19.9393449477352
19.9452235913997
20.0306062717771
19.8928279085578
19.9409512195122
19.5687907707997
19.2706274326506
19.0420278745645
18.8934779468003
18.3538118466899
17.987255800119
999.99
999.99
999.99
999.99
999.99
999.99
999.99
999.99
999.99
999.99
999.99
999.99
999.99
999.99
999.99
999.99
999.99
999.99
999.99
999.99
999.99
999.99
999.99
999.99
999.99
999.99
999.99
999.99
999.99
999.99
999.99
999.99
999.99
999.99
999.99
999.99
999.99
999.99
999.99
999.99
999.99
999.99
999.99
999.99
999.99
999.99
999.99
999.99
999.99
999.99
999.99
999.99
999.99
999.99
999.99
999.99
999.99
999.99
999.99
999.99
999.99
999.99
999.99
999.99
21.4803763066202
21.4476545423642
21.2973379790942
20.596924364749
20.3570731707317
20.8725144896744
20.9406620209059
20.5652864791365
20.3599860627178
20.3050383275261
19.8803240418119
19.9265141497408
19.6274216027875
19.2492780657771
19.0624043511515
19.0158257839721
18.8451492309
18.4853763066201
17.8523980623778
20.3929969537237
999.99
999.99
999.99
999.99
999.99
999.99
999.99
999.99
999.99
999.99
999.99
999.99
999.99
999.99
999.99
999.99
999.99
999.99
999.99
999.99
999.99
999.99
999.99
999.99
999.99
999.99
999.99
999.99
999.99
999.99
999.99
999.99
999.99
999.99
999.99
999.99
999.99
999.99
999.99
999.99
999.99
999.99
999.99
999.99
999.99
999.99
999.99
999.99
999.99
999.99
999.99
999.99
999.99
999.99
999.99
999.99
999.99
999.99
999.99
999.99
999.99
20.8582648083625
21.4144696184245
20.8842195121951
20.7726759581881
21.1198397212544
21.1252463669585
21.073662020906
20.8772289453557
20.6769059233449
20.4011013852298
20.2547142857143
20.0824430186114
19.8829337979094
19.4741682671879
19.4655714285714
19.4131392028554
19.2186150250701
19.1266759581881
18.9347553327101
18.453263066202
999.99
999.99
999.99
999.99
999.99
999.99
999.99
999.99
999.99
999.99
999.99
999.99
999.99
999.99
999.99
999.99
999.99
999.99
999.99
999.99
999.99
999.99
999.99
999.99
999.99
999.99
999.99
999.99
999.99
999.99
999.99
999.99
999.99
999.99
999.99
999.99
999.99
999.99
999.99
999.99
999.99
999.99
999.99
999.99
999.99
999.99
999.99
999.99
999.99
999.99
999.99
999.99
999.99
999.99
999.99
999.99
999.99
999.99
999.99
999.99
999.99
999.99
999.99
999.99
20.9593640690065
21.0076550522648
21.0610253250616
20.8700592334495
20.9214780317838
20.9464599303136
20.935891646129
20.8608257839721
20.688383020311
20.3231428571428
20.1507242287755
19.8936202090593
19.4940693464775
19.3757177700348
19.7237933203025
19.5992648083624
19.5841881533101
19.3207486190193
19.0278867595818
18.416908897765
999.99
999.99
999.99
999.99
999.99
999.99
999.99
999.99
999.99
999.99
999.99
999.99
999.99
999.99
999.99
999.99
999.99
999.99
999.99
999.99
999.99
999.99
999.99
999.99
999.99
999.99
999.99
999.99
999.99
999.99
999.99
999.99
999.99
999.99
999.99
999.99
999.99
999.99
999.99
999.99
999.99
999.99
999.99
999.99
999.99
999.99
999.99
999.99
999.99
999.99
999.99
999.99
999.99
999.99
999.99
999.99
999.99
999.99
999.99
999.99
999.99
999.99
21.0129756097561
20.9677503186878
21.1053693379791
21.2882128834877
21.1636411149826
21.0061923174981
20.7922787456446
20.7117588170307
20.5419337979094
20.242092886887
19.9867491289199
20.0205138947905
19.6012613240418
19.7806411149826
19.7709303135888
19.6491286649103
19.5041366533526
19.5263222996516
19.1431503356845
18.9281986062717
999.99
999.99
999.99
999.99
999.99
999.99
999.99
999.99
999.99
999.99
999.99
999.99
999.99
999.99
999.99
999.99
999.99
999.99
999.99
999.99
999.99
999.99
999.99
999.99
999.99
999.99
999.99
999.99
999.99
999.99
999.99
999.99
999.99
999.99
999.99
999.99
999.99
999.99
999.99
999.99
999.99
999.99
999.99
999.99
999.99
999.99
999.99
999.99
999.99
999.99
999.99
999.99
999.99
999.99
999.99
999.99
999.99
999.99
999.99
999.99
999.99
999.99
999.99
999.99
999.99
20.8254654056745
21.0618377180735
20.8383210552513
20.6250893297236
20.5638108511697
20.5961865993274
20.3742080637133
20.1838209884787
20.3647361871578
20.1105970814263
20.3526296665007
20.1226450242203
19.8285261324042
19.7138973157377
19.7214489795918
19.4993611249378
19.0523302698831
19.5139318068691
19.2694587041242
18.3599591836735
999.99
999.99
999.99
999.99
999.99
999.99
999.99
999.99
999.99
999.99
999.99
999.99
999.99
999.99
999.99
999.99
999.99
999.99
999.99
999.99
999.99
999.99
999.99
999.99
999.99
999.99
999.99
999.99
999.99
999.99
999.99
999.99
999.99
999.99
999.99
999.99
999.99
999.99
999.99
999.99
999.99
999.99
999.99
999.99
999.99
999.99
999.99
999.99
999.99
999.99
999.99
999.99
999.99
999.99
999.99
999.99
999.99
999.99
999.99
999.99
999.99
999.99
999.99
20.73
20.9808994646044
21.0741707317073
21.4115770374777
20.9571951219512
20.6321802498513
20.381
20.1775330160619
20.542
20.453249256395
20.2314634146341
20.0792254610351
19.9518048780488
19.5910612730517
19.9243361094586
19.9246463414634
19.9167156454492
19.8832804878048
19.1980232004759
18.6859756097561
999.99
999.99
999.99
999.99
999.99
999.99
999.99
999.99
999.99
999.99
999.99
999.99
999.99
999.99
999.99
999.99
999.99
999.99
999.99
999.99
999.99
999.99
999.99
999.99
999.99
999.99
999.99
999.99
999.99
999.99
999.99
999.99
999.99
999.99
999.99
999.99
999.99
999.99
999.99
999.99
999.99
999.99
999.99
999.99
999.99
999.99
999.99
999.99
999.99
999.99
999.99
999.99
999.99
999.99
999.99
999.99
999.99
999.99
999.99
999.99
999.99
999.99
20.6022119850915
20.7770771528123
20.7866349111923
20.8052702837233
21.0333780669912
21.0276829268293
21.0119166312569
21.0150622200099
20.758705083223
20.6999960179194
20.6017169202006
20.4936147336983
20.5005765761391
20.7259153807865
20.8365486651532
21.0266421590646
20.4599895470384
19.9786747077177
19.5466734693877
19.3949743350047
999.99
999.99
999.99
999.99
999.99
999.99
999.99
999.99
999.99
999.99
999.99
999.99
999.99
999.99
999.99
999.99
999.99
999.99
999.99
999.99
999.99
999.99
999.99
999.99
999.99
999.99
999.99
999.99
999.99
999.99
999.99
999.99
999.99
999.99
999.99
999.99
999.99
999.99
999.99
999.99
999.99
999.99
999.99
999.99
999.99
999.99
999.99
999.99
999.99
999.99
999.99
999.99
999.99
999.99
999.99
999.99
999.99
999.99
999.99
999.99
999.99
999.99
999.99
20.7685634401291
21.1942891986063
21.1577601767655
21.5959616724739
21.1799082178976
21.2240731707317
20.7223664485425
20.9509547038328
21.0925959037988
20.9039756097561
20.6835058213649
20.6710557491289
20.7067807427552
20.803637630662
20.642770799694
20.3381980113878
20.1887717770035
19.739958528087
19.4007682926829
19.0087658706553
999.99
999.99
999.99
999.99
999.99
999.99
999.99
999.99
999.99
999.99
999.99
999.99
999.99
999.99
999.99
999.99
999.99
999.99
999.99
999.99
999.99
999.99
999.99
999.99
999.99
999.99
999.99
999.99
999.99
999.99
999.99
999.99
999.99
999.99
999.99
999.99
999.99
999.99
999.99
999.99
999.99
999.99
999.99
999.99
999.99
999.99
999.99
999.99
999.99
999.99
999.99
999.99
999.99
999.99
999.99
999.99
999.99
999.99
999.99
999.99
999.99
20.8406582816351
20.9395958188153
21.0539308234894
20.9759965156794
21.0476451092037
20.9898501742161
21.1437466644004
21.1362717770035
20.9793419733152
20.9489756097561
20.8445095606356
20.4644947735192
20.4920117277131
20.6078850174216
20.8222518058978
20.8086829268293
20.6296499532591
20.1814724228775
19.6127404181185
19.2736759581882
999.99
999.99
999.99
999.99
999.99
999.99
999.99
999.99
999.99
999.99
999.99
999.99
999.99
999.99
999.99
999.99
999.99
999.99
999.99
999.99
999.99
999.99
999.99
999.99
999.99
999.99
999.99
999.99
999.99
999.99
999.99
999.99
999.99
999.99
999.99
999.99
999.99
999.99
999.99
999.99
999.99
999.99
999.99
999.99
999.99
999.99
999.99
999.99
999.99
999.99
999.99
999.99
999.99
999.99
999.99
999.99
999.99
999.99
999.99
999.99
999.99
999.99
999.99
999.99
21.0071184668989
21.0859949859777
21.1009163763066
21.2240452961672
21.3562334494774
21.3336245432141
21.3048153310105
21.3419416163848
21.0982857142857
20.855275261324
20.705968641115
20.5906658451601
21.0376097560976
20.6102318347922
20.5807212543554
20.4567482790855
20.2527821874734
20.216275261324
19.6917453046655
18.7942108013937
999.99
999.99
999.99
999.99
999.99
999.99
999.99
999.99
999.99
999.99
999.99
999.99
999.99
999.99
999.99
999.99
999.99
999.99
999.99
999.99
999.99
999.99
999.99
999.99
999.99
999.99
999.99
999.99
999.99
999.99
999.99
999.99
999.99
999.99
999.99
999.99
999.99
999.99
999.99
999.99
999.99
999.99
999.99
999.99
999.99
999.99
999.99
999.99
999.99
999.99
999.99
999.99
999.99
999.99
999.99
999.99
999.99
999.99
999.99
999.99
999.99
999.99
999.99
21.0675749128918
21.3848174555961
21.1838083623693
21.65564476927
21.6707386759582
21.495725928444
21.1532613240418
21.0219380470808
20.9265679442509
21.1006645704088
20.8907595818815
20.804555451687
20.8517665505227
20.6415435540069
20.225331010453
20.3906390753803
20.0928610520948
19.7472386759582
19.2910333984873
18.6441811846689
999.99
999.99
999.99
999.99
999.99
999.99
999.99
999.99
999.99
999.99
999.99
999.99
999.99
999.99
999.99
999.99
999.99
999.99
999.99
999.99
999.99
999.99
999.99
999.99
999.99
999.99
999.99
999.99
999.99
999.99
999.99
999.99
999.99
999.99
999.99
999.99
999.99
999.99
999.99
999.99
999.99
999.99
999.99
999.99
999.99
999.99
999.99
999.99
999.99
999.99
999.99
999.99
999.99
999.99
999.99
999.99
999.99
999.99
999.99
999.99
999.99
999.99
21.2271833942381
21.1371846689896
21.0376445993031
21.0265818815331
21.6253559955808
21.3267421602787
21.2419792640435
21.0157108013937
21.20141199966
20.9963763066202
20.8380414719129
20.3883728222997
20.380994816011
20.2186236933798
20.6040312739016
20.2502648083624
20.3124811761706
20.7196607461545
20.4949703832753
20.1987243137588
999.99
999.99
999.99
999.99
999.99
999.99
999.99
999.99
999.99
999.99
999.99
999.99
999.99
999.99
999.99
999.99
999.99
999.99
999.99
999.99
999.99
999.99
999.99
999.99
999.99
999.99
999.99
999.99
999.99
999.99
999.99
999.99
999.99
999.99
999.99
999.99
999.99
999.99
999.99
999.99
999.99
999.99
999.99
999.99
999.99
999.99
999.99
999.99
999.99
999.99
999.99
999.99
999.99
999.99
999.99
999.99
999.99
999.99
999.99
999.99
999.99
999.99
21.1636097560976
21.416740035693
21.3882926829268
21.3387287328971
21.347243902439
21.4785318262939
21.6466341463414
21.2903462224866
21.318243902439
21.1747019631172
20.6134146341464
21.0062926829269
20.6809756097561
20.4671635930994
20.3582926829268
20.248252825699
20.1776829268293
20.2779268292683
19.930499702558
20.0914512195122
999.99
999.99
999.99
999.99
999.99
999.99
999.99
999.99
999.99
999.99
999.99
999.99
999.99
999.99
999.99
999.99
999.99
999.99
999.99
999.99
999.99
999.99
999.99
999.99
999.99
999.99
999.99
999.99
999.99
999.99
999.99
999.99
999.99
999.99
999.99
999.99
999.99
999.99
999.99
999.99
999.99
999.99
999.99
999.99
999.99
999.99
999.99
999.99
999.99
999.99
999.99
999.99
999.99
999.99
999.99
999.99
999.99
999.99
999.99
999.99
999.99
999.99
999.99
21.4668843537414
21.429706916437
21.5427959183673
21.6822864710429
21.2896338145014
21.143439423003
21.2419262485482
20.986314260624
20.838837315414
20.9265720335725
20.982037332006
20.5788663898633
20.4758385598142
20.5508239446879
20.6452688734031
20.3865748096978
20.5831774514684
20.7807641932442
20.4527502863132
19.9657251534761
999.99
999.99
999.99
999.99
999.99
999.99
999.99
999.99
999.99
999.99
999.99
999.99
999.99
999.99
999.99
999.99
999.99
999.99
999.99
999.99
999.99
999.99
999.99
999.99
999.99
999.99
999.99
999.99
999.99
999.99
999.99
999.99
999.99
999.99
999.99
999.99
999.99
999.99
999.99
999.99
999.99
999.99
999.99
999.99
999.99
999.99
999.99
999.99
999.99
999.99
999.99
999.99
999.99
999.99
999.99
999.99
999.99
999.99
999.99
999.99
999.99
999.99
999.99
999.99
21.5709512195122
21.5107073170732
20.9321271352086
21.1404216027875
20.9386621058894
20.8158222996515
20.7571637630662
20.7280139372822
21.0290204810062
21.1347839721254
20.9755596158749
21.1737595818815
21.1789581881533
20.8990592334494
21.4074193932183
21.3389547038327
21.1985816265828
20.770222486615
19.6818641114983
20.8178471997937
999.99
999.99
999.99
999.99
999.99
999.99
999.99
999.99
999.99
999.99
999.99
999.99
999.99
999.99
999.99
999.99
999.99
999.99
999.99
999.99
999.99
999.99
999.99
999.99
999.99
999.99
999.99
999.99
999.99
999.99
999.99
999.99
999.99
999.99
999.99
999.99
999.99
999.99
999.99
999.99
999.99
999.99
999.99
999.99
999.99
999.99
999.99
999.99
999.99
999.99
999.99
999.99
999.99
999.99
999.99
999.99
999.99
999.99
21.7131778258001
21.97770104044
21.7385276256844
21.5261972789116
21.5039537912726
21.3272253962858
21.0040166749627
20.7647240304808
20.8902074829932
20.9874001727997
20.9668388916542
21.1476366654931
21.2107277252364
21.0761557321322
20.9517058237929
20.9721381061646
20.8262380952381
21.0066037384614
21.4869167911066
21.2221212349306
999.99
999.99
999.99
999.99
999.99
999.99
999.99
999.99
999.99
999.99
999.99
999.99
999.99
999.99
999.99
999.99
999.99
999.99
999.99
999.99
999.99
999.99
999.99
999.99
999.99
999.99
999.99
999.99
999.99
999.99
999.99
999.99
999.99
999.99
999.99
999.99
999.99
999.99
999.99
999.99
999.99
999.99
999.99
999.99
999.99
999.99
999.99
999.99
999.99
999.99
999.99
999.99
999.99
999.99
999.99
999.99
999.99
999.99
999.99
999.99
22.0754041811847
22.2426791875584
21.8935923344948
21.3957014532166
21.4859192657432
21.9684599303136
21.6675958188153
21.7221010452963
21.7162982918331
21.6237874564459
21.6125229030339
21.8015783972126
21.6141454066457
21.6148083623694
21.6654637545678
21.7515609756097
21.3830385824764
21.2715121951219
20.8610060338233
21.1442857142857
999.99
999.99
999.99
999.99
999.99
999.99
999.99
999.99
999.99
999.99
999.99
999.99
999.99
999.99
999.99
999.99
999.99
999.99
999.99
999.99
999.99
999.99
999.99
999.99
999.99
999.99
999.99
999.99
999.99
999.99
999.99
999.99
999.99
999.99
999.99
999.99
999.99
999.99
999.99
999.99
999.99
999.99
999.99
999.99
999.99
999.99
999.99
999.99
999.99
999.99
999.99
999.99
999.99
999.99
999.99
999.99
999.99
999.99
999.99
21.5313459432553
21.2767720157664
21.4025263812842
21.5896165669123
21.4606744649079
21.9317993197279
21.7395988883358
21.4831568490573
21.6217588008434
21.8328540733366
22.0146149562741
21.9809425087109
22.0153320120434
21.830300232288
21.7276240899691
21.7117014269122
21.6982657188991
21.7643838559814
22.0656234485465
21.8985592334495
999.99
999.99
999.99
999.99
999.99
999.99
999.99
999.99
999.99
999.99
999.99
999.99
999.99
999.99
999.99
999.99
999.99
999.99
999.99
999.99
999.99
999.99
999.99
999.99
999.99
999.99
999.99
999.99
999.99
999.99
999.99
999.99
999.99
999.99
999.99
999.99
999.99
999.99
999.99
999.99
999.99
999.99
999.99
999.99
999.99
999.99
999.99
999.99
999.99
999.99
999.99
999.99
999.99
999.99
999.99
999.99
999.99
21.2195156794425
20.5094726778278
20.7422979094077
20.8942090592335
21.2230104529617
21.3790328036033
21.1112386759582
21.5087117362115
21.2173397212543
21.2734668989547
21.3900696864111
21.4820744454831
21.3401324041812
21.650766040622
21.8734508370868
22.1406445993032
21.7141882382935
21.7623205574913
22.2239219852129
21.8385714285715
999.99
999.99
999.99
999.99
999.99
999.99
999.99
999.99
999.99
999.99
999.99
999.99
999.99
999.99
999.99
999.99
999.99
999.99
999.99
999.99
999.99
999.99
999.99
999.99
999.99
999.99
999.99
999.99
999.99
999.99
999.99
999.99
999.99
999.99
999.99
999.99
999.99
999.99
999.99
999.99
999.99
999.99
999.99
999.99
999.99
999.99
999.99
999.99
999.99
999.99
999.99
999.99
999.99
999.99
999.99
999.99
999.99
999.99
999.99
999.99
21.6495181439619
22.041
22.0075698988697
21.8283658536585
21.9744574657943
21.6309024390244
21.6115853658536
21.4523536585366
21.4601493158834
21.7184634146341
21.4651231409875
21.9066829268292
21.4933396787627
21.8487195121951
21.6110499702558
21.3798780487805
21.9895496728138
21.9592682926829
21.9145853658537
21.972004759072
22.1977073170732
22.2797132659131
22.0384390243903
21.8635746579417
999.99
999.99
999.99
999.99
999.99
999.99
999.99
999.99
999.99
999.99
999.99
999.99
999.99
999.99
999.99
999.99
999.99
999.99
999.99
999.99
999.99
999.99
999.99
999.99
999.99
999.99
999.99
999.99
999.99
999.99
999.99
999.99
999.99
999.99
999.99
999.99
999.99
999.99
999.99
999.99
999.99
999.99
999.99
999.99
999.99
999.99
999.99
999.99
999.99
999.99
999.99
21.2262334494772
21.599529871675
21.2983101045296
21.5426065267273
21.3405504376646
21.2838101045297
21.6146756182544
22.2419181184669
21.9335950539644
21.5928275261324
21.9104430186114
21.5983989547039
21.4541844140392
21.6801219512195
21.804850174216
21.6120156794425
21.4888234894195
21.5250418118467
21.5229687260984
21.7244529616724
21.5746044021416
21.3545400696864
21.7326045721084
22.1723449477352
22.0242318347922
22.1760822639585
21.9148013937282
22.2027640860032
21.9543031358885
21.3772382935328
999.99
999.99
999.99
999.99
999.99
999.99
999.99
999.99
999.99
999.99
999.99
999.99
999.99
999.99
999.99
999.99
999.99
999.99
999.99
999.99
999.99
999.99
999.99
999.99
999.99
999.99
999.99
999.99
999.99
999.99
999.99
999.99
999.99
999.99
999.99
999.99
999.99
999.99
999.99
999.99
999.99
999.99
999.99
999.99
999.99
999.99
20.7926968641116
20.9036341463415
999.99
21.1417282229965
21.1186343163084
20.9846933797909
21.1518566329566
20.8355540069687
20.8661925724484
20.9871742160279
21.0121493158834
21.4591264553412
21.0967648083624
20.9413284609501
21.180224738676
21.440789835982
21.4639477351916
21.6134181184669
21.2613484320558
20.9349520693465
20.8694790940766
21.7193728222997
21.5744547038327
21.452456445993
21.5372229965157
21.4142092292003
21.9456951219512
22.0075439789241
21.7818240418118
22.3067673153735
22.0097212543554
999.99
999.99
999.99
999.99
999.99
999.99
999.99
999.99
999.99
999.99
999.99
999.99
999.99
999.99
999.99
999.99
999.99
999.99
999.99
999.99
999.99
999.99
999.99
999.99
999.99
999.99
999.99
999.99
999.99
999.99
999.99
999.99
999.99
999.99
999.99
999.99
999.99
999.99
999.99
999.99
999.99
999.99
999.99
999.99
999.99
999.99
999.99
999.99
20.3003629723157
20.7466411149825
21.0044802332593
21.1988181516509
21.0281904761904
21.0043014766882
21.0095903960632
21.2402273104364
21.3150183078586
21.0192775842043
21.0683945578231
21.1626835905093
21.0080688972793
20.8525077152812
20.6096468331533
20.5804359042844
20.7485325203252
20.8859743552388
20.6076427741828
20.3880204081633
20.5443553177369
20.3299661158931
20.6009261655882
20.7226953627376
21.3460909241745
21.3874489795918
21.2934362867098
21.2748224129628
21.3747293844367
999.99
999.99
999.99
999.99
999.99
999.99
999.99
999.99
999.99
999.99
999.99
999.99
999.99
999.99
999.99
999.99
999.99
999.99
999.99
999.99
999.99
999.99
999.99
999.99
999.99
999.99
999.99
999.99
999.99
999.99
999.99
999.99
999.99
999.99
999.99
999.99
999.99
999.99
999.99
999.99
999.99
999.99
999.99
999.99
999.99
999.99
999.99
999.99
999.99
999.99
999.99
20.2166724738675
20.196582221467
20.3201149825784
20.588025580012
20.2624285714286
20.7370696864111
20.7940034843206
21.2745865556217
21.0293344947736
21.0443740970511
21.4645540069687
21.301139117872
21.2505853658535
21.0011309594629
20.9609616724739
20.6752640435115
20.8352020905923
21.1240925469533
21.0073117192148
21.1380888501742
21.1343706127305
20.8251097560976
20.2785714285714
20.0384773519164
20.0878358970001
20.3932229965157
20.4851368233195
20.720318815331
21.3544216027875
999.99
999.99
999.99
999.99
999.99
999.99
999.99
999.99
999.99
999.99
999.99
999.99
999.99
999.99
999.99
999.99
999.99
999.99
999.99
999.99
999.99
999.99
999.99
999.99
999.99
999.99
999.99
999.99
999.99
999.99
999.99
999.99
999.99
999.99
999.99
999.99
999.99
999.99
999.99
999.99
999.99
999.99
20.700589356028
999.99
999.99
20.2808096897295
20.0624480811956
20.3469289862287
20.6539327983424
20.762262485482
20.7722475607733
20.570231292517
20.6169032686245
20.5745641645117
20.4572553509209
20.5006707863395
20.4290096233615
20.2902676816116
20.223550522648
20.343199290186
20.4202370997179
20.7052266386626
20.8754567778331
21.3005023856062
21.5304534594325
21.4758011832931
21.5299591836735
21.0983768772232
21.0891340633813
21.4113567482913
21.2957542724407
21.3076974792297
21.0907709818014
20.8882967479675
20.9663310711554
20.6606340633814
999.99
999.99
999.99
999.99
999.99
999.99
999.99
999.99
999.99
999.99
999.99
999.99
999.99
999.99
999.99
999.99
999.99
999.99
999.99
999.99
999.99
999.99
999.99
999.99
999.99
999.99
999.99
999.99
999.99
999.99
999.99
999.99
999.99
999.99
999.99
999.99
999.99
999.99
999.99
999.99
999.99
999.99
999.99
999.99
999.99
999.99
999.99
999.99
999.99
20.460683861647
19.9230452961672
20.0337485340359
20.274787456446
20.8425433840402
20.9564721254356
21.0523935582561
21.0351341463415
20.7052461969916
20.5611446417949
20.4755365853658
20.7455565564715
20.4677351916376
20.2500996855613
20.0924843205575
20.2162339593779
20.2747073170732
20.0766178295232
20.3033101045296
20.4394803263364
20.6756968641115
20.8445727883063
20.9716794425087
21.2271375881703
21.1231045296167
20.9370864281465
999.99
999.99
999.99
999.99
999.99
999.99
999.99
999.99
999.99
999.99
999.99
999.99
999.99
999.99
999.99
999.99
999.99
999.99
999.99
999.99
999.99
999.99
999.99
999.99
999.99
999.99
999.99
999.99
999.99
999.99
999.99
999.99
999.99
999.99
999.99
999.99
999.99
999.99
999.99
999.99
999.99
999.99
999.99
999.99
999.99
999.99
999.99
999.99
999.99
999.99
999.99
999.99
999.99
999.99
999.99
999.99
999.99
20.3412201920626
20.4571283391405
20.4217813093114
20.1526864111498
20.2090177898643
20.2434773519164
20.2825183422566
20.2602328687572
20.4454282881505
20.2956336364409
20.1620545876887
20.4774236423898
20.3939349593497
20.273938613637
19.9628548199768
20.135221013569
20.1574889663182
20.1473108977083
20.4438675958188
999.99
999.99
20.2632838446503
999.99
999.99
999.99
999.99
999.99
999.99
999.99
999.99
999.99
999.99
999.99
999.99
999.99
999.99
999.99
999.99
999.99
999.99
999.99
999.99
999.99
999.99
999.99
999.99
999.99
999.99
999.99
999.99
999.99
999.99
999.99
999.99
999.99
999.99
999.99
999.99
999.99
999.99
999.99
999.99
999.99
999.99
999.99
999.99
999.99
999.99
999.99
999.99
999.99
999.99
999.99
999.99
999.99
999.99
999.99
999.99
999.99
999.99
999.99
999.99
999.99
20.5374312059148
20.3183797909408
20.3997012832498
20.4483780487805
20.2004368148211
20.1615435540069
20.138043256565
20.1411324041812
20.3718277385909
20.4959791790601
20.2878641114983
20.3403418033484
20.4674146341463
20.2733526812271
20.3511045296167
999.99
999.99
999.99
999.99
999.99
999.99
999.99
999.99
999.99
999.99
999.99
999.99
999.99
999.99
999.99
999.99
999.99
999.99
999.99
999.99
999.99
999.99
999.99
999.99
999.99
999.99
999.99
999.99
999.99
999.99
999.99
999.99
999.99
999.99
999.99
999.99
999.99
999.99
999.99
999.99
999.99
999.99
999.99
999.99
999.99
999.99
999.99
999.99
999.99
999.99
999.99
999.99
999.99
999.99
999.99
999.99
999.99
999.99
999.99
999.99
999.99
999.99
999.99
999.99
999.99
999.99
999.99
999.99
20.1569128919861
20.2109599303136
20.0332791705618
20.0134895470383
20.2968849324382
20.3617839721254
20.3822413529362
20.2581829268293
20.2498256140053
20.5058890116427
20.5787317073171
20.0965516274326
999.99
999.99
999.99
999.99
999.99
999.99
999.99
999.99
999.99
999.99
999.99
999.99
999.99
999.99
999.99
999.99
999.99
999.99
999.99
999.99
999.99
999.99
999.99
999.99
999.99
999.99
999.99
999.99
999.99
999.99
999.99
999.99
999.99
999.99
999.99
999.99
999.99
999.99
999.99
999.99
999.99
999.99
999.99
999.99
999.99
999.99
999.99
999.99
999.99
999.99
999.99
999.99
999.99
999.99
999.99
999.99
999.99
999.99
999.99
999.99
999.99
999.99
999.99
999.99
999.99
999.99
999.99
999.99
999.99
999.99
999.99
999.99
19.9582038327526
19.9597108013937
999.99
999.99
999.99
999.99
999.99
999.99
999.99
999.99
999.99
999.99
999.99
999.99
999.99
999.99
999.99
999.99
999.99
999.99
999.99
999.99
999.99
999.99
999.99
999.99
999.99
999.99
999.99
999.99
999.99
999.99
999.99
999.99
999.99
999.99
999.99
999.99
999.99
999.99
999.99
999.99
999.99
999.99
999.99
999.99
999.99
999.99
999.99
999.99
999.99
999.99
999.99
999.99
999.99
999.99
999.99
999.99
999.99
999.99
999.99
999.99
999.99
999.99
999.99
999.99
999.99
999.99
999.99
999.99
999.99
999.99
999.99
999.99
999.99
999.99
999.99
999.99
999.99
999.99
999.99
999.99
999.99
999.99
999.99
999.99
999.99
999.99
999.99
999.99
999.99
999.99
999.99
999.99
999.99
999.99
999.99
999.99
999.99
999.99
999.99
999.99
999.99
999.99
999.99
999.99
999.99
999.99
999.99
999.99
999.99
999.99
999.99
999.99
999.99
999.99
999.99
999.99
999.99
999.99
999.99
999.99
999.99
999.99
999.99
999.99
999.99
999.99
999.99
999.99
999.99
999.99
999.99
999.99
999.99
999.99
999.99
999.99
999.99
999.99
999.99
999.99
999.99
999.99
999.99
999.99
999.99
999.99
999.99
999.99
999.99
999.99
999.99
999.99
999.99
999.99
999.99
999.99
999.99
999.99
999.99
999.99
999.99
999.99
999.99
999.99
999.99
999.99
999.99
999.99
999.99
999.99
999.99
999.99
999.99
999.99
999.99
999.99
999.99
999.99
999.99
999.99
999.99
999.99
999.99
999.99
999.99
999.99
999.99
999.99
999.99
999.99
999.99
999.99
999.99
999.99
999.99
999.99
999.99
999.99
999.99
999.99
999.99
999.99
999.99
999.99
999.99
999.99
999.99
999.99
999.99
999.99
999.99
999.99
999.99
999.99
999.99
999.99
999.99
999.99
999.99
999.99
999.99
999.99
999.99
999.99
999.99
999.99
999.99
999.99
999.99
999.99
999.99
999.99
999.99
999.99
999.99
999.99
999.99
999.99
999.99
999.99
999.99
999.99
999.99
999.99
999.99
999.99
999.99
999.99
999.99
999.99
999.99
999.99
999.99
999.99
999.99
999.99
999.99
999.99
999.99
999.99
999.99
999.99
999.99
999.99
999.99
999.99
999.99
999.99
999.99
999.99
999.99
999.99
999.99
999.99
999.99
999.99
999.99
999.99
999.99
999.99
999.99
999.99
999.99
999.99
999.99
999.99
999.99
999.99
999.99
999.99
999.99
999.99
999.99
999.99
999.99
999.99
999.99
999.99
999.99
999.99
999.99
999.99
999.99
999.99
999.99
999.99
999.99
999.99
999.99
999.99
999.99
999.99
999.99
999.99
999.99
999.99
999.99
999.99
999.99
999.99
999.99
999.99
999.99
999.99
999.99
999.99
999.99
999.99
999.99
999.99
999.99
999.99
999.99
999.99
999.99
999.99
999.99
999.99
999.99
999.99
999.99
999.99
999.99
999.99
999.99
999.99
999.99
999.99
999.99
999.99
999.99
999.99
999.99
999.99
999.99
999.99
999.99
999.99
999.99
999.99
999.99
999.99
999.99
999.99
999.99
999.99
999.99
999.99
999.99
999.99
999.99
999.99
999.99
999.99
999.99
999.99
999.99
999.99
999.99
999.99
999.99
999.99
999.99
999.99
999.99
999.99
999.99
999.99
999.99
999.99
999.99
999.99
999.99
999.99
999.99
999.99
999.99
999.99
999.99
999.99
999.99
999.99
999.99
999.99
999.99
999.99
999.99
999.99
999.99
999.99
999.99
