999.99
999.99
999.99
999.99
999.99
999.99
999.99
999.99
999.99
999.99
999.99
999.99
999.99
999.99
999.99
999.99
999.99
999.99
999.99
999.99
999.99
999.99
999.99
999.99
999.99
999.99
999.99
999.99
999.99
999.99
999.99
999.99
999.99
999.99
999.99
999.99
999.99
999.99
999.99
999.99
999.99
999.99
999.99
999.99
999.99
999.99
999.99
999.99
999.99
999.99
999.99
999.99
999.99
999.99
999.99
999.99
999.99
999.99
999.99
999.99
999.99
999.99
999.99
999.99
999.99
999.99
999.99
999.99
999.99
999.99
999.99
999.99
999.99
999.99
999.99
999.99
999.99
999.99
999.99
999.99
999.99
999.99
999.99
999.99
999.99
999.99
999.99
999.99
999.99
999.99
999.99
999.99
999.99
999.99
999.99
999.99
999.99
999.99
999.99
999.99
999.99
999.99
999.99
999.99
999.99
999.99
999.99
999.99
999.99
999.99
999.99
999.99
999.99
999.99
999.99
999.99
999.99
999.99
999.99
999.99
999.99
999.99
999.99
999.99
999.99
999.99
999.99
999.99
999.99
999.99
999.99
999.99
999.99
999.99
21.6360249001445
21.4661324041812
21.4106829268293
21.3802173876094
21.1441393728223
21.0163710376477
21.1224668989547
21.2451005353956
21.4342717770035
21.540281210164
21.5179163763066
21.5007108013937
21.4174216027875
21.4881960567689
21.4914668989547
21.3177721594289
21.2017630662021
21.0691291748109
20.9236794425088
20.6631463414634
20.3020836236934
999.99
999.99
999.99
999.99
999.99
999.99
999.99
999.99
999.99
999.99
999.99
999.99
999.99
999.99
999.99
999.99
999.99
999.99
999.99
999.99
999.99
999.99
999.99
999.99
999.99
999.99
999.99
999.99
999.99
999.99
999.99
999.99
999.99
999.99
999.99
999.99
999.99
999.99
999.99
999.99
999.99
999.99
999.99
999.99
999.99
999.99
999.99
999.99
999.99
999.99
999.99
999.99
999.99
999.99
999.99
999.99
999.99
999.99
999.99
999.99
999.99
999.99
21.7496002561643
21.5087765300052
21.2225338476854
21.2026948670009
21.2188451966152
21.2627918270223
21.2196667496267
21.2703308222753
21.4220044798407
21.5382503065474
21.6281946241911
21.5742585985019
21.5901112493778
21.4982662955724
21.5446779492285
21.6031428571429
21.5012224987556
21.2265900217315
20.9717396714784
20.7168453726524
20.2175034843206
999.99
999.99
999.99
999.99
999.99
999.99
999.99
999.99
999.99
999.99
999.99
999.99
999.99
999.99
999.99
999.99
999.99
999.99
999.99
999.99
999.99
999.99
999.99
999.99
999.99
999.99
999.99
999.99
999.99
999.99
999.99
999.99
999.99
999.99
999.99
999.99
999.99
999.99
999.99
999.99
999.99
999.99
999.99
999.99
999.99
999.99
999.99
999.99
999.99
999.99
999.99
999.99
999.99
999.99
999.99
999.99
999.99
999.99
999.99
999.99
999.99
999.99
21.2950182714371
21.0793178380216
20.9687108013937
21.027573723124
21.0731777003484
21.2884404691085
21.2767735191638
21.2744202430526
21.5569059233449
21.5713203875244
21.6405331010453
21.6861149825784
21.5421463414634
21.5742482365939
21.4414076655052
21.3837297526982
21.2027839721254
20.923016061868
20.7265505226481
20.5728112518059
20.4411045296167
999.99
999.99
999.99
999.99
999.99
999.99
999.99
999.99
999.99
999.99
999.99
999.99
999.99
999.99
999.99
999.99
999.99
999.99
999.99
999.99
999.99
999.99
999.99
999.99
999.99
999.99
999.99
999.99
999.99
999.99
999.99
999.99
999.99
999.99
999.99
999.99
999.99
999.99
999.99
999.99
999.99
999.99
999.99
999.99
999.99
999.99
999.99
999.99
999.99
999.99
999.99
999.99
999.99
999.99
999.99
999.99
999.99
999.99
999.99
999.99
999.99
999.99
21.1317713095946
21.1734662190873
21.0061428571428
20.9215342058299
20.9419128919861
20.9482068496643
21.0261881533101
21.2279240248151
21.5502648083624
21.6206307470043
21.6587491289199
21.5969372822299
21.5310662020906
21.4602287753888
21.004456445993
20.8654922240163
20.7451080139373
20.8938747344267
21.3825540069685
21.7778850174216
22.9003806167181
999.99
999.99
999.99
999.99
999.99
999.99
999.99
999.99
999.99
999.99
999.99
999.99
999.99
999.99
999.99
999.99
999.99
999.99
999.99
999.99
999.99
999.99
999.99
999.99
999.99
999.99
999.99
999.99
999.99
999.99
999.99
999.99
999.99
999.99
999.99
999.99
999.99
999.99
999.99
999.99
999.99
999.99
999.99
999.99
999.99
999.99
999.99
999.99
999.99
999.99
999.99
999.99
999.99
999.99
999.99
999.99
999.99
999.99
999.99
999.99
999.99
999.99
999.99
20.963057958698
20.7092787456446
20.6029461205065
20.5968989547038
20.6295295317413
20.7246132404181
20.8819754397892
21.1739268292683
21.4084348602023
21.5593205574913
21.6056705192487
21.6056445993031
21.2129959207954
21.0293101045296
20.8083170731707
20.851362369338
20.6610735956488
20.7110243902439
20.6471180419818
22.9003806167181
22.9003806167181
999.99
999.99
999.99
999.99
999.99
999.99
999.99
999.99
999.99
999.99
999.99
999.99
999.99
999.99
999.99
999.99
999.99
999.99
999.99
999.99
999.99
999.99
999.99
999.99
999.99
999.99
999.99
999.99
999.99
999.99
999.99
999.99
999.99
999.99
999.99
999.99
999.99
999.99
999.99
999.99
999.99
999.99
999.99
999.99
999.99
999.99
999.99
999.99
999.99
999.99
999.99
999.99
999.99
999.99
999.99
999.99
999.99
999.99
999.99
999.99
999.99
21.4751163423132
21.2973791110733
20.9049651567944
20.7961094586556
20.9016759581882
20.6754201580692
20.5052195121951
20.4753736721339
20.5225191637631
20.805960907623
20.8449198606272
21.0216658451602
20.98693728223
21.1002387184499
20.6953867595819
20.786896405201
20.7445400696864
20.7708461799949
20.7404808362369
21.2570152120336
28.8105923344968
999.99
999.99
999.99
999.99
999.99
999.99
999.99
999.99
999.99
999.99
999.99
999.99
999.99
999.99
999.99
999.99
999.99
999.99
999.99
999.99
999.99
999.99
999.99
999.99
999.99
999.99
999.99
999.99
999.99
999.99
999.99
999.99
999.99
999.99
999.99
999.99
999.99
999.99
999.99
999.99
999.99
999.99
999.99
999.99
999.99
999.99
999.99
999.99
999.99
999.99
999.99
999.99
999.99
999.99
999.99
999.99
999.99
999.99
999.99
999.99
999.99
999.99
999.99
999.99
21.4379140534263
21.4511434803546
21.3451579558652
21.1137098382482
21.2689070847851
21.0392857142857
20.8735946573752
20.724764114331
20.7214692218351
20.6669424095634
20.8205981416957
21.0017685617971
20.8643170731707
20.8931892864225
20.789619047619
20.6618996628991
20.1276782810686
19.836571938472
19.0613077816492
28.4618018753055
22.9003806167181
999.99
999.99
999.99
999.99
999.99
999.99
999.99
999.99
999.99
999.99
999.99
999.99
999.99
999.99
999.99
999.99
999.99
999.99
999.99
999.99
999.99
999.99
999.99
999.99
999.99
999.99
999.99
999.99
999.99
999.99
999.99
999.99
999.99
999.99
999.99
999.99
999.99
999.99
999.99
999.99
999.99
999.99
999.99
999.99
999.99
999.99
999.99
999.99
999.99
999.99
999.99
999.99
999.99
999.99
999.99
999.99
999.99
999.99
999.99
999.99
999.99
999.99
999.99
21.6751742160279
21.6843344947735
21.7888242542704
21.6913588850174
21.8331475312314
21.6645365853659
21.2874075805218
21.051968641115
21.0631473612646
21.1091533101045
21.052642389734
20.9084843205575
20.7166811421772
21.0828397212543
20.6763371292598
20.0084529616725
19.6532620039093
19.5004425087108
19.5384912891986
19.5588749043936
19.571074912892
999.99
999.99
999.99
999.99
999.99
999.99
999.99
999.99
999.99
999.99
999.99
999.99
999.99
999.99
999.99
999.99
999.99
999.99
999.99
999.99
999.99
999.99
999.99
999.99
999.99
999.99
999.99
999.99
999.99
999.99
999.99
999.99
999.99
999.99
999.99
999.99
999.99
999.99
999.99
999.99
999.99
999.99
999.99
999.99
999.99
999.99
999.99
999.99
999.99
999.99
999.99
999.99
999.99
999.99
999.99
999.99
999.99
999.99
21.6711736353078
21.7946905146354
21.8104895692959
21.8755175045628
22.165495635494
22.081037166086
22.0366674153302
22.0457091421935
21.7752644117731
21.718925170068
21.7022867947893
21.6317746806039
21.511488306685
21.4150092915215
21.3796573387237
21.309474863116
21.5384237030922
21.3076057740169
21.2258979591837
21.0199387755102
21.0167891520677
999.99
999.99
999.99
999.99
999.99
999.99
999.99
999.99
999.99
999.99
999.99
999.99
999.99
999.99
999.99
999.99
999.99
999.99
999.99
999.99
999.99
999.99
999.99
999.99
999.99
999.99
999.99
999.99
999.99
999.99
999.99
999.99
999.99
999.99
999.99
999.99
999.99
999.99
999.99
999.99
999.99
999.99
999.99
999.99
999.99
999.99
999.99
999.99
999.99
999.99
999.99
999.99
999.99
999.99
999.99
999.99
999.99
999.99
999.99
999.99
999.99
999.99
999.99
22.0737038327526
22.0679835132149
22.0243484320557
22.0214499872525
22.1164494773519
22.1688873969576
21.9861254355401
21.6725384550013
21.6366864111498
21.6654107249086
21.6093832752613
21.7910191212713
21.6935296167247
21.6639329480751
21.5326655052265
21.4363041556896
21.4711254355401
21.4492229965157
21.3949651567944
21.3778780487805
21.2177700348432
999.99
999.99
999.99
999.99
999.99
999.99
999.99
999.99
999.99
999.99
999.99
999.99
999.99
999.99
999.99
999.99
999.99
999.99
999.99
999.99
999.99
999.99
999.99
999.99
999.99
999.99
999.99
999.99
999.99
999.99
999.99
999.99
999.99
999.99
999.99
999.99
999.99
999.99
999.99
999.99
999.99
999.99
999.99
999.99
999.99
999.99
999.99
999.99
999.99
999.99
999.99
999.99
999.99
999.99
999.99
999.99
999.99
999.99
999.99
999.99
999.99
999.99
22.0071855350111
22.0431725851554
22.0413590509375
22.1774691935073
22.092762402522
21.9622886522842
22.084669155467
22.3940004451513
22.3294337149494
22.0766870748299
21.8737355234777
21.9247953679985
22.2066210386594
22.3371574742925
21.8550273768043
21.7822054454143
21.8186789447486
21.8107002836828
21.9659970134395
21.8960379633115
21.4732331176373
999.99
999.99
999.99
999.99
999.99
999.99
999.99
999.99
999.99
999.99
999.99
999.99
999.99
999.99
999.99
999.99
999.99
999.99
999.99
999.99
999.99
999.99
999.99
999.99
999.99
999.99
999.99
999.99
999.99
999.99
999.99
999.99
999.99
999.99
999.99
999.99
999.99
999.99
999.99
999.99
999.99
999.99
999.99
999.99
999.99
999.99
999.99
999.99
999.99
999.99
999.99
999.99
999.99
999.99
999.99
999.99
999.99
999.99
999.99
999.99
999.99
999.99
999.99
999.99
999.99
999.99
22.2528048780488
22.3058828078525
22.4514738675958
22.5944029914167
22.641
22.7479350726608
22.5746585365854
22.4149995750829
22.4355888501742
22.4681352086343
22.4984529616725
22.5039833432481
22.5439721254355
22.5308846774879
22.4386620209059
22.4087757287329
22.2378641114983
21.7332860542194
21.5914124245772
20.8635487804878
20.5474094501573
999.99
999.99
999.99
999.99
999.99
999.99
999.99
999.99
999.99
999.99
999.99
999.99
999.99
999.99
999.99
999.99
999.99
999.99
999.99
999.99
999.99
999.99
999.99
999.99
999.99
999.99
999.99
999.99
999.99
999.99
999.99
999.99
999.99
999.99
999.99
999.99
999.99
999.99
999.99
999.99
999.99
999.99
999.99
999.99
999.99
999.99
999.99
999.99
999.99
999.99
999.99
999.99
999.99
999.99
999.99
999.99
999.99
999.99
999.99
999.99
999.99
999.99
22.2973867595819
22.5518126115408
22.7321149825784
22.8096830118127
22.798756097561
22.8790276196142
22.9285052264808
22.9110360329736
22.7454111498258
22.5813741820345
22.5943588850174
22.6741194867001
22.6455226480836
22.6294253420583
22.6548919860627
22.6567707996941
22.4919965156794
22.4060610181015
22.0840821789751
21.6690104529617
21.3380333984873
999.99
999.99
999.99
999.99
999.99
999.99
999.99
999.99
999.99
999.99
999.99
999.99
999.99
999.99
999.99
999.99
999.99
999.99
999.99
999.99
999.99
999.99
999.99
999.99
999.99
999.99
999.99
999.99
999.99
999.99
999.99
999.99
999.99
999.99
999.99
999.99
999.99
999.99
999.99
999.99
999.99
999.99
999.99
999.99
999.99
999.99
999.99
999.99
999.99
999.99
999.99
999.99
999.99
999.99
999.99
999.99
999.99
999.99
999.99
999.99
999.99
999.99
22.2899268292683
22.6103075550268
22.7349268292683
22.7756888756692
22.8196829268293
22.9775823914337
23.0488048780488
23.045004759072
23.0186585365854
22.8851505056514
22.5899024390244
22.5877638310529
22.6079024390244
22.6482195121951
22.5186341463415
22.6134848304581
22.7565365853659
22.8526817370613
22.7522088042831
22.4095975609756
21.7655966686495
999.99
999.99
999.99
999.99
999.99
999.99
999.99
999.99
999.99
999.99
999.99
999.99
999.99
999.99
999.99
999.99
999.99
999.99
999.99
999.99
999.99
999.99
999.99
999.99
999.99
999.99
999.99
999.99
999.99
999.99
999.99
999.99
999.99
999.99
999.99
999.99
999.99
999.99
999.99
999.99
999.99
999.99
999.99
999.99
999.99
999.99
999.99
999.99
999.99
999.99
999.99
999.99
999.99
999.99
999.99
999.99
999.99
999.99
999.99
999.99
999.99
999.99
999.99
22.8291429421263
22.8704006968641
23.0222886037223
23.135425087108
23.141879748449
23.1848919860627
23.2522876689046
23.1523693379791
23.0778264638395
22.8895505226481
22.9187216792725
22.7797700348432
22.8224263618594
22.5964599303136
22.5888424407241
22.6748675958188
22.7740840486105
22.7007143706977
22.4422369337979
21.2215968386164
20.4689216027874
999.99
999.99
999.99
999.99
999.99
999.99
999.99
999.99
999.99
999.99
999.99
999.99
999.99
999.99
999.99
999.99
999.99
999.99
999.99
999.99
999.99
999.99
999.99
999.99
999.99
999.99
999.99
999.99
999.99
999.99
999.99
999.99
999.99
999.99
999.99
999.99
999.99
999.99
999.99
999.99
999.99
999.99
999.99
999.99
999.99
999.99
999.99
999.99
999.99
999.99
999.99
999.99
999.99
999.99
999.99
999.99
999.99
999.99
999.99
999.99
999.99
999.99
23.0311857272356
23.0045217355235
22.9439587506627
23.0913784635805
23.2041289036733
23.1544523809524
23.0903141007742
23.1047468060395
23.0626970138442
23.0114636635142
22.9988469387755
22.9485807200929
22.8553551396763
22.6454190310271
22.5833925890404
22.5149328853493
22.5917164750493
22.679245735653
22.4308770532603
21.8871656043738
21.1802394225982
999.99
999.99
999.99
999.99
999.99
999.99
999.99
999.99
999.99
999.99
999.99
999.99
999.99
999.99
999.99
999.99
999.99
999.99
999.99
999.99
999.99
999.99
999.99
999.99
999.99
999.99
999.99
999.99
999.99
999.99
999.99
999.99
999.99
999.99
999.99
999.99
999.99
999.99
999.99
999.99
999.99
999.99
999.99
999.99
999.99
999.99
999.99
999.99
999.99
999.99
999.99
999.99
999.99
999.99
999.99
999.99
999.99
999.99
999.99
999.99
999.99
999.99
999.99
999.99
23.1050287243987
23.0384006968641
23.0696659301436
23.0260383275261
23.1518605421943
23.0516550522648
23.0790573638141
23.1018745644599
23.1545427041727
23.0200418118467
22.9074617149656
22.7385052264808
22.6877396107759
22.5957909407666
22.5736417098666
22.3960241352936
21.7280331010453
20.7232129684711
20.452350174216
20.3208198351322
19.5710871080139
999.99
999.99
999.99
999.99
999.99
999.99
999.99
999.99
999.99
999.99
999.99
999.99
999.99
999.99
999.99
999.99
999.99
999.99
999.99
999.99
999.99
999.99
999.99
999.99
999.99
999.99
999.99
999.99
999.99
999.99
999.99
999.99
999.99
999.99
999.99
999.99
999.99
999.99
999.99
999.99
999.99
999.99
999.99
999.99
999.99
999.99
999.99
999.99
999.99
999.99
999.99
999.99
999.99
999.99
999.99
999.99
999.99
999.99
999.99
999.99
999.99
999.99
23.2323585693647
23.2139763563962
23.0978980219095
23.2375891820143
23.2973219839988
23.1558709971793
23.1651700680272
23.1422807366849
22.9361867025215
22.7869279907085
22.7278684173253
22.5697244897959
22.5090145787048
22.3884608428737
22.3399092579328
22.1054224344109
21.8068897461424
21.1995193701514
20.536219263315
20.1809487651099
19.8136744649079
999.99
999.99
999.99
999.99
999.99
999.99
999.99
999.99
999.99
999.99
999.99
999.99
999.99
999.99
999.99
999.99
999.99
999.99
999.99
999.99
999.99
999.99
999.99
999.99
999.99
999.99
999.99
999.99
999.99
999.99
999.99
999.99
999.99
999.99
999.99
999.99
999.99
999.99
999.99
999.99
999.99
999.99
999.99
999.99
999.99
999.99
999.99
999.99
999.99
999.99
999.99
999.99
999.99
999.99
999.99
999.99
999.99
999.99
999.99
999.99
999.99
23.3172404181185
23.3844257669755
23.3291846689895
23.1322724568709
23.1474390243902
23.2147154754823
23.3178397212543
23.4274031613835
23.0153101045296
22.3427350216706
22.3601777003484
22.38848661511
21.958662020906
21.7087049375372
21.5165644599303
21.5896285374352
21.3023243817455
20.7578902439025
20.8340034843206
20.7749285714286
20.4798380215858
999.99
999.99
999.99
999.99
999.99
999.99
999.99
999.99
999.99
999.99
999.99
999.99
999.99
999.99
999.99
999.99
999.99
999.99
999.99
999.99
999.99
999.99
999.99
999.99
999.99
999.99
999.99
999.99
999.99
999.99
999.99
999.99
999.99
999.99
999.99
999.99
999.99
999.99
999.99
999.99
999.99
999.99
999.99
999.99
999.99
999.99
999.99
999.99
999.99
999.99
999.99
999.99
999.99
999.99
999.99
999.99
999.99
999.99
999.99
999.99
999.99
999.99
999.99
999.99
999.99
23.2522589768805
23.3068322548532
23.2190272108844
23.1244231790277
23.0160604131004
22.70750016592
22.266323452998
21.9559157955865
21.915791167389
21.3989019412644
21.1751027915033
20.9388238758918
20.925231292517
20.6330542518019
20.7453720756595
20.6270138361115
20.5442118798739
20.3910204081633
20.3085272938444
22.9003806167181
22.9003806167181
999.99
999.99
999.99
999.99
999.99
999.99
999.99
999.99
999.99
999.99
999.99
999.99
999.99
999.99
999.99
999.99
999.99
999.99
999.99
999.99
999.99
999.99
999.99
999.99
999.99
999.99
999.99
999.99
999.99
999.99
999.99
999.99
999.99
999.99
999.99
999.99
999.99
999.99
999.99
999.99
999.99
999.99
999.99
999.99
999.99
999.99
999.99
999.99
999.99
999.99
999.99
999.99
999.99
999.99
999.99
999.99
999.99
999.99
999.99
999.99
999.99
23.4852195121951
23.338490779298
23.1305609756097
23.2616383105294
22.9894146341464
22.4296061867935
22.3630243902439
22.3394253420583
22.0665609756098
21.5925645449138
20.8377073170731
21.0661296847115
20.8434390243902
21.0921867935753
20.8666543723974
20.7025609756098
20.6339625223081
20.2846219512195
20.2700297441999
22.9003806167181
999.99
999.99
999.99
999.99
999.99
999.99
999.99
999.99
999.99
999.99
999.99
999.99
999.99
999.99
999.99
999.99
999.99
999.99
999.99
999.99
999.99
999.99
999.99
999.99
999.99
999.99
999.99
999.99
999.99
999.99
999.99
999.99
999.99
999.99
999.99
999.99
999.99
999.99
999.99
999.99
999.99
999.99
999.99
999.99
999.99
999.99
999.99
999.99
999.99
999.99
999.99
999.99
999.99
999.99
999.99
999.99
999.99
999.99
999.99
999.99
999.99
999.99
23.3417105464435
23.1640836236934
23.0364018016487
23.0421567944251
23.007406220787
22.8322195121951
22.4307902608991
23.0464320557491
23.001290728308
22.7767595818815
22.3442182374438
21.3569128919861
21.0998470298292
21.3372961672474
21.3115559615875
21.2483189428062
21.3815853658536
21.0512268207699
20.5354041811846
20.0036089912468
999.99
999.99
999.99
999.99
999.99
999.99
999.99
999.99
999.99
999.99
999.99
999.99
999.99
999.99
999.99
999.99
999.99
999.99
999.99
999.99
999.99
999.99
999.99
999.99
999.99
999.99
999.99
999.99
999.99
999.99
999.99
999.99
999.99
999.99
999.99
999.99
999.99
999.99
999.99
999.99
999.99
999.99
999.99
999.99
999.99
999.99
999.99
999.99
999.99
999.99
999.99
999.99
999.99
999.99
999.99
999.99
999.99
999.99
999.99
999.99
999.99
999.99
999.99
999.99
23.8766306620209
23.9562215517974
23.8728397212543
23.7103627942551
23.5265958188153
23.3698216197841
23.2178989547038
23.1049054134444
23.0367177700348
22.3736655052265
21.0928710801395
20.7552980368828
20.9982299651568
21.258113112943
21.7654136143451
21.4473031358885
21.2031753208125
20.8275574912891
30.1100854083371
22.9003806167181
999.99
999.99
999.99
999.99
999.99
999.99
999.99
999.99
999.99
999.99
999.99
999.99
999.99
999.99
999.99
999.99
999.99
999.99
999.99
999.99
999.99
999.99
999.99
999.99
999.99
999.99
999.99
999.99
999.99
999.99
999.99
999.99
999.99
999.99
999.99
999.99
999.99
999.99
999.99
999.99
999.99
999.99
999.99
999.99
999.99
999.99
999.99
999.99
999.99
999.99
999.99
999.99
999.99
999.99
999.99
999.99
999.99
999.99
999.99
999.99
999.99
23.8543554006968
23.9700013597348
23.9459094076655
23.8832541004504
23.7614494773519
23.8638443103595
23.5064634146342
23.2906830118127
23.2679721254355
23.1333624543214
23.043243902439
21.7513560805646
21.4118257839721
21.1954579756947
21.1304146341464
21.3123055154245
21.7065515424493
21.6042177700349
21.360792215518
21.017386759582
999.99
999.99
999.99
999.99
999.99
999.99
999.99
999.99
999.99
999.99
999.99
999.99
999.99
999.99
999.99
999.99
999.99
999.99
999.99
999.99
999.99
999.99
999.99
999.99
999.99
999.99
999.99
999.99
999.99
999.99
999.99
999.99
999.99
999.99
999.99
999.99
999.99
999.99
999.99
999.99
999.99
999.99
999.99
999.99
999.99
999.99
999.99
999.99
999.99
999.99
999.99
999.99
999.99
999.99
999.99
999.99
999.99
999.99
999.99
999.99
999.99
999.99
999.99
999.99
24.0208330925469
24.0114912891986
23.9481430271097
23.7106271777003
23.4651560295743
23.5050592334495
23.5360110478457
23.4827456445993
23.3492315798419
22.439331010453
22.1171096286225
21.9526585365854
21.7633915186538
21.6136933797909
21.5728269737401
21.487299651568
21.3917473867596
21.1837838021584
20.259881533101
22.9003806167181
999.99
999.99
999.99
999.99
999.99
999.99
999.99
999.99
999.99
999.99
999.99
999.99
999.99
999.99
999.99
999.99
999.99
999.99
999.99
999.99
999.99
999.99
999.99
999.99
999.99
999.99
999.99
999.99
999.99
999.99
999.99
999.99
999.99
999.99
999.99
999.99
999.99
999.99
999.99
999.99
999.99
999.99
999.99
999.99
999.99
999.99
999.99
999.99
999.99
999.99
999.99
999.99
999.99
999.99
999.99
999.99
999.99
999.99
999.99
999.99
999.99
999.99
23.9456968641115
24.0600532846095
23.942393728223
23.9321144726778
23.8614459930313
23.5236173196227
23.2246411149826
23.2112475567264
23.1583379790941
22.7455637800628
22.5647735191638
22.3186492733918
21.9486306620209
22.0743519163763
21.9685644599303
21.4489451856888
21.6201126030425
21.6880348432056
21.0200750403671
20.0855017421602
999.99
999.99
999.99
999.99
999.99
999.99
999.99
999.99
999.99
999.99
999.99
999.99
999.99
999.99
999.99
999.99
999.99
999.99
999.99
999.99
999.99
999.99
999.99
999.99
999.99
999.99
999.99
999.99
999.99
999.99
999.99
999.99
999.99
999.99
999.99
999.99
999.99
999.99
999.99
999.99
999.99
999.99
999.99
999.99
999.99
999.99
999.99
999.99
999.99
999.99
999.99
999.99
999.99
999.99
999.99
999.99
999.99
999.99
999.99
999.99
999.99
999.99
999.99
999.99
999.99
24.0718098556496
24.0182898056308
23.934518666003
23.7394318493608
23.5161841712295
23.0980651337275
22.9396714783474
22.8715355898457
22.8797655550025
22.4859179545704
22.4489497262319
22.5216961235416
22.4053578894973
21.9696481686071
21.7836326530612
21.3807292185167
20.7603767072563
20.2838357391737
20.3741726741857
20.5993469387755
999.99
999.99
999.99
999.99
999.99
999.99
999.99
999.99
999.99
999.99
999.99
999.99
999.99
999.99
999.99
999.99
999.99
999.99
999.99
999.99
999.99
999.99
999.99
999.99
999.99
999.99
999.99
999.99
999.99
999.99
999.99
999.99
999.99
999.99
999.99
999.99
999.99
999.99
999.99
999.99
999.99
999.99
999.99
999.99
999.99
999.99
999.99
999.99
999.99
999.99
999.99
999.99
999.99
999.99
999.99
999.99
999.99
999.99
999.99
999.99
999.99
999.99
999.99
23.818
23.8096216537775
23.9135365853658
23.9243753718025
23.8235609756098
23.510993456276
23.4067560975609
23.0958768590125
23.0175365853659
22.9389167162404
22.7494878048781
22.7008429506246
22.6733170731707
22.4975585960738
22.0629000594883
21.608256097561
21.0143854848304
20.4464512195122
20.8281439619274
20.8129512195122
999.99
999.99
999.99
999.99
999.99
999.99
999.99
999.99
999.99
999.99
999.99
999.99
999.99
999.99
999.99
999.99
999.99
999.99
999.99
999.99
999.99
999.99
999.99
999.99
999.99
999.99
999.99
999.99
999.99
999.99
999.99
999.99
999.99
999.99
999.99
999.99
999.99
999.99
999.99
999.99
999.99
999.99
999.99
999.99
999.99
999.99
999.99
999.99
999.99
999.99
999.99
999.99
999.99
999.99
999.99
999.99
999.99
999.99
999.99
999.99
999.99
999.99
23.8589293423497
24.0469442508711
23.8347106192864
23.7737984071677
23.758956221394
23.6694255848681
23.6875375444645
23.5554833250373
23.4919744685501
23.5379333001493
23.3325157522855
23.1981343952215
23.2752115844553
23.1233947237432
22.7476195291918
22.2367763600383
21.6945706819313
21.1039409243769
20.8393974614236
20.619631184062
999.99
999.99
999.99
999.99
999.99
999.99
999.99
999.99
999.99
999.99
999.99
999.99
999.99
999.99
999.99
999.99
999.99
999.99
999.99
999.99
999.99
999.99
999.99
999.99
999.99
999.99
999.99
999.99
999.99
999.99
999.99
999.99
999.99
999.99
999.99
999.99
999.99
999.99
999.99
999.99
999.99
999.99
999.99
999.99
999.99
999.99
999.99
999.99
999.99
999.99
999.99
999.99
999.99
999.99
999.99
999.99
999.99
999.99
999.99
999.99
999.99
999.99
999.99
24.2336657601768
24.3391567944251
24.5289473952579
24.0029477351916
23.8158300331435
23.6599825783972
23.2931654627348
23.5497108013938
23.682397297527
23.6664668989547
23.5130940766551
23.17193728223
22.9938925809467
22.7885017421603
22.4700781847539
21.8186781677573
21.5818606271777
20.9910925469533
20.7014616724739
30.5783706977057
999.99
999.99
999.99
999.99
999.99
999.99
999.99
999.99
999.99
999.99
999.99
999.99
999.99
999.99
999.99
999.99
999.99
999.99
999.99
999.99
999.99
999.99
999.99
999.99
999.99
999.99
999.99
999.99
999.99
999.99
999.99
999.99
999.99
999.99
999.99
999.99
999.99
999.99
999.99
999.99
999.99
999.99
999.99
999.99
999.99
999.99
999.99
999.99
999.99
999.99
999.99
999.99
999.99
999.99
999.99
999.99
999.99
999.99
999.99
999.99
999.99
23.8858458400612
24.1646864111498
24.0452491714116
24.0737944250871
23.9533618594374
24.0693031358885
24.0542410979859
24.0322891986063
24.0417849069431
23.5004529616724
23.414002379536
23.4495644599303
23.3611014702133
23.3216097560976
23.2467215093057
22.7628397212544
22.1731726013427
21.8171417523583
21.5502090592335
20.5389198606272
999.99
999.99
999.99
999.99
999.99
999.99
999.99
999.99
999.99
999.99
999.99
999.99
999.99
999.99
999.99
999.99
999.99
999.99
999.99
999.99
999.99
999.99
999.99
999.99
999.99
999.99
999.99
999.99
999.99
999.99
999.99
999.99
999.99
999.99
999.99
999.99
999.99
999.99
999.99
999.99
999.99
999.99
999.99
999.99
999.99
999.99
999.99
999.99
999.99
999.99
999.99
999.99
999.99
999.99
999.99
999.99
999.99
999.99
999.99
999.99
999.99
999.99
999.99
999.99
24.1245365853658
24.0977260984108
24.0866864111498
23.9382891986063
23.7854773519164
23.9927989292088
23.7477317073171
23.6000849834282
23.5972787456447
23.7153344947735
23.4968710801394
23.4588856123056
23.2763902439025
23.0570670519249
22.8119477351916
22.1024780317838
21.843949009943
21.0963763066202
20.7862157729243
20.3273745644599
999.99
999.99
999.99
999.99
999.99
999.99
999.99
999.99
999.99
999.99
999.99
999.99
999.99
999.99
999.99
999.99
999.99
999.99
999.99
999.99
999.99
999.99
999.99
999.99
999.99
999.99
999.99
999.99
999.99
999.99
999.99
999.99
999.99
999.99
999.99
999.99
999.99
999.99
999.99
999.99
999.99
999.99
999.99
999.99
999.99
999.99
999.99
999.99
999.99
999.99
999.99
999.99
999.99
999.99
999.99
999.99
999.99
999.99
999.99
999.99
999.99
999.99
999.99
23.976
23.9982116087363
24.0971672473868
24.0892543554007
23.9925505226481
23.8420244752273
23.7232578397213
23.442248661511
23.4848118466899
23.2610939916716
23.2288675958188
23.2779401716665
22.6891881533101
22.6168675958188
22.4214181184669
22.2443547208294
21.6459423812356
20.8934634146342
20.5850726608311
22.9003806167181
999.99
999.99
999.99
999.99
999.99
999.99
999.99
999.99
999.99
999.99
999.99
999.99
999.99
999.99
999.99
999.99
999.99
999.99
999.99
999.99
999.99
999.99
999.99
999.99
999.99
999.99
999.99
999.99
999.99
999.99
999.99
999.99
999.99
999.99
999.99
999.99
999.99
999.99
999.99
999.99
999.99
999.99
999.99
999.99
999.99
999.99
999.99
999.99
999.99
999.99
999.99
999.99
999.99
999.99
999.99
999.99
999.99
999.99
999.99
999.99
999.99
999.99
23.9433223421433
24.0815470383275
24.1666141752358
24.1493031358885
24.0372328545934
24.0768362369338
24.080146851364
24.1169930313589
23.716242712671
23.4730104529617
23.2861212713521
22.6588745644599
22.7445828163509
22.4220209059234
22.4604318857823
22.2427770034843
21.7443839551287
21.3408610520948
21.0495400696864
20.9146469788391
999.99
999.99
999.99
999.99
999.99
999.99
999.99
999.99
999.99
999.99
999.99
999.99
999.99
999.99
999.99
999.99
999.99
999.99
999.99
999.99
999.99
999.99
999.99
999.99
999.99
999.99
999.99
999.99
999.99
999.99
999.99
999.99
999.99
999.99
999.99
999.99
999.99
999.99
999.99
999.99
999.99
999.99
999.99
999.99
999.99
999.99
999.99
999.99
999.99
999.99
999.99
999.99
999.99
999.99
999.99
999.99
999.99
999.99
999.99
999.99
999.99
999.99
23.7459756097562
23.8459363474123
23.6208292682927
23.8877846519929
23.7294878048781
23.6640184414039
23.4853170731707
23.3851802498513
23.6034634146342
23.5331939321832
22.7121463414633
22.0977721594288
22.3355609756098
22.4969559785842
22.2283414634146
22.1665544318858
22.0003902439024
21.8736829268293
21.5672986317668
21.347243902439
999.99
999.99
999.99
999.99
999.99
999.99
999.99
999.99
999.99
999.99
999.99
999.99
999.99
999.99
999.99
999.99
999.99
999.99
999.99
999.99
999.99
999.99
999.99
999.99
999.99
999.99
999.99
999.99
999.99
999.99
999.99
999.99
999.99
999.99
999.99
999.99
999.99
999.99
999.99
999.99
999.99
999.99
999.99
999.99
999.99
999.99
999.99
999.99
999.99
999.99
999.99
999.99
999.99
999.99
999.99
999.99
999.99
999.99
999.99
999.99
999.99
999.99
999.99
23.6688897461424
23.4587639747154
23.3296224489796
23.2731667597438
23.0496096731375
23.0932641831272
23.3453008130081
22.9075864787319
22.8083344118135
22.5047587300238
22.4574364526298
22.6073849182743
22.7102399203584
22.6998255533028
22.5769633316741
22.2615144107614
22.0908237099718
21.9691715269094
21.6148642571841
21.0526387921022
999.99
999.99
999.99
999.99
999.99
999.99
999.99
999.99
999.99
999.99
999.99
999.99
999.99
999.99
999.99
999.99
999.99
999.99
999.99
999.99
999.99
999.99
999.99
999.99
999.99
999.99
999.99
999.99
999.99
999.99
999.99
999.99
999.99
999.99
999.99
999.99
999.99
999.99
999.99
999.99
999.99
999.99
999.99
999.99
999.99
999.99
999.99
999.99
999.99
999.99
999.99
999.99
999.99
999.99
999.99
999.99
999.99
999.99
999.99
999.99
999.99
999.99
999.99
999.99
22.614825359055
23.0628222996515
23.0171580691765
22.9532369337979
23.2957151355486
23.093487804878
22.8889930313589
22.3555226480836
22.2697037477692
22.6067003484321
22.7798145661596
22.879181184669
22.9642839296338
22.4423484320558
22.0615002124586
21.9135400696864
21.8614494773519
21.3617506586216
21.2046358885017
22.6067069771373
999.99
999.99
999.99
999.99
999.99
999.99
999.99
999.99
999.99
999.99
999.99
999.99
999.99
999.99
999.99
999.99
999.99
999.99
999.99
999.99
999.99
999.99
999.99
999.99
999.99
999.99
999.99
999.99
999.99
999.99
999.99
999.99
999.99
999.99
999.99
999.99
999.99
999.99
999.99
999.99
999.99
999.99
999.99
999.99
999.99
999.99
999.99
999.99
999.99
999.99
999.99
999.99
999.99
999.99
999.99
999.99
999.99
999.99
23.5275363971883
23.2921281529864
23.3431963663514
23.1995272108843
23.3074871411979
23.1647114246055
23.3463806205409
23.1926274953765
22.9320442176871
22.9810029056239
23.0756353907416
22.8587305094554
22.96131226149
22.9585743321719
23.057674547868
23.21673343329
23.1665272108844
22.5865277531597
21.8068429566949
21.5703128138823
999.99
999.99
999.99
999.99
999.99
999.99
999.99
999.99
999.99
999.99
999.99
999.99
999.99
999.99
999.99
999.99
999.99
999.99
999.99
999.99
999.99
999.99
999.99
999.99
999.99
999.99
999.99
999.99
999.99
999.99
999.99
999.99
999.99
999.99
999.99
999.99
999.99
999.99
999.99
999.99
999.99
999.99
999.99
999.99
999.99
999.99
999.99
999.99
999.99
999.99
999.99
999.99
999.99
999.99
999.99
999.99
999.99
999.99
999.99
999.99
23.4956149825784
23.4864684286564
23.5432595818815
23.6754301861137
23.7019242797654
23.5024181184669
23.2714121696269
23.2313588850174
23.0604085153395
23.2931080139372
23.206615195037
23.076456445993
22.814488399762
22.8722229965157
22.8975966686496
22.9129163763066
23.0138630067137
23.0002404181185
22.9998512790006
22.7527979094077
999.99
999.99
999.99
999.99
999.99
999.99
999.99
999.99
999.99
999.99
999.99
999.99
999.99
999.99
999.99
999.99
999.99
999.99
999.99
999.99
999.99
999.99
999.99
999.99
999.99
999.99
999.99
999.99
999.99
999.99
999.99
999.99
999.99
999.99
999.99
999.99
999.99
999.99
999.99
999.99
999.99
999.99
999.99
999.99
999.99
999.99
999.99
999.99
999.99
999.99
999.99
999.99
999.99
999.99
999.99
999.99
999.99
999.99
999.99
23.8812594159615
23.7635554011015
23.6284039323047
24.0632397078999
23.5220266301643
23.2994829931973
22.9753735689397
23.3449530992647
23.3596719032646
23.4275176704829
23.6535569044988
23.5660126928821
23.512590877636
23.4990647088104
23.3006942012974
23.3255121951219
23.3715324515291
23.4585464576074
23.3845314438685
23.3665617222499
999.99
999.99
999.99
999.99
999.99
999.99
999.99
999.99
999.99
999.99
999.99
999.99
999.99
999.99
999.99
999.99
999.99
999.99
999.99
999.99
999.99
999.99
999.99
999.99
999.99
999.99
999.99
999.99
999.99
999.99
999.99
999.99
999.99
999.99
999.99
999.99
999.99
999.99
999.99
999.99
999.99
999.99
999.99
999.99
999.99
999.99
999.99
999.99
999.99
999.99
999.99
999.99
999.99
999.99
999.99
999.99
999.99
23.4550818815331
23.443279425512
23.6165923344948
23.2689860627178
23.2806219512195
23.6069824934139
23.1132038327526
21.8682037902608
21.7885400696865
23.1206968641115
23.184331010453
23.4205037817626
23.1800226480836
23.3549774793915
23.5050569388969
23.23506271777
23.3847190447863
23.4545888501742
23.44600892326
23.5853554006968
999.99
999.99
999.99
999.99
999.99
999.99
999.99
999.99
999.99
999.99
999.99
999.99
999.99
999.99
999.99
999.99
999.99
999.99
999.99
999.99
999.99
999.99
999.99
999.99
999.99
999.99
999.99
999.99
999.99
999.99
999.99
999.99
999.99
999.99
999.99
999.99
999.99
999.99
999.99
999.99
999.99
999.99
999.99
999.99
999.99
999.99
999.99
999.99
999.99
999.99
999.99
999.99
999.99
999.99
999.99
999.99
999.99
999.99
999.99
999.99
24.2379875074361
23.9416951219513
23.5423212373587
23.4430853658537
23.4629113622843
23.3792926829268
23.1304146341463
23.1221341463414
23.1456085663296
22.5098292682926
22.421254015467
22.511012195122
22.6724449732303
22.867756097561
22.925763236169
23.2100487804878
23.151769185009
22.4968262938727
22.4194146341463
22.4234217727543
22.4621951219512
22.6516329565735
22.8142926829268
22.8270678167757
999.99
999.99
999.99
999.99
999.99
999.99
999.99
999.99
999.99
999.99
999.99
999.99
999.99
999.99
999.99
999.99
999.99
999.99
999.99
999.99
999.99
999.99
999.99
999.99
999.99
999.99
999.99
999.99
999.99
999.99
999.99
999.99
999.99
999.99
999.99
999.99
999.99
999.99
999.99
999.99
999.99
999.99
999.99
999.99
999.99
999.99
999.99
999.99
999.99
999.99
999.99
24.078787456446
24.3200407920455
24.0884146341464
24.1525607206595
24.1033583751168
23.9989825783972
23.8683324551712
24.0692351916376
24.0311493158835
23.9211445993032
23.7801723463925
23.8094407665505
23.6560490354381
23.3702160278746
22.9886759581881
22.9129634146341
22.9891247556726
22.8161393728223
22.7487249086428
22.6837613240419
23.3627169202005
23.4396114982578
23.281834282315
23.3835470383275
23.2869451007054
23.0246147701198
22.7632020905923
22.4760756352511
22.2004738675957
22.1980118976799
999.99
999.99
999.99
999.99
999.99
999.99
999.99
999.99
999.99
999.99
999.99
999.99
999.99
999.99
999.99
999.99
999.99
999.99
999.99
999.99
999.99
999.99
999.99
999.99
999.99
999.99
999.99
999.99
999.99
999.99
999.99
999.99
999.99
999.99
999.99
999.99
999.99
999.99
999.99
999.99
999.99
999.99
999.99
999.99
999.99
999.99
23.6158675108354
23.7924006968641
999.99
23.7162857142857
23.7980076485085
24.2125400696865
24.3151630831988
24.4456794425087
24.6767012832498
24.5703519163764
24.4502920030594
23.9550426616809
24.2419337979095
24.1402086343164
23.3883536585365
23.4673311804199
23.2037961672475
23.0575156794425
23.0512020905923
23.4064855103254
23.3947804878049
23.2840418118466
22.3000331010452
21.8733867595819
22.2132090592335
22.0063478371717
22.4591655052265
22.6096916801224
23.1398728222996
23.3660322087193
23.1508153310104
999.99
999.99
999.99
999.99
999.99
999.99
999.99
999.99
999.99
999.99
999.99
999.99
999.99
999.99
999.99
999.99
999.99
999.99
999.99
999.99
999.99
999.99
999.99
999.99
999.99
999.99
999.99
999.99
999.99
999.99
999.99
999.99
999.99
999.99
999.99
999.99
999.99
999.99
999.99
999.99
999.99
999.99
999.99
999.99
999.99
999.99
999.99
999.99
23.4266561287216
23.386568607931
23.3187189152877
23.0834650738344
23.3172789115646
23.6054151319064
23.8665312395036
23.9452948398872
24.0630810984715
24.5069724572758
25.1090816326531
24.4709623361542
23.6457102955401
23.1529406006306
22.2953657889093
22.3809508633911
22.4160368342457
23.53408701089
23.5558970466235
23.6550476190476
22.7503743155799
23.2318934712493
23.9821607765057
23.7324142739787
22.238430977269
21.8125306122449
21.885993612079
22.309402914527
22.5598987058238
999.99
999.99
999.99
999.99
999.99
999.99
999.99
999.99
999.99
999.99
999.99
999.99
999.99
999.99
999.99
999.99
999.99
999.99
999.99
999.99
999.99
999.99
999.99
999.99
999.99
999.99
999.99
999.99
999.99
999.99
999.99
999.99
999.99
999.99
999.99
999.99
999.99
999.99
999.99
999.99
999.99
999.99
999.99
999.99
999.99
999.99
999.99
999.99
999.99
999.99
999.99
23.1689163763066
23.3600197161554
23.530850174216
23.4538467748789
23.5470418118467
23.6203867595819
23.6335923344948
23.506092886887
23.091574912892
23.2019114472678
23.8415714285714
24.3823791110734
23.9707142857144
23.7466601512705
23.4758571428571
24.6934374946884
23.9261358885018
23.3047685051415
23.3417475142347
23.5348048780488
23.5286818220447
23.4968083623694
23.0039738251042
22.9807212543554
22.8580431715816
22.4768379790942
22.2342620888927
21.985980836237
21.8453972125436
999.99
999.99
999.99
999.99
999.99
999.99
999.99
999.99
999.99
999.99
999.99
999.99
999.99
999.99
999.99
999.99
999.99
999.99
999.99
999.99
999.99
999.99
999.99
999.99
999.99
999.99
999.99
999.99
999.99
999.99
999.99
999.99
999.99
999.99
999.99
999.99
999.99
999.99
999.99
999.99
999.99
999.99
23.7634282598226
999.99
999.99
23.2836011282562
23.4901040966059
23.6042458105193
23.4625874621116
23.403550273768
23.2457808722538
23.1759115646258
23.3094732039157
23.3981925684016
23.5612138709142
23.4928052139357
23.4538662684586
23.5200279352669
23.7358558154969
23.6521033600829
23.7119399369504
23.5984078030975
23.7036119130579
23.4464511041776
23.5599925335988
23.8532125152262
23.809537414966
23.6801387941256
23.3781161440186
23.3952568563415
23.3551134892982
23.2271089123335
23.453845273505
23.7160453791273
23.187539960422
23.1844444167911
999.99
999.99
999.99
999.99
999.99
999.99
999.99
999.99
999.99
999.99
999.99
999.99
999.99
999.99
999.99
999.99
999.99
999.99
999.99
999.99
999.99
999.99
999.99
999.99
999.99
999.99
999.99
999.99
999.99
999.99
999.99
999.99
999.99
999.99
999.99
999.99
999.99
999.99
999.99
999.99
999.99
999.99
999.99
999.99
999.99
999.99
999.99
999.99
999.99
23.4506525877454
23.387031358885
23.0018660661171
23.2397822299652
23.3107558426107
23.068524390244
22.4302020056089
22.1258083623693
21.9742852043851
22.4313461375032
22.689756097561
22.8499434010368
23.0027595818815
23.1226720489504
22.9815888501742
23.2887891561146
23.3596167247386
23.743640010198
23.6935052264808
24.0771211863687
23.8699128919861
23.5891838191553
23.6325958188153
23.5437065522223
23.4633310104529
23.3531189767995
999.99
999.99
999.99
999.99
999.99
999.99
999.99
999.99
999.99
999.99
999.99
999.99
999.99
999.99
999.99
999.99
999.99
999.99
999.99
999.99
999.99
999.99
999.99
999.99
999.99
999.99
999.99
999.99
999.99
999.99
999.99
999.99
999.99
999.99
999.99
999.99
999.99
999.99
999.99
999.99
999.99
999.99
999.99
999.99
999.99
999.99
999.99
999.99
999.99
999.99
999.99
999.99
999.99
999.99
999.99
999.99
999.99
23.1222493130507
23.2004668989547
23.1936596413699
22.7466794425087
22.3891409308518
22.7266329849012
22.6793725673493
22.5701817653891
22.5592349791791
22.1960039658933
22.4267595818815
21.964316733237
21.9468466898955
22.4521294580889
22.303231126597
22.3661890314722
22.6014088269454
23.1644931305062
23.7347084785134
999.99
999.99
23.6516159598878
999.99
999.99
999.99
999.99
999.99
999.99
999.99
999.99
999.99
999.99
999.99
999.99
999.99
999.99
999.99
999.99
999.99
999.99
999.99
999.99
999.99
999.99
999.99
999.99
999.99
999.99
999.99
999.99
999.99
999.99
999.99
999.99
999.99
999.99
999.99
999.99
999.99
999.99
999.99
999.99
999.99
999.99
999.99
999.99
999.99
999.99
999.99
999.99
999.99
999.99
999.99
999.99
999.99
999.99
999.99
999.99
999.99
999.99
999.99
999.99
999.99
22.758331605337
21.9092560975609
21.7470531146427
21.3674390243902
21.5278814481176
21.2922822299653
21.6512173876094
22.4112770034844
22.4968595223932
22.4038896915102
22.2986411149826
21.9408997195547
21.9906724738676
22.4535679442509
22.5919163763066
999.99
999.99
999.99
999.99
999.99
999.99
999.99
999.99
999.99
999.99
999.99
999.99
999.99
999.99
999.99
999.99
999.99
999.99
999.99
999.99
999.99
999.99
999.99
999.99
999.99
999.99
999.99
999.99
999.99
999.99
999.99
999.99
999.99
999.99
999.99
999.99
999.99
999.99
999.99
999.99
999.99
999.99
999.99
999.99
999.99
999.99
999.99
999.99
999.99
999.99
999.99
999.99
999.99
999.99
999.99
999.99
999.99
999.99
999.99
999.99
999.99
999.99
999.99
999.99
999.99
999.99
999.99
999.99
21.1835106654202
21.2949442508711
22.2193181779553
22.730649825784
22.3154657941701
22.3183867595818
22.7287249936262
22.5189773519164
22.8434923939832
21.9379265743179
22.9043101045296
22.0926117956998
999.99
999.99
999.99
999.99
999.99
999.99
999.99
999.99
999.99
999.99
999.99
999.99
999.99
999.99
999.99
999.99
999.99
999.99
999.99
999.99
999.99
999.99
999.99
999.99
999.99
999.99
999.99
999.99
999.99
999.99
999.99
999.99
999.99
999.99
999.99
999.99
999.99
999.99
999.99
999.99
999.99
999.99
999.99
999.99
999.99
999.99
999.99
999.99
999.99
999.99
999.99
999.99
999.99
999.99
999.99
999.99
999.99
999.99
999.99
999.99
999.99
999.99
999.99
999.99
999.99
999.99
999.99
999.99
999.99
999.99
999.99
999.99
21.7825331010452
21.4727073170732
999.99
999.99
999.99
999.99
999.99
999.99
999.99
999.99
999.99
999.99
999.99
999.99
999.99
999.99
999.99
999.99
999.99
999.99
999.99
999.99
999.99
999.99
999.99
999.99
999.99
999.99
999.99
999.99
999.99
999.99
999.99
999.99
999.99
999.99
999.99
999.99
999.99
999.99
999.99
999.99
999.99
999.99
999.99
999.99
999.99
999.99
999.99
999.99
999.99
999.99
999.99
999.99
999.99
999.99
999.99
999.99
999.99
999.99
999.99
999.99
999.99
999.99
999.99
999.99
999.99
999.99
999.99
999.99
999.99
999.99
999.99
999.99
999.99
999.99
999.99
999.99
999.99
999.99
999.99
999.99
999.99
999.99
999.99
999.99
999.99
999.99
999.99
999.99
999.99
999.99
999.99
999.99
999.99
999.99
999.99
999.99
999.99
999.99
999.99
999.99
999.99
999.99
999.99
999.99
999.99
999.99
999.99
999.99
999.99
999.99
999.99
999.99
999.99
999.99
999.99
999.99
999.99
999.99
999.99
999.99
999.99
999.99
999.99
999.99
999.99
999.99
999.99
999.99
999.99
999.99
999.99
999.99
999.99
999.99
999.99
999.99
999.99
999.99
999.99
999.99
999.99
999.99
999.99
999.99
999.99
999.99
999.99
999.99
999.99
999.99
999.99
999.99
999.99
999.99
999.99
999.99
999.99
999.99
999.99
999.99
999.99
999.99
999.99
999.99
999.99
999.99
999.99
999.99
999.99
999.99
999.99
999.99
999.99
999.99
999.99
999.99
999.99
999.99
999.99
999.99
999.99
999.99
999.99
999.99
999.99
999.99
999.99
999.99
999.99
999.99
999.99
999.99
999.99
999.99
999.99
999.99
999.99
999.99
999.99
999.99
999.99
999.99
999.99
999.99
999.99
999.99
999.99
999.99
999.99
999.99
999.99
999.99
999.99
999.99
999.99
999.99
999.99
999.99
999.99
999.99
999.99
999.99
999.99
999.99
999.99
999.99
999.99
999.99
999.99
999.99
999.99
999.99
999.99
999.99
999.99
999.99
999.99
999.99
999.99
999.99
999.99
999.99
999.99
999.99
999.99
999.99
999.99
999.99
999.99
999.99
999.99
999.99
999.99
999.99
999.99
999.99
999.99
999.99
999.99
999.99
999.99
999.99
999.99
999.99
999.99
999.99
999.99
999.99
999.99
999.99
999.99
999.99
999.99
999.99
999.99
999.99
999.99
999.99
999.99
999.99
999.99
999.99
999.99
999.99
999.99
999.99
999.99
999.99
999.99
999.99
999.99
999.99
999.99
999.99
999.99
999.99
999.99
999.99
999.99
999.99
999.99
999.99
999.99
999.99
999.99
999.99
999.99
999.99
999.99
999.99
999.99
999.99
999.99
999.99
999.99
999.99
999.99
999.99
999.99
999.99
999.99
999.99
999.99
999.99
999.99
999.99
999.99
999.99
999.99
999.99
999.99
999.99
999.99
999.99
999.99
999.99
999.99
999.99
999.99
999.99
999.99
999.99
999.99
999.99
999.99
999.99
999.99
999.99
999.99
999.99
999.99
999.99
999.99
999.99
999.99
999.99
999.99
999.99
999.99
999.99
999.99
999.99
999.99
999.99
999.99
999.99
999.99
999.99
999.99
999.99
999.99
999.99
999.99
999.99
999.99
999.99
999.99
999.99
999.99
999.99
999.99
999.99
999.99
999.99
999.99
999.99
999.99
999.99
999.99
999.99
999.99
999.99
999.99
999.99
999.99
999.99
999.99
999.99
999.99
999.99
999.99
999.99
999.99
999.99
999.99
999.99
999.99
999.99
999.99
999.99
999.99
