999.99
999.99
999.99
999.99
999.99
999.99
999.99
999.99
999.99
999.99
999.99
999.99
999.99
999.99
999.99
999.99
999.99
999.99
999.99
999.99
999.99
999.99
999.99
999.99
999.99
999.99
999.99
999.99
999.99
999.99
999.99
999.99
999.99
999.99
999.99
999.99
999.99
999.99
999.99
999.99
999.99
999.99
999.99
999.99
999.99
999.99
999.99
999.99
999.99
999.99
999.99
999.99
999.99
999.99
999.99
999.99
999.99
999.99
999.99
999.99
999.99
999.99
999.99
999.99
999.99
999.99
999.99
999.99
999.99
999.99
999.99
999.99
999.99
999.99
999.99
999.99
999.99
999.99
999.99
999.99
999.99
999.99
999.99
999.99
999.99
999.99
999.99
999.99
999.99
999.99
999.99
999.99
999.99
999.99
999.99
999.99
999.99
999.99
999.99
999.99
999.99
999.99
999.99
999.99
999.99
999.99
999.99
999.99
999.99
999.99
999.99
999.99
999.99
999.99
999.99
999.99
999.99
999.99
999.99
999.99
999.99
999.99
999.99
999.99
999.99
999.99
999.99
999.99
999.99
999.99
999.99
999.99
999.99
999.99
18.2658702303051
18.2352325146596
17.9468153310104
17.854394323107
17.7949547038328
17.7246621908728
17.495993031359
17.6161269652418
18.0168327526132
18.2045484830458
18.1225679442508
18.0281724313759
18.4549024390244
19.0276900654373
18.9715226480836
19.0094438684457
18.9325505226481
18.9550789496048
18.6606724738676
18.4858466898955
18.3835818815331
999.99
999.99
999.99
999.99
999.99
999.99
999.99
999.99
999.99
999.99
999.99
999.99
999.99
999.99
999.99
999.99
999.99
999.99
999.99
999.99
999.99
999.99
999.99
999.99
999.99
999.99
999.99
999.99
999.99
999.99
999.99
999.99
999.99
999.99
999.99
999.99
999.99
999.99
999.99
999.99
999.99
999.99
999.99
999.99
999.99
999.99
999.99
999.99
999.99
999.99
999.99
999.99
999.99
999.99
999.99
999.99
999.99
999.99
999.99
999.99
999.99
999.99
18.0184317643774
18.2145316684675
18.4230174216028
18.3771385108475
18.5204917869588
18.9480448044774
18.8786590343454
19.0220785671794
19.1820980587357
19.2795840303998
19.2878265306122
19.1994389333366
19.3626274265804
19.3651459772487
19.1800092085615
18.8790714285714
19.0046891488303
18.5480577826611
18.3685791438527
18.113632719834
17.806518666003
999.99
999.99
999.99
999.99
999.99
999.99
999.99
999.99
999.99
999.99
999.99
999.99
999.99
999.99
999.99
999.99
999.99
999.99
999.99
999.99
999.99
999.99
999.99
999.99
999.99
999.99
999.99
999.99
999.99
999.99
999.99
999.99
999.99
999.99
999.99
999.99
999.99
999.99
999.99
999.99
999.99
999.99
999.99
999.99
999.99
999.99
999.99
999.99
999.99
999.99
999.99
999.99
999.99
999.99
999.99
999.99
999.99
999.99
999.99
999.99
999.99
999.99
18.3306333814906
17.3379507096116
18.1578641114983
18.2906820769952
19.052543554007
18.7107488739696
18.4136829268293
18.4132527407156
18.5082891986063
18.6462259709357
18.5313588850174
18.7983763066202
18.9249651567944
19.4970973060253
18.4304668989544
17.5472569049032
18.1993414634146
18.6286965241778
18.1773693379792
17.4855848559531
17.4670731707317
999.99
999.99
999.99
999.99
999.99
999.99
999.99
999.99
999.99
999.99
999.99
999.99
999.99
999.99
999.99
999.99
999.99
999.99
999.99
999.99
999.99
999.99
999.99
999.99
999.99
999.99
999.99
999.99
999.99
999.99
999.99
999.99
999.99
999.99
999.99
999.99
999.99
999.99
999.99
999.99
999.99
999.99
999.99
999.99
999.99
999.99
999.99
999.99
999.99
999.99
999.99
999.99
999.99
999.99
999.99
999.99
999.99
999.99
999.99
999.99
999.99
999.99
20.0881695020792
18.172891646129
18.2235470383275
17.8505008073427
18.5016376306621
18.8735811166823
20.0881695020792
34.1715458485765
18.8083205574913
18.8101140477607
18.5956167247387
18.4524111498258
18.8039128919861
19.1633987422453
20.0881695020792
20.0881695020792
17.9874006968641
18.3625449137418
18.1557421602789
17.6649407665505
39.1980801393742
999.99
999.99
999.99
999.99
999.99
999.99
999.99
999.99
999.99
999.99
999.99
999.99
999.99
999.99
999.99
999.99
999.99
999.99
999.99
999.99
999.99
999.99
999.99
999.99
999.99
999.99
999.99
999.99
999.99
999.99
999.99
999.99
999.99
999.99
999.99
999.99
999.99
999.99
999.99
999.99
999.99
999.99
999.99
999.99
999.99
999.99
999.99
999.99
999.99
999.99
999.99
999.99
999.99
999.99
999.99
999.99
999.99
999.99
999.99
999.99
999.99
999.99
999.99
17.935796379706
18.0076202090592
33.4042790006105
20.0881695020792
18.6035293617744
18.5720557491289
20.0881695020792
20.0881695020792
21.2649175660777
20.0881695020792
20.0881695020792
20.0881695020792
19.9832316648254
19.6262717770032
19.0431358885017
39.6387038327532
18.225795019971
17.9654146341464
17.6543252315799
17.6833972125436
20.0881695020792
999.99
999.99
999.99
999.99
999.99
999.99
999.99
999.99
999.99
999.99
999.99
999.99
999.99
999.99
999.99
999.99
999.99
999.99
999.99
999.99
999.99
999.99
999.99
999.99
999.99
999.99
999.99
999.99
999.99
999.99
999.99
999.99
999.99
999.99
999.99
999.99
999.99
999.99
999.99
999.99
999.99
999.99
999.99
999.99
999.99
999.99
999.99
999.99
999.99
999.99
999.99
999.99
999.99
999.99
999.99
999.99
999.99
999.99
999.99
999.99
999.99
18.4053293107844
18.2284055409195
18.1370522648084
33.6437668054885
20.0881695020792
20.0881695020792
20.0881695020792
20.0881695020792
19.4034111498258
20.0881695020792
20.2022926829268
20.1900618679357
20.0881695020792
33.1671878133757
33.0354529616717
20.0881695020792
20.0881695020792
18.3044915441488
18.3370348432056
17.8504516869211
17.350543554007
999.99
999.99
999.99
999.99
999.99
999.99
999.99
999.99
999.99
999.99
999.99
999.99
999.99
999.99
999.99
999.99
999.99
999.99
999.99
999.99
999.99
999.99
999.99
999.99
999.99
999.99
999.99
999.99
999.99
999.99
999.99
999.99
999.99
999.99
999.99
999.99
999.99
999.99
999.99
999.99
999.99
999.99
999.99
999.99
999.99
999.99
999.99
999.99
999.99
999.99
999.99
999.99
999.99
999.99
999.99
999.99
999.99
999.99
999.99
999.99
999.99
999.99
999.99
999.99
25.5955040650448
20.0881695020792
20.0881695020792
30.0676759865179
20.0881695020792
18.9001904761905
18.6614529616725
20.0881695020792
19.5601591173054
20.0881695020792
19.3112322880371
19.388927310841
19.1951614401857
17.5097962947221
17.5160952380952
17.6895891617802
18.0743019744483
17.8684544347186
17.6498710801394
17.6892657148523
20.0881695020792
999.99
999.99
999.99
999.99
999.99
999.99
999.99
999.99
999.99
999.99
999.99
999.99
999.99
999.99
999.99
999.99
999.99
999.99
999.99
999.99
999.99
999.99
999.99
999.99
999.99
999.99
999.99
999.99
999.99
999.99
999.99
999.99
999.99
999.99
999.99
999.99
999.99
999.99
999.99
999.99
999.99
999.99
999.99
999.99
999.99
999.99
999.99
999.99
999.99
999.99
999.99
999.99
999.99
999.99
999.99
999.99
999.99
999.99
999.99
999.99
999.99
999.99
999.99
19.8856898954704
19.930905923345
25.2578193252357
20.0881695020792
20.0881695020792
20.0881695020792
20.0881695020792
20.0881695020792
20.8533984873049
19.9238048780488
20.0295497577972
19.657825783972
18.5083871844988
18.363212543554
18.4464410639925
18.5465156794425
18.5454690235404
18.6042857142857
18.6494076655052
18.4462167927254
18.3749843205575
999.99
999.99
999.99
999.99
999.99
999.99
999.99
999.99
999.99
999.99
999.99
999.99
999.99
999.99
999.99
999.99
999.99
999.99
999.99
999.99
999.99
999.99
999.99
999.99
999.99
999.99
999.99
999.99
999.99
999.99
999.99
999.99
999.99
999.99
999.99
999.99
999.99
999.99
999.99
999.99
999.99
999.99
999.99
999.99
999.99
999.99
999.99
999.99
999.99
999.99
999.99
999.99
999.99
999.99
999.99
999.99
999.99
999.99
18.372612244898
18.3872973529686
37.8812076347502
19.1385551684088
19.2386903527622
30.6253087771922
20.0881695020792
19.2147078148333
20.0881695020792
20.0881695020792
20.0881695020792
19.5988700846069
19.434107928964
23.5105905093748
20.2556573872857
20.2222457275593
20.0885337444912
18.8955204911233
19.9275850340136
19.2453829434213
18.9698445491224
999.99
999.99
999.99
999.99
999.99
999.99
999.99
999.99
999.99
999.99
999.99
999.99
999.99
999.99
999.99
999.99
999.99
999.99
999.99
999.99
999.99
999.99
999.99
999.99
999.99
999.99
999.99
999.99
999.99
999.99
999.99
999.99
999.99
999.99
999.99
999.99
999.99
999.99
999.99
999.99
999.99
999.99
999.99
999.99
999.99
999.99
999.99
999.99
999.99
999.99
999.99
999.99
999.99
999.99
999.99
999.99
999.99
999.99
999.99
999.99
999.99
999.99
999.99
18.4471986062718
18.4098014787117
21.0377630662045
20.6389147616243
19.1980662020906
19.1134313758817
19.4654250871079
22.4440516699268
19.6239581881533
19.6462405031019
22.692310104532
18.1622236763831
20.0881695020792
20.027258179655
20.089794425087
19.3946213138437
18.6157630662021
22.3967928953875
19.1111149825787
18.0868661511005
18.8981846689896
999.99
999.99
999.99
999.99
999.99
999.99
999.99
999.99
999.99
999.99
999.99
999.99
999.99
999.99
999.99
999.99
999.99
999.99
999.99
999.99
999.99
999.99
999.99
999.99
999.99
999.99
999.99
999.99
999.99
999.99
999.99
999.99
999.99
999.99
999.99
999.99
999.99
999.99
999.99
999.99
999.99
999.99
999.99
999.99
999.99
999.99
999.99
999.99
999.99
999.99
999.99
999.99
999.99
999.99
999.99
999.99
999.99
999.99
999.99
999.99
999.99
999.99
18.6822723799811
18.8359976164172
18.4986880703501
18.629495445293
18.767699850672
18.7543192746462
18.777612742658
19.3260736442107
19.5122173552348
19.5716598639456
19.6072609922018
19.7573581606349
19.8941048614568
19.9749021719336
20.1110282064045
20.2543853512851
19.5640043139207
20.2711512340806
19.9667582545214
19.491849101806
19.381336983574
999.99
999.99
999.99
999.99
999.99
999.99
999.99
999.99
999.99
999.99
999.99
999.99
999.99
999.99
999.99
999.99
999.99
999.99
999.99
999.99
999.99
999.99
999.99
999.99
999.99
999.99
999.99
999.99
999.99
999.99
999.99
999.99
999.99
999.99
999.99
999.99
999.99
999.99
999.99
999.99
999.99
999.99
999.99
999.99
999.99
999.99
999.99
999.99
999.99
999.99
999.99
999.99
999.99
999.99
999.99
999.99
999.99
999.99
999.99
999.99
999.99
999.99
999.99
999.99
999.99
999.99
18.7314355400697
18.8152036202941
18.9313275261324
19.1835843460524
19.6261916376306
19.7617425002125
19.9589198606272
19.8702093141837
20.1892299651568
20.3620608481346
20.3026236933798
20.2952759411914
20.0242369337979
20.033654287414
20.4089965156795
20.2537841420923
19.4342891986062
19.6395335259624
19.2572162828248
19.1576986062718
19.1273050055239
999.99
999.99
999.99
999.99
999.99
999.99
999.99
999.99
999.99
999.99
999.99
999.99
999.99
999.99
999.99
999.99
999.99
999.99
999.99
999.99
999.99
999.99
999.99
999.99
999.99
999.99
999.99
999.99
999.99
999.99
999.99
999.99
999.99
999.99
999.99
999.99
999.99
999.99
999.99
999.99
999.99
999.99
999.99
999.99
999.99
999.99
999.99
999.99
999.99
999.99
999.99
999.99
999.99
999.99
999.99
999.99
999.99
999.99
999.99
999.99
999.99
999.99
18.7355017421603
18.9060002549503
19.0514808362369
19.2328267187898
19.6260034843205
19.9403741820345
19.8275156794425
19.8881874734427
20.0449721254355
20.1812988867171
20.1266306620209
20.0275487379961
19.8591114982578
19.7114946035524
19.1369303135887
19.3252986317668
19.5598780487805
20.0284408090423
20.0290356080564
19.8609442508711
19.6924066457041
999.99
999.99
999.99
999.99
999.99
999.99
999.99
999.99
999.99
999.99
999.99
999.99
999.99
999.99
999.99
999.99
999.99
999.99
999.99
999.99
999.99
999.99
999.99
999.99
999.99
999.99
999.99
999.99
999.99
999.99
999.99
999.99
999.99
999.99
999.99
999.99
999.99
999.99
999.99
999.99
999.99
999.99
999.99
999.99
999.99
999.99
999.99
999.99
999.99
999.99
999.99
999.99
999.99
999.99
999.99
999.99
999.99
999.99
999.99
999.99
999.99
999.99
19.0130487804878
18.9973926234384
19.1268780487804
19.3479773944081
19.4404146341463
19.5219030339084
19.7091463414635
20.5461189767995
20.0159024390244
20.6038066627008
20.3400243902439
20.3249333729924
21.085756097561
20.7891463414634
19.1429024390244
19.0535681142177
18.991756097561
20.0881695020792
20.7836091612136
20.4596951219512
19.8297781082689
999.99
999.99
999.99
999.99
999.99
999.99
999.99
999.99
999.99
999.99
999.99
999.99
999.99
999.99
999.99
999.99
999.99
999.99
999.99
999.99
999.99
999.99
999.99
999.99
999.99
999.99
999.99
999.99
999.99
999.99
999.99
999.99
999.99
999.99
999.99
999.99
999.99
999.99
999.99
999.99
999.99
999.99
999.99
999.99
999.99
999.99
999.99
999.99
999.99
999.99
999.99
999.99
999.99
999.99
999.99
999.99
999.99
999.99
999.99
999.99
999.99
999.99
999.99
19.3414816860712
19.5189860627177
19.5733181779553
19.427543554007
19.4366669499448
19.5873867595819
19.7216954193932
20.0580348432056
20.2535291068242
20.6547770034843
20.0531612985466
19.9410069686411
18.9682737316227
18.8152891986062
19.1843631341888
19.2654529616725
19.6921016401802
20.4476740035693
20.4674721254355
19.8523857397807
19.2587090592334
999.99
999.99
999.99
999.99
999.99
999.99
999.99
999.99
999.99
999.99
999.99
999.99
999.99
999.99
999.99
999.99
999.99
999.99
999.99
999.99
999.99
999.99
999.99
999.99
999.99
999.99
999.99
999.99
999.99
999.99
999.99
999.99
999.99
999.99
999.99
999.99
999.99
999.99
999.99
999.99
999.99
999.99
999.99
999.99
999.99
999.99
999.99
999.99
999.99
999.99
999.99
999.99
999.99
999.99
999.99
999.99
999.99
999.99
999.99
999.99
999.99
999.99
19.7772190670438
19.7802108843537
19.7804722427936
19.7574609258338
19.6827381640342
19.8179591836735
20.0817774668463
20.177274929484
20.2285405087675
20.0765038991207
19.7522721088435
19.8796090924175
19.9096428085809
20.0530111996018
20.2335783607911
20.0249683922349
19.9242470630132
20.1301648617805
20.223674630828
19.946908420239
19.4582859631657
999.99
999.99
999.99
999.99
999.99
999.99
999.99
999.99
999.99
999.99
999.99
999.99
999.99
999.99
999.99
999.99
999.99
999.99
999.99
999.99
999.99
999.99
999.99
999.99
999.99
999.99
999.99
999.99
999.99
999.99
999.99
999.99
999.99
999.99
999.99
999.99
999.99
999.99
999.99
999.99
999.99
999.99
999.99
999.99
999.99
999.99
999.99
999.99
999.99
999.99
999.99
999.99
999.99
999.99
999.99
999.99
999.99
999.99
999.99
999.99
999.99
999.99
999.99
999.99
19.7598351321492
19.6930348432056
19.9275942041302
19.8709163763067
20.1049909067732
20.0529233449477
20.0402648933458
20.029031358885
19.9604328206
19.9014146341463
19.8215685391349
19.4871289198606
19.4256213988272
19.7542926829268
20.1668825529022
20.3586174046062
20.6605714285714
19.5990883827653
19.4413170731707
19.2901612985469
18.4522857142857
999.99
999.99
999.99
999.99
999.99
999.99
999.99
999.99
999.99
999.99
999.99
999.99
999.99
999.99
999.99
999.99
999.99
999.99
999.99
999.99
999.99
999.99
999.99
999.99
999.99
999.99
999.99
999.99
999.99
999.99
999.99
999.99
999.99
999.99
999.99
999.99
999.99
999.99
999.99
999.99
999.99
999.99
999.99
999.99
999.99
999.99
999.99
999.99
999.99
999.99
999.99
999.99
999.99
999.99
999.99
999.99
999.99
999.99
999.99
999.99
999.99
999.99
19.9711845577017
19.9977262319562
19.9835451666687
19.8629479840717
19.1003583811871
19.8055806371329
20.1589013605442
20.3217004313921
20.2998574342289
20.115037497926
19.9243755215352
19.9718333333334
19.7546033034273
19.610043636967
20.0881695020792
20.0881695020792
19.3815703500912
19.2372046097439
19.4007978264477
19.3305915716674
18.9823428737349
999.99
999.99
999.99
999.99
999.99
999.99
999.99
999.99
999.99
999.99
999.99
999.99
999.99
999.99
999.99
999.99
999.99
999.99
999.99
999.99
999.99
999.99
999.99
999.99
999.99
999.99
999.99
999.99
999.99
999.99
999.99
999.99
999.99
999.99
999.99
999.99
999.99
999.99
999.99
999.99
999.99
999.99
999.99
999.99
999.99
999.99
999.99
999.99
999.99
999.99
999.99
999.99
999.99
999.99
999.99
999.99
999.99
999.99
999.99
999.99
999.99
19.7253240418119
19.7998228095521
19.6372160278746
19.4174625647999
19.4862996515679
19.3094718279935
19.5243101045296
20.0878092971871
20.2471846689895
20.3246120506501
20.3644634146341
20.5712594544064
20.0881695020792
20.0881695020792
20.0881695020792
20.0881695020792
21.1521852638713
21.0248432055726
19.551487804878
19.5640278745645
19.3703312654033
999.99
999.99
999.99
999.99
999.99
999.99
999.99
999.99
999.99
999.99
999.99
999.99
999.99
999.99
999.99
999.99
999.99
999.99
999.99
999.99
999.99
999.99
999.99
999.99
999.99
999.99
999.99
999.99
999.99
999.99
999.99
999.99
999.99
999.99
999.99
999.99
999.99
999.99
999.99
999.99
999.99
999.99
999.99
999.99
999.99
999.99
999.99
999.99
999.99
999.99
999.99
999.99
999.99
999.99
999.99
999.99
999.99
999.99
999.99
999.99
999.99
999.99
999.99
999.99
999.99
20.2742233789411
20.3927117969138
19.9035340136054
19.9065463746474
20.0531705657873
19.9276171395387
19.9135584159898
20.4120082130413
20.2989412541937
20.1304375311101
20.2647030881359
20.3097217521155
20.4084863945578
20.236007909529
20.0097848846856
19.9794652660588
19.4118570598971
19.1694421768707
18.9495426414468
18.5357906655821
20.0881695020792
999.99
999.99
999.99
999.99
999.99
999.99
999.99
999.99
999.99
999.99
999.99
999.99
999.99
999.99
999.99
999.99
999.99
999.99
999.99
999.99
999.99
999.99
999.99
999.99
999.99
999.99
999.99
999.99
999.99
999.99
999.99
999.99
999.99
999.99
999.99
999.99
999.99
999.99
999.99
999.99
999.99
999.99
999.99
999.99
999.99
999.99
999.99
999.99
999.99
999.99
999.99
999.99
999.99
999.99
999.99
999.99
999.99
999.99
999.99
999.99
999.99
20.2570975609756
20.1745853658537
20.1576341463414
19.8403664485426
19.7356097560976
19.6693979773944
19.4778048780487
20.0881695020792
20.0881695020792
20.0881695020792
21.0405853658537
21.0134651992862
20.0283902439024
20.1300529446758
20.0597180249851
19.7049512195122
19.4678477096966
18.9823414634146
18.5519488399762
17.6443414634147
999.99
999.99
999.99
999.99
999.99
999.99
999.99
999.99
999.99
999.99
999.99
999.99
999.99
999.99
999.99
999.99
999.99
999.99
999.99
999.99
999.99
999.99
999.99
999.99
999.99
999.99
999.99
999.99
999.99
999.99
999.99
999.99
999.99
999.99
999.99
999.99
999.99
999.99
999.99
999.99
999.99
999.99
999.99
999.99
999.99
999.99
999.99
999.99
999.99
999.99
999.99
999.99
999.99
999.99
999.99
999.99
999.99
999.99
999.99
999.99
999.99
999.99
20.1493884592505
19.8279825783972
19.5289315033568
19.4071777003484
19.4220251550947
19.5361707317073
19.6701442168777
19.3647526132404
20.0881695020792
20.0881695020792
20.0881695020792
20.0881695020792
20.0881695020792
20.0881695020792
20.0881695020792
20.0062684626498
19.5135679442509
19.1351494858502
18.7390470383275
18.6779514744625
999.99
999.99
999.99
999.99
999.99
999.99
999.99
999.99
999.99
999.99
999.99
999.99
999.99
999.99
999.99
999.99
999.99
999.99
999.99
999.99
999.99
999.99
999.99
999.99
999.99
999.99
999.99
999.99
999.99
999.99
999.99
999.99
999.99
999.99
999.99
999.99
999.99
999.99
999.99
999.99
999.99
999.99
999.99
999.99
999.99
999.99
999.99
999.99
999.99
999.99
999.99
999.99
999.99
999.99
999.99
999.99
999.99
999.99
999.99
999.99
999.99
999.99
999.99
999.99
19.5845331010453
19.6608039432311
19.5537073170732
19.2623562505312
19.5677665505226
19.7773070451262
19.4692613240419
19.6128296082264
19.6179337979094
20.0881695020792
20.0881695020792
20.0881695020792
20.0881695020792
19.6823995920796
19.3494858502592
19.2636724738676
18.6916685646299
18.5941620209059
18.4084599303136
20.0881695020792
999.99
999.99
999.99
999.99
999.99
999.99
999.99
999.99
999.99
999.99
999.99
999.99
999.99
999.99
999.99
999.99
999.99
999.99
999.99
999.99
999.99
999.99
999.99
999.99
999.99
999.99
999.99
999.99
999.99
999.99
999.99
999.99
999.99
999.99
999.99
999.99
999.99
999.99
999.99
999.99
999.99
999.99
999.99
999.99
999.99
999.99
999.99
999.99
999.99
999.99
999.99
999.99
999.99
999.99
999.99
999.99
999.99
999.99
999.99
999.99
999.99
19.8432369337979
20.2634230475057
20.4099233449477
20.2836602362539
20.361243902439
20.3658687006034
20.3221463414634
20.6028483045806
20.0881695020792
20.0881695020792
20.0881695020792
36.1457911107284
20.0881695020792
20.0881695020792
20.0881695020792
20.0881695020792
20.4037384210078
19.8847961672474
19.7149671114133
19.3082491289198
999.99
999.99
999.99
999.99
999.99
999.99
999.99
999.99
999.99
999.99
999.99
999.99
999.99
999.99
999.99
999.99
999.99
999.99
999.99
999.99
999.99
999.99
999.99
999.99
999.99
999.99
999.99
999.99
999.99
999.99
999.99
999.99
999.99
999.99
999.99
999.99
999.99
999.99
999.99
999.99
999.99
999.99
999.99
999.99
999.99
999.99
999.99
999.99
999.99
999.99
999.99
999.99
999.99
999.99
999.99
999.99
999.99
999.99
999.99
999.99
999.99
999.99
999.99
999.99
20.2294903543808
20.3653101045296
20.2410080734257
20.2196655052265
19.9934717430101
19.9032195121951
19.8045823064502
20.0881695020792
20.0881695020792
20.0881695020792
20.0881695020792
20.0881695020792
20.0881695020792
20.0881695020792
20.0081116682246
19.9984146341463
19.707456445993
19.8047678252741
19.6056759581881
19.115085918246
999.99
999.99
999.99
999.99
999.99
999.99
999.99
999.99
999.99
999.99
999.99
999.99
999.99
999.99
999.99
999.99
999.99
999.99
999.99
999.99
999.99
999.99
999.99
999.99
999.99
999.99
999.99
999.99
999.99
999.99
999.99
999.99
999.99
999.99
999.99
999.99
999.99
999.99
999.99
999.99
999.99
999.99
999.99
999.99
999.99
999.99
999.99
999.99
999.99
999.99
999.99
999.99
999.99
999.99
999.99
999.99
999.99
999.99
999.99
999.99
999.99
999.99
20.4672996515679
20.9789000594884
21.2627595818815
20.6043565904648
19.9532508710801
19.8998685306365
19.7590696864111
20.1494786266678
21.0267839721254
21.0969690660322
21.2574773519164
21.6035366703492
29.9799930313591
30.0906271777006
20.0881695020792
20.9326706892155
20.1197300076485
19.8729111498258
19.8634646893856
19.6775278745644
999.99
999.99
999.99
999.99
999.99
999.99
999.99
999.99
999.99
999.99
999.99
999.99
999.99
999.99
999.99
999.99
999.99
999.99
999.99
999.99
999.99
999.99
999.99
999.99
999.99
999.99
999.99
999.99
999.99
999.99
999.99
999.99
999.99
999.99
999.99
999.99
999.99
999.99
999.99
999.99
999.99
999.99
999.99
999.99
999.99
999.99
999.99
999.99
999.99
999.99
999.99
999.99
999.99
999.99
999.99
999.99
999.99
999.99
999.99
999.99
999.99
999.99
999.99
999.99
999.99
20.4409512195122
20.3544105549418
20.1448710801393
19.572948560745
19.5660004977601
20.0881695020792
19.4922010950721
20.0881695020792
21.5916893977103
21.6635998737389
21.6862030861125
20.0881695020792
21.2649183673469
20.6271577778047
20.3857551020408
20.0145803882529
19.8961612742658
19.6693777999004
19.108542412801
19.0217959183673
999.99
999.99
999.99
999.99
999.99
999.99
999.99
999.99
999.99
999.99
999.99
999.99
999.99
999.99
999.99
999.99
999.99
999.99
999.99
999.99
999.99
999.99
999.99
999.99
999.99
999.99
999.99
999.99
999.99
999.99
999.99
999.99
999.99
999.99
999.99
999.99
999.99
999.99
999.99
999.99
999.99
999.99
999.99
999.99
999.99
999.99
999.99
999.99
999.99
999.99
999.99
999.99
999.99
999.99
999.99
999.99
999.99
999.99
999.99
999.99
999.99
999.99
999.99
20.168
20.3742117787031
19.5279512195121
19.4015264723379
20.0881695020792
21.3158691255206
21.339975609756
21.2082183224271
21.5627804878049
21.2858167757288
21.9061219512195
21.8700267697799
21.8292682926829
21.4459190957763
20.575736466389
19.9359756097561
19.806255205235
19.6473658536585
19.1645205234979
18.7831707317073
999.99
999.99
999.99
999.99
999.99
999.99
999.99
999.99
999.99
999.99
999.99
999.99
999.99
999.99
999.99
999.99
999.99
999.99
999.99
999.99
999.99
999.99
999.99
999.99
999.99
999.99
999.99
999.99
999.99
999.99
999.99
999.99
999.99
999.99
999.99
999.99
999.99
999.99
999.99
999.99
999.99
999.99
999.99
999.99
999.99
999.99
999.99
999.99
999.99
999.99
999.99
999.99
999.99
999.99
999.99
999.99
999.99
999.99
999.99
999.99
999.99
999.99
20.230139688475
19.8611159780986
19.8035082737438
19.4047794922847
20.1887383845863
20.0881695020792
20.0881695020792
20.0881695020792
21.2244650536002
21.1606241911399
20.7950836479746
20.6500144350423
20.2977493838701
18.9021727227476
20.0881695020792
20.0881695020792
19.7438053758089
19.6905823792932
19.5092737680438
19.3321986426933
999.99
999.99
999.99
999.99
999.99
999.99
999.99
999.99
999.99
999.99
999.99
999.99
999.99
999.99
999.99
999.99
999.99
999.99
999.99
999.99
999.99
999.99
999.99
999.99
999.99
999.99
999.99
999.99
999.99
999.99
999.99
999.99
999.99
999.99
999.99
999.99
999.99
999.99
999.99
999.99
999.99
999.99
999.99
999.99
999.99
999.99
999.99
999.99
999.99
999.99
999.99
999.99
999.99
999.99
999.99
999.99
999.99
999.99
999.99
999.99
999.99
999.99
999.99
19.8047216792726
19.168574912892
19.0003837001785
19.6813519163763
19.9946407750488
20.4405087108014
21.3736925299567
21.2471742160279
20.8681085238377
20.5736759581882
20.4237796379706
20.1202160278746
19.6932852893686
19.3367735191638
28.9465729582735
20.2223578652162
19.7503728222997
19.4300492903884
19.1556777003484
18.9685213733322
999.99
999.99
999.99
999.99
999.99
999.99
999.99
999.99
999.99
999.99
999.99
999.99
999.99
999.99
999.99
999.99
999.99
999.99
999.99
999.99
999.99
999.99
999.99
999.99
999.99
999.99
999.99
999.99
999.99
999.99
999.99
999.99
999.99
999.99
999.99
999.99
999.99
999.99
999.99
999.99
999.99
999.99
999.99
999.99
999.99
999.99
999.99
999.99
999.99
999.99
999.99
999.99
999.99
999.99
999.99
999.99
999.99
999.99
999.99
999.99
999.99
20.0239213053455
19.8378048780488
19.6190366278576
19.9831672473868
19.9380539644769
19.9604703832753
20.2007674003569
20.5496341463415
20.888677317923
20.8940452961673
20.8243105294467
20.6609547038328
20.6097909407665
20.6776689895471
20.1589807937453
20.0881695020792
20.0881695020792
20.1043120591485
19.8967804878049
19.5111846689895
999.99
999.99
999.99
999.99
999.99
999.99
999.99
999.99
999.99
999.99
999.99
999.99
999.99
999.99
999.99
999.99
999.99
999.99
999.99
999.99
999.99
999.99
999.99
999.99
999.99
999.99
999.99
999.99
999.99
999.99
999.99
999.99
999.99
999.99
999.99
999.99
999.99
999.99
999.99
999.99
999.99
999.99
999.99
999.99
999.99
999.99
999.99
999.99
999.99
999.99
999.99
999.99
999.99
999.99
999.99
999.99
999.99
999.99
999.99
999.99
999.99
999.99
999.99
999.99
19.8801777003485
19.2453601597689
19.6404390243902
20.3972996515679
20.5070139372822
20.5477853318603
20.3891567944251
20.8487122461121
20.9988536585366
20.8115609756098
20.7174216027875
20.6326260729159
20.2873972125436
19.7290945015723
20.0943275261324
19.7857153055154
19.5111529701708
19.3642073170732
19.3802303050905
19.0658414634146
999.99
999.99
999.99
999.99
999.99
999.99
999.99
999.99
999.99
999.99
999.99
999.99
999.99
999.99
999.99
999.99
999.99
999.99
999.99
999.99
999.99
999.99
999.99
999.99
999.99
999.99
999.99
999.99
999.99
999.99
999.99
999.99
999.99
999.99
999.99
999.99
999.99
999.99
999.99
999.99
999.99
999.99
999.99
999.99
999.99
999.99
999.99
999.99
999.99
999.99
999.99
999.99
999.99
999.99
999.99
999.99
999.99
999.99
999.99
999.99
999.99
999.99
999.99
19.5716864111496
19.8512999065182
19.3103972125436
19.1686777428402
19.1774808362369
37.8274281465165
38.20278048781
38.1439305685443
38.4440139372874
20.2550848134613
20.3717456445993
20.3844347752188
20.2388885017421
20.3258571428571
19.7598362369338
19.6378399762046
19.3499016741735
19.0159477351916
19.0540614430186
18.5689895470383
999.99
999.99
999.99
999.99
999.99
999.99
999.99
999.99
999.99
999.99
999.99
999.99
999.99
999.99
999.99
999.99
999.99
999.99
999.99
999.99
999.99
999.99
999.99
999.99
999.99
999.99
999.99
999.99
999.99
999.99
999.99
999.99
999.99
999.99
999.99
999.99
999.99
999.99
999.99
999.99
999.99
999.99
999.99
999.99
999.99
999.99
999.99
999.99
999.99
999.99
999.99
999.99
999.99
999.99
999.99
999.99
999.99
999.99
999.99
999.99
999.99
999.99
19.6595749978754
19.9392473867595
19.9215228180505
19.746574912892
20.0881695020792
20.0881695020792
20.0881695020792
20.0881695020792
26.4122044701242
20.0881695020792
20.1424876349115
20.0881695020792
32.2144985128079
19.3228885017421
19.7984969830884
19.427331010453
19.3979037137758
19.3683395087958
19.3251324041812
19.1915166142602
999.99
999.99
999.99
999.99
999.99
999.99
999.99
999.99
999.99
999.99
999.99
999.99
999.99
999.99
999.99
999.99
999.99
999.99
999.99
999.99
999.99
999.99
999.99
999.99
999.99
999.99
999.99
999.99
999.99
999.99
999.99
999.99
999.99
999.99
999.99
999.99
999.99
999.99
999.99
999.99
999.99
999.99
999.99
999.99
999.99
999.99
999.99
999.99
999.99
999.99
999.99
999.99
999.99
999.99
999.99
999.99
999.99
999.99
999.99
999.99
999.99
999.99
20.0926097560975
20.0821237358715
19.8363414634145
20.3904092801903
29.8610243902419
29.5848780487785
20.0881695020792
20.0881695020792
20.0881695020792
20.0881695020792
21.0651463414634
20.9419779892921
39.992829268294
20.0881695020792
20.4068292682927
20.5463194527067
20.1122682926829
19.9292195121951
19.7609220701963
19.5300243902439
999.99
999.99
999.99
999.99
999.99
999.99
999.99
999.99
999.99
999.99
999.99
999.99
999.99
999.99
999.99
999.99
999.99
999.99
999.99
999.99
999.99
999.99
999.99
999.99
999.99
999.99
999.99
999.99
999.99
999.99
999.99
999.99
999.99
999.99
999.99
999.99
999.99
999.99
999.99
999.99
999.99
999.99
999.99
999.99
999.99
999.99
999.99
999.99
999.99
999.99
999.99
999.99
999.99
999.99
999.99
999.99
999.99
999.99
999.99
999.99
999.99
999.99
999.99
20.1265539240085
19.8702246961843
20.3237653061224
20.7819143144467
20.0881695020792
20.0881695020792
20.0881695020792
22.0132781588641
20.868900199104
20.9013588850174
20.9399842375975
20.7864763968645
20.0881695020792
32.7100827678069
20.0592361871578
20.0868747910824
19.8026526464244
19.6607933142323
19.4442496631014
19.5880511863282
999.99
999.99
999.99
999.99
999.99
999.99
999.99
999.99
999.99
999.99
999.99
999.99
999.99
999.99
999.99
999.99
999.99
999.99
999.99
999.99
999.99
999.99
999.99
999.99
999.99
999.99
999.99
999.99
999.99
999.99
999.99
999.99
999.99
999.99
999.99
999.99
999.99
999.99
999.99
999.99
999.99
999.99
999.99
999.99
999.99
999.99
999.99
999.99
999.99
999.99
999.99
999.99
999.99
999.99
999.99
999.99
999.99
999.99
999.99
999.99
999.99
999.99
999.99
999.99
20.5256097560975
20.4537108013937
22.8699243647467
22.8581672473845
20.0881695020792
20.0881695020792
20.7979337979094
20.7656620209059
20.6409230899974
20.8242473867596
20.990692190023
20.5481358885017
20.2860284694484
20.1245958188153
20.1695553667035
20.1483763066202
20.1390030594034
19.8394657941701
19.4891132404181
20.8781205914824
999.99
999.99
999.99
999.99
999.99
999.99
999.99
999.99
999.99
999.99
999.99
999.99
999.99
999.99
999.99
999.99
999.99
999.99
999.99
999.99
999.99
999.99
999.99
999.99
999.99
999.99
999.99
999.99
999.99
999.99
999.99
999.99
999.99
999.99
999.99
999.99
999.99
999.99
999.99
999.99
999.99
999.99
999.99
999.99
999.99
999.99
999.99
999.99
999.99
999.99
999.99
999.99
999.99
999.99
999.99
999.99
999.99
999.99
20.5962146216012
20.6682425548447
20.5647429069189
20.6702176870748
36.2103812842434
20.0881695020792
20.0881695020792
20.3468359455621
20.2637244897959
20.3683343511111
20.3265923344948
20.4103302921407
20.0881695020792
21.0866733338189
20.9192633150821
20.7414001323313
20.5268673469388
20.3529005005929
20.1135359216858
19.9832018194547
999.99
999.99
999.99
999.99
999.99
999.99
999.99
999.99
999.99
999.99
999.99
999.99
999.99
999.99
999.99
999.99
999.99
999.99
999.99
999.99
999.99
999.99
999.99
999.99
999.99
999.99
999.99
999.99
999.99
999.99
999.99
999.99
999.99
999.99
999.99
999.99
999.99
999.99
999.99
999.99
999.99
999.99
999.99
999.99
999.99
999.99
999.99
999.99
999.99
999.99
999.99
999.99
999.99
999.99
999.99
999.99
999.99
999.99
999.99
999.99
20.0881695020792
20.680171666525
20.5271968641115
20.0881695020792
20.0881695020792
20.0881695020792
20.0881695020792
20.6104773519163
20.4379844480326
20.6516306620208
20.6869711906178
20.3959094076655
20.4245569813886
20.6127665505226
21.4476479986502
20.5084494773519
20.5318297781933
20.4524181184669
20.2293328800884
20.2916515679443
999.99
999.99
999.99
999.99
999.99
999.99
999.99
999.99
999.99
999.99
999.99
999.99
999.99
999.99
999.99
999.99
999.99
999.99
999.99
999.99
999.99
999.99
999.99
999.99
999.99
999.99
999.99
999.99
999.99
999.99
999.99
999.99
999.99
999.99
999.99
999.99
999.99
999.99
999.99
999.99
999.99
999.99
999.99
999.99
999.99
999.99
999.99
999.99
999.99
999.99
999.99
999.99
999.99
999.99
999.99
999.99
999.99
999.99
999.99
25.1774022731104
20.0881695020792
21.1770263812932
20.0881695020792
20.0881695020792
20.0881695020792
20.0881695020792
20.2271048938314
20.1338192301311
20.4181908080305
20.5250241494575
20.7879944416792
21.0441612823595
21.1188906587025
21.1856357529329
21.8893933134229
21.5528209763382
20.8607724406835
20.4730353004974
20.3621889829102
999.99
999.99
999.99
999.99
999.99
999.99
999.99
999.99
999.99
999.99
999.99
999.99
999.99
999.99
999.99
999.99
999.99
999.99
999.99
999.99
999.99
999.99
999.99
999.99
999.99
999.99
999.99
999.99
999.99
999.99
999.99
999.99
999.99
999.99
999.99
999.99
999.99
999.99
999.99
999.99
999.99
999.99
999.99
999.99
999.99
999.99
999.99
999.99
999.99
999.99
999.99
999.99
999.99
999.99
999.99
999.99
999.99
20.0945923344947
20.1213108693805
19.8562264808362
19.9178885017422
20.121480836237
20.4555360754653
20.4560679442509
20.3242373587151
35.8011167247359
36.1603902438996
20.6630139372823
35.1452591994532
20.0849390243902
20.0512288603722
20.2257155604657
20.660275261324
20.7293189428061
20.6518780487805
20.3482003059403
20.5556898954703
999.99
999.99
999.99
999.99
999.99
999.99
999.99
999.99
999.99
999.99
999.99
999.99
999.99
999.99
999.99
999.99
999.99
999.99
999.99
999.99
999.99
999.99
999.99
999.99
999.99
999.99
999.99
999.99
999.99
999.99
999.99
999.99
999.99
999.99
999.99
999.99
999.99
999.99
999.99
999.99
999.99
999.99
999.99
999.99
999.99
999.99
999.99
999.99
999.99
999.99
999.99
999.99
999.99
999.99
999.99
999.99
999.99
999.99
999.99
999.99
20.0640214158238
19.5265975609756
19.239762046401
19.3328536585366
19.4367120761451
19.7213780487805
20.0020731707317
19.9855365853658
20.1885722784057
20.321
20.2925806067817
20.2842195121951
20.3797715645449
20.3057804878049
20.0732343842951
19.779012195122
39.2723027959577
39.2891463414663
39.5996341463444
20.8817549077929
20.9198292682928
20.8983967876264
20.7967804878049
20.5181778703153
999.99
999.99
999.99
999.99
999.99
999.99
999.99
999.99
999.99
999.99
999.99
999.99
999.99
999.99
999.99
999.99
999.99
999.99
999.99
999.99
999.99
999.99
999.99
999.99
999.99
999.99
999.99
999.99
999.99
999.99
999.99
999.99
999.99
999.99
999.99
999.99
999.99
999.99
999.99
999.99
999.99
999.99
999.99
999.99
999.99
999.99
999.99
999.99
999.99
999.99
999.99
19.9082961672474
19.8013281210164
19.6867979094077
19.3396681397128
19.3952147531232
19.8364529616725
19.9664899294638
20.0024547038328
19.5083338998894
19.0111986062718
18.8465989632022
19.0867317073171
19.3330064587405
19.8784547038327
20.2482682926829
20.1986986062717
20.1833756267528
20.1849146341463
20.0811159173961
20.0966463414634
20.5923169032038
20.3543606271777
28.5115917396159
20.0881695020792
20.0881695020792
20.0881695020792
20.0881695020792
20.0881695020792
20.0881695020792
20.4578294382595
999.99
999.99
999.99
999.99
999.99
999.99
999.99
999.99
999.99
999.99
999.99
999.99
999.99
999.99
999.99
999.99
999.99
999.99
999.99
999.99
999.99
999.99
999.99
999.99
999.99
999.99
999.99
999.99
999.99
999.99
999.99
999.99
999.99
999.99
999.99
999.99
999.99
999.99
999.99
999.99
999.99
999.99
999.99
999.99
999.99
999.99
20.4601114132744
20.5767804878049
999.99
20.5452229965157
20.2667628112518
19.9472160278745
19.8577577972295
19.914456445993
20.1645608056429
20.1551846689896
19.7534431035948
19.8869865726184
20.0629268292683
20.0211491459166
19.4706080139373
19.2660036542874
19.2441986062718
19.2682787456446
19.393468641115
19.5881485510324
20.0294599303135
20.5339721254355
20.2713588850173
19.9368919860627
20.0332944250871
20.2895205234979
20.1205905923344
19.9156960992606
19.9973240418118
20.4991541599388
31.8104895470344
999.99
999.99
999.99
999.99
999.99
999.99
999.99
999.99
999.99
999.99
999.99
999.99
999.99
999.99
999.99
999.99
999.99
999.99
999.99
999.99
999.99
999.99
999.99
999.99
999.99
999.99
999.99
999.99
999.99
999.99
999.99
999.99
999.99
999.99
999.99
999.99
999.99
999.99
999.99
999.99
999.99
999.99
999.99
999.99
999.99
999.99
999.99
999.99
20.6612338946287
20.4235292848847
20.5068137082316
20.6911655881865
20.7631224489796
20.5849412643106
20.5166229851846
20.3791718931475
19.9252833104687
19.6889246723078
19.5549931972789
19.9671385432222
19.9001690077578
20.0993849344616
19.8606068990356
19.8036505764709
19.5652764227642
19.5441838232021
19.4191057740169
19.3581768707483
19.2556280073005
19.7095937104169
19.8823278579725
20.0872010626976
19.8958322548532
19.7307482993197
19.8806328189813
20.0041973072394
20.0140613904098
999.99
999.99
999.99
999.99
999.99
999.99
999.99
999.99
999.99
999.99
999.99
999.99
999.99
999.99
999.99
999.99
999.99
999.99
999.99
999.99
999.99
999.99
999.99
999.99
999.99
999.99
999.99
999.99
999.99
999.99
999.99
999.99
999.99
999.99
999.99
999.99
999.99
999.99
999.99
999.99
999.99
999.99
999.99
999.99
999.99
999.99
999.99
999.99
999.99
999.99
999.99
20.389843205575
20.3056777428402
20.6152473867596
20.8408330075635
20.8560975609756
20.768968641115
20.7980278745645
20.6560458910512
20.3875156794425
20.4144589105125
20.5623205574913
20.2667185348857
20.1432299651568
20.0941176170647
20.0096480836237
19.9428526387355
19.9423588850174
20.0025265573213
19.6940045891051
22.5553641114937
19.7952031103935
19.8692857142857
19.7881907877964
19.6532317073171
19.4851412424577
19.3951184668989
19.7767927254185
19.7193118466899
19.5964216027874
999.99
999.99
999.99
999.99
999.99
999.99
999.99
999.99
999.99
999.99
999.99
999.99
999.99
999.99
999.99
999.99
999.99
999.99
999.99
999.99
999.99
999.99
999.99
999.99
999.99
999.99
999.99
999.99
999.99
999.99
999.99
999.99
999.99
999.99
999.99
999.99
999.99
999.99
999.99
999.99
999.99
999.99
19.7857560044839
999.99
999.99
20.0342297992368
20.4900873548706
20.1838040484487
21.3089398814281
20.2425112825618
20.1048711974975
19.944612244898
19.9063962170234
19.869872897166
19.9827789945247
20.2894758464957
20.3095408992865
20.5579329561688
20.477306122449
20.5051027813862
20.5404279077485
20.5403800580315
20.2732019246723
20.326717527225
20.4156006304961
19.8171543137183
19.9087414965986
20.0035387139984
20.2295891820142
20.3525011958383
20.0881695020792
20.0881695020792
20.0881695020792
20.0881695020792
20.0881695020792
20.0881695020792
999.99
999.99
999.99
999.99
999.99
999.99
999.99
999.99
999.99
999.99
999.99
999.99
999.99
999.99
999.99
999.99
999.99
999.99
999.99
999.99
999.99
999.99
999.99
999.99
999.99
999.99
999.99
999.99
999.99
999.99
999.99
999.99
999.99
999.99
999.99
999.99
999.99
999.99
999.99
999.99
999.99
999.99
999.99
999.99
999.99
999.99
999.99
999.99
999.99
19.397690405371
19.6701986062718
20.2100464859352
20.4257108013937
20.5672008158409
20.4992822299653
19.8271425172091
19.6408728222996
19.486278830628
19.7648655562165
19.4902891986063
20.0844217727543
20.2518989547039
20.5876932098242
20.722362369338
20.4529179060083
20.3486724738677
20.2257959547888
20.5612299651568
20.549039092377
20.1937386759583
20.0333194527067
20.8509094076655
24.2416820328042
20.0881695020792
20.2833491119232
999.99
999.99
999.99
999.99
999.99
999.99
999.99
999.99
999.99
999.99
999.99
999.99
999.99
999.99
999.99
999.99
999.99
999.99
999.99
999.99
999.99
999.99
999.99
999.99
999.99
999.99
999.99
999.99
999.99
999.99
999.99
999.99
999.99
999.99
999.99
999.99
999.99
999.99
999.99
999.99
999.99
999.99
999.99
999.99
999.99
999.99
999.99
999.99
999.99
999.99
999.99
999.99
999.99
999.99
999.99
999.99
999.99
19.2539767711963
19.3534099883856
19.2029787824708
19.2711480836237
19.3206843715476
19.3972259001161
19.214768278519
19.0824088269454
19.838060791479
20.1433467040594
20.6266329849013
20.9224548029801
21.1371300813008
21.0698249624655
20.753131242741
20.1183883176116
19.484137049942
19.7376753066485
19.5994541231128
999.99
999.99
18.1201310727742
999.99
999.99
999.99
999.99
999.99
999.99
999.99
999.99
999.99
999.99
999.99
999.99
999.99
999.99
999.99
999.99
999.99
999.99
999.99
999.99
999.99
999.99
999.99
999.99
999.99
999.99
999.99
999.99
999.99
999.99
999.99
999.99
999.99
999.99
999.99
999.99
999.99
999.99
999.99
999.99
999.99
999.99
999.99
999.99
999.99
999.99
999.99
999.99
999.99
999.99
999.99
999.99
999.99
999.99
999.99
999.99
999.99
999.99
999.99
999.99
999.99
19.2663916036373
19.2642369337979
19.2315998980199
19.1467073170732
19.0559404266168
19.0792944250871
19.1759105124501
19.2637421602788
19.2163305005524
19.3829977904309
19.9586933797909
20.6185338658961
20.2762508710801
19.2458192402482
18.34106271777
999.99
999.99
999.99
999.99
999.99
999.99
999.99
999.99
999.99
999.99
999.99
999.99
999.99
999.99
999.99
999.99
999.99
999.99
999.99
999.99
999.99
999.99
999.99
999.99
999.99
999.99
999.99
999.99
999.99
999.99
999.99
999.99
999.99
999.99
999.99
999.99
999.99
999.99
999.99
999.99
999.99
999.99
999.99
999.99
999.99
999.99
999.99
999.99
999.99
999.99
999.99
999.99
999.99
999.99
999.99
999.99
999.99
999.99
999.99
999.99
999.99
999.99
999.99
999.99
999.99
999.99
999.99
999.99
19.4041622333645
19.3068292682927
19.1352957423302
19.1517944250871
19.1154536415399
19.1779947735192
19.3168153310104
19.1641602787456
18.8866238633467
19.4706191042746
19.6750522648084
23.3553968114212
999.99
999.99
999.99
999.99
999.99
999.99
999.99
999.99
999.99
999.99
999.99
999.99
999.99
999.99
999.99
999.99
999.99
999.99
999.99
999.99
999.99
999.99
999.99
999.99
999.99
999.99
999.99
999.99
999.99
999.99
999.99
999.99
999.99
999.99
999.99
999.99
999.99
999.99
999.99
999.99
999.99
999.99
999.99
999.99
999.99
999.99
999.99
999.99
999.99
999.99
999.99
999.99
999.99
999.99
999.99
999.99
999.99
999.99
999.99
999.99
999.99
999.99
999.99
999.99
999.99
999.99
999.99
999.99
999.99
999.99
999.99
999.99
19.3312595818815
19.3475574912892
999.99
999.99
999.99
999.99
999.99
999.99
999.99
999.99
999.99
999.99
999.99
999.99
999.99
999.99
999.99
999.99
999.99
999.99
999.99
999.99
999.99
999.99
999.99
999.99
999.99
999.99
999.99
999.99
999.99
999.99
999.99
999.99
999.99
999.99
999.99
999.99
999.99
999.99
999.99
999.99
999.99
999.99
999.99
999.99
999.99
999.99
999.99
999.99
999.99
999.99
999.99
999.99
999.99
999.99
999.99
999.99
999.99
999.99
999.99
999.99
999.99
999.99
999.99
999.99
999.99
999.99
999.99
999.99
999.99
999.99
999.99
999.99
999.99
999.99
999.99
999.99
999.99
999.99
999.99
999.99
999.99
999.99
999.99
999.99
999.99
999.99
999.99
999.99
999.99
999.99
999.99
999.99
999.99
999.99
999.99
999.99
999.99
999.99
999.99
999.99
999.99
999.99
999.99
999.99
999.99
999.99
999.99
999.99
999.99
999.99
999.99
999.99
999.99
999.99
999.99
999.99
999.99
999.99
999.99
999.99
999.99
999.99
999.99
999.99
999.99
999.99
999.99
999.99
999.99
999.99
999.99
999.99
999.99
999.99
999.99
999.99
999.99
999.99
999.99
999.99
999.99
999.99
999.99
999.99
999.99
999.99
999.99
999.99
999.99
999.99
999.99
999.99
999.99
999.99
999.99
999.99
999.99
999.99
999.99
999.99
999.99
999.99
999.99
999.99
999.99
999.99
999.99
999.99
999.99
999.99
999.99
999.99
999.99
999.99
999.99
999.99
999.99
999.99
999.99
999.99
999.99
999.99
999.99
999.99
999.99
999.99
999.99
999.99
999.99
999.99
999.99
999.99
999.99
999.99
999.99
999.99
999.99
999.99
999.99
999.99
999.99
999.99
999.99
999.99
999.99
999.99
999.99
999.99
999.99
999.99
999.99
999.99
999.99
999.99
999.99
999.99
999.99
999.99
999.99
999.99
999.99
999.99
999.99
999.99
999.99
999.99
999.99
999.99
999.99
999.99
999.99
999.99
999.99
999.99
999.99
999.99
999.99
999.99
999.99
999.99
999.99
999.99
999.99
999.99
999.99
999.99
999.99
999.99
999.99
999.99
999.99
999.99
999.99
999.99
999.99
999.99
999.99
999.99
999.99
999.99
999.99
999.99
999.99
999.99
999.99
999.99
999.99
999.99
999.99
999.99
999.99
999.99
999.99
999.99
999.99
999.99
999.99
999.99
999.99
999.99
999.99
999.99
999.99
999.99
999.99
999.99
999.99
999.99
999.99
999.99
999.99
999.99
999.99
999.99
999.99
999.99
999.99
999.99
999.99
999.99
999.99
999.99
999.99
999.99
999.99
999.99
999.99
999.99
999.99
999.99
999.99
999.99
999.99
999.99
999.99
999.99
999.99
999.99
999.99
999.99
999.99
999.99
999.99
999.99
999.99
999.99
999.99
999.99
999.99
999.99
999.99
999.99
999.99
999.99
999.99
999.99
999.99
999.99
999.99
999.99
999.99
999.99
999.99
999.99
999.99
999.99
999.99
999.99
999.99
999.99
999.99
999.99
999.99
999.99
999.99
999.99
999.99
999.99
999.99
999.99
999.99
999.99
999.99
999.99
999.99
999.99
999.99
999.99
999.99
999.99
999.99
999.99
999.99
999.99
999.99
999.99
999.99
999.99
999.99
999.99
999.99
999.99
999.99
999.99
999.99
999.99
999.99
999.99
999.99
999.99
999.99
999.99
999.99
999.99
999.99
999.99
999.99
999.99
999.99
999.99
999.99
999.99
999.99
999.99
999.99
999.99
999.99
999.99
999.99
999.99
999.99
