999.99
999.99
999.99
999.99
999.99
999.99
999.99
999.99
999.99
999.99
999.99
999.99
999.99
999.99
999.99
999.99
999.99
999.99
999.99
999.99
999.99
999.99
999.99
999.99
999.99
999.99
999.99
999.99
999.99
999.99
999.99
999.99
999.99
999.99
999.99
999.99
999.99
999.99
999.99
999.99
999.99
999.99
999.99
999.99
999.99
999.99
999.99
999.99
999.99
999.99
999.99
999.99
999.99
999.99
999.99
999.99
999.99
999.99
999.99
999.99
999.99
999.99
999.99
999.99
999.99
999.99
999.99
999.99
999.99
999.99
999.99
999.99
999.99
999.99
999.99
999.99
999.99
999.99
999.99
999.99
999.99
999.99
999.99
999.99
999.99
999.99
999.99
999.99
999.99
999.99
999.99
999.99
999.99
999.99
999.99
999.99
999.99
999.99
999.99
999.99
999.99
999.99
999.99
999.99
999.99
999.99
999.99
999.99
999.99
999.99
999.99
999.99
999.99
999.99
999.99
999.99
999.99
999.99
999.99
999.99
999.99
999.99
999.99
999.99
999.99
999.99
999.99
999.99
999.99
999.99
999.99
999.99
999.99
999.99
20.555987790196
20.555987790196
20.555987790196
20.555987790196
20.555987790196
20.555987790196
20.555987790196
20.555987790196
20.555987790196
21.3014545763578
17.4461324041812
17.4361168522138
17.3355261324042
17.3299702558001
17.2705470383275
17.3007125860457
17.1567212543554
16.522862071896
16.190574912892
16.2590592334495
16.1542404181185
999.99
999.99
999.99
999.99
999.99
999.99
999.99
999.99
999.99
999.99
999.99
999.99
999.99
999.99
999.99
999.99
999.99
999.99
999.99
999.99
999.99
999.99
999.99
999.99
999.99
999.99
999.99
999.99
999.99
999.99
999.99
999.99
999.99
999.99
999.99
999.99
999.99
999.99
999.99
999.99
999.99
999.99
999.99
999.99
999.99
999.99
999.99
999.99
999.99
999.99
999.99
999.99
999.99
999.99
999.99
999.99
999.99
999.99
999.99
999.99
999.99
999.99
20.555987790196
20.555987790196
20.555987790196
20.555987790196
20.555987790196
20.555987790196
20.555987790196
20.555987790196
17.0638969636635
17.3856654748753
17.6117488800398
17.4885083708677
17.6840908412145
17.7247476720611
17.6134820806371
17.4201836734694
17.5102593330015
17.2274151319065
16.6926923842709
16.3175463645304
15.7821276754604
999.99
999.99
999.99
999.99
999.99
999.99
999.99
999.99
999.99
999.99
999.99
999.99
999.99
999.99
999.99
999.99
999.99
999.99
999.99
999.99
999.99
999.99
999.99
999.99
999.99
999.99
999.99
999.99
999.99
999.99
999.99
999.99
999.99
999.99
999.99
999.99
999.99
999.99
999.99
999.99
999.99
999.99
999.99
999.99
999.99
999.99
999.99
999.99
999.99
999.99
999.99
999.99
999.99
999.99
999.99
999.99
999.99
999.99
999.99
999.99
999.99
999.99
20.555987790196
20.555987790196
20.555987790196
20.555987790196
20.555987790196
20.555987790196
20.555987790196
20.555987790196
17.1964843205575
17.6360282144982
17.956787456446
18.1751951219512
18.2490104529617
18.2064569558936
18.0062195121951
17.8306105209483
17.0112578397213
16.5441997960398
16.602087108014
16.1952574148041
15.841787456446
999.99
999.99
999.99
999.99
999.99
999.99
999.99
999.99
999.99
999.99
999.99
999.99
999.99
999.99
999.99
999.99
999.99
999.99
999.99
999.99
999.99
999.99
999.99
999.99
999.99
999.99
999.99
999.99
999.99
999.99
999.99
999.99
999.99
999.99
999.99
999.99
999.99
999.99
999.99
999.99
999.99
999.99
999.99
999.99
999.99
999.99
999.99
999.99
999.99
999.99
999.99
999.99
999.99
999.99
999.99
999.99
999.99
999.99
999.99
999.99
999.99
999.99
20.555987790196
20.555987790196
20.555987790196
20.555987790196
20.555987790196
20.555987790196
20.555987790196
33.1355145746751
17.5190243902439
17.8290721509306
17.9235087108013
17.7242055749129
17.8111846689895
17.5026010028044
16.7942891986063
16.6748205149995
16.6310069686411
16.540829523243
16.2636271777004
15.9209233449477
38.2764320557505
999.99
999.99
999.99
999.99
999.99
999.99
999.99
999.99
999.99
999.99
999.99
999.99
999.99
999.99
999.99
999.99
999.99
999.99
999.99
999.99
999.99
999.99
999.99
999.99
999.99
999.99
999.99
999.99
999.99
999.99
999.99
999.99
999.99
999.99
999.99
999.99
999.99
999.99
999.99
999.99
999.99
999.99
999.99
999.99
999.99
999.99
999.99
999.99
999.99
999.99
999.99
999.99
999.99
999.99
999.99
999.99
999.99
999.99
999.99
999.99
999.99
999.99
999.99
20.555987790196
20.555987790196
20.555987790196
20.555987790196
20.555987790196
20.555987790196
17.2202484065607
17.3360592334495
17.5634584855953
17.4496898954704
17.4005456785927
17.1363170731707
16.6815161043597
16.4682195121951
16.6460975609756
16.7807421602787
16.3661297696949
15.8548850174217
15.3030697713946
37.8874564459944
20.555987790196
999.99
999.99
999.99
999.99
999.99
999.99
999.99
999.99
999.99
999.99
999.99
999.99
999.99
999.99
999.99
999.99
999.99
999.99
999.99
999.99
999.99
999.99
999.99
999.99
999.99
999.99
999.99
999.99
999.99
999.99
999.99
999.99
999.99
999.99
999.99
999.99
999.99
999.99
999.99
999.99
999.99
999.99
999.99
999.99
999.99
999.99
999.99
999.99
999.99
999.99
999.99
999.99
999.99
999.99
999.99
999.99
999.99
999.99
999.99
999.99
999.99
20.555987790196
20.555987790196
20.555987790196
20.555987790196
20.555987790196
20.555987790196
20.555987790196
16.7681346987337
16.9875017421603
17.1765317413105
17.111543554007
17.0687272031954
16.9094006968641
16.6403926234384
16.7266480836237
16.6615079459506
16.5494878048781
16.1139392368489
16.0477351916377
15.4379564884848
15.3208257839721
999.99
999.99
999.99
999.99
999.99
999.99
999.99
999.99
999.99
999.99
999.99
999.99
999.99
999.99
999.99
999.99
999.99
999.99
999.99
999.99
999.99
999.99
999.99
999.99
999.99
999.99
999.99
999.99
999.99
999.99
999.99
999.99
999.99
999.99
999.99
999.99
999.99
999.99
999.99
999.99
999.99
999.99
999.99
999.99
999.99
999.99
999.99
999.99
999.99
999.99
999.99
999.99
999.99
999.99
999.99
999.99
999.99
999.99
999.99
999.99
999.99
999.99
999.99
999.99
20.555987790196
20.555987790196
20.555987790196
20.555987790196
20.555987790196
20.555987790196
22.0175818815399
17.2762054899295
17.2062404181185
17.2431615251693
17.155556329849
17.1546949378205
16.8178118466899
16.7545306648538
16.4609523809524
16.2254001586359
15.5703240418119
15.2533635024504
15.17524970964
15.2431780402822
20.555987790196
999.99
999.99
999.99
999.99
999.99
999.99
999.99
999.99
999.99
999.99
999.99
999.99
999.99
999.99
999.99
999.99
999.99
999.99
999.99
999.99
999.99
999.99
999.99
999.99
999.99
999.99
999.99
999.99
999.99
999.99
999.99
999.99
999.99
999.99
999.99
999.99
999.99
999.99
999.99
999.99
999.99
999.99
999.99
999.99
999.99
999.99
999.99
999.99
999.99
999.99
999.99
999.99
999.99
999.99
999.99
999.99
999.99
999.99
999.99
999.99
999.99
999.99
999.99
20.555987790196
20.555987790196
20.555987790196
20.555987790196
20.555987790196
22.5815505226458
19.6863192827345
16.9354599303136
16.2095025919946
16.1856864111498
16.3513633041557
16.3341637630662
16.1138680207359
16.1580452961672
15.8338617319623
15.7643449477352
15.9036052519758
15.9578362369338
15.8907630662021
15.8629673663636
15.8141236933798
999.99
999.99
999.99
999.99
999.99
999.99
999.99
999.99
999.99
999.99
999.99
999.99
999.99
999.99
999.99
999.99
999.99
999.99
999.99
999.99
999.99
999.99
999.99
999.99
999.99
999.99
999.99
999.99
999.99
999.99
999.99
999.99
999.99
999.99
999.99
999.99
999.99
999.99
999.99
999.99
999.99
999.99
999.99
999.99
999.99
999.99
999.99
999.99
999.99
999.99
999.99
999.99
999.99
999.99
999.99
999.99
999.99
999.99
20.555987790196
20.555987790196
20.555987790196
20.555987790196
20.555987790196
20.555987790196
20.555987790196
20.555987790196
20.555987790196
20.555987790196
20.555987790196
16.4204803384769
16.6383267491411
16.9332606603617
16.9702782195567
16.7558057076489
16.6498497331115
16.6322888667662
16.6734353741497
16.641268458603
16.371608436831
999.99
999.99
999.99
999.99
999.99
999.99
999.99
999.99
999.99
999.99
999.99
999.99
999.99
999.99
999.99
999.99
999.99
999.99
999.99
999.99
999.99
999.99
999.99
999.99
999.99
999.99
999.99
999.99
999.99
999.99
999.99
999.99
999.99
999.99
999.99
999.99
999.99
999.99
999.99
999.99
999.99
999.99
999.99
999.99
999.99
999.99
999.99
999.99
999.99
999.99
999.99
999.99
999.99
999.99
999.99
999.99
999.99
999.99
999.99
999.99
999.99
999.99
999.99
20.555987790196
20.555987790196
20.555987790196
20.555987790196
20.555987790196
20.555987790196
20.555987790196
20.555987790196
20.555987790196
20.555987790196
20.555987790196
16.3527363814056
16.1713275261324
16.4614835557067
16.3897839721254
15.999310784397
16.5473972125435
16.6076349961757
16.5838397212544
16.598933118042
16.5867491289198
999.99
999.99
999.99
999.99
999.99
999.99
999.99
999.99
999.99
999.99
999.99
999.99
999.99
999.99
999.99
999.99
999.99
999.99
999.99
999.99
999.99
999.99
999.99
999.99
999.99
999.99
999.99
999.99
999.99
999.99
999.99
999.99
999.99
999.99
999.99
999.99
999.99
999.99
999.99
999.99
999.99
999.99
999.99
999.99
999.99
999.99
999.99
999.99
999.99
999.99
999.99
999.99
999.99
999.99
999.99
999.99
999.99
999.99
999.99
999.99
999.99
999.99
20.555987790196
20.555987790196
20.555987790196
20.555987790196
20.555987790196
20.555987790196
20.555987790196
20.555987790196
20.555987790196
18.9140952380953
17.2722878712462
16.6345271481585
16.4954926165588
17.1050126382498
17.3743230462917
17.2541104379884
17.1779744483159
17.3398917149251
17.3154536253526
17.0972614090253
16.6544461589514
999.99
999.99
999.99
999.99
999.99
999.99
999.99
999.99
999.99
999.99
999.99
999.99
999.99
999.99
999.99
999.99
999.99
999.99
999.99
999.99
999.99
999.99
999.99
999.99
999.99
999.99
999.99
999.99
999.99
999.99
999.99
999.99
999.99
999.99
999.99
999.99
999.99
999.99
999.99
999.99
999.99
999.99
999.99
999.99
999.99
999.99
999.99
999.99
999.99
999.99
999.99
999.99
999.99
999.99
999.99
999.99
999.99
999.99
999.99
999.99
999.99
999.99
999.99
999.99
999.99
999.99
20.555987790196
20.555987790196
20.555987790196
20.555987790196
20.555987790196
19.5386462989717
17.9233832752612
17.901466134104
17.5022090592335
18.099644174386
17.9854912891986
17.8460426616809
17.4276202090593
16.9508886717091
16.6545853658536
16.9741444718279
17.0268954703833
16.7818211098836
16.836001784652
16.8108397212544
16.8069173961078
999.99
999.99
999.99
999.99
999.99
999.99
999.99
999.99
999.99
999.99
999.99
999.99
999.99
999.99
999.99
999.99
999.99
999.99
999.99
999.99
999.99
999.99
999.99
999.99
999.99
999.99
999.99
999.99
999.99
999.99
999.99
999.99
999.99
999.99
999.99
999.99
999.99
999.99
999.99
999.99
999.99
999.99
999.99
999.99
999.99
999.99
999.99
999.99
999.99
999.99
999.99
999.99
999.99
999.99
999.99
999.99
999.99
999.99
999.99
999.99
999.99
999.99
20.555987790196
20.555987790196
20.555987790196
20.555987790196
20.555987790196
16.9739720404521
17.0097595818815
16.9129073680633
16.9294947735192
17.0106969490949
17.0575261324042
17.2739502846944
16.8917317073171
16.5149523242968
16.5360557491289
17.0702354890796
17.3105609756098
17.3688507691
17.4984127645109
17.2084128919861
16.9731231409875
999.99
999.99
999.99
999.99
999.99
999.99
999.99
999.99
999.99
999.99
999.99
999.99
999.99
999.99
999.99
999.99
999.99
999.99
999.99
999.99
999.99
999.99
999.99
999.99
999.99
999.99
999.99
999.99
999.99
999.99
999.99
999.99
999.99
999.99
999.99
999.99
999.99
999.99
999.99
999.99
999.99
999.99
999.99
999.99
999.99
999.99
999.99
999.99
999.99
999.99
999.99
999.99
999.99
999.99
999.99
999.99
999.99
999.99
999.99
999.99
999.99
999.99
20.555987790196
20.555987790196
20.555987790196
20.555987790196
36.7517317073201
16.9083961927424
17.1810731707317
17.1041356335514
17.2847804878049
17.3763819155265
17.1645365853658
16.7118072575847
16.3580731707317
16.2499024390244
16.478731707317
17.158972635336
17.7934146341464
17.8388875669244
17.7822260559191
17.2762195121951
17.1318375966686
999.99
999.99
999.99
999.99
999.99
999.99
999.99
999.99
999.99
999.99
999.99
999.99
999.99
999.99
999.99
999.99
999.99
999.99
999.99
999.99
999.99
999.99
999.99
999.99
999.99
999.99
999.99
999.99
999.99
999.99
999.99
999.99
999.99
999.99
999.99
999.99
999.99
999.99
999.99
999.99
999.99
999.99
999.99
999.99
999.99
999.99
999.99
999.99
999.99
999.99
999.99
999.99
999.99
999.99
999.99
999.99
999.99
999.99
999.99
999.99
999.99
999.99
999.99
20.555987790196
20.555987790196
16.1949327781083
16.2934006968641
16.4487002634486
16.6406794425087
17.0407627262683
16.9629547038327
17.2735104954534
17.2351080139373
17.1734575507776
17.0325331010453
16.7671424322258
16.7130905923345
17.2506507181099
33.725693379788
18.1793778363219
18.1041850089231
17.4037195121951
17.5536702642985
17.1700888501742
999.99
999.99
999.99
999.99
999.99
999.99
999.99
999.99
999.99
999.99
999.99
999.99
999.99
999.99
999.99
999.99
999.99
999.99
999.99
999.99
999.99
999.99
999.99
999.99
999.99
999.99
999.99
999.99
999.99
999.99
999.99
999.99
999.99
999.99
999.99
999.99
999.99
999.99
999.99
999.99
999.99
999.99
999.99
999.99
999.99
999.99
999.99
999.99
999.99
999.99
999.99
999.99
999.99
999.99
999.99
999.99
999.99
999.99
999.99
999.99
999.99
999.99
20.555987790196
16.2446230296997
16.3040839312525
16.33643719927
16.4155996916316
16.4650136054422
16.6036952878712
16.6369454123112
17.1678385840952
17.3134979259997
17.2000442176871
17.2771364692218
17.3360500896373
17.5100778164924
18.0819442771754
20.555987790196
19.1803188214013
19.3568333818953
18.8296951219512
17.9574839664599
17.8010239754438
999.99
999.99
999.99
999.99
999.99
999.99
999.99
999.99
999.99
999.99
999.99
999.99
999.99
999.99
999.99
999.99
999.99
999.99
999.99
999.99
999.99
999.99
999.99
999.99
999.99
999.99
999.99
999.99
999.99
999.99
999.99
999.99
999.99
999.99
999.99
999.99
999.99
999.99
999.99
999.99
999.99
999.99
999.99
999.99
999.99
999.99
999.99
999.99
999.99
999.99
999.99
999.99
999.99
999.99
999.99
999.99
999.99
999.99
999.99
999.99
999.99
999.99
999.99
999.99
20.555987790196
20.555987790196
20.555987790196
16.1342264808362
16.0574851703918
16.3264773519163
17.0404843205575
17.2585714285715
17.4978592674429
17.6996306620209
17.8389858927509
18.0703937282229
18.5689395767825
18.544094076655
18.5754644344353
19.5280705362455
19.0316236933798
17.8849655817116
17.8006114982578
17.7598165207785
17.2344738675958
999.99
999.99
999.99
999.99
999.99
999.99
999.99
999.99
999.99
999.99
999.99
999.99
999.99
999.99
999.99
999.99
999.99
999.99
999.99
999.99
999.99
999.99
999.99
999.99
999.99
999.99
999.99
999.99
999.99
999.99
999.99
999.99
999.99
999.99
999.99
999.99
999.99
999.99
999.99
999.99
999.99
999.99
999.99
999.99
999.99
999.99
999.99
999.99
999.99
999.99
999.99
999.99
999.99
999.99
999.99
999.99
999.99
999.99
999.99
999.99
999.99
999.99
20.555987790196
20.555987790196
20.555987790196
20.555987790196
20.555987790196
17.3207154471545
17.4869285714285
17.529481416957
17.4978601678625
17.7889215198274
17.9712175656699
18.2403571428571
18.4576239523769
18.5862132072341
19.2396036372908
19.4205519370152
19.5920272108843
19.4861481423026
18.07856263481
17.9753922814813
17.7424054255849
999.99
999.99
999.99
999.99
999.99
999.99
999.99
999.99
999.99
999.99
999.99
999.99
999.99
999.99
999.99
999.99
999.99
999.99
999.99
999.99
999.99
999.99
999.99
999.99
999.99
999.99
999.99
999.99
999.99
999.99
999.99
999.99
999.99
999.99
999.99
999.99
999.99
999.99
999.99
999.99
999.99
999.99
999.99
999.99
999.99
999.99
999.99
999.99
999.99
999.99
999.99
999.99
999.99
999.99
999.99
999.99
999.99
999.99
999.99
999.99
999.99
20.555987790196
20.555987790196
20.555987790196
20.555987790196
18.1512090592311
16.8860990906771
17.5223972125435
17.6441521203365
17.6379442508711
17.8712203620295
17.7164459930314
17.7491416673749
17.8909059233447
19.0934057108863
19.1887700348432
19.1124969830883
18.6894458230645
18.4897229965157
18.1880243902439
18.0624860627177
18.112578482196
999.99
999.99
999.99
999.99
999.99
999.99
999.99
999.99
999.99
999.99
999.99
999.99
999.99
999.99
999.99
999.99
999.99
999.99
999.99
999.99
999.99
999.99
999.99
999.99
999.99
999.99
999.99
999.99
999.99
999.99
999.99
999.99
999.99
999.99
999.99
999.99
999.99
999.99
999.99
999.99
999.99
999.99
999.99
999.99
999.99
999.99
999.99
999.99
999.99
999.99
999.99
999.99
999.99
999.99
999.99
999.99
999.99
999.99
999.99
999.99
999.99
999.99
999.99
999.99
999.99
20.555987790196
17.2757042475527
17.3761394557823
17.4923595486975
17.531167765381
17.6400991372158
17.6055110964075
17.657337647254
17.8360087067545
19.013357059897
19.4119478019643
19.3102966650075
19.1361326530612
18.8643838276536
18.7318160776506
18.343917485138
18.1021729716277
18.024619047619
17.7418518334163
23.4095939957226
20.555987790196
999.99
999.99
999.99
999.99
999.99
999.99
999.99
999.99
999.99
999.99
999.99
999.99
999.99
999.99
999.99
999.99
999.99
999.99
999.99
999.99
999.99
999.99
999.99
999.99
999.99
999.99
999.99
999.99
999.99
999.99
999.99
999.99
999.99
999.99
999.99
999.99
999.99
999.99
999.99
999.99
999.99
999.99
999.99
999.99
999.99
999.99
999.99
999.99
999.99
999.99
999.99
999.99
999.99
999.99
999.99
999.99
999.99
999.99
999.99
999.99
999.99
16.6275853658537
16.9379756097561
17.0603170731708
17.0917662105889
17.4039512195122
17.1905312314099
17.2911707317073
17.5821332540154
17.532
18.0279999999999
19.0534390243902
18.9431052944676
18.6924146341463
18.7340654372397
19.0460529446758
18.8469634146342
18.6404354550863
18.1407195121951
17.2979232599644
20.555987790196
999.99
999.99
999.99
999.99
999.99
999.99
999.99
999.99
999.99
999.99
999.99
999.99
999.99
999.99
999.99
999.99
999.99
999.99
999.99
999.99
999.99
999.99
999.99
999.99
999.99
999.99
999.99
999.99
999.99
999.99
999.99
999.99
999.99
999.99
999.99
999.99
999.99
999.99
999.99
999.99
999.99
999.99
999.99
999.99
999.99
999.99
999.99
999.99
999.99
999.99
999.99
999.99
999.99
999.99
999.99
999.99
999.99
999.99
999.99
999.99
999.99
999.99
17.3185517973995
20.555987790196
17.3341822044701
17.3291428571429
17.4812359989802
17.7412404181185
17.6469538539985
17.7308222996516
17.852285374352
18.007724738676
17.9905222231664
19.0740034843204
19.3182528256991
18.6951707317073
18.8676049970256
18.6692652332794
18.6146114982579
18.2640461460015
17.5175296167247
17.1041731962268
999.99
999.99
999.99
999.99
999.99
999.99
999.99
999.99
999.99
999.99
999.99
999.99
999.99
999.99
999.99
999.99
999.99
999.99
999.99
999.99
999.99
999.99
999.99
999.99
999.99
999.99
999.99
999.99
999.99
999.99
999.99
999.99
999.99
999.99
999.99
999.99
999.99
999.99
999.99
999.99
999.99
999.99
999.99
999.99
999.99
999.99
999.99
999.99
999.99
999.99
999.99
999.99
999.99
999.99
999.99
999.99
999.99
999.99
999.99
999.99
999.99
999.99
999.99
999.99
20.555987790196
20.555987790196
17.4371393728224
17.3691769354975
17.438118466899
17.6225837511685
17.9670209059234
18.069020226056
18.2049756097561
19.0281114982578
18.6638013937283
18.5485238378517
18.5008257839721
18.3024697883913
18.1451209314184
18.0225087108014
17.5775813716325
17.2456707317073
16.8677992691425
20.555987790196
999.99
999.99
999.99
999.99
999.99
999.99
999.99
999.99
999.99
999.99
999.99
999.99
999.99
999.99
999.99
999.99
999.99
999.99
999.99
999.99
999.99
999.99
999.99
999.99
999.99
999.99
999.99
999.99
999.99
999.99
999.99
999.99
999.99
999.99
999.99
999.99
999.99
999.99
999.99
999.99
999.99
999.99
999.99
999.99
999.99
999.99
999.99
999.99
999.99
999.99
999.99
999.99
999.99
999.99
999.99
999.99
999.99
999.99
999.99
999.99
999.99
20.555987790196
20.555987790196
20.555987790196
20.555987790196
20.555987790196
17.7428471997961
17.7748222996516
17.811028979349
18.1104982578397
18.1556774878899
18.8292264808362
18.7728382765362
18.4923693379791
18.4535257924705
18.5117979094076
18.2770838786436
18.3262246112006
17.5896463414634
17.305755502677
17.1670017421603
999.99
999.99
999.99
999.99
999.99
999.99
999.99
999.99
999.99
999.99
999.99
999.99
999.99
999.99
999.99
999.99
999.99
999.99
999.99
999.99
999.99
999.99
999.99
999.99
999.99
999.99
999.99
999.99
999.99
999.99
999.99
999.99
999.99
999.99
999.99
999.99
999.99
999.99
999.99
999.99
999.99
999.99
999.99
999.99
999.99
999.99
999.99
999.99
999.99
999.99
999.99
999.99
999.99
999.99
999.99
999.99
999.99
999.99
999.99
999.99
999.99
999.99
999.99
999.99
20.555987790196
20.555987790196
20.555987790196
20.555987790196
17.6895483130789
17.8704390243903
17.8511165122801
18.2705574912892
18.5829480751254
18.8759407665505
18.6470573638141
18.3290209059234
18.1799522393133
18.1982787456446
18.3953537860117
18.2957700348432
17.6427909407666
17.5020962012408
17.3412020905923
16.9230197161554
999.99
999.99
999.99
999.99
999.99
999.99
999.99
999.99
999.99
999.99
999.99
999.99
999.99
999.99
999.99
999.99
999.99
999.99
999.99
999.99
999.99
999.99
999.99
999.99
999.99
999.99
999.99
999.99
999.99
999.99
999.99
999.99
999.99
999.99
999.99
999.99
999.99
999.99
999.99
999.99
999.99
999.99
999.99
999.99
999.99
999.99
999.99
999.99
999.99
999.99
999.99
999.99
999.99
999.99
999.99
999.99
999.99
999.99
999.99
999.99
999.99
999.99
20.555987790196
20.555987790196
20.555987790196
20.555987790196
20.555987790196
18.5198453301708
17.9327700348432
18.1963357695249
18.1505191637631
18.2016412849494
18.2872717770035
18.2894516019376
18.3267247386759
18.3864529616725
18.3703205574913
18.4522760261749
18.1614670689215
17.9296707317073
17.6172669329481
17.2380226480836
999.99
999.99
999.99
999.99
999.99
999.99
999.99
999.99
999.99
999.99
999.99
999.99
999.99
999.99
999.99
999.99
999.99
999.99
999.99
999.99
999.99
999.99
999.99
999.99
999.99
999.99
999.99
999.99
999.99
999.99
999.99
999.99
999.99
999.99
999.99
999.99
999.99
999.99
999.99
999.99
999.99
999.99
999.99
999.99
999.99
999.99
999.99
999.99
999.99
999.99
999.99
999.99
999.99
999.99
999.99
999.99
999.99
999.99
999.99
999.99
999.99
999.99
999.99
999.99
999.99
20.555987790196
20.555987790196
17.5662195121951
17.7985978219961
17.856637630662
17.9410696499897
17.9257984071678
18.1210040792046
18.1797486311598
17.9891322584953
17.897025385764
18.1955495878304
18.7954420109507
18.5833499860384
18.2114489795918
18.1511732205077
18.0103758817031
17.5575950721752
17.1276794060872
16.7887346938776
999.99
999.99
999.99
999.99
999.99
999.99
999.99
999.99
999.99
999.99
999.99
999.99
999.99
999.99
999.99
999.99
999.99
999.99
999.99
999.99
999.99
999.99
999.99
999.99
999.99
999.99
999.99
999.99
999.99
999.99
999.99
999.99
999.99
999.99
999.99
999.99
999.99
999.99
999.99
999.99
999.99
999.99
999.99
999.99
999.99
999.99
999.99
999.99
999.99
999.99
999.99
999.99
999.99
999.99
999.99
999.99
999.99
999.99
999.99
999.99
999.99
999.99
999.99
20.555987790196
20.555987790196
17.7985853658537
17.6499238548483
17.8461951219512
18.0181903628792
17.9526829268293
17.965751338489
17.8960731707317
17.8247953599048
18.1346585365853
19.0809976204639
19.356756097561
19.5521635930993
19.332251635931
18.7623170731708
18.2057846519928
17.7381707317073
17.643015466984
17.3701707317073
999.99
999.99
999.99
999.99
999.99
999.99
999.99
999.99
999.99
999.99
999.99
999.99
999.99
999.99
999.99
999.99
999.99
999.99
999.99
999.99
999.99
999.99
999.99
999.99
999.99
999.99
999.99
999.99
999.99
999.99
999.99
999.99
999.99
999.99
999.99
999.99
999.99
999.99
999.99
999.99
999.99
999.99
999.99
999.99
999.99
999.99
999.99
999.99
999.99
999.99
999.99
999.99
999.99
999.99
999.99
999.99
999.99
999.99
999.99
999.99
999.99
999.99
20.555987790196
20.555987790196
17.552590901917
17.7311976107516
17.6662699316491
17.6865510204082
17.6657098301546
17.7003280238925
17.6192698223846
17.9021070184171
18.0175613155434
17.99856246889
18.8444888125386
18.8737277252364
18.8481678179898
18.9370523255108
18.7234701343952
18.4296491034248
18.3271057740169
17.9513895518946
999.99
999.99
999.99
999.99
999.99
999.99
999.99
999.99
999.99
999.99
999.99
999.99
999.99
999.99
999.99
999.99
999.99
999.99
999.99
999.99
999.99
999.99
999.99
999.99
999.99
999.99
999.99
999.99
999.99
999.99
999.99
999.99
999.99
999.99
999.99
999.99
999.99
999.99
999.99
999.99
999.99
999.99
999.99
999.99
999.99
999.99
999.99
999.99
999.99
999.99
999.99
999.99
999.99
999.99
999.99
999.99
999.99
999.99
999.99
999.99
999.99
999.99
999.99
16.948561825444
17.040212543554
16.923268887567
17.6238432055749
17.6161737911107
17.6024773519164
17.8576927849069
17.8013554006969
17.8401552647234
17.8312648083624
17.896499107674
18.2352264808362
18.2769213903289
18.5250905923345
18.6646027874565
18.3897126710291
18.1881114982578
18.0310652672729
18.026381533101
17.9128772839297
999.99
999.99
999.99
999.99
999.99
999.99
999.99
999.99
999.99
999.99
999.99
999.99
999.99
999.99
999.99
999.99
999.99
999.99
999.99
999.99
999.99
999.99
999.99
999.99
999.99
999.99
999.99
999.99
999.99
999.99
999.99
999.99
999.99
999.99
999.99
999.99
999.99
999.99
999.99
999.99
999.99
999.99
999.99
999.99
999.99
999.99
999.99
999.99
999.99
999.99
999.99
999.99
999.99
999.99
999.99
999.99
999.99
999.99
999.99
999.99
999.99
20.555987790196
17.4652578397213
17.4942580096882
17.2047073170732
20.555987790196
17.332456445993
17.5570752953174
20.555987790196
17.6469106824169
17.4167212543554
17.3060559190958
17.2728710801394
17.4518221296847
17.9322055749128
18.7754398742246
18.3077630662021
18.3106980538795
18.0470192912382
18.0356951219512
17.9801428571429
999.99
999.99
999.99
999.99
999.99
999.99
999.99
999.99
999.99
999.99
999.99
999.99
999.99
999.99
999.99
999.99
999.99
999.99
999.99
999.99
999.99
999.99
999.99
999.99
999.99
999.99
999.99
999.99
999.99
999.99
999.99
999.99
999.99
999.99
999.99
999.99
999.99
999.99
999.99
999.99
999.99
999.99
999.99
999.99
999.99
999.99
999.99
999.99
999.99
999.99
999.99
999.99
999.99
999.99
999.99
999.99
999.99
999.99
999.99
999.99
999.99
999.99
999.99
999.99
17.4906271777003
20.555987790196
20.555987790196
20.555987790196
20.555987790196
17.3338616469788
20.555987790196
17.6891996260729
17.6134494773519
17.563756097561
20.555987790196
20.555987790196
20.555987790196
35.7730041641962
18.0215993031359
18.1672056598963
18.0933799609076
17.8383101045296
17.9371836491884
17.8066324041811
999.99
999.99
999.99
999.99
999.99
999.99
999.99
999.99
999.99
999.99
999.99
999.99
999.99
999.99
999.99
999.99
999.99
999.99
999.99
999.99
999.99
999.99
999.99
999.99
999.99
999.99
999.99
999.99
999.99
999.99
999.99
999.99
999.99
999.99
999.99
999.99
999.99
999.99
999.99
999.99
999.99
999.99
999.99
999.99
999.99
999.99
999.99
999.99
999.99
999.99
999.99
999.99
999.99
999.99
999.99
999.99
999.99
999.99
999.99
999.99
999.99
999.99
999.99
20.555987790196
36.5443554007021
20.555987790196
20.555987790196
20.555987790196
20.555987790196
20.555987790196
20.555987790196
20.555987790196
26.9372173026069
17.7395923344948
20.555987790196
20.555987790196
20.555987790196
18.158574912892
17.6609875924194
17.7269082178975
17.8103275261324
17.8731897679952
17.4438101045295
999.99
999.99
999.99
999.99
999.99
999.99
999.99
999.99
999.99
999.99
999.99
999.99
999.99
999.99
999.99
999.99
999.99
999.99
999.99
999.99
999.99
999.99
999.99
999.99
999.99
999.99
999.99
999.99
999.99
999.99
999.99
999.99
999.99
999.99
999.99
999.99
999.99
999.99
999.99
999.99
999.99
999.99
999.99
999.99
999.99
999.99
999.99
999.99
999.99
999.99
999.99
999.99
999.99
999.99
999.99
999.99
999.99
999.99
999.99
999.99
999.99
999.99
18.3589003994221
17.9557003484321
17.2067968046231
20.555987790196
20.555987790196
20.555987790196
20.555987790196
20.555987790196
17.3542788306281
17.6136236933798
20.555987790196
20.555987790196
20.555987790196
20.555987790196
20.555987790196
17.8675923344948
17.7325421942721
17.5013555706638
17.7230783972125
17.7539443358545
999.99
999.99
999.99
999.99
999.99
999.99
999.99
999.99
999.99
999.99
999.99
999.99
999.99
999.99
999.99
999.99
999.99
999.99
999.99
999.99
999.99
999.99
999.99
999.99
999.99
999.99
999.99
999.99
999.99
999.99
999.99
999.99
999.99
999.99
999.99
999.99
999.99
999.99
999.99
999.99
999.99
999.99
999.99
999.99
999.99
999.99
999.99
999.99
999.99
999.99
999.99
999.99
999.99
999.99
999.99
999.99
999.99
999.99
999.99
999.99
999.99
999.99
20.555987790196
17.0212034503272
17.3461707317074
24.4678976799406
20.555987790196
20.555987790196
20.555987790196
17.8400101130279
20.555987790196
20.555987790196
20.555987790196
20.555987790196
20.555987790196
20.555987790196
20.555987790196
20.555987790196
27.8757560975589
17.8930731707317
17.5143515764426
17.3443658536585
999.99
999.99
999.99
999.99
999.99
999.99
999.99
999.99
999.99
999.99
999.99
999.99
999.99
999.99
999.99
999.99
999.99
999.99
999.99
999.99
999.99
999.99
999.99
999.99
999.99
999.99
999.99
999.99
999.99
999.99
999.99
999.99
999.99
999.99
999.99
999.99
999.99
999.99
999.99
999.99
999.99
999.99
999.99
999.99
999.99
999.99
999.99
999.99
999.99
999.99
999.99
999.99
999.99
999.99
999.99
999.99
999.99
999.99
999.99
999.99
999.99
999.99
999.99
17.3669409324705
17.3521444637343
20.555987790196
20.555987790196
20.555987790196
17.3819246864719
17.7388719097395
20.555987790196
20.555987790196
20.555987790196
20.555987790196
20.555987790196
20.555987790196
20.555987790196
20.555987790196
20.555987790196
20.555987790196
20.555987790196
17.4231220786946
16.9923401360544
999.99
999.99
999.99
999.99
999.99
999.99
999.99
999.99
999.99
999.99
999.99
999.99
999.99
999.99
999.99
999.99
999.99
999.99
999.99
999.99
999.99
999.99
999.99
999.99
999.99
999.99
999.99
999.99
999.99
999.99
999.99
999.99
999.99
999.99
999.99
999.99
999.99
999.99
999.99
999.99
999.99
999.99
999.99
999.99
999.99
999.99
999.99
999.99
999.99
999.99
999.99
999.99
999.99
999.99
999.99
999.99
999.99
999.99
999.99
999.99
999.99
999.99
999.99
999.99
20.555987790196
20.555987790196
20.555987790196
20.555987790196
20.555987790196
20.555987790196
20.555987790196
20.555987790196
20.555987790196
20.555987790196
20.555987790196
20.555987790196
20.555987790196
20.555987790196
20.555987790196
20.555987790196
20.555987790196
17.1165347157304
17.0731480836237
18.4645915696416
999.99
999.99
999.99
999.99
999.99
999.99
999.99
999.99
999.99
999.99
999.99
999.99
999.99
999.99
999.99
999.99
999.99
999.99
999.99
999.99
999.99
999.99
999.99
999.99
999.99
999.99
999.99
999.99
999.99
999.99
999.99
999.99
999.99
999.99
999.99
999.99
999.99
999.99
999.99
999.99
999.99
999.99
999.99
999.99
999.99
999.99
999.99
999.99
999.99
999.99
999.99
999.99
999.99
999.99
999.99
999.99
999.99
999.99
20.555987790196
20.555987790196
20.555987790196
20.555987790196
20.555987790196
20.555987790196
20.555987790196
20.555987790196
18.2064591836735
21.4328764948009
18.3110154305625
20.555987790196
20.555987790196
20.555987790196
20.555987790196
20.555987790196
20.555987790196
20.555987790196
18.0630826281732
20.555987790196
999.99
999.99
999.99
999.99
999.99
999.99
999.99
999.99
999.99
999.99
999.99
999.99
999.99
999.99
999.99
999.99
999.99
999.99
999.99
999.99
999.99
999.99
999.99
999.99
999.99
999.99
999.99
999.99
999.99
999.99
999.99
999.99
999.99
999.99
999.99
999.99
999.99
999.99
999.99
999.99
999.99
999.99
999.99
999.99
999.99
999.99
999.99
999.99
999.99
999.99
999.99
999.99
999.99
999.99
999.99
999.99
999.99
999.99
999.99
999.99
25.2232648083649
25.5392399932039
25.6229163763092
25.5863242967647
25.5201352936203
25.4163170731733
18.1591565394748
18.2765644599304
25.164510495456
20.555987790196
20.555987790196
18.1651567944251
21.2253190277927
20.555987790196
18.1210303390839
18.4568536585366
18.3720115577462
18.2899233449477
18.2792839296337
18.2681777003484
999.99
999.99
999.99
999.99
999.99
999.99
999.99
999.99
999.99
999.99
999.99
999.99
999.99
999.99
999.99
999.99
999.99
999.99
999.99
999.99
999.99
999.99
999.99
999.99
999.99
999.99
999.99
999.99
999.99
999.99
999.99
999.99
999.99
999.99
999.99
999.99
999.99
999.99
999.99
999.99
999.99
999.99
999.99
999.99
999.99
999.99
999.99
999.99
999.99
999.99
999.99
999.99
999.99
999.99
999.99
999.99
999.99
999.99
999.99
20.555987790196
26.1604643737289
20.555987790196
18.6182456223417
18.3163829434213
18.2075816326531
20.555987790196
20.555987790196
18.6779475591545
18.7591998506719
18.3971327987471
18.2111700680272
18.1244517334596
18.0006172224988
17.8159094703914
17.5025457109673
17.7028407147511
17.8338578065372
17.7987290667606
17.7527419113987
999.99
999.99
999.99
999.99
999.99
999.99
999.99
999.99
999.99
999.99
999.99
999.99
999.99
999.99
999.99
999.99
999.99
999.99
999.99
999.99
999.99
999.99
999.99
999.99
999.99
999.99
999.99
999.99
999.99
999.99
999.99
999.99
999.99
999.99
999.99
999.99
999.99
999.99
999.99
999.99
999.99
999.99
999.99
999.99
999.99
999.99
999.99
999.99
999.99
999.99
999.99
999.99
999.99
999.99
999.99
999.99
999.99
35.2118275261295
20.555987790196
19.1625017421603
18.9505226480836
34.6722386759553
34.898536585363
20.555987790196
20.555987790196
18.1201149825784
18.0949407665505
20.555987790196
34.1998239993172
34.1766376306591
18.5854855103255
18.6240797144557
18.4218362369338
18.0008493243817
17.9412926829268
17.934462394833
17.9061114982578
999.99
999.99
999.99
999.99
999.99
999.99
999.99
999.99
999.99
999.99
999.99
999.99
999.99
999.99
999.99
999.99
999.99
999.99
999.99
999.99
999.99
999.99
999.99
999.99
999.99
999.99
999.99
999.99
999.99
999.99
999.99
999.99
999.99
999.99
999.99
999.99
999.99
999.99
999.99
999.99
999.99
999.99
999.99
999.99
999.99
999.99
999.99
999.99
999.99
999.99
999.99
999.99
999.99
999.99
999.99
999.99
999.99
999.99
999.99
999.99
20.555987790196
20.555987790196
20.555987790196
19.3775609756097
39.3269512195151
20.555987790196
20.555987790196
20.555987790196
20.555987790196
20.555987790196
20.555987790196
20.555987790196
20.555987790196
20.555987790196
19.1618607971445
22.044426829257
39.1024306960185
18.7562998215348
18.657487804878
18.5125675193337
18.2280243902439
18.2437674003569
18.3822926829268
18.3229321832243
999.99
999.99
999.99
999.99
999.99
999.99
999.99
999.99
999.99
999.99
999.99
999.99
999.99
999.99
999.99
999.99
999.99
999.99
999.99
999.99
999.99
999.99
999.99
999.99
999.99
999.99
999.99
999.99
999.99
999.99
999.99
999.99
999.99
999.99
999.99
999.99
999.99
999.99
999.99
999.99
999.99
999.99
999.99
999.99
999.99
999.99
999.99
999.99
999.99
999.99
999.99
19.4838675958189
19.238141497408
19.1387177700348
18.9253106994136
39.0490116427339
20.4163205575027
20.555987790196
20.555987790196
20.555987790196
20.555987790196
20.555987790196
20.555987790196
20.555987790196
20.555987790196
20.555987790196
20.555987790196
20.555987790196
20.555987790196
20.555987790196
20.555987790196
20.555987790196
20.555987790196
18.9681580691765
18.8937543554007
18.4835866406051
18.3031910427467
18.3851916376307
18.0962605591909
17.7715888501742
17.6453738421008
999.99
999.99
999.99
999.99
999.99
999.99
999.99
999.99
999.99
999.99
999.99
999.99
999.99
999.99
999.99
999.99
999.99
999.99
999.99
999.99
999.99
999.99
999.99
999.99
999.99
999.99
999.99
999.99
999.99
999.99
999.99
999.99
999.99
999.99
999.99
999.99
999.99
999.99
999.99
999.99
999.99
999.99
999.99
999.99
999.99
999.99
24.65246
24.65246
999.99
22.3718747735189
19.4870288943656
19.353606271777
19.1309025240078
19.0961080139373
19.0805268122716
19.0409616724739
19.0925685391349
19.1760226905753
19.4071759581882
19.4967885612306
19.4512404181185
20.555987790196
20.555987790196
30.8176236933755
20.555987790196
20.555987790196
20.555987790196
20.555987790196
20.555987790196
20.555987790196
20.555987790196
19.1815461035098
20.555987790196
30.8791658876643
20.555987790196
17.6950599133169
18.0728344947735
999.99
999.99
999.99
999.99
999.99
999.99
999.99
999.99
999.99
999.99
999.99
999.99
999.99
999.99
999.99
999.99
999.99
999.99
999.99
999.99
999.99
999.99
999.99
999.99
999.99
999.99
999.99
999.99
999.99
999.99
999.99
999.99
999.99
999.99
999.99
999.99
999.99
999.99
999.99
999.99
999.99
999.99
999.99
999.99
999.99
999.99
999.99
999.99
24.65246
24.65246
24.65246
24.65246
24.65246
24.65246
22.6682078792587
19.1808081964493
19.0615048379851
18.8724783474365
18.8009659863946
18.7208320889332
18.674798281716
18.8537916044466
19.023829879364
39.2385313892404
20.555987790196
20.555987790196
20.555987790196
20.555987790196
20.555987790196
20.555987790196
20.555987790196
20.555987790196
20.555987790196
20.555987790196
20.555987790196
20.555987790196
20.555987790196
999.99
999.99
999.99
999.99
999.99
999.99
999.99
999.99
999.99
999.99
999.99
999.99
999.99
999.99
999.99
999.99
999.99
999.99
999.99
999.99
999.99
999.99
999.99
999.99
999.99
999.99
999.99
999.99
999.99
999.99
999.99
999.99
999.99
999.99
999.99
999.99
999.99
999.99
999.99
999.99
999.99
999.99
999.99
999.99
999.99
999.99
999.99
999.99
999.99
999.99
999.99
24.65246
24.65246
24.65246
24.65246
24.65246
24.65246
24.65246
24.65246
22.0762586062722
18.6977974844906
22.1718141463408
18.5292440724059
18.4664216027874
18.5218307979944
18.5959477351916
18.6365410045041
18.5663972125435
20.555987790196
20.555987790196
20.555987790196
21.8577285629256
20.555987790196
20.555987790196
19.6423519163763
20.555987790196
20.555987790196
20.555987790196
20.555987790196
20.555987790196
999.99
999.99
999.99
999.99
999.99
999.99
999.99
999.99
999.99
999.99
999.99
999.99
999.99
999.99
999.99
999.99
999.99
999.99
999.99
999.99
999.99
999.99
999.99
999.99
999.99
999.99
999.99
999.99
999.99
999.99
999.99
999.99
999.99
999.99
999.99
999.99
999.99
999.99
999.99
999.99
999.99
999.99
24.65246
999.99
999.99
24.65246
24.65246
24.65246
21.0737412244896
23.3428754952714
24.65246
24.65246
24.65246
24.65246
24.65246
24.65246
24.65246
24.65246
24.65246
24.65246
24.65246
24.65246
24.65246
18.5848392763461
21.104802913556
21.439000661495
18.3689523809524
17.4885036724982
17.487119130579
20.555987790196
20.555987790196
20.555987790196
20.555987790196
36.9083090260558
35.178227860803
20.555987790196
999.99
999.99
999.99
999.99
999.99
999.99
999.99
999.99
999.99
999.99
999.99
999.99
999.99
999.99
999.99
999.99
999.99
999.99
999.99
999.99
999.99
999.99
999.99
999.99
999.99
999.99
999.99
999.99
999.99
999.99
999.99
999.99
999.99
999.99
999.99
999.99
999.99
999.99
999.99
999.99
999.99
999.99
999.99
999.99
999.99
999.99
999.99
999.99
999.99
24.65246
24.65246
24.65246
24.65246
24.65246
24.65246
24.65246
24.65246
24.65246
24.65246
24.65246
24.65246
24.65246
24.65246
24.65246
24.65246
24.65246
24.65246
24.65246
24.5590473527653
21.3436188153299
24.65246
24.65246
24.65246
20.555987790196
20.555987790196
999.99
999.99
999.99
999.99
999.99
999.99
999.99
999.99
999.99
999.99
999.99
999.99
999.99
999.99
999.99
999.99
999.99
999.99
999.99
999.99
999.99
999.99
999.99
999.99
999.99
999.99
999.99
999.99
999.99
999.99
999.99
999.99
999.99
999.99
999.99
999.99
999.99
999.99
999.99
999.99
999.99
999.99
999.99
999.99
999.99
999.99
999.99
999.99
999.99
999.99
999.99
999.99
999.99
999.99
999.99
999.99
999.99
24.65246
24.65246
24.65246
24.65246
24.65246
24.65246
24.65246
24.65246
24.65246
24.65246
24.65246
24.65246
24.65246
24.65246
24.65246
24.65246
24.65246
24.65246
24.65246
999.99
999.99
24.65246
999.99
999.99
999.99
999.99
999.99
999.99
999.99
999.99
999.99
999.99
999.99
999.99
999.99
999.99
999.99
999.99
999.99
999.99
999.99
999.99
999.99
999.99
999.99
999.99
999.99
999.99
999.99
999.99
999.99
999.99
999.99
999.99
999.99
999.99
999.99
999.99
999.99
999.99
999.99
999.99
999.99
999.99
999.99
999.99
999.99
999.99
999.99
999.99
999.99
999.99
999.99
999.99
999.99
999.99
999.99
999.99
999.99
999.99
999.99
999.99
999.99
24.65246
24.65246
24.65246
24.65246
24.65246
24.65246
24.65246
24.65246
24.65246
24.65246
24.65246
24.65246
24.65246
24.65246
24.65246
999.99
999.99
999.99
999.99
999.99
999.99
999.99
999.99
999.99
999.99
999.99
999.99
999.99
999.99
999.99
999.99
999.99
999.99
999.99
999.99
999.99
999.99
999.99
999.99
999.99
999.99
999.99
999.99
999.99
999.99
999.99
999.99
999.99
999.99
999.99
999.99
999.99
999.99
999.99
999.99
999.99
999.99
999.99
999.99
999.99
999.99
999.99
999.99
999.99
999.99
999.99
999.99
999.99
999.99
999.99
999.99
999.99
999.99
999.99
999.99
999.99
999.99
999.99
999.99
999.99
999.99
999.99
999.99
24.65246
24.65246
24.65246
24.65246
24.65246
24.65246
24.65246
24.65246
24.65246
24.65246
24.65246
24.65246
999.99
999.99
999.99
999.99
999.99
999.99
999.99
999.99
999.99
999.99
999.99
999.99
999.99
999.99
999.99
999.99
999.99
999.99
999.99
999.99
999.99
999.99
999.99
999.99
999.99
999.99
999.99
999.99
999.99
999.99
999.99
999.99
999.99
999.99
999.99
999.99
999.99
999.99
999.99
999.99
999.99
999.99
999.99
999.99
999.99
999.99
999.99
999.99
999.99
999.99
999.99
999.99
999.99
999.99
999.99
999.99
999.99
999.99
999.99
999.99
999.99
999.99
999.99
999.99
999.99
999.99
999.99
999.99
999.99
999.99
999.99
999.99
24.65246
24.65246
999.99
999.99
999.99
999.99
999.99
999.99
999.99
999.99
999.99
999.99
999.99
999.99
999.99
999.99
999.99
999.99
999.99
999.99
999.99
999.99
999.99
999.99
999.99
999.99
999.99
999.99
999.99
999.99
999.99
999.99
999.99
999.99
999.99
999.99
999.99
999.99
999.99
999.99
999.99
999.99
999.99
999.99
999.99
999.99
999.99
999.99
999.99
999.99
999.99
999.99
999.99
999.99
999.99
999.99
999.99
999.99
999.99
999.99
999.99
999.99
999.99
999.99
999.99
999.99
999.99
999.99
999.99
999.99
999.99
999.99
999.99
999.99
999.99
999.99
999.99
999.99
999.99
999.99
999.99
999.99
999.99
999.99
999.99
999.99
999.99
999.99
999.99
999.99
999.99
999.99
999.99
999.99
999.99
999.99
999.99
999.99
999.99
999.99
999.99
999.99
999.99
999.99
999.99
999.99
999.99
999.99
999.99
999.99
999.99
999.99
999.99
999.99
999.99
999.99
999.99
999.99
999.99
999.99
999.99
999.99
999.99
999.99
999.99
999.99
999.99
999.99
999.99
999.99
999.99
999.99
999.99
999.99
999.99
999.99
999.99
999.99
999.99
999.99
999.99
999.99
999.99
999.99
999.99
999.99
999.99
999.99
999.99
999.99
999.99
999.99
999.99
999.99
999.99
999.99
999.99
999.99
999.99
999.99
999.99
999.99
999.99
999.99
999.99
999.99
999.99
999.99
999.99
999.99
999.99
999.99
999.99
999.99
999.99
999.99
999.99
999.99
999.99
999.99
999.99
999.99
999.99
999.99
999.99
999.99
999.99
999.99
999.99
999.99
999.99
999.99
999.99
999.99
999.99
999.99
999.99
999.99
999.99
999.99
999.99
999.99
999.99
999.99
999.99
999.99
999.99
999.99
999.99
999.99
999.99
999.99
999.99
999.99
999.99
999.99
999.99
999.99
999.99
999.99
999.99
999.99
999.99
999.99
999.99
999.99
999.99
999.99
999.99
999.99
999.99
999.99
999.99
999.99
999.99
999.99
999.99
999.99
999.99
999.99
999.99
999.99
999.99
999.99
999.99
999.99
999.99
999.99
999.99
999.99
999.99
999.99
999.99
999.99
999.99
999.99
999.99
999.99
999.99
999.99
999.99
999.99
999.99
999.99
999.99
999.99
999.99
999.99
999.99
999.99
999.99
999.99
999.99
999.99
999.99
999.99
999.99
999.99
999.99
999.99
999.99
999.99
999.99
999.99
999.99
999.99
999.99
999.99
999.99
999.99
999.99
999.99
999.99
999.99
999.99
999.99
999.99
999.99
999.99
999.99
999.99
999.99
999.99
999.99
999.99
999.99
999.99
999.99
999.99
999.99
999.99
999.99
999.99
999.99
999.99
999.99
999.99
999.99
999.99
999.99
999.99
999.99
999.99
999.99
999.99
999.99
999.99
999.99
999.99
999.99
999.99
999.99
999.99
999.99
999.99
999.99
999.99
999.99
999.99
999.99
999.99
999.99
999.99
999.99
999.99
999.99
999.99
999.99
999.99
999.99
999.99
999.99
999.99
999.99
999.99
999.99
999.99
999.99
999.99
999.99
999.99
999.99
999.99
999.99
999.99
999.99
999.99
999.99
999.99
999.99
999.99
999.99
999.99
999.99
999.99
999.99
999.99
999.99
999.99
999.99
999.99
999.99
999.99
999.99
999.99
999.99
999.99
999.99
999.99
999.99
999.99
999.99
999.99
999.99
999.99
999.99
999.99
999.99
999.99
999.99
999.99
999.99
999.99
999.99
999.99
999.99
999.99
999.99
999.99
999.99
999.99
999.99
999.99
