999.99
999.99
999.99
999.99
999.99
999.99
999.99
999.99
999.99
999.99
999.99
999.99
999.99
999.99
999.99
999.99
999.99
999.99
999.99
999.99
999.99
999.99
999.99
999.99
999.99
999.99
999.99
999.99
999.99
999.99
999.99
999.99
999.99
999.99
999.99
999.99
999.99
999.99
999.99
999.99
999.99
999.99
999.99
999.99
999.99
999.99
999.99
999.99
999.99
999.99
999.99
999.99
999.99
999.99
999.99
999.99
999.99
999.99
999.99
999.99
999.99
999.99
999.99
999.99
999.99
999.99
999.99
999.99
999.99
999.99
999.99
999.99
999.99
999.99
999.99
999.99
999.99
999.99
999.99
999.99
999.99
999.99
999.99
999.99
999.99
999.99
999.99
999.99
999.99
999.99
999.99
999.99
999.99
999.99
999.99
999.99
999.99
999.99
999.99
999.99
999.99
999.99
999.99
999.99
999.99
999.99
999.99
999.99
999.99
999.99
999.99
999.99
999.99
999.99
999.99
999.99
999.99
999.99
999.99
999.99
999.99
999.99
999.99
999.99
999.99
999.99
999.99
999.99
999.99
999.99
999.99
999.99
999.99
999.99
23.2368117617065
23.1704512620039
23.0078521288349
22.9054562760262
22.8174911192317
22.6884119996601
22.7481397977394
22.7454872949775
22.6243657686751
22.3766132404181
22.2156005778873
22.0203627564847
21.8304476502082
21.4653792385485
21.3649584431036
21.0474509220702
20.4797776833518
19.7481491884083
19.4457139882723
19.3922376986488
19.4242946800374
999.99
999.99
999.99
999.99
999.99
999.99
999.99
999.99
999.99
999.99
999.99
999.99
999.99
999.99
999.99
999.99
999.99
999.99
999.99
999.99
999.99
999.99
999.99
999.99
999.99
999.99
999.99
999.99
999.99
999.99
999.99
999.99
999.99
999.99
999.99
999.99
999.99
999.99
999.99
999.99
999.99
999.99
999.99
999.99
999.99
999.99
999.99
999.99
999.99
999.99
999.99
999.99
999.99
999.99
999.99
999.99
999.99
999.99
999.99
999.99
999.99
999.99
23.269586235142
23.3004482599387
23.2699604550607
23.2515370553344
23.186154425128
23.1022065097306
23.0590774199031
22.9716757544327
22.9089254091235
22.8248748869874
22.6255887477845
22.0551269887914
21.7181825981584
21.6180404418729
21.3815740528187
20.8384390694416
20.2845044298892
19.7972196365986
19.604625942369
19.5904933595178
19.8103683325125
999.99
999.99
999.99
999.99
999.99
999.99
999.99
999.99
999.99
999.99
999.99
999.99
999.99
999.99
999.99
999.99
999.99
999.99
999.99
999.99
999.99
999.99
999.99
999.99
999.99
999.99
999.99
999.99
999.99
999.99
999.99
999.99
999.99
999.99
999.99
999.99
999.99
999.99
999.99
999.99
999.99
999.99
999.99
999.99
999.99
999.99
999.99
999.99
999.99
999.99
999.99
999.99
999.99
999.99
999.99
999.99
999.99
999.99
999.99
999.99
999.99
999.99
23.4622072459123
23.5408218563043
23.4935692241218
23.4746959344133
23.4684972431581
23.4286218401267
23.3764969022005
23.185620043188
23.03594243755
22.8978866904689
22.9267083563283
22.7050638325661
22.1197887291497
21.4175364686416
20.9932930709837
20.8580759383245
20.473486130295
20.0183827976135
19.8248175354601
19.7764201529497
20.0332346530679
999.99
999.99
999.99
999.99
999.99
999.99
999.99
999.99
999.99
999.99
999.99
999.99
999.99
999.99
999.99
999.99
999.99
999.99
999.99
999.99
999.99
999.99
999.99
999.99
999.99
999.99
999.99
999.99
999.99
999.99
999.99
999.99
999.99
999.99
999.99
999.99
999.99
999.99
999.99
999.99
999.99
999.99
999.99
999.99
999.99
999.99
999.99
999.99
999.99
999.99
999.99
999.99
999.99
999.99
999.99
999.99
999.99
999.99
999.99
999.99
999.99
999.99
23.3129230613283
23.3846839179613
23.393816009854
23.3565998396578
23.3813708093187
23.3726778984724
23.3582324993012
23.1888488400786
22.9703015468008
22.849072632162
22.7990402708821
22.7350528711828
22.4709023985805
21.9854760909875
21.398545109306
21.0894540582659
20.8540721427394
20.4764489346867
20.3877438056808
24.0192413514871
29.2352398780145
999.99
999.99
999.99
999.99
999.99
999.99
999.99
999.99
999.99
999.99
999.99
999.99
999.99
999.99
999.99
999.99
999.99
999.99
999.99
999.99
999.99
999.99
999.99
999.99
999.99
999.99
999.99
999.99
999.99
999.99
999.99
999.99
999.99
999.99
999.99
999.99
999.99
999.99
999.99
999.99
999.99
999.99
999.99
999.99
999.99
999.99
999.99
999.99
999.99
999.99
999.99
999.99
999.99
999.99
999.99
999.99
999.99
999.99
999.99
999.99
999.99
999.99
999.99
23.251785671794
23.2272467068922
23.1780076802493
23.2788236645059
23.4671056395208
23.32033337975
23.1907192782347
23.0454771061812
22.8926335606725
22.7741651801393
22.5689469748914
22.27415950212
21.8239792522687
21.4637668617872
21.1254753947377
20.7211975163337
20.3834437983087
19.9679533901733
19.7305337056563
24.0192413514871
24.0192413514871
999.99
999.99
999.99
999.99
999.99
999.99
999.99
999.99
999.99
999.99
999.99
999.99
999.99
999.99
999.99
999.99
999.99
999.99
999.99
999.99
999.99
999.99
999.99
999.99
999.99
999.99
999.99
999.99
999.99
999.99
999.99
999.99
999.99
999.99
999.99
999.99
999.99
999.99
999.99
999.99
999.99
999.99
999.99
999.99
999.99
999.99
999.99
999.99
999.99
999.99
999.99
999.99
999.99
999.99
999.99
999.99
999.99
999.99
999.99
999.99
999.99
23.1532289453557
23.2316492733917
23.1850314438684
23.1174984278066
23.1263867595819
23.1898994646044
23.1796176595564
23.1890406220787
23.1426026174896
23.0200423217473
22.750857312824
22.4259268292683
22.0803545933543
21.7306788901164
21.3209525367553
21.0519530466559
20.7119415738931
20.2851582391434
20.1304883997621
20.0341673323702
24.0192413514871
999.99
999.99
999.99
999.99
999.99
999.99
999.99
999.99
999.99
999.99
999.99
999.99
999.99
999.99
999.99
999.99
999.99
999.99
999.99
999.99
999.99
999.99
999.99
999.99
999.99
999.99
999.99
999.99
999.99
999.99
999.99
999.99
999.99
999.99
999.99
999.99
999.99
999.99
999.99
999.99
999.99
999.99
999.99
999.99
999.99
999.99
999.99
999.99
999.99
999.99
999.99
999.99
999.99
999.99
999.99
999.99
999.99
999.99
999.99
999.99
999.99
999.99
999.99
999.99
23.175439561936
23.1706827834837
23.1489397733707
23.1742667660529
23.1453805250747
23.0412332375307
23.0791416253951
22.9840201902195
22.6679812432359
22.250491984197
21.8195150190291
21.3995171799631
21.0750369365624
20.8983415171692
20.6354863105008
20.3163495122668
20.1188310421938
19.7381067709267
19.5465793847609
24.0192413514871
35.4909858446261
999.99
999.99
999.99
999.99
999.99
999.99
999.99
999.99
999.99
999.99
999.99
999.99
999.99
999.99
999.99
999.99
999.99
999.99
999.99
999.99
999.99
999.99
999.99
999.99
999.99
999.99
999.99
999.99
999.99
999.99
999.99
999.99
999.99
999.99
999.99
999.99
999.99
999.99
999.99
999.99
999.99
999.99
999.99
999.99
999.99
999.99
999.99
999.99
999.99
999.99
999.99
999.99
999.99
999.99
999.99
999.99
999.99
999.99
999.99
999.99
999.99
999.99
999.99
23.2404123221875
23.2147757092788
23.1317929609148
23.130608056429
23.1209720445477
23.0305271470858
22.8648638514285
22.5838758596893
22.1869677175602
21.9608470892152
21.5959327525108
21.3941005282283
21.1846923052113
21.0170840363238
20.8042277760656
20.6502368426711
20.23276917477
19.9319095673934
19.7940864798533
19.5202028093678
19.741306769186
999.99
999.99
999.99
999.99
999.99
999.99
999.99
999.99
999.99
999.99
999.99
999.99
999.99
999.99
999.99
999.99
999.99
999.99
999.99
999.99
999.99
999.99
999.99
999.99
999.99
999.99
999.99
999.99
999.99
999.99
999.99
999.99
999.99
999.99
999.99
999.99
999.99
999.99
999.99
999.99
999.99
999.99
999.99
999.99
999.99
999.99
999.99
999.99
999.99
999.99
999.99
999.99
999.99
999.99
999.99
999.99
999.99
999.99
23.3835205992663
23.3497357148489
23.3441566551751
23.2854118604101
23.2668532192849
23.2313971828505
23.1644607903868
23.1525631104344
23.1356923907067
23.0554795338403
22.8716671219594
22.6307391029231
22.2780337004231
22.0286456697872
21.9195625380761
21.5581705095217
21.4756224882533
21.4987090310763
21.5113631060317
21.2660860912845
20.9102436459529
999.99
999.99
999.99
999.99
999.99
999.99
999.99
999.99
999.99
999.99
999.99
999.99
999.99
999.99
999.99
999.99
999.99
999.99
999.99
999.99
999.99
999.99
999.99
999.99
999.99
999.99
999.99
999.99
999.99
999.99
999.99
999.99
999.99
999.99
999.99
999.99
999.99
999.99
999.99
999.99
999.99
999.99
999.99
999.99
999.99
999.99
999.99
999.99
999.99
999.99
999.99
999.99
999.99
999.99
999.99
999.99
999.99
999.99
999.99
999.99
999.99
999.99
999.99
23.6253135888502
23.4825932268208
23.3960928443953
23.3544747599218
23.3378906263279
23.3332340443613
23.287344225376
23.1187005608906
22.9273001189768
22.6895370527747
22.2441104784567
21.9440909794813
21.8082693124841
21.7803941106484
21.7456185518824
21.7233252740715
21.7328314353701
21.7619886547123
21.6623324126795
21.4120679867426
20.9850458060678
999.99
999.99
999.99
999.99
999.99
999.99
999.99
999.99
999.99
999.99
999.99
999.99
999.99
999.99
999.99
999.99
999.99
999.99
999.99
999.99
999.99
999.99
999.99
999.99
999.99
999.99
999.99
999.99
999.99
999.99
999.99
999.99
999.99
999.99
999.99
999.99
999.99
999.99
999.99
999.99
999.99
999.99
999.99
999.99
999.99
999.99
999.99
999.99
999.99
999.99
999.99
999.99
999.99
999.99
999.99
999.99
999.99
999.99
999.99
999.99
999.99
999.99
23.7436269227501
23.7910119826634
23.7904774368998
23.702664825359
23.5712549502847
23.5044997875414
23.3943459675363
23.2498995495879
22.9433201325742
22.6909960057789
22.4536811421773
22.4045191637631
22.4056378431206
22.3761291748109
22.2837323022011
22.1401496983088
22.118862964222
21.9667634911192
21.8504434435285
21.6931151525453
21.2542183649189
999.99
999.99
999.99
999.99
999.99
999.99
999.99
999.99
999.99
999.99
999.99
999.99
999.99
999.99
999.99
999.99
999.99
999.99
999.99
999.99
999.99
999.99
999.99
999.99
999.99
999.99
999.99
999.99
999.99
999.99
999.99
999.99
999.99
999.99
999.99
999.99
999.99
999.99
999.99
999.99
999.99
999.99
999.99
999.99
999.99
999.99
999.99
999.99
999.99
999.99
999.99
999.99
999.99
999.99
999.99
999.99
999.99
999.99
999.99
999.99
999.99
999.99
999.99
999.99
999.99
999.99
23.7517574148041
23.62677764086
23.5478388289284
23.4190835812017
23.3022212543554
23.1188744369848
23.1000478456701
23.0624243128146
22.8920905498428
22.5821455766126
22.5062572448373
22.4944188833177
22.4069377496388
22.3674847454746
22.1593593099346
21.859976969491
21.3796886632107
20.8650441063993
20.5727073170732
20.276224143792
20.0434750573638
999.99
999.99
999.99
999.99
999.99
999.99
999.99
999.99
999.99
999.99
999.99
999.99
999.99
999.99
999.99
999.99
999.99
999.99
999.99
999.99
999.99
999.99
999.99
999.99
999.99
999.99
999.99
999.99
999.99
999.99
999.99
999.99
999.99
999.99
999.99
999.99
999.99
999.99
999.99
999.99
999.99
999.99
999.99
999.99
999.99
999.99
999.99
999.99
999.99
999.99
999.99
999.99
999.99
999.99
999.99
999.99
999.99
999.99
999.99
999.99
999.99
999.99
23.7565249426362
23.7162201070791
23.7303486020226
23.7152426276876
23.6804638395513
23.6208629217303
23.4766035523073
23.3191676345335
23.2182082518909
23.1624765870655
22.975088127815
22.871319707657
22.6665157219343
22.3293658111668
22.102566287074
21.8698321152375
21.555248661511
21.1367266083114
20.9002602192572
20.5051978414209
20.1428339423812
999.99
999.99
999.99
999.99
999.99
999.99
999.99
999.99
999.99
999.99
999.99
999.99
999.99
999.99
999.99
999.99
999.99
999.99
999.99
999.99
999.99
999.99
999.99
999.99
999.99
999.99
999.99
999.99
999.99
999.99
999.99
999.99
999.99
999.99
999.99
999.99
999.99
999.99
999.99
999.99
999.99
999.99
999.99
999.99
999.99
999.99
999.99
999.99
999.99
999.99
999.99
999.99
999.99
999.99
999.99
999.99
999.99
999.99
999.99
999.99
999.99
999.99
23.940631960322
23.9587919482809
23.843169792794
23.7312875798256
23.6361252625015
23.5187875905765
23.6191821205106
23.5518438959088
23.4795112275396
23.3517364914745
23.1900762956645
23.0571271582463
22.8460912251027
22.5773335256553
22.3602153121708
22.0525930635093
21.7888202841109
21.5231665245157
21.0535379686503
20.6782559936355
20.3045734538392
999.99
999.99
999.99
999.99
999.99
999.99
999.99
999.99
999.99
999.99
999.99
999.99
999.99
999.99
999.99
999.99
999.99
999.99
999.99
999.99
999.99
999.99
999.99
999.99
999.99
999.99
999.99
999.99
999.99
999.99
999.99
999.99
999.99
999.99
999.99
999.99
999.99
999.99
999.99
999.99
999.99
999.99
999.99
999.99
999.99
999.99
999.99
999.99
999.99
999.99
999.99
999.99
999.99
999.99
999.99
999.99
999.99
999.99
999.99
999.99
999.99
999.99
999.99
23.9257733491969
23.9308087709041
23.8808333730947
23.8027256990911
23.8314091993025
23.8563202083425
23.8516946251907
23.8011543713735
23.7023052568906
23.5244733945555
23.3874996943668
23.0593331268475
22.7773304043061
22.6141166264446
22.4501737342845
22.231791521316
21.8451347320104
21.5336006362494
21.1438000626625
20.76892915249
23.458463820103
999.99
999.99
999.99
999.99
999.99
999.99
999.99
999.99
999.99
999.99
999.99
999.99
999.99
999.99
999.99
999.99
999.99
999.99
999.99
999.99
999.99
999.99
999.99
999.99
999.99
999.99
999.99
999.99
999.99
999.99
999.99
999.99
999.99
999.99
999.99
999.99
999.99
999.99
999.99
999.99
999.99
999.99
999.99
999.99
999.99
999.99
999.99
999.99
999.99
999.99
999.99
999.99
999.99
999.99
999.99
999.99
999.99
999.99
999.99
999.99
999.99
999.99
23.947270810445
23.8723061400015
23.895455117999
23.893153672564
23.8346028099822
23.8238582097575
23.7991113583253
23.7667561676979
23.7602064948841
23.7387886446781
23.6048978980424
23.4349684163697
23.3020921522412
22.8093166989365
22.4957140829827
22.2626601226014
22.1889301999363
21.9000144778997
21.5557180326644
21.2401124412667
20.6283658618497
999.99
999.99
999.99
999.99
999.99
999.99
999.99
999.99
999.99
999.99
999.99
999.99
999.99
999.99
999.99
999.99
999.99
999.99
999.99
999.99
999.99
999.99
999.99
999.99
999.99
999.99
999.99
999.99
999.99
999.99
999.99
999.99
999.99
999.99
999.99
999.99
999.99
999.99
999.99
999.99
999.99
999.99
999.99
999.99
999.99
999.99
999.99
999.99
999.99
999.99
999.99
999.99
999.99
999.99
999.99
999.99
999.99
999.99
999.99
999.99
999.99
999.99
999.99
999.99
23.7788050480156
23.7569132319198
23.7197733067052
23.7353890116427
23.7110001935734
23.6667723293958
23.6258619869126
23.7150945865556
23.7058369168012
23.6173952579247
23.4674170136823
23.3328245092207
23.0455525622504
22.7565209484151
22.4556697543979
21.7990665420243
21.4059824509221
21.0700365853659
20.7502253760516
20.1821111583241
24.0192413514871
999.99
999.99
999.99
999.99
999.99
999.99
999.99
999.99
999.99
999.99
999.99
999.99
999.99
999.99
999.99
999.99
999.99
999.99
999.99
999.99
999.99
999.99
999.99
999.99
999.99
999.99
999.99
999.99
999.99
999.99
999.99
999.99
999.99
999.99
999.99
999.99
999.99
999.99
999.99
999.99
999.99
999.99
999.99
999.99
999.99
999.99
999.99
999.99
999.99
999.99
999.99
999.99
999.99
999.99
999.99
999.99
999.99
999.99
999.99
999.99
999.99
999.99
24.071815484595
23.9138583172667
23.7008839320911
23.5033255817525
23.2939221182057
23.3098521697908
23.3166569705353
23.333647109386
23.3915962468042
23.4435983928917
23.460073455375
23.4143340841909
23.3460357498661
23.0061302273768
22.439543365098
22.010446383136
21.6502244914049
21.328010835899
21.0158720769028
20.5546383653079
20.2565553789903
999.99
999.99
999.99
999.99
999.99
999.99
999.99
999.99
999.99
999.99
999.99
999.99
999.99
999.99
999.99
999.99
999.99
999.99
999.99
999.99
999.99
999.99
999.99
999.99
999.99
999.99
999.99
999.99
999.99
999.99
999.99
999.99
999.99
999.99
999.99
999.99
999.99
999.99
999.99
999.99
999.99
999.99
999.99
999.99
999.99
999.99
999.99
999.99
999.99
999.99
999.99
999.99
999.99
999.99
999.99
999.99
999.99
999.99
999.99
999.99
999.99
24.1885497649645
24.1966317995702
24.1213629120032
23.8797226949781
23.4935068227359
23.1697891822808
23.0677311149928
23.1202152113169
23.0330366770046
22.9635592150193
23.0077611781365
23.0454998679173
22.9818053070615
22.9268757649788
22.803579215306
22.3869292195552
21.9517254308301
21.6143929541571
21.3216939654599
21.0250173187011
20.6945784356087
999.99
999.99
999.99
999.99
999.99
999.99
999.99
999.99
999.99
999.99
999.99
999.99
999.99
999.99
999.99
999.99
999.99
999.99
999.99
999.99
999.99
999.99
999.99
999.99
999.99
999.99
999.99
999.99
999.99
999.99
999.99
999.99
999.99
999.99
999.99
999.99
999.99
999.99
999.99
999.99
999.99
999.99
999.99
999.99
999.99
999.99
999.99
999.99
999.99
999.99
999.99
999.99
999.99
999.99
999.99
999.99
999.99
999.99
999.99
999.99
999.99
999.99
999.99
999.99
999.99
24.0356519580489
23.9400746328562
23.5793632788996
23.2507283632704
23.1329443061615
23.0913221916305
23.0125338402987
22.8955990584246
22.8400600935227
22.8043151395418
22.7554818043313
22.6699591716061
22.5733381127126
22.0996395904003
21.6382281728256
21.2817455719026
21.0751200513791
20.8740840562898
20.8104993580168
24.0192413514871
24.0192413514871
999.99
999.99
999.99
999.99
999.99
999.99
999.99
999.99
999.99
999.99
999.99
999.99
999.99
999.99
999.99
999.99
999.99
999.99
999.99
999.99
999.99
999.99
999.99
999.99
999.99
999.99
999.99
999.99
999.99
999.99
999.99
999.99
999.99
999.99
999.99
999.99
999.99
999.99
999.99
999.99
999.99
999.99
999.99
999.99
999.99
999.99
999.99
999.99
999.99
999.99
999.99
999.99
999.99
999.99
999.99
999.99
999.99
999.99
999.99
999.99
999.99
24.1168239143367
24.0888262938727
23.9415925044616
23.6409972899729
23.3958741820345
23.2655930993456
23.5139571683522
23.5928670434265
23.5108973825104
23.2569253420583
22.9408932183225
22.6798718024985
22.3575148721
21.9700371802499
21.8116493158834
21.4003426531826
21.0150425342058
20.7372766210589
20.5781451516954
24.0192413514871
999.99
999.99
999.99
999.99
999.99
999.99
999.99
999.99
999.99
999.99
999.99
999.99
999.99
999.99
999.99
999.99
999.99
999.99
999.99
999.99
999.99
999.99
999.99
999.99
999.99
999.99
999.99
999.99
999.99
999.99
999.99
999.99
999.99
999.99
999.99
999.99
999.99
999.99
999.99
999.99
999.99
999.99
999.99
999.99
999.99
999.99
999.99
999.99
999.99
999.99
999.99
999.99
999.99
999.99
999.99
999.99
999.99
999.99
999.99
999.99
999.99
999.99
24.2600233279511
24.1876997110563
24.1426342313249
23.9825294892496
23.8051387921022
23.5582933627943
23.4440500552392
23.4559434860202
23.5073414634146
23.5294528341973
23.4267577972295
23.2616734936688
22.722115789921
22.2627296252231
21.77421343588
21.5377081244157
21.2532045551118
20.9688310954364
20.758933712926
34.6653358545072
999.99
999.99
999.99
999.99
999.99
999.99
999.99
999.99
999.99
999.99
999.99
999.99
999.99
999.99
999.99
999.99
999.99
999.99
999.99
999.99
999.99
999.99
999.99
999.99
999.99
999.99
999.99
999.99
999.99
999.99
999.99
999.99
999.99
999.99
999.99
999.99
999.99
999.99
999.99
999.99
999.99
999.99
999.99
999.99
999.99
999.99
999.99
999.99
999.99
999.99
999.99
999.99
999.99
999.99
999.99
999.99
999.99
999.99
999.99
999.99
999.99
999.99
999.99
999.99
24.231078779638
24.1035558766041
23.9798025834962
23.8165458768874
23.6561902778958
23.5449951559446
23.4350816265828
23.4252571598538
23.4219485425342
23.2403471148126
23.2172291578142
23.1064830458061
22.8296882807852
22.4790797994392
21.8399845330161
21.4400879153565
24.0192413514871
24.0192413514871
24.0192413514871
24.0192413514871
999.99
999.99
999.99
999.99
999.99
999.99
999.99
999.99
999.99
999.99
999.99
999.99
999.99
999.99
999.99
999.99
999.99
999.99
999.99
999.99
999.99
999.99
999.99
999.99
999.99
999.99
999.99
999.99
999.99
999.99
999.99
999.99
999.99
999.99
999.99
999.99
999.99
999.99
999.99
999.99
999.99
999.99
999.99
999.99
999.99
999.99
999.99
999.99
999.99
999.99
999.99
999.99
999.99
999.99
999.99
999.99
999.99
999.99
999.99
999.99
999.99
24.3698129089827
24.3017588170307
24.24628210249
24.1960899974505
24.0020090932268
23.9224051490515
23.8954830033144
23.9293384889946
23.9323129089828
23.760526302371
23.470142092292
23.1330555366704
23.1271066966941
23.1349996175746
23.2870660321237
23.6258301606187
22.8148466474037
22.0070825614005
21.3781899379621
24.0874504971587
999.99
999.99
999.99
999.99
999.99
999.99
999.99
999.99
999.99
999.99
999.99
999.99
999.99
999.99
999.99
999.99
999.99
999.99
999.99
999.99
999.99
999.99
999.99
999.99
999.99
999.99
999.99
999.99
999.99
999.99
999.99
999.99
999.99
999.99
999.99
999.99
999.99
999.99
999.99
999.99
999.99
999.99
999.99
999.99
999.99
999.99
999.99
999.99
999.99
999.99
999.99
999.99
999.99
999.99
999.99
999.99
999.99
999.99
999.99
999.99
999.99
999.99
999.99
999.99
24.4410650860432
24.3753829322559
24.3247274622412
24.3150664898056
24.2673534882853
24.2434144585481
24.2082812019728
24.2803093606687
24.138221317837
23.9907048965813
23.7794755657285
23.5749725677589
23.6764077254032
23.6730724816492
23.5953825488066
23.4602293892149
23.0266523517372
22.1253110797912
21.1267905706279
20.955017816315
999.99
999.99
999.99
999.99
999.99
999.99
999.99
999.99
999.99
999.99
999.99
999.99
999.99
999.99
999.99
999.99
999.99
999.99
999.99
999.99
999.99
999.99
999.99
999.99
999.99
999.99
999.99
999.99
999.99
999.99
999.99
999.99
999.99
999.99
999.99
999.99
999.99
999.99
999.99
999.99
999.99
999.99
999.99
999.99
999.99
999.99
999.99
999.99
999.99
999.99
999.99
999.99
999.99
999.99
999.99
999.99
999.99
999.99
999.99
999.99
999.99
999.99
24.6059706796934
24.5686422596991
24.5042918730245
24.4205196961894
24.3313165130992
24.3154537452948
24.2387659602462
24.2139083612431
24.2453095761989
24.2399818114986
24.1281659280958
24.0526966654755
24.0225144292646
23.925022932215
23.7237421469681
23.4551809138483
23.0211297231076
22.7812842593285
22.4177458893106
21.2035897384046
999.99
999.99
999.99
999.99
999.99
999.99
999.99
999.99
999.99
999.99
999.99
999.99
999.99
999.99
999.99
999.99
999.99
999.99
999.99
999.99
999.99
999.99
999.99
999.99
999.99
999.99
999.99
999.99
999.99
999.99
999.99
999.99
999.99
999.99
999.99
999.99
999.99
999.99
999.99
999.99
999.99
999.99
999.99
999.99
999.99
999.99
999.99
999.99
999.99
999.99
999.99
999.99
999.99
999.99
999.99
999.99
999.99
999.99
999.99
999.99
999.99
999.99
999.99
999.99
999.99
24.6068530114339
24.5733336777039
24.449692179784
24.3537027366143
24.350134518016
24.4082576590035
24.4194264857509
24.3697066981276
24.316314522644
24.1964623513174
24.1017221978762
24.0505794226451
23.7979836079254
23.5162420850224
23.1845856709749
22.6346453482836
21.8039270790991
21.1040841284745
21.4467619040793
24.0192413514871
999.99
999.99
999.99
999.99
999.99
999.99
999.99
999.99
999.99
999.99
999.99
999.99
999.99
999.99
999.99
999.99
999.99
999.99
999.99
999.99
999.99
999.99
999.99
999.99
999.99
999.99
999.99
999.99
999.99
999.99
999.99
999.99
999.99
999.99
999.99
999.99
999.99
999.99
999.99
999.99
999.99
999.99
999.99
999.99
999.99
999.99
999.99
999.99
999.99
999.99
999.99
999.99
999.99
999.99
999.99
999.99
999.99
999.99
999.99
999.99
999.99
999.99
999.99
24.6008310529447
24.5835758477097
24.679500892326
24.5538861788618
24.3896124330756
24.2545826888757
24.2389669839381
24.2275675193337
24.2431014277216
24.2766433670434
24.2238474122546
24.110493753718
23.9036975014872
23.5577070196312
22.798486317668
22.1605208209399
21.6294467578822
21.2318923259965
21.481743604997
21.1292801903629
999.99
999.99
999.99
999.99
999.99
999.99
999.99
999.99
999.99
999.99
999.99
999.99
999.99
999.99
999.99
999.99
999.99
999.99
999.99
999.99
999.99
999.99
999.99
999.99
999.99
999.99
999.99
999.99
999.99
999.99
999.99
999.99
999.99
999.99
999.99
999.99
999.99
999.99
999.99
999.99
999.99
999.99
999.99
999.99
999.99
999.99
999.99
999.99
999.99
999.99
999.99
999.99
999.99
999.99
999.99
999.99
999.99
999.99
999.99
999.99
999.99
999.99
24.5379770749523
24.5383879165852
24.5510880080192
24.4913505351396
24.3859324638858
24.2858060437552
24.3013636922126
24.293200685806
24.282700983248
24.2934023315152
24.2388530877142
24.2206395550759
24.0663049328273
23.763480082137
23.3468782136279
22.8138719688817
22.2062217606723
21.6367278262365
21.2326055089739
20.9939434128116
999.99
999.99
999.99
999.99
999.99
999.99
999.99
999.99
999.99
999.99
999.99
999.99
999.99
999.99
999.99
999.99
999.99
999.99
999.99
999.99
999.99
999.99
999.99
999.99
999.99
999.99
999.99
999.99
999.99
999.99
999.99
999.99
999.99
999.99
999.99
999.99
999.99
999.99
999.99
999.99
999.99
999.99
999.99
999.99
999.99
999.99
999.99
999.99
999.99
999.99
999.99
999.99
999.99
999.99
999.99
999.99
999.99
999.99
999.99
999.99
999.99
999.99
999.99
24.6863486542413
24.6635645971325
24.6726147854783
24.7009190230797
24.57573497241
24.3802267762304
24.3391411815359
24.3860614614488
24.4185779738313
24.3810247317135
24.2700445727842
24.065654455333
23.8644516515966
23.5514733648625
22.8834058035491
22.2664248618507
21.8017467713976
21.4650272592025
21.2039933446713
24.0192413514871
999.99
999.99
999.99
999.99
999.99
999.99
999.99
999.99
999.99
999.99
999.99
999.99
999.99
999.99
999.99
999.99
999.99
999.99
999.99
999.99
999.99
999.99
999.99
999.99
999.99
999.99
999.99
999.99
999.99
999.99
999.99
999.99
999.99
999.99
999.99
999.99
999.99
999.99
999.99
999.99
999.99
999.99
999.99
999.99
999.99
999.99
999.99
999.99
999.99
999.99
999.99
999.99
999.99
999.99
999.99
999.99
999.99
999.99
999.99
999.99
999.99
24.6001988407441
24.6127346520441
24.6636888357373
24.7367186884702
24.7491029835327
24.7905170463446
24.7375257452575
24.6597808773976
24.5669822456308
24.4639959330822
24.3532617213137
24.2602556700841
24.1896256879306
23.9568974209066
23.8207074204867
23.485202956297
22.8917853477307
22.2604520381176
21.7594823792493
21.4324625688955
999.99
999.99
999.99
999.99
999.99
999.99
999.99
999.99
999.99
999.99
999.99
999.99
999.99
999.99
999.99
999.99
999.99
999.99
999.99
999.99
999.99
999.99
999.99
999.99
999.99
999.99
999.99
999.99
999.99
999.99
999.99
999.99
999.99
999.99
999.99
999.99
999.99
999.99
999.99
999.99
999.99
999.99
999.99
999.99
999.99
999.99
999.99
999.99
999.99
999.99
999.99
999.99
999.99
999.99
999.99
999.99
999.99
999.99
999.99
999.99
999.99
999.99
999.99
999.99
24.725397297527
24.7772045551117
24.8095137248237
24.8271766380556
24.7833039432311
24.5283466898955
24.4318970425767
24.458495835812
24.3224161213563
24.1282840996006
23.9570073935583
23.8223390838787
23.6215657346818
23.5422585195887
23.431219682162
23.1531629982154
22.3768393813206
21.592806620209
21.1544067731792
24.2134183734229
999.99
999.99
999.99
999.99
999.99
999.99
999.99
999.99
999.99
999.99
999.99
999.99
999.99
999.99
999.99
999.99
999.99
999.99
999.99
999.99
999.99
999.99
999.99
999.99
999.99
999.99
999.99
999.99
999.99
999.99
999.99
999.99
999.99
999.99
999.99
999.99
999.99
999.99
999.99
999.99
999.99
999.99
999.99
999.99
999.99
999.99
999.99
999.99
999.99
999.99
999.99
999.99
999.99
999.99
999.99
999.99
999.99
999.99
999.99
999.99
999.99
999.99
999.99
24.8268766890456
24.8643638990397
24.8638463499618
24.7694349451857
24.6649267442849
24.5158544328301
24.315615195037
24.1264914166737
23.9517825698988
23.7520800118977
23.6238904988527
23.4816409875074
23.4702629812187
23.4116347837172
23.263956743435
22.9003504291664
22.1546282824849
21.4926473187728
24.0192413514871
24.0192413514871
999.99
999.99
999.99
999.99
999.99
999.99
999.99
999.99
999.99
999.99
999.99
999.99
999.99
999.99
999.99
999.99
999.99
999.99
999.99
999.99
999.99
999.99
999.99
999.99
999.99
999.99
999.99
999.99
999.99
999.99
999.99
999.99
999.99
999.99
999.99
999.99
999.99
999.99
999.99
999.99
999.99
999.99
999.99
999.99
999.99
999.99
999.99
999.99
999.99
999.99
999.99
999.99
999.99
999.99
999.99
999.99
999.99
999.99
999.99
999.99
999.99
999.99
24.9650636525877
24.9739538539985
24.8378391688621
24.8200099005694
24.7980418968301
24.7127656581967
24.5463430120016
24.2563957253336
24.09827615365
23.662800671369
23.5820993456276
23.6345279595479
23.4357276281125
23.1801110733407
23.0542085918246
22.8122802753463
22.5315015721935
21.8918457550777
21.8196846264978
24.0192413514871
999.99
999.99
999.99
999.99
999.99
999.99
999.99
999.99
999.99
999.99
999.99
999.99
999.99
999.99
999.99
999.99
999.99
999.99
999.99
999.99
999.99
999.99
999.99
999.99
999.99
999.99
999.99
999.99
999.99
999.99
999.99
999.99
999.99
999.99
999.99
999.99
999.99
999.99
999.99
999.99
999.99
999.99
999.99
999.99
999.99
999.99
999.99
999.99
999.99
999.99
999.99
999.99
999.99
999.99
999.99
999.99
999.99
999.99
999.99
999.99
999.99
999.99
24.8209060083284
24.8231945270672
24.7480904223676
24.6971177870315
24.692493753718
24.736744199881
24.6661017251636
24.5857669376694
24.3327778108269
23.8637245687091
23.7865086258179
23.4709494348602
23.1854354550863
23.0165452111838
22.7180437239739
22.6103515764426
22.5142986317668
22.319248066627
21.8018402736466
21.471508625818
999.99
999.99
999.99
999.99
999.99
999.99
999.99
999.99
999.99
999.99
999.99
999.99
999.99
999.99
999.99
999.99
999.99
999.99
999.99
999.99
999.99
999.99
999.99
999.99
999.99
999.99
999.99
999.99
999.99
999.99
999.99
999.99
999.99
999.99
999.99
999.99
999.99
999.99
999.99
999.99
999.99
999.99
999.99
999.99
999.99
999.99
999.99
999.99
999.99
999.99
999.99
999.99
999.99
999.99
999.99
999.99
999.99
999.99
999.99
999.99
999.99
999.99
999.99
24.8686552406618
24.863317268735
24.828947137236
24.7043831872062
24.6781838754696
24.663926465785
24.5354331400558
24.246439154994
24.0783003642001
23.9116382434642
23.4780484333868
23.1565061966229
22.8054298139273
22.5200084604587
22.560163130298
22.3686804438797
22.1744638318721
21.9667082442117
21.628367970565
24.0192413514871
999.99
999.99
999.99
999.99
999.99
999.99
999.99
999.99
999.99
999.99
999.99
999.99
999.99
999.99
999.99
999.99
999.99
999.99
999.99
999.99
999.99
999.99
999.99
999.99
999.99
999.99
999.99
999.99
999.99
999.99
999.99
999.99
999.99
999.99
999.99
999.99
999.99
999.99
999.99
999.99
999.99
999.99
999.99
999.99
999.99
999.99
999.99
999.99
999.99
999.99
999.99
999.99
999.99
999.99
999.99
999.99
999.99
999.99
999.99
999.99
999.99
999.99
999.99
999.99
24.9018053695192
24.7649044612204
24.6704535094572
24.6029085957154
24.5248795150006
24.3323764100338
24.0364115369725
23.7596672048951
23.5674000057338
23.1791406378466
22.8789647395565
22.5901759233757
22.3946578055231
22.1972620786537
21.8956466711582
21.6675097787257
21.6944442447277
22.0394992832723
21.4625349763121
24.0192413514871
999.99
999.99
999.99
999.99
999.99
999.99
999.99
999.99
999.99
999.99
999.99
999.99
999.99
999.99
999.99
999.99
999.99
999.99
999.99
999.99
999.99
999.99
999.99
999.99
999.99
999.99
999.99
999.99
999.99
999.99
999.99
999.99
999.99
999.99
999.99
999.99
999.99
999.99
999.99
999.99
999.99
999.99
999.99
999.99
999.99
999.99
999.99
999.99
999.99
999.99
999.99
999.99
999.99
999.99
999.99
999.99
999.99
999.99
24.9151760621137
24.8182742179733
24.8058735999492
24.7601620777322
24.7224900072799
24.8089831661139
24.777096407044
24.6747228219413
24.5236709472376
24.4054639276064
24.071753182527
23.7928855025211
23.5684180570331
23.3210025305607
23.1063577305738
22.9419422573441
22.7734653221538
22.5725777552293
22.2831462319065
22.0316296422198
999.99
999.99
999.99
999.99
999.99
999.99
999.99
999.99
999.99
999.99
999.99
999.99
999.99
999.99
999.99
999.99
999.99
999.99
999.99
999.99
999.99
999.99
999.99
999.99
999.99
999.99
999.99
999.99
999.99
999.99
999.99
999.99
999.99
999.99
999.99
999.99
999.99
999.99
999.99
999.99
999.99
999.99
999.99
999.99
999.99
999.99
999.99
999.99
999.99
999.99
999.99
999.99
999.99
999.99
999.99
999.99
999.99
999.99
999.99
999.99
25.1312208294383
25.0025771649528
24.9867634486275
24.9396008753293
24.8851122631087
24.8999843630492
24.7906199966006
24.7474968131215
24.754599728053
24.6296740885527
24.4920564289964
24.2742892835897
23.9838800883828
23.8217741990312
23.7674659310879
23.6738490694315
23.5394853403586
23.3625073510665
23.1804077929803
22.9698406560721
999.99
999.99
999.99
999.99
999.99
999.99
999.99
999.99
999.99
999.99
999.99
999.99
999.99
999.99
999.99
999.99
999.99
999.99
999.99
999.99
999.99
999.99
999.99
999.99
999.99
999.99
999.99
999.99
999.99
999.99
999.99
999.99
999.99
999.99
999.99
999.99
999.99
999.99
999.99
999.99
999.99
999.99
999.99
999.99
999.99
999.99
999.99
999.99
999.99
999.99
999.99
999.99
999.99
999.99
999.99
999.99
999.99
999.99
999.99
25.1724355738583
25.1755110749789
25.1198870416654
25.1130471842328
25.069852424741
24.9828238160426
25.0374389260962
25.0349937695884
24.936494130512
24.7071171358332
24.5716775165589
24.5347818485636
24.5114238737904
24.3621023364299
24.2976323780718
24.048475601053
23.8492575059309
23.8252793016205
23.7454604107487
23.6773563227159
999.99
999.99
999.99
999.99
999.99
999.99
999.99
999.99
999.99
999.99
999.99
999.99
999.99
999.99
999.99
999.99
999.99
999.99
999.99
999.99
999.99
999.99
999.99
999.99
999.99
999.99
999.99
999.99
999.99
999.99
999.99
999.99
999.99
999.99
999.99
999.99
999.99
999.99
999.99
999.99
999.99
999.99
999.99
999.99
999.99
999.99
999.99
999.99
999.99
999.99
999.99
999.99
999.99
999.99
999.99
999.99
999.99
25.3296811636791
25.3555538585036
25.277630364067
25.24265232358
25.2157957725352
25.2015399724162
25.1497098645282
24.9762987423476
24.9424006047134
24.9385374280329
24.9265033558215
24.8730329520683
24.922058048801
24.9785107555232
24.9612922242211
24.8634653426317
24.5494398650094
24.2724261826775
24.1216818404748
24.1389922900577
999.99
999.99
999.99
999.99
999.99
999.99
999.99
999.99
999.99
999.99
999.99
999.99
999.99
999.99
999.99
999.99
999.99
999.99
999.99
999.99
999.99
999.99
999.99
999.99
999.99
999.99
999.99
999.99
999.99
999.99
999.99
999.99
999.99
999.99
999.99
999.99
999.99
999.99
999.99
999.99
999.99
999.99
999.99
999.99
999.99
999.99
999.99
999.99
999.99
999.99
999.99
999.99
999.99
999.99
999.99
999.99
999.99
999.99
999.99
999.99
25.2818465199286
25.2817251564258
25.2432587673717
25.2496011625323
25.2916866824825
25.3387460992095
25.3067710843373
25.3066878149122
25.2631448721716
25.2001121535517
25.0820898346509
25.069459013926
25.0392346709861
25.017277502634
24.9832480737943
24.9080090307691
24.8209155623087
24.816106520072
24.8470752850784
24.6864858553786
24.3875682217269
24.1415711961468
23.6272870422798
23.2214423571741
999.99
999.99
999.99
999.99
999.99
999.99
999.99
999.99
999.99
999.99
999.99
999.99
999.99
999.99
999.99
999.99
999.99
999.99
999.99
999.99
999.99
999.99
999.99
999.99
999.99
999.99
999.99
999.99
999.99
999.99
999.99
999.99
999.99
999.99
999.99
999.99
999.99
999.99
999.99
999.99
999.99
999.99
999.99
999.99
999.99
999.99
999.99
999.99
999.99
999.99
999.99
25.3079780742755
25.2887446247982
25.2633539559786
25.2202248661511
25.2016029574233
25.180147446248
25.1473378941106
25.1614663890541
25.185177615365
25.2080026344863
25.2208695504377
25.2416904903544
25.3033116342313
25.3548405710886
25.3532926829268
25.3406513979774
25.2705617404606
25.1619957508286
25.0363265063312
25.0684415738931
25.029191297697
24.951072830798
24.8908408260389
24.7273648338574
24.5479809637121
24.3630153820005
24.1912426276876
24.0227087617914
23.6871522053199
23.2904345202685
999.99
999.99
999.99
999.99
999.99
999.99
999.99
999.99
999.99
999.99
999.99
999.99
999.99
999.99
999.99
999.99
999.99
999.99
999.99
999.99
999.99
999.99
999.99
999.99
999.99
999.99
999.99
999.99
999.99
999.99
999.99
999.99
999.99
999.99
999.99
999.99
999.99
999.99
999.99
999.99
999.99
999.99
999.99
999.99
999.99
999.99
25.2181573751452
25.2219150590635
999.99
25.2362903458826
25.2501118381916
25.1998923259964
25.0071539049885
25.0424596753633
25.0721351661426
25.1192824424237
25.1681249681312
25.1885461460015
25.1864426361859
25.1762047250786
25.227758477097
25.2993230220107
25.3034142942126
25.2817519758647
25.251903246367
25.2614666015127
25.2121266677998
25.0895574912892
25.0292742415229
25.1033551457466
24.9768527662106
24.6595452536755
24.7034355400697
24.7436378006289
24.7269560635676
24.7437706722189
24.5720336109459
999.99
999.99
999.99
999.99
999.99
999.99
999.99
999.99
999.99
999.99
999.99
999.99
999.99
999.99
999.99
999.99
999.99
999.99
999.99
999.99
999.99
999.99
999.99
999.99
999.99
999.99
999.99
999.99
999.99
999.99
999.99
999.99
999.99
999.99
999.99
999.99
999.99
999.99
999.99
999.99
999.99
999.99
999.99
999.99
999.99
999.99
999.99
999.99
24.9914430186114
24.9805329310784
25.0175565564715
24.9981802073596
24.98752071235
25.0741437069771
25.1180288943656
25.1850045041217
25.2020705362454
25.2138794934988
25.126014277216
25.0858166057619
25.1003496218237
25.1307425851959
25.2292931928274
25.2375772074445
25.2340572788306
25.243108353871
25.2745700688366
25.2815230730008
25.2980168267188
25.2801173621144
25.2628594374097
25.1480510750404
25.0622331095437
24.8918292682927
24.8809702558001
24.7471472762811
24.5442252060848
999.99
999.99
999.99
999.99
999.99
999.99
999.99
999.99
999.99
999.99
999.99
999.99
999.99
999.99
999.99
999.99
999.99
999.99
999.99
999.99
999.99
999.99
999.99
999.99
999.99
999.99
999.99
999.99
999.99
999.99
999.99
999.99
999.99
999.99
999.99
999.99
999.99
999.99
999.99
999.99
999.99
999.99
999.99
999.99
999.99
999.99
999.99
999.99
999.99
999.99
999.99
24.705103594799
24.652703917736
24.6527512110139
24.6991093311804
24.8308899464604
24.968320897425
24.9186906178295
24.9556637630662
25.0685114727628
25.1638695929294
25.1134414039262
24.9960344182884
24.9025436389904
24.8849252570749
24.9082685051415
24.9124825359055
24.9926592164528
25.1963557831223
25.2763968301181
25.3135205234979
25.3151980963712
25.1988568454151
25.225213733322
25.3192843545509
25.2454538964902
25.2355857057874
25.060116979689
24.8180815840911
24.6648989547038
999.99
999.99
999.99
999.99
999.99
999.99
999.99
999.99
999.99
999.99
999.99
999.99
999.99
999.99
999.99
999.99
999.99
999.99
999.99
999.99
999.99
999.99
999.99
999.99
999.99
999.99
999.99
999.99
999.99
999.99
999.99
999.99
999.99
999.99
999.99
999.99
999.99
999.99
999.99
999.99
999.99
999.99
24.5674098295109
999.99
999.99
24.2375156128892
24.3818141837342
24.3022484490524
24.4484778280284
24.4837415039609
24.4436841928776
24.5083778276188
24.4837751886274
24.4511175525592
24.4176779256057
24.4050366406563
24.4790163675011
24.6454747399558
24.8386256628451
24.8601902077589
24.9978413492502
25.1122881164612
25.0949132073462
25.0555021425039
24.9715953089148
24.964317536996
24.988254282704
24.9562792678319
24.9921294092833
25.0637886605485
25.1320180379886
25.2443023925395
25.1952830378197
25.176970286517
25.2574413957351
25.401700765158
999.99
999.99
999.99
999.99
999.99
999.99
999.99
999.99
999.99
999.99
999.99
999.99
999.99
999.99
999.99
999.99
999.99
999.99
999.99
999.99
999.99
999.99
999.99
999.99
999.99
999.99
999.99
999.99
999.99
999.99
999.99
999.99
999.99
999.99
999.99
999.99
999.99
999.99
999.99
999.99
999.99
999.99
999.99
999.99
999.99
999.99
999.99
999.99
999.99
24.6635294380548
24.7529807210486
24.7429419092193
24.8850490410695
24.7944104330981
24.6659059238569
24.4859329270852
24.2729423648533
24.1302026266023
24.0673307611341
24.161127399374
24.3664618854444
24.2694788396383
24.2978969043506
24.3038187334193
24.4168433909002
24.6591545152309
24.8528495091951
24.9772543154687
25.1137476083194
25.0275175204088
24.9822266385163
25.0328357997299
24.9618525056289
25.0643392876341
25.0744514452814
999.99
999.99
999.99
999.99
999.99
999.99
999.99
999.99
999.99
999.99
999.99
999.99
999.99
999.99
999.99
999.99
999.99
999.99
999.99
999.99
999.99
999.99
999.99
999.99
999.99
999.99
999.99
999.99
999.99
999.99
999.99
999.99
999.99
999.99
999.99
999.99
999.99
999.99
999.99
999.99
999.99
999.99
999.99
999.99
999.99
999.99
999.99
999.99
999.99
999.99
999.99
999.99
999.99
999.99
999.99
999.99
999.99
24.7365646345047
24.8039330325466
24.9471864602969
24.9950567755854
24.6596730467378
24.441077044645
24.1478818295191
24.1762798069136
24.3014864610136
24.6886140062929
24.4578977014542
24.3005898489855
24.155591400701
24.1419133010328
24.0900053467887
24.2620205163306
24.4302833905521
24.6495447166417
24.8485903614458
999.99
999.99
24.7854306386761
999.99
999.99
999.99
999.99
999.99
999.99
999.99
999.99
999.99
999.99
999.99
999.99
999.99
999.99
999.99
999.99
999.99
999.99
999.99
999.99
999.99
999.99
999.99
999.99
999.99
999.99
999.99
999.99
999.99
999.99
999.99
999.99
999.99
999.99
999.99
999.99
999.99
999.99
999.99
999.99
999.99
999.99
999.99
999.99
999.99
999.99
999.99
999.99
999.99
999.99
999.99
999.99
999.99
999.99
999.99
999.99
999.99
999.99
999.99
999.99
999.99
24.6485572363389
24.8393042831648
24.8937153480071
24.6854787116512
24.4182836746834
24.3786968216198
24.3330582136483
24.3657500637376
24.3327640010198
24.063666907453
24.2057668479647
24.312326251381
24.256816733237
24.0531671199116
24.1894312484066
999.99
999.99
999.99
999.99
999.99
999.99
999.99
999.99
999.99
999.99
999.99
999.99
999.99
999.99
999.99
999.99
999.99
999.99
999.99
999.99
999.99
999.99
999.99
999.99
999.99
999.99
999.99
999.99
999.99
999.99
999.99
999.99
999.99
999.99
999.99
999.99
999.99
999.99
999.99
999.99
999.99
999.99
999.99
999.99
999.99
999.99
999.99
999.99
999.99
999.99
999.99
999.99
999.99
999.99
999.99
999.99
999.99
999.99
999.99
999.99
999.99
999.99
999.99
999.99
999.99
999.99
999.99
999.99
24.6320842206252
24.6737261004586
24.7588856962651
24.6506972828853
24.4461153173926
24.1918024084099
24.1706276292388
24.1340058746075
24.0313560821001
23.910148467585
23.9446303005854
23.7808558414844
999.99
999.99
999.99
999.99
999.99
999.99
999.99
999.99
999.99
999.99
999.99
999.99
999.99
999.99
999.99
999.99
999.99
999.99
999.99
999.99
999.99
999.99
999.99
999.99
999.99
999.99
999.99
999.99
999.99
999.99
999.99
999.99
999.99
999.99
999.99
999.99
999.99
999.99
999.99
999.99
999.99
999.99
999.99
999.99
999.99
999.99
999.99
999.99
999.99
999.99
999.99
999.99
999.99
999.99
999.99
999.99
999.99
999.99
999.99
999.99
999.99
999.99
999.99
999.99
999.99
999.99
999.99
999.99
999.99
999.99
999.99
999.99
24.5368523090407
24.3890485972103
999.99
999.99
999.99
999.99
999.99
999.99
999.99
999.99
999.99
999.99
999.99
999.99
999.99
999.99
999.99
999.99
999.99
999.99
999.99
999.99
999.99
999.99
999.99
999.99
999.99
999.99
999.99
999.99
999.99
999.99
999.99
999.99
999.99
999.99
999.99
999.99
999.99
999.99
999.99
999.99
999.99
999.99
999.99
999.99
999.99
999.99
999.99
999.99
999.99
999.99
999.99
999.99
999.99
999.99
999.99
999.99
999.99
999.99
999.99
999.99
999.99
999.99
999.99
999.99
999.99
999.99
999.99
999.99
999.99
999.99
999.99
999.99
999.99
999.99
999.99
999.99
999.99
999.99
999.99
999.99
999.99
999.99
999.99
999.99
999.99
999.99
999.99
999.99
999.99
999.99
999.99
999.99
999.99
999.99
999.99
999.99
999.99
999.99
999.99
999.99
999.99
999.99
999.99
999.99
999.99
999.99
999.99
999.99
999.99
999.99
999.99
999.99
999.99
999.99
999.99
999.99
999.99
999.99
999.99
999.99
999.99
999.99
999.99
999.99
999.99
999.99
999.99
999.99
999.99
999.99
999.99
999.99
999.99
999.99
999.99
999.99
999.99
999.99
999.99
999.99
999.99
999.99
999.99
999.99
999.99
999.99
999.99
999.99
999.99
999.99
999.99
999.99
999.99
999.99
999.99
999.99
999.99
999.99
999.99
999.99
999.99
999.99
999.99
999.99
999.99
999.99
999.99
999.99
999.99
999.99
999.99
999.99
999.99
999.99
999.99
999.99
999.99
999.99
999.99
999.99
999.99
999.99
999.99
999.99
999.99
999.99
999.99
999.99
999.99
999.99
999.99
999.99
999.99
999.99
999.99
999.99
999.99
999.99
999.99
999.99
999.99
999.99
999.99
999.99
999.99
999.99
999.99
999.99
999.99
999.99
999.99
999.99
999.99
999.99
999.99
999.99
999.99
999.99
999.99
999.99
999.99
999.99
999.99
999.99
999.99
999.99
999.99
999.99
999.99
999.99
999.99
999.99
999.99
999.99
999.99
999.99
999.99
999.99
999.99
999.99
999.99
999.99
999.99
999.99
999.99
999.99
999.99
999.99
999.99
999.99
999.99
999.99
999.99
999.99
999.99
999.99
999.99
999.99
999.99
999.99
999.99
999.99
999.99
999.99
999.99
999.99
999.99
999.99
999.99
999.99
999.99
999.99
999.99
999.99
999.99
999.99
999.99
999.99
999.99
999.99
999.99
999.99
999.99
999.99
999.99
999.99
999.99
999.99
999.99
999.99
999.99
999.99
999.99
999.99
999.99
999.99
999.99
999.99
999.99
999.99
999.99
999.99
999.99
999.99
999.99
999.99
999.99
999.99
999.99
999.99
999.99
999.99
999.99
999.99
999.99
999.99
999.99
999.99
999.99
999.99
999.99
999.99
999.99
999.99
999.99
999.99
999.99
999.99
999.99
999.99
999.99
999.99
999.99
999.99
999.99
999.99
999.99
999.99
999.99
999.99
999.99
999.99
999.99
999.99
999.99
999.99
999.99
999.99
999.99
999.99
999.99
999.99
999.99
999.99
999.99
999.99
999.99
999.99
999.99
999.99
999.99
999.99
999.99
999.99
999.99
999.99
999.99
999.99
999.99
999.99
999.99
999.99
999.99
999.99
999.99
999.99
999.99
999.99
999.99
999.99
999.99
999.99
999.99
999.99
999.99
999.99
999.99
999.99
999.99
999.99
999.99
999.99
999.99
999.99
999.99
999.99
999.99
999.99
999.99
999.99
999.99
999.99
999.99
999.99
999.99
999.99
999.99
999.99
999.99
999.99
999.99
