999.99
999.99
999.99
999.99
999.99
999.99
999.99
999.99
999.99
999.99
999.99
999.99
999.99
999.99
999.99
999.99
999.99
999.99
999.99
999.99
999.99
999.99
999.99
999.99
999.99
999.99
999.99
999.99
999.99
999.99
999.99
999.99
999.99
999.99
999.99
999.99
999.99
999.99
999.99
999.99
999.99
999.99
999.99
999.99
999.99
999.99
999.99
999.99
999.99
999.99
999.99
999.99
999.99
999.99
999.99
999.99
999.99
999.99
999.99
999.99
999.99
999.99
999.99
999.99
999.99
999.99
999.99
999.99
999.99
999.99
999.99
999.99
999.99
999.99
999.99
999.99
999.99
999.99
999.99
999.99
999.99
999.99
999.99
999.99
999.99
999.99
999.99
999.99
999.99
999.99
999.99
999.99
999.99
999.99
999.99
999.99
999.99
999.99
999.99
999.99
999.99
999.99
999.99
999.99
999.99
999.99
999.99
999.99
999.99
999.99
999.99
999.99
999.99
999.99
999.99
999.99
999.99
999.99
999.99
999.99
999.99
999.99
999.99
999.99
999.99
999.99
999.99
999.99
999.99
999.99
999.99
999.99
999.99
999.99
16.8640312739016
16.7850234554262
16.8291045296167
16.8522025155095
17.1892578397214
17.3919977054474
17.1945540069687
16.9037611965667
16.8326480836237
16.9288071726013
16.8732195121951
16.7997786181695
16.80006271777
16.7353396787626
16.6454773519164
16.3991275601257
16.2947108013937
16.3627990141922
16.2296341463415
16.1679059233449
15.9496968641115
999.99
999.99
999.99
999.99
999.99
999.99
999.99
999.99
999.99
999.99
999.99
999.99
999.99
999.99
999.99
999.99
999.99
999.99
999.99
999.99
999.99
999.99
999.99
999.99
999.99
999.99
999.99
999.99
999.99
999.99
999.99
999.99
999.99
999.99
999.99
999.99
999.99
999.99
999.99
999.99
999.99
999.99
999.99
999.99
999.99
999.99
999.99
999.99
999.99
999.99
999.99
999.99
999.99
999.99
999.99
999.99
999.99
999.99
999.99
999.99
999.99
999.99
17.2468766404836
17.5645954546006
17.2105632155301
17.1666145819422
17.2417028372324
17.2408373113671
17.1488240418119
17.0884202248419
17.1022784967646
17.0635437300441
16.8678805375809
16.802649801503
16.8455589845694
16.6925213490512
16.7384459930313
16.6905408163265
16.5826458437033
16.5148995677986
16.3559340467895
16.0466748837548
15.704893479343
999.99
999.99
999.99
999.99
999.99
999.99
999.99
999.99
999.99
999.99
999.99
999.99
999.99
999.99
999.99
999.99
999.99
999.99
999.99
999.99
999.99
999.99
999.99
999.99
999.99
999.99
999.99
999.99
999.99
999.99
999.99
999.99
999.99
999.99
999.99
999.99
999.99
999.99
999.99
999.99
999.99
999.99
999.99
999.99
999.99
999.99
999.99
999.99
999.99
999.99
999.99
999.99
999.99
999.99
999.99
999.99
999.99
999.99
999.99
999.99
999.99
999.99
17.3885680292343
17.7929451856888
17.3963170731707
17.2957601767655
17.1821184668989
17.1396539474802
17.108512195122
17.1048633466474
17.2081777003484
17.1440724908643
16.9597700348432
16.7635156794425
16.7592926829268
16.7187081669075
16.690543554007
16.6836479136568
16.5492369337979
16.405342313249
16.3576933797909
16.1714675788221
15.9501533101045
999.99
999.99
999.99
999.99
999.99
999.99
999.99
999.99
999.99
999.99
999.99
999.99
999.99
999.99
999.99
999.99
999.99
999.99
999.99
999.99
999.99
999.99
999.99
999.99
999.99
999.99
999.99
999.99
999.99
999.99
999.99
999.99
999.99
999.99
999.99
999.99
999.99
999.99
999.99
999.99
999.99
999.99
999.99
999.99
999.99
999.99
999.99
999.99
999.99
999.99
999.99
999.99
999.99
999.99
999.99
999.99
999.99
999.99
999.99
999.99
999.99
999.99
18.0095593609246
17.9397601767655
17.4233240418118
17.3983651737912
17.4235505226481
17.2574163338149
17.3895958188154
17.2025984533017
17.5151881533101
17.7042292852894
17.2285261324042
17.121
16.8782473867596
16.7344657941701
16.6670592334495
16.592873799609
16.4132508710801
16.3893027109714
16.1667351916376
16.2173414634146
38.9271498257853
999.99
999.99
999.99
999.99
999.99
999.99
999.99
999.99
999.99
999.99
999.99
999.99
999.99
999.99
999.99
999.99
999.99
999.99
999.99
999.99
999.99
999.99
999.99
999.99
999.99
999.99
999.99
999.99
999.99
999.99
999.99
999.99
999.99
999.99
999.99
999.99
999.99
999.99
999.99
999.99
999.99
999.99
999.99
999.99
999.99
999.99
999.99
999.99
999.99
999.99
999.99
999.99
999.99
999.99
999.99
999.99
999.99
999.99
999.99
999.99
999.99
999.99
999.99
17.5595632701623
17.3569965156794
17.3470039942211
17.3799860627178
17.5611345287669
17.5936236933796
18.0084977479392
17.6922299651568
17.5962561400527
17.4194076655052
17.2057414804114
16.9156341463415
16.8610338234044
16.7766794425087
16.6080278745645
16.5876794425087
16.5448398062378
16.1369721254356
15.9664212628538
38.4274041811861
18.2186426110739
999.99
999.99
999.99
999.99
999.99
999.99
999.99
999.99
999.99
999.99
999.99
999.99
999.99
999.99
999.99
999.99
999.99
999.99
999.99
999.99
999.99
999.99
999.99
999.99
999.99
999.99
999.99
999.99
999.99
999.99
999.99
999.99
999.99
999.99
999.99
999.99
999.99
999.99
999.99
999.99
999.99
999.99
999.99
999.99
999.99
999.99
999.99
999.99
999.99
999.99
999.99
999.99
999.99
999.99
999.99
999.99
999.99
999.99
999.99
999.99
999.99
17.0235228180505
17.3806636355911
17.3396515679442
17.3977796379707
17.5010139372821
17.6719762896235
18.002818815331
18.0697087617915
17.8893902439024
17.7748130364579
17.4973588850174
17.297655477182
17.4573379790941
17.310387184499
17.1589163763066
17.0983361094586
17.0206829268293
16.9474729327781
16.7032613240419
16.3350252400782
16.192181184669
999.99
999.99
999.99
999.99
999.99
999.99
999.99
999.99
999.99
999.99
999.99
999.99
999.99
999.99
999.99
999.99
999.99
999.99
999.99
999.99
999.99
999.99
999.99
999.99
999.99
999.99
999.99
999.99
999.99
999.99
999.99
999.99
999.99
999.99
999.99
999.99
999.99
999.99
999.99
999.99
999.99
999.99
999.99
999.99
999.99
999.99
999.99
999.99
999.99
999.99
999.99
999.99
999.99
999.99
999.99
999.99
999.99
999.99
999.99
999.99
999.99
999.99
999.99
999.99
17.1331881533101
16.5825983116626
17.0366480836239
17.4435277187615
17.5862392566783
17.7812380952381
17.7088606271777
17.8698658678224
18.0840139372822
17.4694793915187
17.4194796747967
17.7655773774114
17.6210139372822
17.2586016260162
17.323619047619
17.1910170816692
16.9303612078979
16.6378894082321
16.2885226480836
15.9330346732387
18.2186426110739
999.99
999.99
999.99
999.99
999.99
999.99
999.99
999.99
999.99
999.99
999.99
999.99
999.99
999.99
999.99
999.99
999.99
999.99
999.99
999.99
999.99
999.99
999.99
999.99
999.99
999.99
999.99
999.99
999.99
999.99
999.99
999.99
999.99
999.99
999.99
999.99
999.99
999.99
999.99
999.99
999.99
999.99
999.99
999.99
999.99
999.99
999.99
999.99
999.99
999.99
999.99
999.99
999.99
999.99
999.99
999.99
999.99
999.99
999.99
999.99
999.99
999.99
999.99
17.285094076655
17.0866097560975
16.8407345117702
16.9569094076654
17.6875523073
18.3515400696864
18.4051542449222
17.9788885017421
18.1231104784567
17.9104355400697
18.4559601427722
18.0579825783972
17.6964542364238
17.486456445993
17.4011431120931
17.4750836236934
17.2278875669245
16.7967073170732
16.6659059233449
16.3384327356165
16.1641045296167
999.99
999.99
999.99
999.99
999.99
999.99
999.99
999.99
999.99
999.99
999.99
999.99
999.99
999.99
999.99
999.99
999.99
999.99
999.99
999.99
999.99
999.99
999.99
999.99
999.99
999.99
999.99
999.99
999.99
999.99
999.99
999.99
999.99
999.99
999.99
999.99
999.99
999.99
999.99
999.99
999.99
999.99
999.99
999.99
999.99
999.99
999.99
999.99
999.99
999.99
999.99
999.99
999.99
999.99
999.99
999.99
999.99
999.99
17.2075297826448
17.5540043705763
17.7493727818314
17.679868757259
17.5982557596507
17.8726859133897
17.7460535759813
17.7050786460925
17.8874645882148
18.4133537414966
18.7038490653846
18.5717697030032
18.8059797334758
18.9096731375477
18.7184063098172
18.3432087273934
18.0661568996426
17.9388214700514
17.874925170068
17.8785166749627
17.8339497505129
999.99
999.99
999.99
999.99
999.99
999.99
999.99
999.99
999.99
999.99
999.99
999.99
999.99
999.99
999.99
999.99
999.99
999.99
999.99
999.99
999.99
999.99
999.99
999.99
999.99
999.99
999.99
999.99
999.99
999.99
999.99
999.99
999.99
999.99
999.99
999.99
999.99
999.99
999.99
999.99
999.99
999.99
999.99
999.99
999.99
999.99
999.99
999.99
999.99
999.99
999.99
999.99
999.99
999.99
999.99
999.99
999.99
999.99
999.99
999.99
999.99
999.99
999.99
17.4400487804878
17.8555552817201
17.5546097560975
17.3316162148381
17.6670104529617
17.9846195291918
18.2752891986062
18.277933118042
18.568881533101
18.8144806662701
18.8889547038328
19.5833157134358
19.7158641114983
19.1604637545678
18.8214529616724
18.4027956998385
18.5048118466899
18.4201304495623
18.4306550522648
18.1164046910853
17.9813344947735
999.99
999.99
999.99
999.99
999.99
999.99
999.99
999.99
999.99
999.99
999.99
999.99
999.99
999.99
999.99
999.99
999.99
999.99
999.99
999.99
999.99
999.99
999.99
999.99
999.99
999.99
999.99
999.99
999.99
999.99
999.99
999.99
999.99
999.99
999.99
999.99
999.99
999.99
999.99
999.99
999.99
999.99
999.99
999.99
999.99
999.99
999.99
999.99
999.99
999.99
999.99
999.99
999.99
999.99
999.99
999.99
999.99
999.99
999.99
999.99
999.99
999.99
17.6553264941909
17.1862752613241
16.8881662518667
17.3295772195851
17.7310587356895
18.0309183349723
18.6207232453957
18.4980043017802
18.7526796084287
19.1477210884354
18.7601251037
18.4698980846354
18.4077677119628
19.3118144245205
19.1034508047121
19.2104886668528
18.6104904595985
18.9685557713865
18.6089356230297
18.3601667172521
17.9503197278912
999.99
999.99
999.99
999.99
999.99
999.99
999.99
999.99
999.99
999.99
999.99
999.99
999.99
999.99
999.99
999.99
999.99
999.99
999.99
999.99
999.99
999.99
999.99
999.99
999.99
999.99
999.99
999.99
999.99
999.99
999.99
999.99
999.99
999.99
999.99
999.99
999.99
999.99
999.99
999.99
999.99
999.99
999.99
999.99
999.99
999.99
999.99
999.99
999.99
999.99
999.99
999.99
999.99
999.99
999.99
999.99
999.99
999.99
999.99
999.99
999.99
999.99
999.99
999.99
999.99
999.99
18.672087108014
19.1635017421603
19.3051393728223
19.2851706467238
19.9109790940766
18.9542289453557
18.5017700348432
17.6390503101895
18.205031358885
18.6608094671539
18.8883658536585
19.1166127305173
19.079393728223
18.2389003144389
18.5491393728224
17.7000869380472
17.4153867595819
17.5223443528512
17.8092810401972
17.5235731707317
17.2563797909408
999.99
999.99
999.99
999.99
999.99
999.99
999.99
999.99
999.99
999.99
999.99
999.99
999.99
999.99
999.99
999.99
999.99
999.99
999.99
999.99
999.99
999.99
999.99
999.99
999.99
999.99
999.99
999.99
999.99
999.99
999.99
999.99
999.99
999.99
999.99
999.99
999.99
999.99
999.99
999.99
999.99
999.99
999.99
999.99
999.99
999.99
999.99
999.99
999.99
999.99
999.99
999.99
999.99
999.99
999.99
999.99
999.99
999.99
999.99
999.99
999.99
999.99
18.4429651567944
18.1198997195546
17.9688606271776
18.2807013682332
18.1952264808362
17.9541818645364
19.2801881533102
19.2449463754569
19.2188850174216
18.9175947140307
19.0054738675957
19.9410409620129
19.3363031358885
19.6501424322256
18.882599303136
18.0693216622759
17.1115644599303
17.0601751508456
17.1839628622419
17.4531114982578
17.2913896490184
999.99
999.99
999.99
999.99
999.99
999.99
999.99
999.99
999.99
999.99
999.99
999.99
999.99
999.99
999.99
999.99
999.99
999.99
999.99
999.99
999.99
999.99
999.99
999.99
999.99
999.99
999.99
999.99
999.99
999.99
999.99
999.99
999.99
999.99
999.99
999.99
999.99
999.99
999.99
999.99
999.99
999.99
999.99
999.99
999.99
999.99
999.99
999.99
999.99
999.99
999.99
999.99
999.99
999.99
999.99
999.99
999.99
999.99
999.99
999.99
999.99
999.99
17.5866585365851
17.5693914336704
17.5665121951219
17.6155193337299
17.7039756097561
17.8908958953005
18.0795365853658
17.6490380725758
19.2965853658537
20.001249851279
19.9204390243902
20.1703063652591
20.6062682926829
20.6159512195122
20.3885609756097
19.6733640690065
17.6557073170732
17.3232028554431
17.4620809042237
17.3819390243902
17.3482320047591
999.99
999.99
999.99
999.99
999.99
999.99
999.99
999.99
999.99
999.99
999.99
999.99
999.99
999.99
999.99
999.99
999.99
999.99
999.99
999.99
999.99
999.99
999.99
999.99
999.99
999.99
999.99
999.99
999.99
999.99
999.99
999.99
999.99
999.99
999.99
999.99
999.99
999.99
999.99
999.99
999.99
999.99
999.99
999.99
999.99
999.99
999.99
999.99
999.99
999.99
999.99
999.99
999.99
999.99
999.99
999.99
999.99
999.99
999.99
999.99
999.99
999.99
999.99
18.1932377836322
18.1499930313587
17.7469266593015
17.7253832752613
17.8204470978159
17.9361219512195
17.5463161383531
17.6980662020906
17.6131081839041
17.6065156794425
18.2380418968303
18.1365993031359
18.2829303985723
18.8193414634146
19.0403616044871
17.9208641114982
17.6297338319028
17.7785489929463
17.5660383275261
17.4225217132659
17.0266515679442
999.99
999.99
999.99
999.99
999.99
999.99
999.99
999.99
999.99
999.99
999.99
999.99
999.99
999.99
999.99
999.99
999.99
999.99
999.99
999.99
999.99
999.99
999.99
999.99
999.99
999.99
999.99
999.99
999.99
999.99
999.99
999.99
999.99
999.99
999.99
999.99
999.99
999.99
999.99
999.99
999.99
999.99
999.99
999.99
999.99
999.99
999.99
999.99
999.99
999.99
999.99
999.99
999.99
999.99
999.99
999.99
999.99
999.99
999.99
999.99
999.99
999.99
18.8520324130842
18.784481085117
18.05684250345
18.0867666334826
18.1824109859292
18.258843537415
18.5289779913155
18.6597258171562
17.7705882188687
17.7585452132072
17.6506496598639
17.8971531441845
18.1435420506096
18.0706447652231
18.4538165470828
19.071612078978
17.8477496185862
17.5720325102082
17.5398257010121
17.5535315065943
17.3699983407997
999.99
999.99
999.99
999.99
999.99
999.99
999.99
999.99
999.99
999.99
999.99
999.99
999.99
999.99
999.99
999.99
999.99
999.99
999.99
999.99
999.99
999.99
999.99
999.99
999.99
999.99
999.99
999.99
999.99
999.99
999.99
999.99
999.99
999.99
999.99
999.99
999.99
999.99
999.99
999.99
999.99
999.99
999.99
999.99
999.99
999.99
999.99
999.99
999.99
999.99
999.99
999.99
999.99
999.99
999.99
999.99
999.99
999.99
999.99
999.99
999.99
999.99
999.99
999.99
18.8350733406986
18.7384703832753
17.8419183309255
18.5692299651569
18.8639083028809
18.2898048780487
17.9552087192997
17.9760209059234
18.4897291578143
18.0465052264809
17.6814862751764
18.7875331010453
18.7945359054984
17.721456445993
17.3450788646214
17.5598876519079
17.8191428571429
17.4843467323871
17.209905923345
17.2255742330246
16.7826097560976
999.99
999.99
999.99
999.99
999.99
999.99
999.99
999.99
999.99
999.99
999.99
999.99
999.99
999.99
999.99
999.99
999.99
999.99
999.99
999.99
999.99
999.99
999.99
999.99
999.99
999.99
999.99
999.99
999.99
999.99
999.99
999.99
999.99
999.99
999.99
999.99
999.99
999.99
999.99
999.99
999.99
999.99
999.99
999.99
999.99
999.99
999.99
999.99
999.99
999.99
999.99
999.99
999.99
999.99
999.99
999.99
999.99
999.99
999.99
999.99
999.99
999.99
19.1282278729458
18.8680106188817
18.6654207306956
18.6715608926497
18.6084479597907
18.6584994192799
18.3924353741496
18.8550098722416
18.3457505432869
18.824993860959
19.0235665521412
19.3442210884354
19.4807475243517
19.725006056081
19.1918792547357
18.3315475947665
17.9465918367347
17.9505088524404
17.8239410154305
17.5148839591756
17.0933383938942
999.99
999.99
999.99
999.99
999.99
999.99
999.99
999.99
999.99
999.99
999.99
999.99
999.99
999.99
999.99
999.99
999.99
999.99
999.99
999.99
999.99
999.99
999.99
999.99
999.99
999.99
999.99
999.99
999.99
999.99
999.99
999.99
999.99
999.99
999.99
999.99
999.99
999.99
999.99
999.99
999.99
999.99
999.99
999.99
999.99
999.99
999.99
999.99
999.99
999.99
999.99
999.99
999.99
999.99
999.99
999.99
999.99
999.99
999.99
999.99
999.99
19.2299581881533
19.2444774368999
18.7655714285714
19.350577292428
18.7806898954703
18.2561067391859
18.7751986062718
18.9189711056344
18.8594947735192
18.869395512875
18.9979303135888
19.2654638395512
19.4927770034843
19.4962681227161
19.2231707317073
18.7828741395428
18.7803112942976
18.5957682926829
18.7731393728223
18.5308763066202
17.8677499787542
999.99
999.99
999.99
999.99
999.99
999.99
999.99
999.99
999.99
999.99
999.99
999.99
999.99
999.99
999.99
999.99
999.99
999.99
999.99
999.99
999.99
999.99
999.99
999.99
999.99
999.99
999.99
999.99
999.99
999.99
999.99
999.99
999.99
999.99
999.99
999.99
999.99
999.99
999.99
999.99
999.99
999.99
999.99
999.99
999.99
999.99
999.99
999.99
999.99
999.99
999.99
999.99
999.99
999.99
999.99
999.99
999.99
999.99
999.99
999.99
999.99
999.99
999.99
999.99
999.99
19.2217423403627
19.0432909407665
18.9650306122449
19.0505871909739
19.1355691846042
19.2045819644931
19.2753658880566
19.1874425916708
19.3985998777858
19.2318924008628
19.658751836249
19.6145964824954
18.9925306122449
18.6401719477796
18.6638345777335
18.574019617008
18.3269819976771
17.696193877551
17.4401003816161
23.454194929731
18.2186426110739
999.99
999.99
999.99
999.99
999.99
999.99
999.99
999.99
999.99
999.99
999.99
999.99
999.99
999.99
999.99
999.99
999.99
999.99
999.99
999.99
999.99
999.99
999.99
999.99
999.99
999.99
999.99
999.99
999.99
999.99
999.99
999.99
999.99
999.99
999.99
999.99
999.99
999.99
999.99
999.99
999.99
999.99
999.99
999.99
999.99
999.99
999.99
999.99
999.99
999.99
999.99
999.99
999.99
999.99
999.99
999.99
999.99
999.99
999.99
999.99
999.99
19.4231463414634
19.4300945865556
18.9034146341463
18.9117001784652
19.0705853658537
19.0802914931588
19.2160487804878
19.3641725163593
19.3610243902439
19.1478149910768
19.0209512195122
19.1258774538965
18.872
18.8052272456871
18.7165568114217
17.9666585365854
17.6933491969066
17.1416219512195
16.7020458060678
18.2186426110739
999.99
999.99
999.99
999.99
999.99
999.99
999.99
999.99
999.99
999.99
999.99
999.99
999.99
999.99
999.99
999.99
999.99
999.99
999.99
999.99
999.99
999.99
999.99
999.99
999.99
999.99
999.99
999.99
999.99
999.99
999.99
999.99
999.99
999.99
999.99
999.99
999.99
999.99
999.99
999.99
999.99
999.99
999.99
999.99
999.99
999.99
999.99
999.99
999.99
999.99
999.99
999.99
999.99
999.99
999.99
999.99
999.99
999.99
999.99
999.99
999.99
999.99
19.7290567689301
19.5430975609756
19.4429968556132
19.4067839721254
19.1518302880939
19.1247456445993
19.1654348602023
19.2114808362369
19.3102460270248
19.3927421602787
19.3028815331011
19.0168710801394
19.0796141752358
19.1042195121951
18.9239417013682
18.1823021160874
18.443724738676
17.6153855698139
17.2526620209059
17.0795389649019
999.99
999.99
999.99
999.99
999.99
999.99
999.99
999.99
999.99
999.99
999.99
999.99
999.99
999.99
999.99
999.99
999.99
999.99
999.99
999.99
999.99
999.99
999.99
999.99
999.99
999.99
999.99
999.99
999.99
999.99
999.99
999.99
999.99
999.99
999.99
999.99
999.99
999.99
999.99
999.99
999.99
999.99
999.99
999.99
999.99
999.99
999.99
999.99
999.99
999.99
999.99
999.99
999.99
999.99
999.99
999.99
999.99
999.99
999.99
999.99
999.99
999.99
999.99
999.99
19.8854599303136
19.337967451347
19.2947735191638
19.4633987422453
19.4653693379791
19.3604136993286
19.3262299651568
19.3561538200051
19.3517386759582
19.1972195121952
19.0479477351917
18.7991799099176
18.352668989547
18.065685051415
17.6995638650463
17.608480836237
17.3106919350727
17.2290766550522
17.1438703152885
18.2186426110739
999.99
999.99
999.99
999.99
999.99
999.99
999.99
999.99
999.99
999.99
999.99
999.99
999.99
999.99
999.99
999.99
999.99
999.99
999.99
999.99
999.99
999.99
999.99
999.99
999.99
999.99
999.99
999.99
999.99
999.99
999.99
999.99
999.99
999.99
999.99
999.99
999.99
999.99
999.99
999.99
999.99
999.99
999.99
999.99
999.99
999.99
999.99
999.99
999.99
999.99
999.99
999.99
999.99
999.99
999.99
999.99
999.99
999.99
999.99
999.99
999.99
19.593519163763
19.6074966431546
19.848
19.77428953854
19.1783658536585
19.4707632361689
19.6302508710802
19.4467322172176
19.5431149825784
19.7608330075636
19.3166132404181
19.0495667544829
18.9608606271778
18.6243194527067
18.5365087108014
18.2255687940851
17.8545682841846
17.7301742160279
17.6776292173026
17.5715365853658
999.99
999.99
999.99
999.99
999.99
999.99
999.99
999.99
999.99
999.99
999.99
999.99
999.99
999.99
999.99
999.99
999.99
999.99
999.99
999.99
999.99
999.99
999.99
999.99
999.99
999.99
999.99
999.99
999.99
999.99
999.99
999.99
999.99
999.99
999.99
999.99
999.99
999.99
999.99
999.99
999.99
999.99
999.99
999.99
999.99
999.99
999.99
999.99
999.99
999.99
999.99
999.99
999.99
999.99
999.99
999.99
999.99
999.99
999.99
999.99
999.99
999.99
999.99
999.99
19.1420499702558
19.0907177700349
19.0657068071726
19.0250243902439
18.8061110733407
19.1900418118467
19.1750584685986
19.1923449477352
19.318866830968
19.0937317073171
19.0998517039178
18.8526167247387
18.848594374097
18.8641010452962
18.4718390413869
18.2450487804878
18.2942508710801
18.1298877368913
17.8584006968641
17.4444180334835
999.99
999.99
999.99
999.99
999.99
999.99
999.99
999.99
999.99
999.99
999.99
999.99
999.99
999.99
999.99
999.99
999.99
999.99
999.99
999.99
999.99
999.99
999.99
999.99
999.99
999.99
999.99
999.99
999.99
999.99
999.99
999.99
999.99
999.99
999.99
999.99
999.99
999.99
999.99
999.99
999.99
999.99
999.99
999.99
999.99
999.99
999.99
999.99
999.99
999.99
999.99
999.99
999.99
999.99
999.99
999.99
999.99
999.99
999.99
999.99
999.99
999.99
18.7161986062718
18.8830526047421
18.9147700348432
18.7083215772924
19.1573344947736
19.5856101810147
19.0722055749129
19.0246072065947
18.9062682926829
19.0060164018017
19.1720836236934
19.0887434350302
18.8654041811847
18.8712578397213
18.8535505226481
18.8386554771819
18.6864476077165
18.6569268292683
18.3404815161043
17.9173310104529
999.99
999.99
999.99
999.99
999.99
999.99
999.99
999.99
999.99
999.99
999.99
999.99
999.99
999.99
999.99
999.99
999.99
999.99
999.99
999.99
999.99
999.99
999.99
999.99
999.99
999.99
999.99
999.99
999.99
999.99
999.99
999.99
999.99
999.99
999.99
999.99
999.99
999.99
999.99
999.99
999.99
999.99
999.99
999.99
999.99
999.99
999.99
999.99
999.99
999.99
999.99
999.99
999.99
999.99
999.99
999.99
999.99
999.99
999.99
999.99
999.99
999.99
999.99
999.99
999.99
18.5713713290194
18.938882722869
18.9490303633649
19.0559598271194
19.1321772025884
18.8673619079994
18.8683066202091
19.0129186222973
19.0570756595321
19.0010940038121
19.0811911398706
19.0371952554966
18.9412528621205
18.5085500734499
18.2878979591837
18.2262737680438
18.4473930119341
18.3467847187655
18.0412957423303
17.686
999.99
999.99
999.99
999.99
999.99
999.99
999.99
999.99
999.99
999.99
999.99
999.99
999.99
999.99
999.99
999.99
999.99
999.99
999.99
999.99
999.99
999.99
999.99
999.99
999.99
999.99
999.99
999.99
999.99
999.99
999.99
999.99
999.99
999.99
999.99
999.99
999.99
999.99
999.99
999.99
999.99
999.99
999.99
999.99
999.99
999.99
999.99
999.99
999.99
999.99
999.99
999.99
999.99
999.99
999.99
999.99
999.99
999.99
999.99
999.99
999.99
999.99
999.99
18.894
19.5832218917311
19.0509756097561
19.1156513979774
19.5842195121951
19.3193759666865
19.2018048780488
19.161255205235
19.147756097561
19.2238453301606
19.204268292683
19.1166204640095
19.0570243902439
18.6979286139203
18.6199417013682
18.6721707317073
18.5509672813801
18.3706951219512
18.2736418798335
18.1359512195122
999.99
999.99
999.99
999.99
999.99
999.99
999.99
999.99
999.99
999.99
999.99
999.99
999.99
999.99
999.99
999.99
999.99
999.99
999.99
999.99
999.99
999.99
999.99
999.99
999.99
999.99
999.99
999.99
999.99
999.99
999.99
999.99
999.99
999.99
999.99
999.99
999.99
999.99
999.99
999.99
999.99
999.99
999.99
999.99
999.99
999.99
999.99
999.99
999.99
999.99
999.99
999.99
999.99
999.99
999.99
999.99
999.99
999.99
999.99
999.99
999.99
999.99
18.8772952567107
18.8299442508711
18.9366284645923
18.871762568442
18.7973210916728
19.228731209557
19.5541631317608
19.2505420607267
19.3055551603152
19.3404201095072
19.4284339496655
19.4903349925336
19.4627730456847
19.4175928322549
18.9167436414185
18.9180950964562
19.0836650074664
18.9937875414294
18.8032043305127
18.4376088941228
999.99
999.99
999.99
999.99
999.99
999.99
999.99
999.99
999.99
999.99
999.99
999.99
999.99
999.99
999.99
999.99
999.99
999.99
999.99
999.99
999.99
999.99
999.99
999.99
999.99
999.99
999.99
999.99
999.99
999.99
999.99
999.99
999.99
999.99
999.99
999.99
999.99
999.99
999.99
999.99
999.99
999.99
999.99
999.99
999.99
999.99
999.99
999.99
999.99
999.99
999.99
999.99
999.99
999.99
999.99
999.99
999.99
999.99
999.99
999.99
999.99
999.99
999.99
19.0576962692275
18.7789163763066
18.7599141667375
18.8044076655052
18.8587266083113
19.4614216027874
19.3202669329481
19.2717735191637
19.2044654542364
19.4072334494773
19.3781186368658
19.3645505226481
19.449563015212
19.4434912891986
19.3899823234469
19.0523272711821
19.0758554006969
18.9745844310359
18.6840801393728
18.331317328121
999.99
999.99
999.99
999.99
999.99
999.99
999.99
999.99
999.99
999.99
999.99
999.99
999.99
999.99
999.99
999.99
999.99
999.99
999.99
999.99
999.99
999.99
999.99
999.99
999.99
999.99
999.99
999.99
999.99
999.99
999.99
999.99
999.99
999.99
999.99
999.99
999.99
999.99
999.99
999.99
999.99
999.99
999.99
999.99
999.99
999.99
999.99
999.99
999.99
999.99
999.99
999.99
999.99
999.99
999.99
999.99
999.99
999.99
999.99
999.99
999.99
19.3353283759667
19.6866341463415
19.4400884677488
19.0998153310105
19.0283036457891
19.3167735191637
19.1481731962268
19.3516202090592
19.440715220532
19.7011777003484
19.491242117787
19.4066655052265
19.4783189428062
19.4258641114982
19.6114267867766
19.4212996515679
19.3479060933118
18.903279425512
18.9597299651568
18.7503797909408
999.99
999.99
999.99
999.99
999.99
999.99
999.99
999.99
999.99
999.99
999.99
999.99
999.99
999.99
999.99
999.99
999.99
999.99
999.99
999.99
999.99
999.99
999.99
999.99
999.99
999.99
999.99
999.99
999.99
999.99
999.99
999.99
999.99
999.99
999.99
999.99
999.99
999.99
999.99
999.99
999.99
999.99
999.99
999.99
999.99
999.99
999.99
999.99
999.99
999.99
999.99
999.99
999.99
999.99
999.99
999.99
999.99
999.99
999.99
999.99
999.99
999.99
999.99
999.99
18.8448919860627
19.2690271097136
19.3161637630662
19.4651637630662
19.4267073170732
19.5023100195462
19.7013972125435
19.4267419053285
19.4760696864112
19.7642891986063
19.5069581881533
19.5954875499277
19.7417282229965
19.703615195037
19.7771114982578
19.2807130959463
19.0752065947139
18.7322526132404
18.7278816180844
18.1115156794424
999.99
999.99
999.99
999.99
999.99
999.99
999.99
999.99
999.99
999.99
999.99
999.99
999.99
999.99
999.99
999.99
999.99
999.99
999.99
999.99
999.99
999.99
999.99
999.99
999.99
999.99
999.99
999.99
999.99
999.99
999.99
999.99
999.99
999.99
999.99
999.99
999.99
999.99
999.99
999.99
999.99
999.99
999.99
999.99
999.99
999.99
999.99
999.99
999.99
999.99
999.99
999.99
999.99
999.99
999.99
999.99
999.99
999.99
999.99
999.99
999.99
999.99
999.99
19.3678885017422
19.2817218492394
19.2693031358885
19.5933180079884
19.4734599303136
19.5349462904733
19.5555052264809
19.6619830033144
19.5996655052265
19.7099977904309
19.5597735191638
19.7953943231068
20.1822717770035
20.3151149825784
20.0145783972125
19.3030635676043
18.9666598963201
18.4921324041812
18.3409306535225
17.9666010452961
999.99
999.99
999.99
999.99
999.99
999.99
999.99
999.99
999.99
999.99
999.99
999.99
999.99
999.99
999.99
999.99
999.99
999.99
999.99
999.99
999.99
999.99
999.99
999.99
999.99
999.99
999.99
999.99
999.99
999.99
999.99
999.99
999.99
999.99
999.99
999.99
999.99
999.99
999.99
999.99
999.99
999.99
999.99
999.99
999.99
999.99
999.99
999.99
999.99
999.99
999.99
999.99
999.99
999.99
999.99
999.99
999.99
999.99
999.99
999.99
999.99
999.99
18.7482478966602
19.0981289198606
19.259925979434
19.3533414634146
19.3017521033399
19.3916585365854
19.4600033143536
19.5074285714286
19.5557530381576
19.4800139372822
19.5537474292513
19.326456445993
19.3215250276196
19.5861358885018
19.3104833857398
19.2361986062718
19.1174360499703
18.8079065182289
18.3263275261324
18.2123266762981
999.99
999.99
999.99
999.99
999.99
999.99
999.99
999.99
999.99
999.99
999.99
999.99
999.99
999.99
999.99
999.99
999.99
999.99
999.99
999.99
999.99
999.99
999.99
999.99
999.99
999.99
999.99
999.99
999.99
999.99
999.99
999.99
999.99
999.99
999.99
999.99
999.99
999.99
999.99
999.99
999.99
999.99
999.99
999.99
999.99
999.99
999.99
999.99
999.99
999.99
999.99
999.99
999.99
999.99
999.99
999.99
999.99
999.99
999.99
999.99
999.99
999.99
18.9054390243903
19.0900999405116
18.8859268292683
18.9960327186199
19.1098048780488
19.1419512195122
19.2300487804878
19.375750743605
19.1071951219512
18.9981683521713
19.0816585365854
19.1336448542534
19.1993658536585
19.0516055919096
19.2566829268292
19.5005514574658
18.9155609756098
18.8649512195122
18.7439280190363
18.5316951219512
999.99
999.99
999.99
999.99
999.99
999.99
999.99
999.99
999.99
999.99
999.99
999.99
999.99
999.99
999.99
999.99
999.99
999.99
999.99
999.99
999.99
999.99
999.99
999.99
999.99
999.99
999.99
999.99
999.99
999.99
999.99
999.99
999.99
999.99
999.99
999.99
999.99
999.99
999.99
999.99
999.99
999.99
999.99
999.99
999.99
999.99
999.99
999.99
999.99
999.99
999.99
999.99
999.99
999.99
999.99
999.99
999.99
999.99
999.99
999.99
999.99
999.99
999.99
19.359462502074
19.1555350172193
18.9755068027211
18.7897412760464
18.8571725568276
18.8166715734479
18.8407161937946
18.9088870023917
18.8830973950556
18.8820421355931
18.8893232122117
19.0957572954227
19.2736297494608
19.2048957212867
19.0178175709308
18.9659578805942
19.0623593827775
18.672696530248
18.3402937087982
18.0687155301145
999.99
999.99
999.99
999.99
999.99
999.99
999.99
999.99
999.99
999.99
999.99
999.99
999.99
999.99
999.99
999.99
999.99
999.99
999.99
999.99
999.99
999.99
999.99
999.99
999.99
999.99
999.99
999.99
999.99
999.99
999.99
999.99
999.99
999.99
999.99
999.99
999.99
999.99
999.99
999.99
999.99
999.99
999.99
999.99
999.99
999.99
999.99
999.99
999.99
999.99
999.99
999.99
999.99
999.99
999.99
999.99
999.99
999.99
999.99
999.99
999.99
999.99
999.99
999.99
19.1669226650803
19.1623658536585
19.0332014107249
18.8172055749129
18.7681571343588
18.9019303135889
18.9028710801394
18.8628013937282
18.9197905158494
18.9286550522648
19.6345519673665
19.864456445993
19.4818117617065
19.4818675958188
19.3983402736467
18.711212543554
18.5744623098496
17.8711516954193
17.4529320557491
18.7917000934794
999.99
999.99
999.99
999.99
999.99
999.99
999.99
999.99
999.99
999.99
999.99
999.99
999.99
999.99
999.99
999.99
999.99
999.99
999.99
999.99
999.99
999.99
999.99
999.99
999.99
999.99
999.99
999.99
999.99
999.99
999.99
999.99
999.99
999.99
999.99
999.99
999.99
999.99
999.99
999.99
999.99
999.99
999.99
999.99
999.99
999.99
999.99
999.99
999.99
999.99
999.99
999.99
999.99
999.99
999.99
999.99
999.99
999.99
19.3367025580012
19.3864529697661
19.3109198606272
19.1984727891156
18.9829917039986
18.8818454778699
18.8000984735357
18.7806825848721
18.6417993197279
18.6667342264687
18.8142455616393
18.947875574144
18.9457780819645
18.8399384780682
18.990268209723
19.6553871925929
19.6792823129252
19.5769715770901
19.4313608760577
19.3717093526287
999.99
999.99
999.99
999.99
999.99
999.99
999.99
999.99
999.99
999.99
999.99
999.99
999.99
999.99
999.99
999.99
999.99
999.99
999.99
999.99
999.99
999.99
999.99
999.99
999.99
999.99
999.99
999.99
999.99
999.99
999.99
999.99
999.99
999.99
999.99
999.99
999.99
999.99
999.99
999.99
999.99
999.99
999.99
999.99
999.99
999.99
999.99
999.99
999.99
999.99
999.99
999.99
999.99
999.99
999.99
999.99
999.99
999.99
999.99
999.99
18.9394930313589
19.4102653182629
19.6947090592334
19.2866113707827
19.1731340188663
19.5058432055749
20.1058916461289
19.5922682926828
19.4163272711821
19.3348536585366
19.3133797909408
19.1782404181185
18.9899351576443
19.1443275261324
19.2731619784142
19.5798989547038
19.6547650208209
19.6768432055749
19.2790134273815
19.5858432055749
999.99
999.99
999.99
999.99
999.99
999.99
999.99
999.99
999.99
999.99
999.99
999.99
999.99
999.99
999.99
999.99
999.99
999.99
999.99
999.99
999.99
999.99
999.99
999.99
999.99
999.99
999.99
999.99
999.99
999.99
999.99
999.99
999.99
999.99
999.99
999.99
999.99
999.99
999.99
999.99
999.99
999.99
999.99
999.99
999.99
999.99
999.99
999.99
999.99
999.99
999.99
999.99
999.99
999.99
999.99
999.99
999.99
999.99
999.99
19.3093795420607
20.3846497509177
20.2701333997013
19.9349055894816
19.7482774182844
19.7995238095238
19.3632176870749
18.2186426110739
18.3316174390042
19.1222322050772
19.620311057558
19.2932866268457
19.0838759990611
19.1799746142359
19.0304575345903
19.0567182677949
18.9938827855949
19.1037780819645
19.3289905000668
19.4143034677285
999.99
999.99
999.99
999.99
999.99
999.99
999.99
999.99
999.99
999.99
999.99
999.99
999.99
999.99
999.99
999.99
999.99
999.99
999.99
999.99
999.99
999.99
999.99
999.99
999.99
999.99
999.99
999.99
999.99
999.99
999.99
999.99
999.99
999.99
999.99
999.99
999.99
999.99
999.99
999.99
999.99
999.99
999.99
999.99
999.99
999.99
999.99
999.99
999.99
999.99
999.99
999.99
999.99
999.99
999.99
999.99
999.99
19.4028885017422
18.2186426110739
18.2186426110739
18.6709895470383
19.3620034843206
19.9334106399253
19.7703919860627
19.9210265148296
19.8148693379792
20.7714076655052
21.3481515679443
20.4319879323533
20.2748972125435
19.8089401716666
19.2443501317243
19.0686968641115
19.0442135633552
19.1482090592334
19.176456445993
19.0176585365854
999.99
999.99
999.99
999.99
999.99
999.99
999.99
999.99
999.99
999.99
999.99
999.99
999.99
999.99
999.99
999.99
999.99
999.99
999.99
999.99
999.99
999.99
999.99
999.99
999.99
999.99
999.99
999.99
999.99
999.99
999.99
999.99
999.99
999.99
999.99
999.99
999.99
999.99
999.99
999.99
999.99
999.99
999.99
999.99
999.99
999.99
999.99
999.99
999.99
999.99
999.99
999.99
999.99
999.99
999.99
999.99
999.99
999.99
999.99
999.99
18.6029333729923
18.892719512195
19.5086299821535
19.3711219512195
19.3640529446758
19.4134878048781
19.554243902439
19.4980975609756
19.6598340273647
20.0713780487805
20.6431600237954
21.0184268292683
21.4568274836407
21.5029512195122
21.0964878048781
20.3099390243903
19.6912635336109
19.4822849494348
19.1647560975609
18.8745883402736
18.7354146341463
18.9206894705532
19.0240975609756
18.9338358120166
999.99
999.99
999.99
999.99
999.99
999.99
999.99
999.99
999.99
999.99
999.99
999.99
999.99
999.99
999.99
999.99
999.99
999.99
999.99
999.99
999.99
999.99
999.99
999.99
999.99
999.99
999.99
999.99
999.99
999.99
999.99
999.99
999.99
999.99
999.99
999.99
999.99
999.99
999.99
999.99
999.99
999.99
999.99
999.99
999.99
999.99
999.99
999.99
999.99
999.99
999.99
17.957275261324
17.8815510325486
18.0858432055749
18.2432203620294
18.6186743435031
18.9516567944251
19.0091427721594
19.136787456446
31.4995763576226
18.2186426110739
18.2186426110739
18.2186426110739
18.2186426110739
18.2186426110739
18.2186426110739
18.2186426110739
18.2186426110739
18.2186426110739
18.2186426110739
18.2186426110739
18.2186426110739
19.8455662020906
18.2186426110739
18.2186426110739
19.3602082943826
18.952192487465
18.588243902439
18.4317641709867
18.4812404181185
18.5028000339934
999.99
999.99
999.99
999.99
999.99
999.99
999.99
999.99
999.99
999.99
999.99
999.99
999.99
999.99
999.99
999.99
999.99
999.99
999.99
999.99
999.99
999.99
999.99
999.99
999.99
999.99
999.99
999.99
999.99
999.99
999.99
999.99
999.99
999.99
999.99
999.99
999.99
999.99
999.99
999.99
999.99
999.99
999.99
999.99
999.99
999.99
18.0727187898359
17.4205853658538
999.99
17.5445853658537
17.8481941871335
17.4300696864113
17.9167842270757
17.9738048780488
29.8508439704213
18.6706132404181
18.6663679782443
30.0912952324253
30.0003641114939
34.728694229623
18.2186426110739
18.2186426110739
18.2186426110739
18.2186426110739
18.2186426110739
18.2186426110739
18.2186426110739
20.5191986062718
18.2186426110739
18.2186426110739
18.2186426110739
20.8215164442933
20.7425052264808
20.5924682586896
20.4492595818816
19.8056203790261
18.9682282229966
999.99
999.99
999.99
999.99
999.99
999.99
999.99
999.99
999.99
999.99
999.99
999.99
999.99
999.99
999.99
999.99
999.99
999.99
999.99
999.99
999.99
999.99
999.99
999.99
999.99
999.99
999.99
999.99
999.99
999.99
999.99
999.99
999.99
999.99
999.99
999.99
999.99
999.99
999.99
999.99
999.99
999.99
999.99
999.99
999.99
999.99
999.99
999.99
17.0410567648832
16.8976903932305
16.9775705261284
21.0860583441184
21.483588843537
17.6765793197284
17.8177562756214
17.5986646756263
21.5939331761537
18.2186426110739
17.2258299319728
18.2186426110739
18.2186426110739
18.2186426110739
18.2186426110739
18.2186426110739
18.2186426110739
18.2186426110739
18.2186426110739
18.2186426110739
18.2186426110739
18.2186426110739
19.2215637132903
19.3751707964565
19.4005639621704
19.1547414965987
19.3173649410985
19.3883252275329
19.2105006636801
999.99
999.99
999.99
999.99
999.99
999.99
999.99
999.99
999.99
999.99
999.99
999.99
999.99
999.99
999.99
999.99
999.99
999.99
999.99
999.99
999.99
999.99
999.99
999.99
999.99
999.99
999.99
999.99
999.99
999.99
999.99
999.99
999.99
999.99
999.99
999.99
999.99
999.99
999.99
999.99
999.99
999.99
999.99
999.99
999.99
999.99
999.99
999.99
999.99
999.99
999.99
24.65246
23.3895860253233
16.9550905923345
17.639250444462
24.3859979790945
24.65246
24.65246
24.65246
24.65246
18.9226962573301
17.0158362369338
17.2753484830454
18.2186426110739
18.2186426110739
18.2186426110739
17.708460440214
18.2186426110739
18.2186426110739
18.2186426110739
18.2186426110739
18.2186426110739
18.2186426110739
18.2186426110739
20.9048466898908
23.5784698733754
18.2186426110739
18.2186426110739
18.4553031358885
18.7836759581882
999.99
999.99
999.99
999.99
999.99
999.99
999.99
999.99
999.99
999.99
999.99
999.99
999.99
999.99
999.99
999.99
999.99
999.99
999.99
999.99
999.99
999.99
999.99
999.99
999.99
999.99
999.99
999.99
999.99
999.99
999.99
999.99
999.99
999.99
999.99
999.99
999.99
999.99
999.99
999.99
999.99
999.99
24.65246
999.99
999.99
20.4013922448982
23.5977802855452
24.65246
23.4732314217723
24.65246
24.65246
16.8009523809524
19.3748503102706
22.8118515464965
23.15006671976
17.0638359657962
24.65246
24.65246
21.5217814634135
24.65246
24.65246
24.65246
21.7311101742167
18.5146619399693
17.9394854819977
17.8530996329525
18.5431156462585
18.7243871723585
18.7723228803716
18.2186426110739
18.2186426110739
38.369950984797
17.294019129365
37.3299791770429
18.2186426110739
33.8044404347115
999.99
999.99
999.99
999.99
999.99
999.99
999.99
999.99
999.99
999.99
999.99
999.99
999.99
999.99
999.99
999.99
999.99
999.99
999.99
999.99
999.99
999.99
999.99
999.99
999.99
999.99
999.99
999.99
999.99
999.99
999.99
999.99
999.99
999.99
999.99
999.99
999.99
999.99
999.99
999.99
999.99
999.99
999.99
999.99
999.99
999.99
999.99
999.99
999.99
24.65246
24.65246
24.65246
24.65246
18.870441165972
17.9775052264808
18.1571147276281
18.1733414634146
18.0428801733662
17.9562624288264
22.8678627177699
24.65246
24.65246
24.65246
24.65246
24.65246
24.65246
24.65246
24.2290829965158
18.2950993456277
18.6811637630662
18.8264622248662
18.771031358885
18.7280783547208
18.2186426110739
18.2186426110739
999.99
999.99
999.99
999.99
999.99
999.99
999.99
999.99
999.99
999.99
999.99
999.99
999.99
999.99
999.99
999.99
999.99
999.99
999.99
999.99
999.99
999.99
999.99
999.99
999.99
999.99
999.99
999.99
999.99
999.99
999.99
999.99
999.99
999.99
999.99
999.99
999.99
999.99
999.99
999.99
999.99
999.99
999.99
999.99
999.99
999.99
999.99
999.99
999.99
999.99
999.99
999.99
999.99
999.99
999.99
999.99
999.99
22.1971901107613
21.9433323809526
17.7775485397014
18.0230743321719
18.0346093028526
20.5522228571427
24.65246
24.65246
24.65246
24.65246
24.65246
24.65246
21.9033323809526
23.032473911789
20.1754261091752
24.65246
24.65246
22.2888604396477
21.279335121951
999.99
999.99
18.1884848871137
999.99
999.99
999.99
999.99
999.99
999.99
999.99
999.99
999.99
999.99
999.99
999.99
999.99
999.99
999.99
999.99
999.99
999.99
999.99
999.99
999.99
999.99
999.99
999.99
999.99
999.99
999.99
999.99
999.99
999.99
999.99
999.99
999.99
999.99
999.99
999.99
999.99
999.99
999.99
999.99
999.99
999.99
999.99
999.99
999.99
999.99
999.99
999.99
999.99
999.99
999.99
999.99
999.99
999.99
999.99
999.99
999.99
999.99
999.99
999.99
999.99
17.9163956828418
18.0519947735192
18.1994663040707
21.1217435191637
18.6238047930653
22.3156753658545
24.6479678031779
24.65246
24.65246
20.0105360754653
19.8506898954703
18.7668893974683
24.65246
23.3323450174217
24.65246
999.99
999.99
999.99
999.99
999.99
999.99
999.99
999.99
999.99
999.99
999.99
999.99
999.99
999.99
999.99
999.99
999.99
999.99
999.99
999.99
999.99
999.99
999.99
999.99
999.99
999.99
999.99
999.99
999.99
999.99
999.99
999.99
999.99
999.99
999.99
999.99
999.99
999.99
999.99
999.99
999.99
999.99
999.99
999.99
999.99
999.99
999.99
999.99
999.99
999.99
999.99
999.99
999.99
999.99
999.99
999.99
999.99
999.99
999.99
999.99
999.99
999.99
999.99
999.99
999.99
999.99
999.99
999.99
17.6380481006203
17.3596881533101
24.0705468768586
23.6681180836236
19.5937591994562
24.65246
20.1226653080653
19.1753275261324
19.0301683521713
24.65246
23.149203902439
18.6814715730432
999.99
999.99
999.99
999.99
999.99
999.99
999.99
999.99
999.99
999.99
999.99
999.99
999.99
999.99
999.99
999.99
999.99
999.99
999.99
999.99
999.99
999.99
999.99
999.99
999.99
999.99
999.99
999.99
999.99
999.99
999.99
999.99
999.99
999.99
999.99
999.99
999.99
999.99
999.99
999.99
999.99
999.99
999.99
999.99
999.99
999.99
999.99
999.99
999.99
999.99
999.99
999.99
999.99
999.99
999.99
999.99
999.99
999.99
999.99
999.99
999.99
999.99
999.99
999.99
999.99
999.99
999.99
999.99
999.99
999.99
999.99
999.99
18.1517744599312
24.65246
999.99
999.99
999.99
999.99
999.99
999.99
999.99
999.99
999.99
999.99
999.99
999.99
999.99
999.99
999.99
999.99
999.99
999.99
999.99
999.99
999.99
999.99
999.99
999.99
999.99
999.99
999.99
999.99
999.99
999.99
999.99
999.99
999.99
999.99
999.99
999.99
999.99
999.99
999.99
999.99
999.99
999.99
999.99
999.99
999.99
999.99
999.99
999.99
999.99
999.99
999.99
999.99
999.99
999.99
999.99
999.99
999.99
999.99
999.99
999.99
999.99
999.99
999.99
999.99
999.99
999.99
999.99
999.99
999.99
999.99
999.99
999.99
999.99
999.99
999.99
999.99
999.99
999.99
999.99
999.99
999.99
999.99
999.99
999.99
999.99
999.99
999.99
999.99
999.99
999.99
999.99
999.99
999.99
999.99
999.99
999.99
999.99
999.99
999.99
999.99
999.99
999.99
999.99
999.99
999.99
999.99
999.99
999.99
999.99
999.99
999.99
999.99
999.99
999.99
999.99
999.99
999.99
999.99
999.99
999.99
999.99
999.99
999.99
999.99
999.99
999.99
999.99
999.99
999.99
999.99
999.99
999.99
999.99
999.99
999.99
999.99
999.99
999.99
999.99
999.99
999.99
999.99
999.99
999.99
999.99
999.99
999.99
999.99
999.99
999.99
999.99
999.99
999.99
999.99
999.99
999.99
999.99
999.99
999.99
999.99
999.99
999.99
999.99
999.99
999.99
999.99
999.99
999.99
999.99
999.99
999.99
999.99
999.99
999.99
999.99
999.99
999.99
999.99
999.99
999.99
999.99
999.99
999.99
999.99
999.99
999.99
999.99
999.99
999.99
999.99
999.99
999.99
999.99
999.99
999.99
999.99
999.99
999.99
999.99
999.99
999.99
999.99
999.99
999.99
999.99
999.99
999.99
999.99
999.99
999.99
999.99
999.99
999.99
999.99
999.99
999.99
999.99
999.99
999.99
999.99
999.99
999.99
999.99
999.99
999.99
999.99
999.99
999.99
999.99
999.99
999.99
999.99
999.99
999.99
999.99
999.99
999.99
999.99
999.99
999.99
999.99
999.99
999.99
999.99
999.99
999.99
999.99
999.99
999.99
999.99
999.99
999.99
999.99
999.99
999.99
999.99
999.99
999.99
999.99
999.99
999.99
999.99
999.99
999.99
999.99
999.99
999.99
999.99
999.99
999.99
999.99
999.99
999.99
999.99
999.99
999.99
999.99
999.99
999.99
999.99
999.99
999.99
999.99
999.99
999.99
999.99
999.99
999.99
999.99
999.99
999.99
999.99
999.99
999.99
999.99
999.99
999.99
999.99
999.99
999.99
999.99
999.99
999.99
999.99
999.99
999.99
999.99
999.99
999.99
999.99
999.99
999.99
999.99
999.99
999.99
999.99
999.99
999.99
999.99
999.99
999.99
999.99
999.99
999.99
999.99
999.99
999.99
999.99
999.99
999.99
999.99
999.99
999.99
999.99
999.99
999.99
999.99
999.99
999.99
999.99
999.99
999.99
999.99
999.99
999.99
999.99
999.99
999.99
999.99
999.99
999.99
999.99
999.99
999.99
999.99
999.99
999.99
999.99
999.99
999.99
999.99
999.99
999.99
999.99
999.99
999.99
999.99
999.99
999.99
999.99
999.99
999.99
999.99
999.99
999.99
999.99
999.99
999.99
999.99
999.99
999.99
999.99
999.99
999.99
999.99
999.99
999.99
999.99
999.99
999.99
999.99
999.99
999.99
999.99
999.99
999.99
999.99
999.99
999.99
999.99
999.99
999.99
999.99
999.99
999.99
999.99
999.99
999.99
999.99
999.99
999.99
