999.99
999.99
999.99
999.99
999.99
999.99
999.99
999.99
999.99
999.99
999.99
999.99
999.99
999.99
999.99
999.99
999.99
999.99
999.99
999.99
999.99
999.99
999.99
999.99
999.99
999.99
999.99
999.99
999.99
999.99
999.99
999.99
999.99
999.99
999.99
999.99
999.99
999.99
999.99
999.99
999.99
999.99
999.99
999.99
999.99
999.99
999.99
999.99
999.99
999.99
999.99
999.99
999.99
999.99
999.99
999.99
999.99
999.99
999.99
999.99
999.99
999.99
999.99
999.99
999.99
999.99
999.99
999.99
999.99
999.99
999.99
999.99
999.99
999.99
999.99
999.99
999.99
999.99
999.99
999.99
999.99
999.99
999.99
999.99
999.99
999.99
999.99
999.99
999.99
999.99
999.99
999.99
999.99
999.99
999.99
999.99
999.99
999.99
999.99
999.99
999.99
999.99
999.99
999.99
999.99
999.99
999.99
999.99
999.99
999.99
999.99
999.99
999.99
999.99
999.99
999.99
999.99
999.99
999.99
999.99
999.99
999.99
999.99
999.99
999.99
999.99
999.99
999.99
999.99
999.99
999.99
999.99
999.99
999.99
18.0016805472933
17.9822160278746
17.9685853658537
17.9727841420923
17.8705540069686
17.7819682161978
17.5939024390244
17.5649300586386
17.5641567944251
17.5737672303901
17.6465470383275
17.7044723378941
17.9891567944251
17.8288926659301
17.6108571428571
17.7166768080225
17.4748536585366
17.411505651398
17.2295818815331
17.1650174216028
16.929850174216
999.99
999.99
999.99
999.99
999.99
999.99
999.99
999.99
999.99
999.99
999.99
999.99
999.99
999.99
999.99
999.99
999.99
999.99
999.99
999.99
999.99
999.99
999.99
999.99
999.99
999.99
999.99
999.99
999.99
999.99
999.99
999.99
999.99
999.99
999.99
999.99
999.99
999.99
999.99
999.99
999.99
999.99
999.99
999.99
999.99
999.99
999.99
999.99
999.99
999.99
999.99
999.99
999.99
999.99
999.99
999.99
999.99
999.99
999.99
999.99
999.99
999.99
18.2496077954085
18.1680456239605
18.0003451966152
17.9797237067344
18.2960054753608
17.9461496861683
19.2835529070007
18.0772929560878
17.8436660029866
17.4352581675145
17.5771085116974
17.7759089281161
18.1490993031359
18.1757501426507
17.8596966152314
17.7261428571429
17.8051702339472
17.4276933433695
17.2640637132902
17.1780671429786
16.8845233947237
999.99
999.99
999.99
999.99
999.99
999.99
999.99
999.99
999.99
999.99
999.99
999.99
999.99
999.99
999.99
999.99
999.99
999.99
999.99
999.99
999.99
999.99
999.99
999.99
999.99
999.99
999.99
999.99
999.99
999.99
999.99
999.99
999.99
999.99
999.99
999.99
999.99
999.99
999.99
999.99
999.99
999.99
999.99
999.99
999.99
999.99
999.99
999.99
999.99
999.99
999.99
999.99
999.99
999.99
999.99
999.99
999.99
999.99
999.99
999.99
999.99
999.99
18.4634968131214
18.5280411319793
17.8449721254355
18.386025410045
18.2029442508711
17.4805144046911
18.0264738675957
18.1509601427722
17.6963344947735
17.583656072066
17.8293170731707
18.1818641114983
19.2835529070007
18.0736520778448
17.7247700348432
17.5734840656072
17.3169024390244
17.1692433925385
17.1399790940767
17.0095897000085
17.0079303135889
999.99
999.99
999.99
999.99
999.99
999.99
999.99
999.99
999.99
999.99
999.99
999.99
999.99
999.99
999.99
999.99
999.99
999.99
999.99
999.99
999.99
999.99
999.99
999.99
999.99
999.99
999.99
999.99
999.99
999.99
999.99
999.99
999.99
999.99
999.99
999.99
999.99
999.99
999.99
999.99
999.99
999.99
999.99
999.99
999.99
999.99
999.99
999.99
999.99
999.99
999.99
999.99
999.99
999.99
999.99
999.99
999.99
999.99
999.99
999.99
999.99
999.99
18.568084558511
18.5706599813036
18.8016759581881
18.7550019546188
18.4687282229964
19.2835529070007
17.8931777003485
17.8591020650973
17.8671289198606
17.9863249766296
18.0163763066202
18.0740069686411
17.9150557491289
17.8228607971445
17.5556167247387
17.6226309169712
17.6129128919861
17.5537904308659
17.286480836237
16.9184808362369
39.6059024390257
999.99
999.99
999.99
999.99
999.99
999.99
999.99
999.99
999.99
999.99
999.99
999.99
999.99
999.99
999.99
999.99
999.99
999.99
999.99
999.99
999.99
999.99
999.99
999.99
999.99
999.99
999.99
999.99
999.99
999.99
999.99
999.99
999.99
999.99
999.99
999.99
999.99
999.99
999.99
999.99
999.99
999.99
999.99
999.99
999.99
999.99
999.99
999.99
999.99
999.99
999.99
999.99
999.99
999.99
999.99
999.99
999.99
999.99
999.99
999.99
999.99
999.99
999.99
17.5787492988867
18.0911567944251
18.1891471912976
17.9554285714286
17.9854751423472
18.1255958188153
18.2173335599558
17.8585400696864
17.4739497747939
18.1176759581882
18.2011246706892
18.272149825784
17.7776661001105
17.633
17.6396794425087
17.6078954703833
17.5759315033569
17.4702125435541
16.7146610011048
38.8705052264822
19.2835529070007
999.99
999.99
999.99
999.99
999.99
999.99
999.99
999.99
999.99
999.99
999.99
999.99
999.99
999.99
999.99
999.99
999.99
999.99
999.99
999.99
999.99
999.99
999.99
999.99
999.99
999.99
999.99
999.99
999.99
999.99
999.99
999.99
999.99
999.99
999.99
999.99
999.99
999.99
999.99
999.99
999.99
999.99
999.99
999.99
999.99
999.99
999.99
999.99
999.99
999.99
999.99
999.99
999.99
999.99
999.99
999.99
999.99
999.99
999.99
999.99
999.99
18.2379725503527
17.9524535565565
17.9306898954704
18.3000180164868
18.3548536585366
17.7653001614685
18.4615400696864
18.4505972635336
18.5663240418119
18.8417374861902
18.2779233449477
18.0197054474378
18.1398919860627
17.8312578397212
17.7294355400697
17.605057363814
17.5562578397213
17.5485161893431
17.5187526132405
17.2003756267528
16.615362369338
999.99
999.99
999.99
999.99
999.99
999.99
999.99
999.99
999.99
999.99
999.99
999.99
999.99
999.99
999.99
999.99
999.99
999.99
999.99
999.99
999.99
999.99
999.99
999.99
999.99
999.99
999.99
999.99
999.99
999.99
999.99
999.99
999.99
999.99
999.99
999.99
999.99
999.99
999.99
999.99
999.99
999.99
999.99
999.99
999.99
999.99
999.99
999.99
999.99
999.99
999.99
999.99
999.99
999.99
999.99
999.99
999.99
999.99
999.99
999.99
999.99
999.99
999.99
999.99
18.3350197444832
18.1622341860004
17.9696829268292
18.5154774368998
18.6175644599303
18.5593333333333
18.7964819976771
18.5352662814085
18.0726806039488
17.5300647857002
17.5588652729384
17.836070309623
17.7441370499419
17.7248505708054
17.787619047619
17.7358543950597
17.5628072009292
17.2032632786607
16.4743344947735
16.1540739072547
19.2835529070007
999.99
999.99
999.99
999.99
999.99
999.99
999.99
999.99
999.99
999.99
999.99
999.99
999.99
999.99
999.99
999.99
999.99
999.99
999.99
999.99
999.99
999.99
999.99
999.99
999.99
999.99
999.99
999.99
999.99
999.99
999.99
999.99
999.99
999.99
999.99
999.99
999.99
999.99
999.99
999.99
999.99
999.99
999.99
999.99
999.99
999.99
999.99
999.99
999.99
999.99
999.99
999.99
999.99
999.99
999.99
999.99
999.99
999.99
999.99
999.99
999.99
999.99
999.99
18.7023101045296
18.5859930313588
18.5997106314269
18.3268466898955
18.3425252825699
18.3505993031359
18.5388364069007
18.1620627177699
17.82315220532
17.8113832752613
17.8629722954024
17.7289163763066
17.7005407495538
17.8267386759582
17.8398332625138
17.5523484320558
17.58293430781
17.472668989547
17.245456445993
17.0146190192912
16.784743902439
999.99
999.99
999.99
999.99
999.99
999.99
999.99
999.99
999.99
999.99
999.99
999.99
999.99
999.99
999.99
999.99
999.99
999.99
999.99
999.99
999.99
999.99
999.99
999.99
999.99
999.99
999.99
999.99
999.99
999.99
999.99
999.99
999.99
999.99
999.99
999.99
999.99
999.99
999.99
999.99
999.99
999.99
999.99
999.99
999.99
999.99
999.99
999.99
999.99
999.99
999.99
999.99
999.99
999.99
999.99
999.99
999.99
999.99
18.6561080139373
18.7403097686427
18.8347396107759
18.6424481499917
18.6000699535019
18.4553444499751
18.3692768153067
18.7121202920193
18.5489103586705
18.1890612244898
18.3424797112182
18.077762734362
17.9096441905733
17.7591478347436
17.8449059354854
17.9070082960013
17.7739309327538
17.7073774680604
17.5998775510204
17.6265382445661
17.5831766319853
999.99
999.99
999.99
999.99
999.99
999.99
999.99
999.99
999.99
999.99
999.99
999.99
999.99
999.99
999.99
999.99
999.99
999.99
999.99
999.99
999.99
999.99
999.99
999.99
999.99
999.99
999.99
999.99
999.99
999.99
999.99
999.99
999.99
999.99
999.99
999.99
999.99
999.99
999.99
999.99
999.99
999.99
999.99
999.99
999.99
999.99
999.99
999.99
999.99
999.99
999.99
999.99
999.99
999.99
999.99
999.99
999.99
999.99
999.99
999.99
999.99
999.99
999.99
18.9897003484321
18.534544148891
18.6230209059234
18.5163482620889
18.4751149825784
18.7055407495538
18.5492613240418
18.3604070706212
18.552
18.5767681652078
18.6300487804878
18.3242126285375
18.3432090592335
18.063258179655
18.0969756097561
18.2594180334835
18.5357108013937
18.4201673323702
18.3940243902439
18.3323340698564
18.2857804878049
999.99
999.99
999.99
999.99
999.99
999.99
999.99
999.99
999.99
999.99
999.99
999.99
999.99
999.99
999.99
999.99
999.99
999.99
999.99
999.99
999.99
999.99
999.99
999.99
999.99
999.99
999.99
999.99
999.99
999.99
999.99
999.99
999.99
999.99
999.99
999.99
999.99
999.99
999.99
999.99
999.99
999.99
999.99
999.99
999.99
999.99
999.99
999.99
999.99
999.99
999.99
999.99
999.99
999.99
999.99
999.99
999.99
999.99
999.99
999.99
999.99
999.99
18.7433820126504
18.7870898800924
18.7355701012112
18.5204224404812
18.435300149328
18.3828519305402
18.3557111332338
18.5652343559673
18.4730132736021
18.4271292517007
18.6650947403352
18.8476346602889
18.8935669487307
19.1837208901407
19.4224617554339
19.3445688547876
19.2230225651236
19.1264740254222
18.9690726729716
19.0380977026146
19.1885903434545
999.99
999.99
999.99
999.99
999.99
999.99
999.99
999.99
999.99
999.99
999.99
999.99
999.99
999.99
999.99
999.99
999.99
999.99
999.99
999.99
999.99
999.99
999.99
999.99
999.99
999.99
999.99
999.99
999.99
999.99
999.99
999.99
999.99
999.99
999.99
999.99
999.99
999.99
999.99
999.99
999.99
999.99
999.99
999.99
999.99
999.99
999.99
999.99
999.99
999.99
999.99
999.99
999.99
999.99
999.99
999.99
999.99
999.99
999.99
999.99
999.99
999.99
999.99
999.99
999.99
999.99
18.6625783972125
18.5703587150506
18.6104216027875
18.6137753887992
18.4732787456446
18.6789520693465
19.1769756097561
19.135025410045
19.3306724738676
19.5879700008498
19.7412613240418
19.6781523752868
19.4256724738676
19.3516646553922
19.0447770034844
19.0877201495708
18.9336027874564
18.8338670859182
18.5669831732811
17.999
17.7644963882043
999.99
999.99
999.99
999.99
999.99
999.99
999.99
999.99
999.99
999.99
999.99
999.99
999.99
999.99
999.99
999.99
999.99
999.99
999.99
999.99
999.99
999.99
999.99
999.99
999.99
999.99
999.99
999.99
999.99
999.99
999.99
999.99
999.99
999.99
999.99
999.99
999.99
999.99
999.99
999.99
999.99
999.99
999.99
999.99
999.99
999.99
999.99
999.99
999.99
999.99
999.99
999.99
999.99
999.99
999.99
999.99
999.99
999.99
999.99
999.99
999.99
999.99
18.8436655052265
18.8204843205575
18.6653902439025
18.6970853233619
18.7406445993031
18.8479643069601
19.201905923345
19.11458800034
19.0612299651568
19.1467017931504
19.46787456446
19.7469321832244
19.3127038327526
19.2207210843885
19.3182682926829
19.4312011557746
19.4954634146341
19.4251561145577
19.2678643664485
18.90443728223
18.6095981133678
999.99
999.99
999.99
999.99
999.99
999.99
999.99
999.99
999.99
999.99
999.99
999.99
999.99
999.99
999.99
999.99
999.99
999.99
999.99
999.99
999.99
999.99
999.99
999.99
999.99
999.99
999.99
999.99
999.99
999.99
999.99
999.99
999.99
999.99
999.99
999.99
999.99
999.99
999.99
999.99
999.99
999.99
999.99
999.99
999.99
999.99
999.99
999.99
999.99
999.99
999.99
999.99
999.99
999.99
999.99
999.99
999.99
999.99
999.99
999.99
999.99
999.99
18.8417804878048
18.818245092207
18.6714634146342
18.59648958953
18.7391951219512
18.7118346222487
19.1222926829269
19.4655960737656
19.1224390243903
18.6281380130874
18.3413170731707
18.2476305770373
17.7080731707318
19.0849512195122
19.1488048780488
19.3752218917311
19.5012682926829
19.4938143961928
19.5378060678168
19.5191951219512
19.1923955978584
999.99
999.99
999.99
999.99
999.99
999.99
999.99
999.99
999.99
999.99
999.99
999.99
999.99
999.99
999.99
999.99
999.99
999.99
999.99
999.99
999.99
999.99
999.99
999.99
999.99
999.99
999.99
999.99
999.99
999.99
999.99
999.99
999.99
999.99
999.99
999.99
999.99
999.99
999.99
999.99
999.99
999.99
999.99
999.99
999.99
999.99
999.99
999.99
999.99
999.99
999.99
999.99
999.99
999.99
999.99
999.99
999.99
999.99
999.99
999.99
999.99
999.99
999.99
18.8444055409195
18.6378815331011
18.6844939236849
18.746212543554
18.7696338064078
19.0842648083624
19.3139728902864
19.4167317073171
19.1962825698989
18.7006968641115
19.1948508540836
19.086094076655
18.91163584601
19.0969581881533
19.2503384889946
19.5968919860627
19.6014428486445
19.59594620549
19.8777648083624
19.3058092122036
18.8463135888501
999.99
999.99
999.99
999.99
999.99
999.99
999.99
999.99
999.99
999.99
999.99
999.99
999.99
999.99
999.99
999.99
999.99
999.99
999.99
999.99
999.99
999.99
999.99
999.99
999.99
999.99
999.99
999.99
999.99
999.99
999.99
999.99
999.99
999.99
999.99
999.99
999.99
999.99
999.99
999.99
999.99
999.99
999.99
999.99
999.99
999.99
999.99
999.99
999.99
999.99
999.99
999.99
999.99
999.99
999.99
999.99
999.99
999.99
999.99
999.99
999.99
999.99
18.8549854941382
18.8643709142193
18.8300694395546
18.6980671146507
18.8100441407973
18.9123741496599
19.2396664764656
19.2960207400033
19.019104999049
19.2415569935291
19.2009047619048
19.2835529070007
18.8696511025588
19.4126285880205
19.4938391020894
19.602018831923
19.6682690352762
19.7951646432517
19.9079538742326
19.7991113586422
19.6360805541729
999.99
999.99
999.99
999.99
999.99
999.99
999.99
999.99
999.99
999.99
999.99
999.99
999.99
999.99
999.99
999.99
999.99
999.99
999.99
999.99
999.99
999.99
999.99
999.99
999.99
999.99
999.99
999.99
999.99
999.99
999.99
999.99
999.99
999.99
999.99
999.99
999.99
999.99
999.99
999.99
999.99
999.99
999.99
999.99
999.99
999.99
999.99
999.99
999.99
999.99
999.99
999.99
999.99
999.99
999.99
999.99
999.99
999.99
999.99
999.99
999.99
999.99
999.99
999.99
18.8113929633721
18.8589547038328
18.8711618934308
18.9182055749129
18.891890456361
19.0793902439024
19.088009518144
18.8512926829268
19.1509670264299
17.9607212543553
25.943384550008
19.6305052264808
19.7077050225206
19.7933588850174
19.7566613410385
19.7116350811591
19.5344268292683
19.4990364578907
18.9146707317073
18.6604134443784
17.6837369337979
999.99
999.99
999.99
999.99
999.99
999.99
999.99
999.99
999.99
999.99
999.99
999.99
999.99
999.99
999.99
999.99
999.99
999.99
999.99
999.99
999.99
999.99
999.99
999.99
999.99
999.99
999.99
999.99
999.99
999.99
999.99
999.99
999.99
999.99
999.99
999.99
999.99
999.99
999.99
999.99
999.99
999.99
999.99
999.99
999.99
999.99
999.99
999.99
999.99
999.99
999.99
999.99
999.99
999.99
999.99
999.99
999.99
999.99
999.99
999.99
999.99
999.99
18.8261446215607
18.9335728388916
19.10924367784
19.2535678612909
19.3556070406747
19.3669513024722
19.6133707482993
19.869774846524
19.9561244015751
19.2835529070007
19.2835529070007
20.0189285714286
19.7098955654838
19.5266280902605
19.945255917477
19.4377050043098
19.3352220839555
19.3575290825432
19.1997591670814
18.4831816035159
18.1029306454289
999.99
999.99
999.99
999.99
999.99
999.99
999.99
999.99
999.99
999.99
999.99
999.99
999.99
999.99
999.99
999.99
999.99
999.99
999.99
999.99
999.99
999.99
999.99
999.99
999.99
999.99
999.99
999.99
999.99
999.99
999.99
999.99
999.99
999.99
999.99
999.99
999.99
999.99
999.99
999.99
999.99
999.99
999.99
999.99
999.99
999.99
999.99
999.99
999.99
999.99
999.99
999.99
999.99
999.99
999.99
999.99
999.99
999.99
999.99
999.99
999.99
19.227912891986
19.2854497323022
19.3315540069686
19.3760978159259
19.7089895470383
19.8515762726268
19.870543554007
19.8449516444293
19.6393728222996
19.8448151610437
19.8479337979094
19.8430171666525
19.2608327526132
19.490407240588
20.2479094076655
20.1269363474123
20.0495758477097
19.6230487804878
19.3638885017422
19.1074773519163
19.0070751253506
999.99
999.99
999.99
999.99
999.99
999.99
999.99
999.99
999.99
999.99
999.99
999.99
999.99
999.99
999.99
999.99
999.99
999.99
999.99
999.99
999.99
999.99
999.99
999.99
999.99
999.99
999.99
999.99
999.99
999.99
999.99
999.99
999.99
999.99
999.99
999.99
999.99
999.99
999.99
999.99
999.99
999.99
999.99
999.99
999.99
999.99
999.99
999.99
999.99
999.99
999.99
999.99
999.99
999.99
999.99
999.99
999.99
999.99
999.99
999.99
999.99
999.99
999.99
999.99
999.99
19.5701219896644
19.5672741828439
19.7199659863946
19.6429054255849
19.6617685132352
19.7406218682595
19.750165551765
19.8059907084785
19.8225066691758
20.2462797411648
19.2835529070007
19.9415145180023
19.8417551020408
19.6567595596239
19.1774449145512
18.8907663906729
18.9188772191803
18.7401394557823
18.3332726895636
24.3358635874379
19.2835529070007
999.99
999.99
999.99
999.99
999.99
999.99
999.99
999.99
999.99
999.99
999.99
999.99
999.99
999.99
999.99
999.99
999.99
999.99
999.99
999.99
999.99
999.99
999.99
999.99
999.99
999.99
999.99
999.99
999.99
999.99
999.99
999.99
999.99
999.99
999.99
999.99
999.99
999.99
999.99
999.99
999.99
999.99
999.99
999.99
999.99
999.99
999.99
999.99
999.99
999.99
999.99
999.99
999.99
999.99
999.99
999.99
999.99
999.99
999.99
999.99
999.99
19.9692682926829
19.8557804878049
19.8672195121951
19.5528120166568
19.4370975609756
19.2282676977989
19.1787804878049
19.0353967876265
19.3979268292683
20.1288108268886
20.0843902439024
19.663759071981
19.6398048780488
19.6363158834027
19.0225681142177
18.7324512195122
18.6904634146341
18.5966463414634
18.2169417013683
19.2835529070007
999.99
999.99
999.99
999.99
999.99
999.99
999.99
999.99
999.99
999.99
999.99
999.99
999.99
999.99
999.99
999.99
999.99
999.99
999.99
999.99
999.99
999.99
999.99
999.99
999.99
999.99
999.99
999.99
999.99
999.99
999.99
999.99
999.99
999.99
999.99
999.99
999.99
999.99
999.99
999.99
999.99
999.99
999.99
999.99
999.99
999.99
999.99
999.99
999.99
999.99
999.99
999.99
999.99
999.99
999.99
999.99
999.99
999.99
999.99
999.99
999.99
999.99
19.98044471828
19.929212543554
19.7505260474207
19.3462822299651
19.0546488484746
19.490425087108
19.5626849664315
19.7370627177702
20.2482062547803
19.2835529070007
19.3872292003056
19.7754216027875
19.451117872015
19.3572648083624
19.2332861392028
18.8728138862921
18.4526045296167
18.4526744284864
18.3103031358885
18.0127364663891
999.99
999.99
999.99
999.99
999.99
999.99
999.99
999.99
999.99
999.99
999.99
999.99
999.99
999.99
999.99
999.99
999.99
999.99
999.99
999.99
999.99
999.99
999.99
999.99
999.99
999.99
999.99
999.99
999.99
999.99
999.99
999.99
999.99
999.99
999.99
999.99
999.99
999.99
999.99
999.99
999.99
999.99
999.99
999.99
999.99
999.99
999.99
999.99
999.99
999.99
999.99
999.99
999.99
999.99
999.99
999.99
999.99
999.99
999.99
999.99
999.99
999.99
999.99
999.99
20.0606794425087
20.0841602787456
19.2835529070007
19.2835529070007
37.7595540069738
20.1014118296932
20.2250940766551
20.2931928273986
19.9767386759582
19.6661672473868
19.6466620209059
19.5967854168437
18.8739547038328
18.683828928359
18.3983784312059
18.3082264808362
18.2649727203195
18.0643954703832
17.5252520608481
19.2835529070007
999.99
999.99
999.99
999.99
999.99
999.99
999.99
999.99
999.99
999.99
999.99
999.99
999.99
999.99
999.99
999.99
999.99
999.99
999.99
999.99
999.99
999.99
999.99
999.99
999.99
999.99
999.99
999.99
999.99
999.99
999.99
999.99
999.99
999.99
999.99
999.99
999.99
999.99
999.99
999.99
999.99
999.99
999.99
999.99
999.99
999.99
999.99
999.99
999.99
999.99
999.99
999.99
999.99
999.99
999.99
999.99
999.99
999.99
999.99
999.99
999.99
20.5015818815331
20.2617004334155
20.2066027874565
20.3059798589275
20.1448222996516
20.1606496133254
19.9216132404181
19.6498522138183
19.575668989547
19.5571364833857
19.4729442508711
19.4133936432396
19.4117491289198
19.4529514744625
19.3107491289199
18.926092886887
18.6795602107589
18.5381707317073
18.2478783887142
17.7582491289198
999.99
999.99
999.99
999.99
999.99
999.99
999.99
999.99
999.99
999.99
999.99
999.99
999.99
999.99
999.99
999.99
999.99
999.99
999.99
999.99
999.99
999.99
999.99
999.99
999.99
999.99
999.99
999.99
999.99
999.99
999.99
999.99
999.99
999.99
999.99
999.99
999.99
999.99
999.99
999.99
999.99
999.99
999.99
999.99
999.99
999.99
999.99
999.99
999.99
999.99
999.99
999.99
999.99
999.99
999.99
999.99
999.99
999.99
999.99
999.99
999.99
999.99
999.99
999.99
20.080061528002
20.1659233449477
20.1407822724569
20.0449895470383
20.0364544063908
20.2641881533101
20.0522630237103
19.8985888501741
19.6798970850684
19.5599128919861
19.6451463414634
19.5582404181185
19.6787040027195
19.6114355400697
19.4861924024815
19.486850174216
19.3405383275261
18.5887311974165
18.04906271777
17.4700667969746
999.99
999.99
999.99
999.99
999.99
999.99
999.99
999.99
999.99
999.99
999.99
999.99
999.99
999.99
999.99
999.99
999.99
999.99
999.99
999.99
999.99
999.99
999.99
999.99
999.99
999.99
999.99
999.99
999.99
999.99
999.99
999.99
999.99
999.99
999.99
999.99
999.99
999.99
999.99
999.99
999.99
999.99
999.99
999.99
999.99
999.99
999.99
999.99
999.99
999.99
999.99
999.99
999.99
999.99
999.99
999.99
999.99
999.99
999.99
999.99
999.99
999.99
20.0822090592335
20.0108511940172
19.9124076655052
19.8215656496983
20.1625818815331
20.2522207019631
20.2249721254355
20.3778777088468
20.4587630662022
20.5336863261663
20.5944634146341
20.374835472083
20.0265261324042
20.0751951219512
20.0292229965157
20.1268154159939
19.9025109203705
19.2494843205575
18.6389282739865
17.9284895470383
999.99
999.99
999.99
999.99
999.99
999.99
999.99
999.99
999.99
999.99
999.99
999.99
999.99
999.99
999.99
999.99
999.99
999.99
999.99
999.99
999.99
999.99
999.99
999.99
999.99
999.99
999.99
999.99
999.99
999.99
999.99
999.99
999.99
999.99
999.99
999.99
999.99
999.99
999.99
999.99
999.99
999.99
999.99
999.99
999.99
999.99
999.99
999.99
999.99
999.99
999.99
999.99
999.99
999.99
999.99
999.99
999.99
999.99
999.99
999.99
999.99
999.99
999.99
999.99
999.99
20.1291612742658
19.927815343151
19.9546864111498
19.9912351005839
20.0406978596316
20.2560726244097
20.8918287705327
21.0792614575872
20.5604430064709
20.649783267977
20.6893016426083
20.5998400976096
20.4288531607765
20.2612913353325
20.0993469387755
19.6061774514684
18.8514269931649
18.3002287207565
17.6710061552283
17.3493673469388
999.99
999.99
999.99
999.99
999.99
999.99
999.99
999.99
999.99
999.99
999.99
999.99
999.99
999.99
999.99
999.99
999.99
999.99
999.99
999.99
999.99
999.99
999.99
999.99
999.99
999.99
999.99
999.99
999.99
999.99
999.99
999.99
999.99
999.99
999.99
999.99
999.99
999.99
999.99
999.99
999.99
999.99
999.99
999.99
999.99
999.99
999.99
999.99
999.99
999.99
999.99
999.99
999.99
999.99
999.99
999.99
999.99
999.99
999.99
999.99
999.99
999.99
999.99
20.171
20.3178143961927
20.1714634146341
19.8581856038073
20.1514146341463
20.280749553837
20.667536585366
20.9416638905413
20.7363658536585
20.3268976799524
20.3003414634146
20.3905568114218
20.344512195122
20.0694378346222
20.0330928019036
19.7381463414634
19.0047227840571
18.5736463414634
18.4572712671029
18.1436585365854
999.99
999.99
999.99
999.99
999.99
999.99
999.99
999.99
999.99
999.99
999.99
999.99
999.99
999.99
999.99
999.99
999.99
999.99
999.99
999.99
999.99
999.99
999.99
999.99
999.99
999.99
999.99
999.99
999.99
999.99
999.99
999.99
999.99
999.99
999.99
999.99
999.99
999.99
999.99
999.99
999.99
999.99
999.99
999.99
999.99
999.99
999.99
999.99
999.99
999.99
999.99
999.99
999.99
999.99
999.99
999.99
999.99
999.99
999.99
999.99
999.99
999.99
20.8458744794765
20.6881279243405
20.7134196845901
20.7433583872573
20.7148421736333
20.7587889497262
20.6123003192949
20.3149950223992
20.3068433148392
20.3883787954206
20.3668962595151
20.2262264808362
20.4408314778618
20.393287207566
20.0625362454321
19.7414673845743
19.5915087108014
19.2768336267285
19.0744860627177
18.5955576855371
999.99
999.99
999.99
999.99
999.99
999.99
999.99
999.99
999.99
999.99
999.99
999.99
999.99
999.99
999.99
999.99
999.99
999.99
999.99
999.99
999.99
999.99
999.99
999.99
999.99
999.99
999.99
999.99
999.99
999.99
999.99
999.99
999.99
999.99
999.99
999.99
999.99
999.99
999.99
999.99
999.99
999.99
999.99
999.99
999.99
999.99
999.99
999.99
999.99
999.99
999.99
999.99
999.99
999.99
999.99
999.99
999.99
999.99
999.99
999.99
999.99
999.99
999.99
20.7179173961078
20.7140731707317
20.7365628452452
20.7261393728223
20.8298998045381
20.7259024390244
20.4544679187558
20.3697073170732
20.4661473612646
20.3194599303136
20.1797327271182
20.0196550522648
19.9479159513895
20.0353867595819
20.2012361689471
20.0109172261408
19.5425452961673
18.9711941871335
18.6136515679442
18.2107801478712
999.99
999.99
999.99
999.99
999.99
999.99
999.99
999.99
999.99
999.99
999.99
999.99
999.99
999.99
999.99
999.99
999.99
999.99
999.99
999.99
999.99
999.99
999.99
999.99
999.99
999.99
999.99
999.99
999.99
999.99
999.99
999.99
999.99
999.99
999.99
999.99
999.99
999.99
999.99
999.99
999.99
999.99
999.99
999.99
999.99
999.99
999.99
999.99
999.99
999.99
999.99
999.99
999.99
999.99
999.99
999.99
999.99
999.99
999.99
999.99
999.99
20.7230644174386
20.4860243902439
20.604948415059
20.716968641115
20.6698310529447
20.6991742160279
20.5108258689556
20.5065714285714
20.3145581711566
20.1505331010453
20.2466213138438
20.1875261324042
19.9093259964308
19.9201324041812
19.49494620549
19.5121289198606
19.3262278405711
18.9578288433755
18.8913902439024
18.4639512195122
999.99
999.99
999.99
999.99
999.99
999.99
999.99
999.99
999.99
999.99
999.99
999.99
999.99
999.99
999.99
999.99
999.99
999.99
999.99
999.99
999.99
999.99
999.99
999.99
999.99
999.99
999.99
999.99
999.99
999.99
999.99
999.99
999.99
999.99
999.99
999.99
999.99
999.99
999.99
999.99
999.99
999.99
999.99
999.99
999.99
999.99
999.99
999.99
999.99
999.99
999.99
999.99
999.99
999.99
999.99
999.99
999.99
999.99
999.99
999.99
999.99
999.99
999.99
999.99
20.838850174216
20.8009209654118
20.5368222996516
20.4004111498258
20.440393728223
20.1498653012663
19.8909547038328
19.9832311549248
20.1552717770035
20.1625296167247
20.1028222996516
20.4042790005949
20.3767526132404
20.3498451601938
19.8980174216028
19.3543750318688
19.1815455086258
18.7811846689895
18.4948408260389
17.7672073170731
999.99
999.99
999.99
999.99
999.99
999.99
999.99
999.99
999.99
999.99
999.99
999.99
999.99
999.99
999.99
999.99
999.99
999.99
999.99
999.99
999.99
999.99
999.99
999.99
999.99
999.99
999.99
999.99
999.99
999.99
999.99
999.99
999.99
999.99
999.99
999.99
999.99
999.99
999.99
999.99
999.99
999.99
999.99
999.99
999.99
999.99
999.99
999.99
999.99
999.99
999.99
999.99
999.99
999.99
999.99
999.99
999.99
999.99
999.99
999.99
999.99
999.99
999.99
20.6446445993032
20.5759230899975
20.4900174216028
20.4859681312144
20.356181184669
20.1637413104445
19.9387735191638
19.5656694144642
19.7759581881533
20.0416787626413
20.3539198606272
20.5517717345118
20.3653449477353
20.0859547038327
19.692181184669
19.3941383530211
19.0627393558255
18.5029616724739
17.9450837936602
17.7671202090592
999.99
999.99
999.99
999.99
999.99
999.99
999.99
999.99
999.99
999.99
999.99
999.99
999.99
999.99
999.99
999.99
999.99
999.99
999.99
999.99
999.99
999.99
999.99
999.99
999.99
999.99
999.99
999.99
999.99
999.99
999.99
999.99
999.99
999.99
999.99
999.99
999.99
999.99
999.99
999.99
999.99
999.99
999.99
999.99
999.99
999.99
999.99
999.99
999.99
999.99
999.99
999.99
999.99
999.99
999.99
999.99
999.99
999.99
999.99
999.99
999.99
999.99
20.6704765870655
20.6196445993031
20.5391696269228
20.2978327526132
20.3428583326251
20.241306620209
19.9312285204385
19.8595540069686
19.9649449307385
19.9245609756097
20.1665257924705
20.0708048780488
20.0143146086513
20.0006829268292
19.9785908047931
19.8405574912892
19.3494894195632
19.0534039262344
18.7068641114983
18.4092334494773
999.99
999.99
999.99
999.99
999.99
999.99
999.99
999.99
999.99
999.99
999.99
999.99
999.99
999.99
999.99
999.99
999.99
999.99
999.99
999.99
999.99
999.99
999.99
999.99
999.99
999.99
999.99
999.99
999.99
999.99
999.99
999.99
999.99
999.99
999.99
999.99
999.99
999.99
999.99
999.99
999.99
999.99
999.99
999.99
999.99
999.99
999.99
999.99
999.99
999.99
999.99
999.99
999.99
999.99
999.99
999.99
999.99
999.99
999.99
999.99
999.99
999.99
20.9920243902439
20.8584063057704
20.7996585365854
20.7616900654372
20.5959512195122
20.4828078524688
20.2758048780488
19.9853051754908
19.9543658536585
19.8999208804283
20.1246341463414
19.9295972635336
19.7689512195122
19.6786864961333
19.5530731707317
19.7449262343843
19.7875121951219
19.6747073170732
19.440731112433
19.1184268292683
999.99
999.99
999.99
999.99
999.99
999.99
999.99
999.99
999.99
999.99
999.99
999.99
999.99
999.99
999.99
999.99
999.99
999.99
999.99
999.99
999.99
999.99
999.99
999.99
999.99
999.99
999.99
999.99
999.99
999.99
999.99
999.99
999.99
999.99
999.99
999.99
999.99
999.99
999.99
999.99
999.99
999.99
999.99
999.99
999.99
999.99
999.99
999.99
999.99
999.99
999.99
999.99
999.99
999.99
999.99
999.99
999.99
999.99
999.99
999.99
999.99
999.99
999.99
21.001824954372
20.8835835184758
20.6818299319728
20.7278400288134
20.6876021237763
20.6276721804724
20.4247580886013
20.216934449449
20.2763610419778
20.1935008822089
20.107412394226
20.0442634101826
19.9031352248216
19.8777820761856
19.8554359548697
19.8048157377169
19.8082653061224
19.8202028938881
19.4476309048306
18.7455379127261
999.99
999.99
999.99
999.99
999.99
999.99
999.99
999.99
999.99
999.99
999.99
999.99
999.99
999.99
999.99
999.99
999.99
999.99
999.99
999.99
999.99
999.99
999.99
999.99
999.99
999.99
999.99
999.99
999.99
999.99
999.99
999.99
999.99
999.99
999.99
999.99
999.99
999.99
999.99
999.99
999.99
999.99
999.99
999.99
999.99
999.99
999.99
999.99
999.99
999.99
999.99
999.99
999.99
999.99
999.99
999.99
999.99
999.99
999.99
999.99
999.99
999.99
999.99
999.99
20.650136143452
20.7171672473867
20.6363446927849
20.6248083623693
20.4580461460015
20.542456445993
20.5104006968641
20.4889337979094
20.2671304495623
20.3039024390244
20.0126960992606
19.6980383275261
19.9135698138863
19.8544738675958
19.8788393813206
19.8793588850174
19.8486964391944
19.5079417013682
18.8294006968641
20.0488787286456
999.99
999.99
999.99
999.99
999.99
999.99
999.99
999.99
999.99
999.99
999.99
999.99
999.99
999.99
999.99
999.99
999.99
999.99
999.99
999.99
999.99
999.99
999.99
999.99
999.99
999.99
999.99
999.99
999.99
999.99
999.99
999.99
999.99
999.99
999.99
999.99
999.99
999.99
999.99
999.99
999.99
999.99
999.99
999.99
999.99
999.99
999.99
999.99
999.99
999.99
999.99
999.99
999.99
999.99
999.99
999.99
999.99
999.99
20.7108054365113
20.6022093971438
20.56300008296
20.5356326530612
20.554581383773
20.5229502523199
20.6279632487141
20.5354978248289
20.6877517006803
20.5911085299081
20.5007473037995
20.3277349771557
20.5619567778331
20.4355615704938
20.4282838891654
20.3756619055713
20.2911598639456
20.1931887542644
20.0982683756429
20.1149674574172
999.99
999.99
999.99
999.99
999.99
999.99
999.99
999.99
999.99
999.99
999.99
999.99
999.99
999.99
999.99
999.99
999.99
999.99
999.99
999.99
999.99
999.99
999.99
999.99
999.99
999.99
999.99
999.99
999.99
999.99
999.99
999.99
999.99
999.99
999.99
999.99
999.99
999.99
999.99
999.99
999.99
999.99
999.99
999.99
999.99
999.99
999.99
999.99
999.99
999.99
999.99
999.99
999.99
999.99
999.99
999.99
999.99
999.99
999.99
999.99
20.7552578397212
20.795329225801
20.9550766550523
20.7766921900229
20.743674343503
20.6786933797909
20.626463584601
20.5969790940766
20.3096407750489
20.6208989547038
20.6848303730773
20.5868118466899
20.5511177020481
20.6011707317073
20.51115517974
20.4012787456446
20.3014385144897
20.3244006968641
20.3236097560976
20.3816236933798
999.99
999.99
999.99
999.99
999.99
999.99
999.99
999.99
999.99
999.99
999.99
999.99
999.99
999.99
999.99
999.99
999.99
999.99
999.99
999.99
999.99
999.99
999.99
999.99
999.99
999.99
999.99
999.99
999.99
999.99
999.99
999.99
999.99
999.99
999.99
999.99
999.99
999.99
999.99
999.99
999.99
999.99
999.99
999.99
999.99
999.99
999.99
999.99
999.99
999.99
999.99
999.99
999.99
999.99
999.99
999.99
999.99
999.99
999.99
20.4973955533433
20.3067112020299
20.4400641280902
20.3089265095687
20.5102297992368
20.6787040816327
20.6915319396051
20.6201992578114
20.5983884369929
20.4130149328024
20.7064367440016
20.6215798904927
20.7810205437321
20.9317013439522
20.7487895547273
20.7031147336984
20.8108306442148
20.4497709474033
20.5003011205672
20.5320695204911
999.99
999.99
999.99
999.99
999.99
999.99
999.99
999.99
999.99
999.99
999.99
999.99
999.99
999.99
999.99
999.99
999.99
999.99
999.99
999.99
999.99
999.99
999.99
999.99
999.99
999.99
999.99
999.99
999.99
999.99
999.99
999.99
999.99
999.99
999.99
999.99
999.99
999.99
999.99
999.99
999.99
999.99
999.99
999.99
999.99
999.99
999.99
999.99
999.99
999.99
999.99
999.99
999.99
999.99
999.99
999.99
999.99
20.5273379790941
20.5703143537011
20.515487804878
20.5008989547038
20.4528588850174
20.3174182034503
20.2113170731707
20.4021347837172
20.6522700348432
20.5133484320558
20.3122456445993
19.6380744454831
19.9253745644598
20.2687090167417
20.409757882213
20.5002717770035
20.4779339678762
20.2216724738676
20.2258243392538
20.2353484320557
999.99
999.99
999.99
999.99
999.99
999.99
999.99
999.99
999.99
999.99
999.99
999.99
999.99
999.99
999.99
999.99
999.99
999.99
999.99
999.99
999.99
999.99
999.99
999.99
999.99
999.99
999.99
999.99
999.99
999.99
999.99
999.99
999.99
999.99
999.99
999.99
999.99
999.99
999.99
999.99
999.99
999.99
999.99
999.99
999.99
999.99
999.99
999.99
999.99
999.99
999.99
999.99
999.99
999.99
999.99
999.99
999.99
999.99
999.99
999.99
20.4325883402736
20.464743902439
20.1573230220107
20.4673536585366
20.5143033908388
20.5256707317073
20.6773902439024
20.5738658536585
20.3755502676978
20.4086951219512
20.5557067221892
20.6466219512195
20.6039071980964
20.5790365853659
20.4642165377751
20.3768658536585
20.5458007138608
20.3269892920881
20.232243902439
19.9979006543724
20.1385609756098
20.1862784057109
19.9380487804878
19.9303593099346
999.99
999.99
999.99
999.99
999.99
999.99
999.99
999.99
999.99
999.99
999.99
999.99
999.99
999.99
999.99
999.99
999.99
999.99
999.99
999.99
999.99
999.99
999.99
999.99
999.99
999.99
999.99
999.99
999.99
999.99
999.99
999.99
999.99
999.99
999.99
999.99
999.99
999.99
999.99
999.99
999.99
999.99
999.99
999.99
999.99
999.99
999.99
999.99
999.99
999.99
999.99
20.2328292682927
20.2244968131215
20.1520905923345
20.3077504886547
20.4017545678593
20.3820522648084
20.3110545593609
20.2765557491289
20.1942432225716
19.8658641114983
19.2835529070007
20.4544965156794
20.1927814226225
20.3976759581881
20.2901080139373
20.54293728223
20.7460034843206
20.7606637630662
20.7352273306705
20.9721829268292
20.5463516614261
20.5645174216028
20.4765569813886
20.6540818815331
20.6704536415399
20.5327070621229
20.4524111498258
20.2500768250191
20.0479895470383
19.8668730347582
999.99
999.99
999.99
999.99
999.99
999.99
999.99
999.99
999.99
999.99
999.99
999.99
999.99
999.99
999.99
999.99
999.99
999.99
999.99
999.99
999.99
999.99
999.99
999.99
999.99
999.99
999.99
999.99
999.99
999.99
999.99
999.99
999.99
999.99
999.99
999.99
999.99
999.99
999.99
999.99
999.99
999.99
999.99
999.99
999.99
999.99
20.0987610265997
19.918031358885
999.99
20.1368989547038
20.1469943061103
20.2375400696864
20.2701265403246
20.2858153310104
20.415285374352
20.395724738676
20.3149100875329
20.1033246366958
20.0347508710802
19.9369430611031
20.146956445993
20.3740186963542
20.5419059233449
20.5156933797909
20.2030766550523
20.1871741310445
20.4613832752613
31.8125087107971
20.8336707317073
20.7775365853659
20.4692961672474
20.5093769015042
20.3398083623693
20.2673007563525
20.2723571428571
19.9174070706212
20.2762909407665
999.99
999.99
999.99
999.99
999.99
999.99
999.99
999.99
999.99
999.99
999.99
999.99
999.99
999.99
999.99
999.99
999.99
999.99
999.99
999.99
999.99
999.99
999.99
999.99
999.99
999.99
999.99
999.99
999.99
999.99
999.99
999.99
999.99
999.99
999.99
999.99
999.99
999.99
999.99
999.99
999.99
999.99
999.99
999.99
999.99
999.99
999.99
999.99
20.2620776384319
20.2376892317903
20.2970610140546
20.3155863613738
20.2486598639456
20.1671589513855
20.1295181641961
20.0697446490791
20.1466644732849
20.184787456446
20.2038503401361
20.1256583706653
20.0963288980078
20.0602782478845
20.0653609731817
20.02938109402
20.0386482495437
20.0095723633891
20.0684319727891
20.2562380952381
20.4618119296499
20.3651223356684
20.6681701509872
20.4985835285929
20.5389444167911
20.4739387755102
20.438156462585
20.7655659370233
20.8178479342957
999.99
999.99
999.99
999.99
999.99
999.99
999.99
999.99
999.99
999.99
999.99
999.99
999.99
999.99
999.99
999.99
999.99
999.99
999.99
999.99
999.99
999.99
999.99
999.99
999.99
999.99
999.99
999.99
999.99
999.99
999.99
999.99
999.99
999.99
999.99
999.99
999.99
999.99
999.99
999.99
999.99
999.99
999.99
999.99
999.99
999.99
999.99
999.99
999.99
999.99
999.99
20.329181184669
20.343726948245
20.1875923344948
20.2172245262174
20.3032717770035
20.3939094076655
20.3747456445993
20.4187929803688
20.3390069686411
20.218765615705
20.2723449477352
20.0219889521543
20.038818815331
20.0130288943656
19.8845365853659
19.9437631511855
19.8678885017422
19.7461725163593
19.7968903713776
19.9855522648084
20.0347769185009
20.1083885017422
20.2337996940597
20.5033449477352
20.5003514914592
20.5078780487805
20.7712123735871
20.9590644599303
21.1722961672474
999.99
999.99
999.99
999.99
999.99
999.99
999.99
999.99
999.99
999.99
999.99
999.99
999.99
999.99
999.99
999.99
999.99
999.99
999.99
999.99
999.99
999.99
999.99
999.99
999.99
999.99
999.99
999.99
999.99
999.99
999.99
999.99
999.99
999.99
999.99
999.99
999.99
999.99
999.99
999.99
999.99
999.99
19.9088559207145
999.99
999.99
19.7044556163929
19.8167330832393
19.976418699187
19.9267103360083
19.8978393894143
19.9263386306337
20.0480068027211
20.0434725402356
20.302751884811
20.5400960676954
20.3971514768906
20.0884342127095
19.9361328412388
19.9237219180355
19.772905231337
20.1814675626348
20.169045110013
19.9981755433881
19.6798996021966
19.7566328189812
19.5971229022245
19.6711972789116
19.7443793781641
19.7320101211216
19.7065472568563
19.7240467894475
19.8310493065757
19.8823715111268
19.850962253194
19.8301551271312
19.5833739837398
999.99
999.99
999.99
999.99
999.99
999.99
999.99
999.99
999.99
999.99
999.99
999.99
999.99
999.99
999.99
999.99
999.99
999.99
999.99
999.99
999.99
999.99
999.99
999.99
999.99
999.99
999.99
999.99
999.99
999.99
999.99
999.99
999.99
999.99
999.99
999.99
999.99
999.99
999.99
999.99
999.99
999.99
999.99
999.99
999.99
999.99
999.99
999.99
999.99
19.5997778533186
19.7295470383275
19.8091374182034
19.926756097561
19.8737739440809
19.7789982578397
19.8852201920626
19.6986167247387
19.7013913486869
19.9242965921645
20.0416306620209
20.1380079884423
20.2847526132404
20.244098835727
20.175362369338
20.0153988272287
19.9604668989547
19.7473608396363
19.9149233449477
20.1720772499363
19.9891742160279
19.6949990651823
19.6552857142857
19.6205888501742
19.6065087108014
19.8726525877454
999.99
999.99
999.99
999.99
999.99
999.99
999.99
999.99
999.99
999.99
999.99
999.99
999.99
999.99
999.99
999.99
999.99
999.99
999.99
999.99
999.99
999.99
999.99
999.99
999.99
999.99
999.99
999.99
999.99
999.99
999.99
999.99
999.99
999.99
999.99
999.99
999.99
999.99
999.99
999.99
999.99
999.99
999.99
999.99
999.99
999.99
999.99
999.99
999.99
999.99
999.99
999.99
999.99
999.99
999.99
999.99
999.99
19.3329506246282
19.4797572590012
19.8651975581428
19.7646231126597
19.8943468740262
19.8820766550523
19.8677075153679
19.7321777003484
19.9110635676043
20.0486269510779
20.0683170731707
19.9737633211524
19.9958269454123
19.9893279510495
20.0746016260163
19.8488214498173
19.7097108013937
19.8018113084615
19.6981567944251
999.99
999.99
19.865396844282
999.99
999.99
999.99
999.99
999.99
999.99
999.99
999.99
999.99
999.99
999.99
999.99
999.99
999.99
999.99
999.99
999.99
999.99
999.99
999.99
999.99
999.99
999.99
999.99
999.99
999.99
999.99
999.99
999.99
999.99
999.99
999.99
999.99
999.99
999.99
999.99
999.99
999.99
999.99
999.99
999.99
999.99
999.99
999.99
999.99
999.99
999.99
999.99
999.99
999.99
999.99
999.99
999.99
999.99
999.99
999.99
999.99
999.99
999.99
999.99
999.99
19.2424983428232
19.3123902439024
19.9365212883487
19.6888379790941
19.7805715985383
19.8676567944251
19.8040413869296
19.8253850174216
20.0792407580522
20.1645932693125
20.0628536585366
20.1198445653098
20.1086655052265
20.1214184584006
20.0394320557491
999.99
999.99
999.99
999.99
999.99
999.99
999.99
999.99
999.99
999.99
999.99
999.99
999.99
999.99
999.99
999.99
999.99
999.99
999.99
999.99
999.99
999.99
999.99
999.99
999.99
999.99
999.99
999.99
999.99
999.99
999.99
999.99
999.99
999.99
999.99
999.99
999.99
999.99
999.99
999.99
999.99
999.99
999.99
999.99
999.99
999.99
999.99
999.99
999.99
999.99
999.99
999.99
999.99
999.99
999.99
999.99
999.99
999.99
999.99
999.99
999.99
999.99
999.99
999.99
999.99
999.99
999.99
999.99
19.2618590124926
19.5080905923346
19.6849129769695
19.7647317073171
19.8835093056854
19.9059407665505
19.9941139627772
20.0029930313589
20.0491860287244
20.1061069941361
20.1640278745645
20.064043256565
999.99
999.99
999.99
999.99
999.99
999.99
999.99
999.99
999.99
999.99
999.99
999.99
999.99
999.99
999.99
999.99
999.99
999.99
999.99
999.99
999.99
999.99
999.99
999.99
999.99
999.99
999.99
999.99
999.99
999.99
999.99
999.99
999.99
999.99
999.99
999.99
999.99
999.99
999.99
999.99
999.99
999.99
999.99
999.99
999.99
999.99
999.99
999.99
999.99
999.99
999.99
999.99
999.99
999.99
999.99
999.99
999.99
999.99
999.99
999.99
999.99
999.99
999.99
999.99
999.99
999.99
999.99
999.99
999.99
999.99
999.99
999.99
19.7066829268292
19.6161080139373
999.99
999.99
999.99
999.99
999.99
999.99
999.99
999.99
999.99
999.99
999.99
999.99
999.99
999.99
999.99
999.99
999.99
999.99
999.99
999.99
999.99
999.99
999.99
999.99
999.99
999.99
999.99
999.99
999.99
999.99
999.99
999.99
999.99
999.99
999.99
999.99
999.99
999.99
999.99
999.99
999.99
999.99
999.99
999.99
999.99
999.99
999.99
999.99
999.99
999.99
999.99
999.99
999.99
999.99
999.99
999.99
999.99
999.99
999.99
999.99
999.99
999.99
999.99
999.99
999.99
999.99
999.99
999.99
999.99
999.99
999.99
999.99
999.99
999.99
999.99
999.99
999.99
999.99
999.99
999.99
999.99
999.99
999.99
999.99
999.99
999.99
999.99
999.99
999.99
999.99
999.99
999.99
999.99
999.99
999.99
999.99
999.99
999.99
999.99
999.99
999.99
999.99
999.99
999.99
999.99
999.99
999.99
999.99
999.99
999.99
999.99
999.99
999.99
999.99
999.99
999.99
999.99
999.99
999.99
999.99
999.99
999.99
999.99
999.99
999.99
999.99
999.99
999.99
999.99
999.99
999.99
999.99
999.99
999.99
999.99
999.99
999.99
999.99
999.99
999.99
999.99
999.99
999.99
999.99
999.99
999.99
999.99
999.99
999.99
999.99
999.99
999.99
999.99
999.99
999.99
999.99
999.99
999.99
999.99
999.99
999.99
999.99
999.99
999.99
999.99
999.99
999.99
999.99
999.99
999.99
999.99
999.99
999.99
999.99
999.99
999.99
999.99
999.99
999.99
999.99
999.99
999.99
999.99
999.99
999.99
999.99
999.99
999.99
999.99
999.99
999.99
999.99
999.99
999.99
999.99
999.99
999.99
999.99
999.99
999.99
999.99
999.99
999.99
999.99
999.99
999.99
999.99
999.99
999.99
999.99
999.99
999.99
999.99
999.99
999.99
999.99
999.99
999.99
999.99
999.99
999.99
999.99
999.99
999.99
999.99
999.99
999.99
999.99
999.99
999.99
999.99
999.99
999.99
999.99
999.99
999.99
999.99
999.99
999.99
999.99
999.99
999.99
999.99
999.99
999.99
999.99
999.99
999.99
999.99
999.99
999.99
999.99
999.99
999.99
999.99
999.99
999.99
999.99
999.99
999.99
999.99
999.99
999.99
999.99
999.99
999.99
999.99
999.99
999.99
999.99
999.99
999.99
999.99
999.99
999.99
999.99
999.99
999.99
999.99
999.99
999.99
999.99
999.99
999.99
999.99
999.99
999.99
999.99
999.99
999.99
999.99
999.99
999.99
999.99
999.99
999.99
999.99
999.99
999.99
999.99
999.99
999.99
999.99
999.99
999.99
999.99
999.99
999.99
999.99
999.99
999.99
999.99
999.99
999.99
999.99
999.99
999.99
999.99
999.99
999.99
999.99
999.99
999.99
999.99
999.99
999.99
999.99
999.99
999.99
999.99
999.99
999.99
999.99
999.99
999.99
999.99
999.99
999.99
999.99
999.99
999.99
999.99
999.99
999.99
999.99
999.99
999.99
999.99
999.99
999.99
999.99
999.99
999.99
999.99
999.99
999.99
999.99
999.99
999.99
999.99
999.99
999.99
999.99
999.99
999.99
999.99
999.99
999.99
999.99
999.99
999.99
999.99
999.99
999.99
999.99
999.99
999.99
999.99
999.99
999.99
999.99
999.99
999.99
999.99
999.99
999.99
999.99
999.99
999.99
999.99
999.99
999.99
999.99
999.99
999.99
999.99
999.99
999.99
999.99
999.99
999.99
999.99
999.99
999.99
999.99
999.99
999.99
999.99
999.99
999.99
999.99
