999.99
999.99
999.99
999.99
999.99
999.99
999.99
999.99
999.99
999.99
999.99
999.99
999.99
999.99
999.99
999.99
999.99
999.99
999.99
999.99
999.99
999.99
999.99
999.99
999.99
999.99
999.99
999.99
999.99
999.99
999.99
999.99
999.99
999.99
999.99
999.99
999.99
999.99
999.99
999.99
999.99
999.99
999.99
999.99
999.99
999.99
999.99
999.99
999.99
999.99
999.99
999.99
999.99
999.99
999.99
999.99
999.99
999.99
999.99
999.99
999.99
999.99
999.99
999.99
999.99
999.99
999.99
999.99
999.99
999.99
999.99
999.99
999.99
999.99
999.99
999.99
999.99
999.99
999.99
999.99
999.99
999.99
999.99
999.99
999.99
999.99
999.99
999.99
999.99
999.99
999.99
999.99
999.99
999.99
999.99
999.99
999.99
999.99
999.99
999.99
999.99
999.99
999.99
999.99
999.99
999.99
999.99
999.99
999.99
999.99
999.99
999.99
999.99
999.99
999.99
999.99
999.99
999.99
999.99
999.99
999.99
999.99
999.99
999.99
999.99
999.99
999.99
999.99
999.99
999.99
999.99
999.99
999.99
999.99
16.8501886632107
16.6745917396108
16.4591533101045
16.3813508965752
16.3881951219512
16.5180750403671
16.5630278745644
16.5831724313759
16.6586097560976
16.6709794340104
16.5472752613241
16.5998471148126
16.6262090592334
16.7199214753123
16.7464843205575
16.5801124330755
16.321331010453
16.2845242627687
16.2747456445993
16.2696724738676
15.9498397212543
999.99
999.99
999.99
999.99
999.99
999.99
999.99
999.99
999.99
999.99
999.99
999.99
999.99
999.99
999.99
999.99
999.99
999.99
999.99
999.99
999.99
999.99
999.99
999.99
999.99
999.99
999.99
999.99
999.99
999.99
999.99
999.99
999.99
999.99
999.99
999.99
999.99
999.99
999.99
999.99
999.99
999.99
999.99
999.99
999.99
999.99
999.99
999.99
999.99
999.99
999.99
999.99
999.99
999.99
999.99
999.99
999.99
999.99
999.99
999.99
999.99
999.99
16.8437238949119
16.8206962752977
16.6985194126431
16.5565739113016
16.5868720756595
16.6268754810669
16.527262817322
16.6517292063762
16.5348728222997
16.39910956792
16.5240679442509
16.5404831975622
16.5571017919363
16.5781972465369
16.5066110004977
16.4739693877551
16.3886804380289
16.2937285204385
16.1919614235938
16.173139785599
15.9242324539572
999.99
999.99
999.99
999.99
999.99
999.99
999.99
999.99
999.99
999.99
999.99
999.99
999.99
999.99
999.99
999.99
999.99
999.99
999.99
999.99
999.99
999.99
999.99
999.99
999.99
999.99
999.99
999.99
999.99
999.99
999.99
999.99
999.99
999.99
999.99
999.99
999.99
999.99
999.99
999.99
999.99
999.99
999.99
999.99
999.99
999.99
999.99
999.99
999.99
999.99
999.99
999.99
999.99
999.99
999.99
999.99
999.99
999.99
999.99
999.99
999.99
999.99
16.6869077079969
16.7780833687431
16.660637630662
16.614986317668
16.5596933797909
16.6319786691595
16.5678327526133
16.5307514234724
16.515149825784
16.5380193762216
16.5963344947735
16.4780487804878
16.4002020905923
16.3933627092717
16.4767700348432
16.4709145916546
16.4742473867596
16.3316154499873
16.3052299651568
16.3340276196142
16.3745470383275
999.99
999.99
999.99
999.99
999.99
999.99
999.99
999.99
999.99
999.99
999.99
999.99
999.99
999.99
999.99
999.99
999.99
999.99
999.99
999.99
999.99
999.99
999.99
999.99
999.99
999.99
999.99
999.99
999.99
999.99
999.99
999.99
999.99
999.99
999.99
999.99
999.99
999.99
999.99
999.99
999.99
999.99
999.99
999.99
999.99
999.99
999.99
999.99
999.99
999.99
999.99
999.99
999.99
999.99
999.99
999.99
999.99
999.99
999.99
999.99
999.99
999.99
16.8065859607377
16.8487267782782
16.6755331010453
16.5791611285799
16.7845783972126
17.0089601427721
16.5817038327526
16.5014307809977
16.5402264808362
16.5780267697799
16.6634111498258
16.5349094076655
16.5503170731707
16.5294738675958
16.654425087108
16.6898030084134
16.6226202090592
16.3564092801904
16.1875052264809
15.8095958188153
38.2378501742174
999.99
999.99
999.99
999.99
999.99
999.99
999.99
999.99
999.99
999.99
999.99
999.99
999.99
999.99
999.99
999.99
999.99
999.99
999.99
999.99
999.99
999.99
999.99
999.99
999.99
999.99
999.99
999.99
999.99
999.99
999.99
999.99
999.99
999.99
999.99
999.99
999.99
999.99
999.99
999.99
999.99
999.99
999.99
999.99
999.99
999.99
999.99
999.99
999.99
999.99
999.99
999.99
999.99
999.99
999.99
999.99
999.99
999.99
999.99
999.99
999.99
999.99
999.99
16.7954592504462
16.7278257839721
16.7507468343673
16.7012787456446
16.6259310784397
16.4829825783972
16.4808740545594
16.495543554007
16.3356514829608
16.7323066202091
16.8390792045551
16.8530871080139
16.8885483980624
16.8721602787456
16.8211986062718
16.6680243902439
16.4427933203026
16.2288885017422
15.8770445313164
15.7087456445993
17.8147655534716
999.99
999.99
999.99
999.99
999.99
999.99
999.99
999.99
999.99
999.99
999.99
999.99
999.99
999.99
999.99
999.99
999.99
999.99
999.99
999.99
999.99
999.99
999.99
999.99
999.99
999.99
999.99
999.99
999.99
999.99
999.99
999.99
999.99
999.99
999.99
999.99
999.99
999.99
999.99
999.99
999.99
999.99
999.99
999.99
999.99
999.99
999.99
999.99
999.99
999.99
999.99
999.99
999.99
999.99
999.99
999.99
999.99
999.99
999.99
999.99
999.99
16.5692059148466
16.5803470723209
16.6332160278746
16.5795513724824
16.5530243902439
16.4129184159089
16.5731637630662
16.61313733322
16.7875644599303
17.0382992266508
17.1691114982578
17.1728142262259
17.2300766550523
17.1922493413784
17.1794320557491
17.1583763916036
17.0976132404181
16.8660988357271
16.501574912892
16.2178398912212
15.9000557491289
999.99
999.99
999.99
999.99
999.99
999.99
999.99
999.99
999.99
999.99
999.99
999.99
999.99
999.99
999.99
999.99
999.99
999.99
999.99
999.99
999.99
999.99
999.99
999.99
999.99
999.99
999.99
999.99
999.99
999.99
999.99
999.99
999.99
999.99
999.99
999.99
999.99
999.99
999.99
999.99
999.99
999.99
999.99
999.99
999.99
999.99
999.99
999.99
999.99
999.99
999.99
999.99
999.99
999.99
999.99
999.99
999.99
999.99
999.99
999.99
999.99
999.99
999.99
999.99
16.8469407665505
16.8166640605082
16.7670348432055
16.7779006543724
16.8995865272938
17.0142857142857
17.0661161440186
17.1269215036401
17.1315969802555
17.1446722472451
17.0619036004646
17.2522394266452
17.3745319396051
17.0849005410611
16.9631428571429
16.8119938528654
16.6350801393728
16.443542505878
15.995656213705
15.8117007166936
17.8147655534716
999.99
999.99
999.99
999.99
999.99
999.99
999.99
999.99
999.99
999.99
999.99
999.99
999.99
999.99
999.99
999.99
999.99
999.99
999.99
999.99
999.99
999.99
999.99
999.99
999.99
999.99
999.99
999.99
999.99
999.99
999.99
999.99
999.99
999.99
999.99
999.99
999.99
999.99
999.99
999.99
999.99
999.99
999.99
999.99
999.99
999.99
999.99
999.99
999.99
999.99
999.99
999.99
999.99
999.99
999.99
999.99
999.99
999.99
999.99
999.99
999.99
999.99
999.99
16.7969825783972
16.7959337979094
16.779030169117
16.9037212543554
17.090902354041
17.03993728223
16.9928124415739
17.1224634146342
17.188889861477
17.1993031358885
17.2848273986573
17.0465052264808
17.0775248576528
16.9704390243902
16.843225631002
16.7721637630662
16.5221870485256
16.308574912892
16.2119198606272
15.9454823659386
15.849031358885
999.99
999.99
999.99
999.99
999.99
999.99
999.99
999.99
999.99
999.99
999.99
999.99
999.99
999.99
999.99
999.99
999.99
999.99
999.99
999.99
999.99
999.99
999.99
999.99
999.99
999.99
999.99
999.99
999.99
999.99
999.99
999.99
999.99
999.99
999.99
999.99
999.99
999.99
999.99
999.99
999.99
999.99
999.99
999.99
999.99
999.99
999.99
999.99
999.99
999.99
999.99
999.99
999.99
999.99
999.99
999.99
999.99
999.99
17.122818898291
17.0516014074874
17.0942245302642
17.0456090924175
16.9763710133667
16.9693276920524
16.9757277292833
17.0302203417952
17.0786891589473
17.1080272108844
17.1374401210811
17.0944519661523
17.0466784550822
17.1072526962004
17.1123174454791
17.0946319893811
17.0715409518953
16.8771095072175
16.8571360544218
16.8861144848183
16.9812674752233
999.99
999.99
999.99
999.99
999.99
999.99
999.99
999.99
999.99
999.99
999.99
999.99
999.99
999.99
999.99
999.99
999.99
999.99
999.99
999.99
999.99
999.99
999.99
999.99
999.99
999.99
999.99
999.99
999.99
999.99
999.99
999.99
999.99
999.99
999.99
999.99
999.99
999.99
999.99
999.99
999.99
999.99
999.99
999.99
999.99
999.99
999.99
999.99
999.99
999.99
999.99
999.99
999.99
999.99
999.99
999.99
999.99
999.99
999.99
999.99
999.99
999.99
999.99
16.938425087108
16.9028720149571
16.838362369338
16.7873661086088
16.7631567944251
16.8753066202091
16.8788257839721
16.895936092462
16.8981428571429
16.8941418373417
16.9203867595819
16.952608056429
16.9611289198606
16.9637499787541
16.9144773519164
17.0174587405456
17.0785191637631
16.9889816435795
16.9940696864111
17.0863103594799
17.1212648083624
999.99
999.99
999.99
999.99
999.99
999.99
999.99
999.99
999.99
999.99
999.99
999.99
999.99
999.99
999.99
999.99
999.99
999.99
999.99
999.99
999.99
999.99
999.99
999.99
999.99
999.99
999.99
999.99
999.99
999.99
999.99
999.99
999.99
999.99
999.99
999.99
999.99
999.99
999.99
999.99
999.99
999.99
999.99
999.99
999.99
999.99
999.99
999.99
999.99
999.99
999.99
999.99
999.99
999.99
999.99
999.99
999.99
999.99
999.99
999.99
999.99
999.99
16.9689319727891
16.8393348347072
16.899793595487
16.9236247900707
16.905556495769
16.870390612164
16.8805710967314
16.9209331787444
16.9358544881367
16.9715510204082
16.9576351418616
16.8763171743415
16.7504909573585
16.8781216436604
17.1130207400033
17.1318783603864
17.0841639289862
17.1270056615151
17.1172332835573
17.2202173188133
17.1759611747138
999.99
999.99
999.99
999.99
999.99
999.99
999.99
999.99
999.99
999.99
999.99
999.99
999.99
999.99
999.99
999.99
999.99
999.99
999.99
999.99
999.99
999.99
999.99
999.99
999.99
999.99
999.99
999.99
999.99
999.99
999.99
999.99
999.99
999.99
999.99
999.99
999.99
999.99
999.99
999.99
999.99
999.99
999.99
999.99
999.99
999.99
999.99
999.99
999.99
999.99
999.99
999.99
999.99
999.99
999.99
999.99
999.99
999.99
999.99
999.99
999.99
999.99
999.99
999.99
999.99
999.99
17.0981045296167
17.0258599473103
17.0640209059234
17.1263446927849
17.0376236933798
17.0693886292173
16.8088641114982
16.5281765955639
16.747243902439
16.9437939151866
17.0615261324042
17.1241867085918
17.120700348432
17.2471907028129
17.323905923345
17.2651341038498
17.2709407665505
17.1480853233619
17.0739762896235
16.8235226480836
16.6837323022011
999.99
999.99
999.99
999.99
999.99
999.99
999.99
999.99
999.99
999.99
999.99
999.99
999.99
999.99
999.99
999.99
999.99
999.99
999.99
999.99
999.99
999.99
999.99
999.99
999.99
999.99
999.99
999.99
999.99
999.99
999.99
999.99
999.99
999.99
999.99
999.99
999.99
999.99
999.99
999.99
999.99
999.99
999.99
999.99
999.99
999.99
999.99
999.99
999.99
999.99
999.99
999.99
999.99
999.99
999.99
999.99
999.99
999.99
999.99
999.99
999.99
999.99
17.2041324041812
17.3552291153225
17.4331428571429
17.3264585705788
17.1973135888502
17.0157962097391
16.9963588850174
17.0708379366024
17.0584216027875
17.1907808277386
17.3998780487805
17.2495545168692
17.1901358885017
17.4171502507011
17.5685888501742
17.3705557916206
17.4048710801394
17.4119901419223
17.3837028129515
17.1833013937282
16.9161798249341
999.99
999.99
999.99
999.99
999.99
999.99
999.99
999.99
999.99
999.99
999.99
999.99
999.99
999.99
999.99
999.99
999.99
999.99
999.99
999.99
999.99
999.99
999.99
999.99
999.99
999.99
999.99
999.99
999.99
999.99
999.99
999.99
999.99
999.99
999.99
999.99
999.99
999.99
999.99
999.99
999.99
999.99
999.99
999.99
999.99
999.99
999.99
999.99
999.99
999.99
999.99
999.99
999.99
999.99
999.99
999.99
999.99
999.99
999.99
999.99
999.99
999.99
17.5041707317074
17.3693854848305
17.3548048780488
17.3612903033908
17.2517804878049
16.9802807852469
17.2689512195123
17.5989006543724
17.4248292682927
17.2156567519333
16.9251219512195
17.710755502677
17.6784146341463
17.6303414634146
17.6097073170732
17.5509518143962
17.6318292682927
17.6625312314099
17.6808132064248
17.5243780487805
17.3191374182034
999.99
999.99
999.99
999.99
999.99
999.99
999.99
999.99
999.99
999.99
999.99
999.99
999.99
999.99
999.99
999.99
999.99
999.99
999.99
999.99
999.99
999.99
999.99
999.99
999.99
999.99
999.99
999.99
999.99
999.99
999.99
999.99
999.99
999.99
999.99
999.99
999.99
999.99
999.99
999.99
999.99
999.99
999.99
999.99
999.99
999.99
999.99
999.99
999.99
999.99
999.99
999.99
999.99
999.99
999.99
999.99
999.99
999.99
999.99
999.99
999.99
999.99
999.99
16.8883547208294
17.1057177700348
17.1934243222572
17.1080104529617
17.148602107589
17.2262578397213
17.1932298801734
17.1250452961672
17.1330146171496
17.2610975609757
17.8092119486701
17.5124355400697
17.8083097645959
17.7921846689895
17.7082688875669
17.8111010452962
17.6304097051075
17.5415621653778
17.5049529616725
17.4371899379621
17.0160644599303
999.99
999.99
999.99
999.99
999.99
999.99
999.99
999.99
999.99
999.99
999.99
999.99
999.99
999.99
999.99
999.99
999.99
999.99
999.99
999.99
999.99
999.99
999.99
999.99
999.99
999.99
999.99
999.99
999.99
999.99
999.99
999.99
999.99
999.99
999.99
999.99
999.99
999.99
999.99
999.99
999.99
999.99
999.99
999.99
999.99
999.99
999.99
999.99
999.99
999.99
999.99
999.99
999.99
999.99
999.99
999.99
999.99
999.99
999.99
999.99
999.99
999.99
17.4682031164637
17.3889572755932
17.3590830490436
17.3000098722416
17.3849132784583
17.6445850340136
17.7571837989211
17.836224821636
17.9224323349804
17.8306851667496
17.824387755102
17.9353384768542
17.8755826362669
17.8458176538908
17.6369478221985
17.7280520988883
17.822222559458
17.7533846795113
17.4201102538576
17.3614595215838
17.3375347602456
999.99
999.99
999.99
999.99
999.99
999.99
999.99
999.99
999.99
999.99
999.99
999.99
999.99
999.99
999.99
999.99
999.99
999.99
999.99
999.99
999.99
999.99
999.99
999.99
999.99
999.99
999.99
999.99
999.99
999.99
999.99
999.99
999.99
999.99
999.99
999.99
999.99
999.99
999.99
999.99
999.99
999.99
999.99
999.99
999.99
999.99
999.99
999.99
999.99
999.99
999.99
999.99
999.99
999.99
999.99
999.99
999.99
999.99
999.99
999.99
999.99
999.99
999.99
999.99
18.0548986997535
18.1359651567944
18.2201979264043
18.225787456446
17.9282388034334
17.5741567944251
17.6864422537605
17.8578606271777
17.9134329055834
17.7780940766551
17.7078097221042
17.7089860627177
17.9260584685986
18.1442508710801
18.171092886887
17.9382693974675
17.7228972125436
17.4460015297017
17.1437108013937
16.9393785161894
16.3290104529617
999.99
999.99
999.99
999.99
999.99
999.99
999.99
999.99
999.99
999.99
999.99
999.99
999.99
999.99
999.99
999.99
999.99
999.99
999.99
999.99
999.99
999.99
999.99
999.99
999.99
999.99
999.99
999.99
999.99
999.99
999.99
999.99
999.99
999.99
999.99
999.99
999.99
999.99
999.99
999.99
999.99
999.99
999.99
999.99
999.99
999.99
999.99
999.99
999.99
999.99
999.99
999.99
999.99
999.99
999.99
999.99
999.99
999.99
999.99
999.99
999.99
999.99
18.0824721395994
18.20612502074
18.2609588619505
18.0219063381449
17.6471919188854
17.721668823627
17.7627176870748
17.7953919860627
17.8021580529892
17.7682568442011
17.7874566665452
17.7174285714286
17.7488161990555
17.735056412809
17.8597777804757
17.8727714836083
17.7843539903766
17.4110786359755
17.2303975443836
17.0327628800479
16.6742098058736
999.99
999.99
999.99
999.99
999.99
999.99
999.99
999.99
999.99
999.99
999.99
999.99
999.99
999.99
999.99
999.99
999.99
999.99
999.99
999.99
999.99
999.99
999.99
999.99
999.99
999.99
999.99
999.99
999.99
999.99
999.99
999.99
999.99
999.99
999.99
999.99
999.99
999.99
999.99
999.99
999.99
999.99
999.99
999.99
999.99
999.99
999.99
999.99
999.99
999.99
999.99
999.99
999.99
999.99
999.99
999.99
999.99
999.99
999.99
999.99
999.99
17.9347944250871
17.8718932608141
18.0784982578397
17.9894874649443
18.1161846689896
18.1124453131639
17.9670522648084
17.9662108438854
18.0275853658537
17.9858551032549
17.9457491289199
17.7736253930484
17.7398048780488
17.7603550607631
17.8939895470383
17.8588021585791
17.6905375201836
17.8874581881533
17.9084320557491
17.6740766550522
17.3022416078865
999.99
999.99
999.99
999.99
999.99
999.99
999.99
999.99
999.99
999.99
999.99
999.99
999.99
999.99
999.99
999.99
999.99
999.99
999.99
999.99
999.99
999.99
999.99
999.99
999.99
999.99
999.99
999.99
999.99
999.99
999.99
999.99
999.99
999.99
999.99
999.99
999.99
999.99
999.99
999.99
999.99
999.99
999.99
999.99
999.99
999.99
999.99
999.99
999.99
999.99
999.99
999.99
999.99
999.99
999.99
999.99
999.99
999.99
999.99
999.99
999.99
999.99
999.99
999.99
999.99
17.993346248791
18.0486026215364
18.1826258503401
18.1326849178696
18.0641767675541
18.1287088933134
18.006755727276
17.79250024888
17.717045241535
17.8584228471877
17.7247902730396
17.5848743155799
17.561925170068
17.7246088152096
17.5228287705326
17.5559668119478
17.3324731209557
17.2208945578231
16.9931404513025
16.552643769703
17.8147655534716
999.99
999.99
999.99
999.99
999.99
999.99
999.99
999.99
999.99
999.99
999.99
999.99
999.99
999.99
999.99
999.99
999.99
999.99
999.99
999.99
999.99
999.99
999.99
999.99
999.99
999.99
999.99
999.99
999.99
999.99
999.99
999.99
999.99
999.99
999.99
999.99
999.99
999.99
999.99
999.99
999.99
999.99
999.99
999.99
999.99
999.99
999.99
999.99
999.99
999.99
999.99
999.99
999.99
999.99
999.99
999.99
999.99
999.99
999.99
999.99
999.99
17.9029268292683
18.054751338489
17.9777804878049
18.18300297442
18.3193658536585
18.2215544318858
18.1563902439024
17.9953188578227
17.9905609756098
17.676276621059
17.6148780487804
17.7756395002974
17.8251219512195
17.7347025580012
17.632232004759
17.3839512195122
17.3284431885782
17.2220365853658
16.8491320642475
17.8147655534716
999.99
999.99
999.99
999.99
999.99
999.99
999.99
999.99
999.99
999.99
999.99
999.99
999.99
999.99
999.99
999.99
999.99
999.99
999.99
999.99
999.99
999.99
999.99
999.99
999.99
999.99
999.99
999.99
999.99
999.99
999.99
999.99
999.99
999.99
999.99
999.99
999.99
999.99
999.99
999.99
999.99
999.99
999.99
999.99
999.99
999.99
999.99
999.99
999.99
999.99
999.99
999.99
999.99
999.99
999.99
999.99
999.99
999.99
999.99
999.99
999.99
999.99
18.2045726183394
18.2701846689896
18.1373118891816
18.0137979094076
18.0771819495198
18.3585923344948
18.3882126285374
18.1978885017421
17.8993136738336
17.7627212543554
17.7578950454661
17.7975365853658
17.9814638395513
18.0615923344948
18.0672886037223
17.8561577292428
17.4951602787457
17.2600345882553
17.0405836236933
16.6868154159939
999.99
999.99
999.99
999.99
999.99
999.99
999.99
999.99
999.99
999.99
999.99
999.99
999.99
999.99
999.99
999.99
999.99
999.99
999.99
999.99
999.99
999.99
999.99
999.99
999.99
999.99
999.99
999.99
999.99
999.99
999.99
999.99
999.99
999.99
999.99
999.99
999.99
999.99
999.99
999.99
999.99
999.99
999.99
999.99
999.99
999.99
999.99
999.99
999.99
999.99
999.99
999.99
999.99
999.99
999.99
999.99
999.99
999.99
999.99
999.99
999.99
999.99
999.99
999.99
18.0409790940767
17.981534630747
17.9972264808362
17.5309064332456
18.3651951219512
18.5116788476247
18.4455052264808
18.2741112433076
18.053393728223
17.9657456445993
17.9523554006968
18.0876969490949
17.8639547038328
17.744810486955
17.4609115322512
17.3192090592335
17.2388459250446
16.825275261324
16.3329068581627
17.8147655534716
999.99
999.99
999.99
999.99
999.99
999.99
999.99
999.99
999.99
999.99
999.99
999.99
999.99
999.99
999.99
999.99
999.99
999.99
999.99
999.99
999.99
999.99
999.99
999.99
999.99
999.99
999.99
999.99
999.99
999.99
999.99
999.99
999.99
999.99
999.99
999.99
999.99
999.99
999.99
999.99
999.99
999.99
999.99
999.99
999.99
999.99
999.99
999.99
999.99
999.99
999.99
999.99
999.99
999.99
999.99
999.99
999.99
999.99
999.99
999.99
999.99
18.167031358885
18.3303751168522
18.4350662020906
18.2937197246537
18.260881533101
18.4196594714031
18.1112160278745
18.2178862071897
18.4641602787456
18.2811515254525
18.2531184668989
18.258721764256
18.4860696864112
18.2637639160364
18.1290662020906
17.8434377496388
17.7413696779128
17.452925087108
17.2043505566414
16.7772526132404
999.99
999.99
999.99
999.99
999.99
999.99
999.99
999.99
999.99
999.99
999.99
999.99
999.99
999.99
999.99
999.99
999.99
999.99
999.99
999.99
999.99
999.99
999.99
999.99
999.99
999.99
999.99
999.99
999.99
999.99
999.99
999.99
999.99
999.99
999.99
999.99
999.99
999.99
999.99
999.99
999.99
999.99
999.99
999.99
999.99
999.99
999.99
999.99
999.99
999.99
999.99
999.99
999.99
999.99
999.99
999.99
999.99
999.99
999.99
999.99
999.99
999.99
999.99
999.99
18.6701863686582
18.3347108013937
18.6017990141922
18.449243902439
18.2760952664231
18.2638815331011
18.3968041981814
18.5546968641116
18.7014307809977
18.4130766550523
18.4897444548313
18.5067735191638
18.4377102065097
18.2748048780488
18.0150835387099
17.8744146341463
17.7142578397213
17.2799728053029
16.8395888501742
16.3264422537605
999.99
999.99
999.99
999.99
999.99
999.99
999.99
999.99
999.99
999.99
999.99
999.99
999.99
999.99
999.99
999.99
999.99
999.99
999.99
999.99
999.99
999.99
999.99
999.99
999.99
999.99
999.99
999.99
999.99
999.99
999.99
999.99
999.99
999.99
999.99
999.99
999.99
999.99
999.99
999.99
999.99
999.99
999.99
999.99
999.99
999.99
999.99
999.99
999.99
999.99
999.99
999.99
999.99
999.99
999.99
999.99
999.99
999.99
999.99
999.99
999.99
999.99
18.3660418118467
18.3345262173876
18.4620766550523
18.5494957083369
18.5151219512195
18.4654202430526
18.4691463414634
18.552098835727
18.2782613240419
18.6481025749979
18.8450836236934
18.4778972550353
18.2859094076655
18.3252543554007
18.2312369337979
17.9916686496133
17.6082097391008
17.3558449477352
17.1093527662106
16.6070557491289
999.99
999.99
999.99
999.99
999.99
999.99
999.99
999.99
999.99
999.99
999.99
999.99
999.99
999.99
999.99
999.99
999.99
999.99
999.99
999.99
999.99
999.99
999.99
999.99
999.99
999.99
999.99
999.99
999.99
999.99
999.99
999.99
999.99
999.99
999.99
999.99
999.99
999.99
999.99
999.99
999.99
999.99
999.99
999.99
999.99
999.99
999.99
999.99
999.99
999.99
999.99
999.99
999.99
999.99
999.99
999.99
999.99
999.99
999.99
999.99
999.99
999.99
999.99
999.99
999.99
18.4386197112992
18.5199101360949
18.517024888004
18.5620537459481
18.3056341463415
17.4897500515971
17.6631169736187
18.0080371013368
18.6398367346939
18.6924671417643
18.0998302638128
17.9959802717042
17.9514853160777
17.8430020153213
17.8506530612245
17.6856276754604
17.3611970280081
16.99718765555
16.6526890334956
16.564387755102
999.99
999.99
999.99
999.99
999.99
999.99
999.99
999.99
999.99
999.99
999.99
999.99
999.99
999.99
999.99
999.99
999.99
999.99
999.99
999.99
999.99
999.99
999.99
999.99
999.99
999.99
999.99
999.99
999.99
999.99
999.99
999.99
999.99
999.99
999.99
999.99
999.99
999.99
999.99
999.99
999.99
999.99
999.99
999.99
999.99
999.99
999.99
999.99
999.99
999.99
999.99
999.99
999.99
999.99
999.99
999.99
999.99
999.99
999.99
999.99
999.99
999.99
999.99
18.702
18.5864223676383
18.6800243902439
18.6056995835812
18.3878292682927
18.4009417013682
18.318
18.453512195122
18.4179268292683
18.1116210588936
18.104
17.8702724568709
17.8364146341463
17.7259565734682
17.7169363474123
17.789743902439
17.6609422962522
17.679987804878
17.515766805473
17.1297682926829
999.99
999.99
999.99
999.99
999.99
999.99
999.99
999.99
999.99
999.99
999.99
999.99
999.99
999.99
999.99
999.99
999.99
999.99
999.99
999.99
999.99
999.99
999.99
999.99
999.99
999.99
999.99
999.99
999.99
999.99
999.99
999.99
999.99
999.99
999.99
999.99
999.99
999.99
999.99
999.99
999.99
999.99
999.99
999.99
999.99
999.99
999.99
999.99
999.99
999.99
999.99
999.99
999.99
999.99
999.99
999.99
999.99
999.99
999.99
999.99
999.99
999.99
18.7342905340602
18.5129825783972
18.4224105549418
18.3595589845694
18.5377023394723
18.5016530612245
18.6223715111268
18.4702463912394
18.3157880149085
18.1347650572424
17.8300671004869
17.9592434046789
17.9072786363802
17.5638631159781
17.6521744224162
17.782125459821
17.8089410154306
18.0686719275456
17.9374270781483
17.5156533890178
999.99
999.99
999.99
999.99
999.99
999.99
999.99
999.99
999.99
999.99
999.99
999.99
999.99
999.99
999.99
999.99
999.99
999.99
999.99
999.99
999.99
999.99
999.99
999.99
999.99
999.99
999.99
999.99
999.99
999.99
999.99
999.99
999.99
999.99
999.99
999.99
999.99
999.99
999.99
999.99
999.99
999.99
999.99
999.99
999.99
999.99
999.99
999.99
999.99
999.99
999.99
999.99
999.99
999.99
999.99
999.99
999.99
999.99
999.99
999.99
999.99
999.99
999.99
18.7371253505566
18.5704912891986
18.396094076655
18.3618153310105
18.6744414889096
19.1611777003484
19.3634561060593
19.2614912891986
19.0152613240418
18.7741463414634
18.3093214923091
17.9869303135889
17.7444829608227
17.7510139372822
17.7223082348942
17.7469564035013
17.7361637630662
17.8759852128835
17.4308449477351
17.0308135463585
999.99
999.99
999.99
999.99
999.99
999.99
999.99
999.99
999.99
999.99
999.99
999.99
999.99
999.99
999.99
999.99
999.99
999.99
999.99
999.99
999.99
999.99
999.99
999.99
999.99
999.99
999.99
999.99
999.99
999.99
999.99
999.99
999.99
999.99
999.99
999.99
999.99
999.99
999.99
999.99
999.99
999.99
999.99
999.99
999.99
999.99
999.99
999.99
999.99
999.99
999.99
999.99
999.99
999.99
999.99
999.99
999.99
999.99
999.99
999.99
999.99
18.3913176680547
18.5894738675958
18.6930122376137
18.540181184669
18.5208340273647
18.3195888501742
17.9355508625818
18.7736411149826
18.9251505906348
18.8471289198606
18.6960453811506
18.6931428571429
18.8054043511515
18.5411324041813
17.70579697459
17.4272299651568
17.5404344352851
17.7211900229455
17.7225766550523
17.4828292682927
999.99
999.99
999.99
999.99
999.99
999.99
999.99
999.99
999.99
999.99
999.99
999.99
999.99
999.99
999.99
999.99
999.99
999.99
999.99
999.99
999.99
999.99
999.99
999.99
999.99
999.99
999.99
999.99
999.99
999.99
999.99
999.99
999.99
999.99
999.99
999.99
999.99
999.99
999.99
999.99
999.99
999.99
999.99
999.99
999.99
999.99
999.99
999.99
999.99
999.99
999.99
999.99
999.99
999.99
999.99
999.99
999.99
999.99
999.99
999.99
999.99
999.99
999.99
999.99
18.0282369337979
25.3676145151579
37.2709512195149
18.738275261324
18.7353170731707
18.2915195036968
18.3581742160279
18.2549877623864
18.8444355400697
18.3048989547038
17.2974076655052
17.4318728647914
17.4873240418119
17.4866332965072
17.5623135888502
17.666380045891
17.6569117022181
17.6296515679443
17.1324140392623
16.4549355400696
999.99
999.99
999.99
999.99
999.99
999.99
999.99
999.99
999.99
999.99
999.99
999.99
999.99
999.99
999.99
999.99
999.99
999.99
999.99
999.99
999.99
999.99
999.99
999.99
999.99
999.99
999.99
999.99
999.99
999.99
999.99
999.99
999.99
999.99
999.99
999.99
999.99
999.99
999.99
999.99
999.99
999.99
999.99
999.99
999.99
999.99
999.99
999.99
999.99
999.99
999.99
999.99
999.99
999.99
999.99
999.99
999.99
999.99
999.99
999.99
999.99
999.99
999.99
17.9185261324042
17.9192605591909
17.9058048780488
17.8088861222062
17.8226968641115
18.0300058638565
18.1577351916376
18.2574838956403
17.8967979094077
17.9410844735277
17.5905087108014
17.6284415738931
17.5265818815331
17.6208954703832
36.3231916376359
17.6897583071301
17.5308177955298
17.1145783972125
16.4627722444123
16.1678048780488
999.99
999.99
999.99
999.99
999.99
999.99
999.99
999.99
999.99
999.99
999.99
999.99
999.99
999.99
999.99
999.99
999.99
999.99
999.99
999.99
999.99
999.99
999.99
999.99
999.99
999.99
999.99
999.99
999.99
999.99
999.99
999.99
999.99
999.99
999.99
999.99
999.99
999.99
999.99
999.99
999.99
999.99
999.99
999.99
999.99
999.99
999.99
999.99
999.99
999.99
999.99
999.99
999.99
999.99
999.99
999.99
999.99
999.99
999.99
999.99
999.99
999.99
17.8147655534716
17.8860278745645
17.7852359989802
17.7719965156794
17.8129645619104
17.829149825784
17.9186614260219
17.8900557491289
17.7074092801904
17.8668745644599
17.6416262428826
17.280487804878
17.2376226735787
17.473825783972
18.0435335259623
17.8147655534716
17.8147655534716
17.1420241352936
16.9762717770035
16.8305834112348
999.99
999.99
999.99
999.99
999.99
999.99
999.99
999.99
999.99
999.99
999.99
999.99
999.99
999.99
999.99
999.99
999.99
999.99
999.99
999.99
999.99
999.99
999.99
999.99
999.99
999.99
999.99
999.99
999.99
999.99
999.99
999.99
999.99
999.99
999.99
999.99
999.99
999.99
999.99
999.99
999.99
999.99
999.99
999.99
999.99
999.99
999.99
999.99
999.99
999.99
999.99
999.99
999.99
999.99
999.99
999.99
999.99
999.99
999.99
999.99
999.99
999.99
18.3769756097561
18.3151350386675
18.1205365853659
17.9304711481261
17.7947804878049
17.7898435455086
18.0826097560975
18.1021457465794
18.030756097561
17.645983343248
16.8595853658538
17.175236763831
17.009
16.969509220702
17.6123902439022
18.2209869125521
18.0534634146341
17.6385853658537
17.7525264723378
17.1564268292683
999.99
999.99
999.99
999.99
999.99
999.99
999.99
999.99
999.99
999.99
999.99
999.99
999.99
999.99
999.99
999.99
999.99
999.99
999.99
999.99
999.99
999.99
999.99
999.99
999.99
999.99
999.99
999.99
999.99
999.99
999.99
999.99
999.99
999.99
999.99
999.99
999.99
999.99
999.99
999.99
999.99
999.99
999.99
999.99
999.99
999.99
999.99
999.99
999.99
999.99
999.99
999.99
999.99
999.99
999.99
999.99
999.99
999.99
999.99
999.99
999.99
999.99
999.99
18.1171110834579
18.3277324782382
18.3630612244898
18.4449696022371
18.3357473037996
21.3265433213174
17.8147655534716
18.59915873488
18.358762900282
18.8081801931957
18.944112244898
17.945830045284
18.7602494607599
18.610068431894
18.2884390243903
17.7488253064463
17.892518748963
17.9034625546828
17.7265967192349
16.7387750954041
999.99
999.99
999.99
999.99
999.99
999.99
999.99
999.99
999.99
999.99
999.99
999.99
999.99
999.99
999.99
999.99
999.99
999.99
999.99
999.99
999.99
999.99
999.99
999.99
999.99
999.99
999.99
999.99
999.99
999.99
999.99
999.99
999.99
999.99
999.99
999.99
999.99
999.99
999.99
999.99
999.99
999.99
999.99
999.99
999.99
999.99
999.99
999.99
999.99
999.99
999.99
999.99
999.99
999.99
999.99
999.99
999.99
999.99
999.99
999.99
999.99
999.99
999.99
999.99
18.4209977904309
18.395299651568
25.4736989886856
17.8147655534716
17.8147655534716
17.8147655534716
19.3757839721255
18.8766759581882
18.6662621738761
18.6125052264808
18.6068381915526
18.7911846689896
18.628933118042
18.4421811846689
18.3703470723209
18.0884808362369
18.1416307470043
17.3961852638735
16.576893728223
17.799994731025
999.99
999.99
999.99
999.99
999.99
999.99
999.99
999.99
999.99
999.99
999.99
999.99
999.99
999.99
999.99
999.99
999.99
999.99
999.99
999.99
999.99
999.99
999.99
999.99
999.99
999.99
999.99
999.99
999.99
999.99
999.99
999.99
999.99
999.99
999.99
999.99
999.99
999.99
999.99
999.99
999.99
999.99
999.99
999.99
999.99
999.99
999.99
999.99
999.99
999.99
999.99
999.99
999.99
999.99
999.99
999.99
999.99
999.99
18.4733831882545
18.5576907169769
18.5930577401692
17.8147655534716
17.8147655534716
17.8147655534716
17.8147655534716
19.155955329068
19.0815680272109
19.0425140951086
18.7343875062219
18.2383533509775
18.2219295669487
18.6071497751986
18.5117122946739
18.7471362466461
18.4925238095238
18.3261360078832
18.2393203915713
18.2901258685509
999.99
999.99
999.99
999.99
999.99
999.99
999.99
999.99
999.99
999.99
999.99
999.99
999.99
999.99
999.99
999.99
999.99
999.99
999.99
999.99
999.99
999.99
999.99
999.99
999.99
999.99
999.99
999.99
999.99
999.99
999.99
999.99
999.99
999.99
999.99
999.99
999.99
999.99
999.99
999.99
999.99
999.99
999.99
999.99
999.99
999.99
999.99
999.99
999.99
999.99
999.99
999.99
999.99
999.99
999.99
999.99
999.99
999.99
999.99
999.99
18.3589076655052
18.3368512790006
18.4932073170732
18.4679613325402
37.8210862581805
33.6012369337891
32.107655307231
17.8147655534716
26.1191697119087
19.0174041811847
18.8338395512875
18.5463763066202
17.8958281635081
17.8959094076655
18.2700936517379
18.5312787456446
18.6128505991332
18.3141428571427
17.8790996005779
17.9066515679442
999.99
999.99
999.99
999.99
999.99
999.99
999.99
999.99
999.99
999.99
999.99
999.99
999.99
999.99
999.99
999.99
999.99
999.99
999.99
999.99
999.99
999.99
999.99
999.99
999.99
999.99
999.99
999.99
999.99
999.99
999.99
999.99
999.99
999.99
999.99
999.99
999.99
999.99
999.99
999.99
999.99
999.99
999.99
999.99
999.99
999.99
999.99
999.99
999.99
999.99
999.99
999.99
999.99
999.99
999.99
999.99
999.99
999.99
999.99
18.2305237265638
18.2202242105647
18.0793142525303
18.2791211985091
17.8147655534716
17.8147655534716
17.8147655534716
17.8147655534716
16.6927142492928
17.8147655534716
18.1992718215186
18.7940881864941
18.6682982189901
18.4734284055086
18.2037451083944
18.4192571760411
18.6049172241175
18.4679393562303
18.6568562181565
18.3990545876887
999.99
999.99
999.99
999.99
999.99
999.99
999.99
999.99
999.99
999.99
999.99
999.99
999.99
999.99
999.99
999.99
999.99
999.99
999.99
999.99
999.99
999.99
999.99
999.99
999.99
999.99
999.99
999.99
999.99
999.99
999.99
999.99
999.99
999.99
999.99
999.99
999.99
999.99
999.99
999.99
999.99
999.99
999.99
999.99
999.99
999.99
999.99
999.99
999.99
999.99
999.99
999.99
999.99
999.99
999.99
999.99
999.99
18.0138327526132
18.0181848389564
17.9851707317073
18.2916236933798
18.2753588850174
18.3474028214498
17.8986533101045
18.1756757882213
17.9636602787456
17.8945505226481
17.8147655534716
17.8147655534716
17.8147655534716
39.1966954193975
18.7936515679442
18.6581219512195
18.3920667969745
18.2336132404181
18.0680345882553
17.8603066202092
999.99
999.99
999.99
999.99
999.99
999.99
999.99
999.99
999.99
999.99
999.99
999.99
999.99
999.99
999.99
999.99
999.99
999.99
999.99
999.99
999.99
999.99
999.99
999.99
999.99
999.99
999.99
999.99
999.99
999.99
999.99
999.99
999.99
999.99
999.99
999.99
999.99
999.99
999.99
999.99
999.99
999.99
999.99
999.99
999.99
999.99
999.99
999.99
999.99
999.99
999.99
999.99
999.99
999.99
999.99
999.99
999.99
999.99
999.99
999.99
17.7292278405711
17.7446341463415
17.9533230220107
17.9882804878049
18.0241308744795
17.9173780487805
17.8396341463415
17.8030365853659
18.1039060083285
18.3234634146342
18.4837983343248
18.2560853658537
18.1524538964904
37.803963414637
18.5224479476502
18.4295487804878
18.6371284949435
18.385258774539
18.2838292682927
18.318995835812
18.061
17.6857281380131
17.7310487804878
17.5682308149911
999.99
999.99
999.99
999.99
999.99
999.99
999.99
999.99
999.99
999.99
999.99
999.99
999.99
999.99
999.99
999.99
999.99
999.99
999.99
999.99
999.99
999.99
999.99
999.99
999.99
999.99
999.99
999.99
999.99
999.99
999.99
999.99
999.99
999.99
999.99
999.99
999.99
999.99
999.99
999.99
999.99
999.99
999.99
999.99
999.99
999.99
999.99
999.99
999.99
999.99
999.99
18.060543554007
17.9476214838107
17.8575644599303
17.906035523073
17.8469254695334
17.7384668989547
17.9086624458231
17.8232613240418
17.8084312059148
17.7974773519164
17.912917056174
18.2784616724738
18.5474166737486
18.7641132404181
18.94606271777
18.9108013937282
18.7529264893345
18.8778222996516
19.0473685731282
18.8236864111498
18.8073936432396
18.5801289198606
18.3958981048696
18.5722020905923
18.3609535140648
18.1210650123226
17.86112543554
17.7155305515425
17.8723902439024
17.6032971870485
999.99
999.99
999.99
999.99
999.99
999.99
999.99
999.99
999.99
999.99
999.99
999.99
999.99
999.99
999.99
999.99
999.99
999.99
999.99
999.99
999.99
999.99
999.99
999.99
999.99
999.99
999.99
999.99
999.99
999.99
999.99
999.99
999.99
999.99
999.99
999.99
999.99
999.99
999.99
999.99
999.99
999.99
999.99
999.99
999.99
999.99
18.0829797739441
18.1369059233449
999.99
18.0842578397212
18.0607509135719
18.1314181184669
18.1411317243138
18.0692334494774
17.9731777003484
17.9865052264808
18.1730015297017
18.2167376561571
18.4272543554007
18.5325385399847
18.5925296167247
18.6593977224442
18.8088763066203
18.6195121951219
18.7692142857143
18.7442339593779
18.8418641114982
30.2943623693336
19.0442073170732
18.978331010453
18.9214059233449
18.7690801393728
18.680681184669
18.6324936687346
18.4659878048781
18.1643117192148
18.092862369338
999.99
999.99
999.99
999.99
999.99
999.99
999.99
999.99
999.99
999.99
999.99
999.99
999.99
999.99
999.99
999.99
999.99
999.99
999.99
999.99
999.99
999.99
999.99
999.99
999.99
999.99
999.99
999.99
999.99
999.99
999.99
999.99
999.99
999.99
999.99
999.99
999.99
999.99
999.99
999.99
999.99
999.99
999.99
999.99
999.99
999.99
999.99
999.99
18.1302287430142
18.0060589016094
18.0398763288778
18.107825120292
18.1661768707483
18.2309070847851
18.207976301764
18.1740849510536
18.1037500637375
18.1487348597976
18.194843537415
18.1887461423594
18.271605057728
18.6938206404513
18.4585516759946
18.8049753102907
19.0572406669984
18.9332031913301
18.4412321221171
18.3066802721089
17.8147655534716
18.8133251061281
18.3584114816658
18.4278935724201
17.8147655534716
18.3158979591837
18.3920948232952
18.002987887838
18.2701898125104
999.99
999.99
999.99
999.99
999.99
999.99
999.99
999.99
999.99
999.99
999.99
999.99
999.99
999.99
999.99
999.99
999.99
999.99
999.99
999.99
999.99
999.99
999.99
999.99
999.99
999.99
999.99
999.99
999.99
999.99
999.99
999.99
999.99
999.99
999.99
999.99
999.99
999.99
999.99
999.99
999.99
999.99
999.99
999.99
999.99
999.99
999.99
999.99
999.99
999.99
999.99
17.9663101045296
18.0208108268888
18.1153205574913
18.1093497917905
18.332574912892
18.2259163763066
18.1814006968641
18.1418848474547
18.1384703832753
18.1911476162148
18.2962543554007
18.1407478541684
18.125543554007
18.2987771734512
18.3835470383275
18.2727824424238
18.4134912891986
18.7515238378516
18.7838562080394
18.7429076655052
18.6943428231495
18.0560958188153
17.9182139882723
17.9811254355401
18.4090718109969
18.3132891986063
18.4266607461545
18.6052787456446
18.6353797909408
999.99
999.99
999.99
999.99
999.99
999.99
999.99
999.99
999.99
999.99
999.99
999.99
999.99
999.99
999.99
999.99
999.99
999.99
999.99
999.99
999.99
999.99
999.99
999.99
999.99
999.99
999.99
999.99
999.99
999.99
999.99
999.99
999.99
999.99
999.99
999.99
999.99
999.99
999.99
999.99
999.99
999.99
17.8270520705605
999.99
999.99
17.8733968807035
17.7441108548119
17.9114460759914
18.0477101134326
17.9851699021072
17.8985340277693
17.9770408163265
17.9301121619379
17.9797636327583
18.0900509374482
18.2131762192087
18.018681101709
17.9722355174075
17.9226115812179
18.0401261154075
17.9666037829766
18.1355937630257
18.108462750954
18.1099632264565
18.2634300647088
18.3429386662458
18.3528367346939
18.3970162358816
18.4271750456281
18.5948236472458
18.7449079143853
18.4219635866244
18.2213341588866
18.1537503733201
18.0131044567738
18.1908775510204
999.99
999.99
999.99
999.99
999.99
999.99
999.99
999.99
999.99
999.99
999.99
999.99
999.99
999.99
999.99
999.99
999.99
999.99
999.99
999.99
999.99
999.99
999.99
999.99
999.99
999.99
999.99
999.99
999.99
999.99
999.99
999.99
999.99
999.99
999.99
999.99
999.99
999.99
999.99
999.99
999.99
999.99
999.99
999.99
999.99
999.99
999.99
999.99
999.99
17.4534083453726
17.6412822299652
17.8698443103595
17.9135156794425
17.9481352086343
17.8024268292683
17.6422524857653
17.6037926829268
17.2828057278831
17.3692316648254
17.379787456446
17.1346253080649
17.9229310104528
17.9061173621144
17.7991672473868
17.790674938387
17.9336585365853
17.8360009348177
18.1183170731707
18.134604487125
18.1610836236934
18.2101052094841
18.1537595818815
18.249892835897
18.3637421602788
18.7064233874394
999.99
999.99
999.99
999.99
999.99
999.99
999.99
999.99
999.99
999.99
999.99
999.99
999.99
999.99
999.99
999.99
999.99
999.99
999.99
999.99
999.99
999.99
999.99
999.99
999.99
999.99
999.99
999.99
999.99
999.99
999.99
999.99
999.99
999.99
999.99
999.99
999.99
999.99
999.99
999.99
999.99
999.99
999.99
999.99
999.99
999.99
999.99
999.99
999.99
999.99
999.99
999.99
999.99
999.99
999.99
999.99
999.99
17.7166484518852
17.7523344947735
17.682172856293
17.6655551684088
17.5732709838248
17.5992113821138
17.4430678167757
17.3430952380952
17.338293702728
17.4514340386958
17.453037166086
17.3106221070224
17.0035423925667
16.7808830911305
16.9742102206737
17.6589636837482
17.8547282229965
17.854506841166
21.4546858536588
999.99
999.99
17.9695489362908
999.99
999.99
999.99
999.99
999.99
999.99
999.99
999.99
999.99
999.99
999.99
999.99
999.99
999.99
999.99
999.99
999.99
999.99
999.99
999.99
999.99
999.99
999.99
999.99
999.99
999.99
999.99
999.99
999.99
999.99
999.99
999.99
999.99
999.99
999.99
999.99
999.99
999.99
999.99
999.99
999.99
999.99
999.99
999.99
999.99
999.99
999.99
999.99
999.99
999.99
999.99
999.99
999.99
999.99
999.99
999.99
999.99
999.99
999.99
999.99
999.99
17.494497917906
17.4214320557491
17.4044285714286
17.2088013937282
17.3457154754823
17.3407613240418
17.3251048695504
17.2389390243902
17.4356711141327
17.4018333474972
17.5895923344948
23.409696933798
23.3126586062718
21.88097414464
16.4574912891986
999.99
999.99
999.99
999.99
999.99
999.99
999.99
999.99
999.99
999.99
999.99
999.99
999.99
999.99
999.99
999.99
999.99
999.99
999.99
999.99
999.99
999.99
999.99
999.99
999.99
999.99
999.99
999.99
999.99
999.99
999.99
999.99
999.99
999.99
999.99
999.99
999.99
999.99
999.99
999.99
999.99
999.99
999.99
999.99
999.99
999.99
999.99
999.99
999.99
999.99
999.99
999.99
999.99
999.99
999.99
999.99
999.99
999.99
999.99
999.99
999.99
999.99
999.99
999.99
999.99
999.99
999.99
999.99
16.7235951389479
16.9072595818816
17.0353603297357
16.8158066202091
16.905106569219
16.6597282229965
16.5433710376477
16.5915452961673
16.6621822894535
16.9778338573978
16.9279303135888
17.4187537996083
999.99
999.99
999.99
999.99
999.99
999.99
999.99
999.99
999.99
999.99
999.99
999.99
999.99
999.99
999.99
999.99
999.99
999.99
999.99
999.99
999.99
999.99
999.99
999.99
999.99
999.99
999.99
999.99
999.99
999.99
999.99
999.99
999.99
999.99
999.99
999.99
999.99
999.99
999.99
999.99
999.99
999.99
999.99
999.99
999.99
999.99
999.99
999.99
999.99
999.99
999.99
999.99
999.99
999.99
999.99
999.99
999.99
999.99
999.99
999.99
999.99
999.99
999.99
999.99
999.99
999.99
999.99
999.99
999.99
999.99
999.99
999.99
16.8441759581881
16.7814494773519
999.99
999.99
999.99
999.99
999.99
999.99
999.99
999.99
999.99
999.99
999.99
999.99
999.99
999.99
999.99
999.99
999.99
999.99
999.99
999.99
999.99
999.99
999.99
999.99
999.99
999.99
999.99
999.99
999.99
999.99
999.99
999.99
999.99
999.99
999.99
999.99
999.99
999.99
999.99
999.99
999.99
999.99
999.99
999.99
999.99
999.99
999.99
999.99
999.99
999.99
999.99
999.99
999.99
999.99
999.99
999.99
999.99
999.99
999.99
999.99
999.99
999.99
999.99
999.99
999.99
999.99
999.99
999.99
999.99
999.99
999.99
999.99
999.99
999.99
999.99
999.99
999.99
999.99
999.99
999.99
999.99
999.99
999.99
999.99
999.99
999.99
999.99
999.99
999.99
999.99
999.99
999.99
999.99
999.99
999.99
999.99
999.99
999.99
999.99
999.99
999.99
999.99
999.99
999.99
999.99
999.99
999.99
999.99
999.99
999.99
999.99
999.99
999.99
999.99
999.99
999.99
999.99
999.99
999.99
999.99
999.99
999.99
999.99
999.99
999.99
999.99
999.99
999.99
999.99
999.99
999.99
999.99
999.99
999.99
999.99
999.99
999.99
999.99
999.99
999.99
999.99
999.99
999.99
999.99
999.99
999.99
999.99
999.99
999.99
999.99
999.99
999.99
999.99
999.99
999.99
999.99
999.99
999.99
999.99
999.99
999.99
999.99
999.99
999.99
999.99
999.99
999.99
999.99
999.99
999.99
999.99
999.99
999.99
999.99
999.99
999.99
999.99
999.99
999.99
999.99
999.99
999.99
999.99
999.99
999.99
999.99
999.99
999.99
999.99
999.99
999.99
999.99
999.99
999.99
999.99
999.99
999.99
999.99
999.99
999.99
999.99
999.99
999.99
999.99
999.99
999.99
999.99
999.99
999.99
999.99
999.99
999.99
999.99
999.99
999.99
999.99
999.99
999.99
999.99
999.99
999.99
999.99
999.99
999.99
999.99
999.99
999.99
999.99
999.99
999.99
999.99
999.99
999.99
999.99
999.99
999.99
999.99
999.99
999.99
999.99
999.99
999.99
999.99
999.99
999.99
999.99
999.99
999.99
999.99
999.99
999.99
999.99
999.99
999.99
999.99
999.99
999.99
999.99
999.99
999.99
999.99
999.99
999.99
999.99
999.99
999.99
999.99
999.99
999.99
999.99
999.99
999.99
999.99
999.99
999.99
999.99
999.99
999.99
999.99
999.99
999.99
999.99
999.99
999.99
999.99
999.99
999.99
999.99
999.99
999.99
999.99
999.99
999.99
999.99
999.99
999.99
999.99
999.99
999.99
999.99
999.99
999.99
999.99
999.99
999.99
999.99
999.99
999.99
999.99
999.99
999.99
999.99
999.99
999.99
999.99
999.99
999.99
999.99
999.99
999.99
999.99
999.99
999.99
999.99
999.99
999.99
999.99
999.99
999.99
999.99
999.99
999.99
999.99
999.99
999.99
999.99
999.99
999.99
999.99
999.99
999.99
999.99
999.99
999.99
999.99
999.99
999.99
999.99
999.99
999.99
999.99
999.99
999.99
999.99
999.99
999.99
999.99
999.99
999.99
999.99
999.99
999.99
999.99
999.99
999.99
999.99
999.99
999.99
999.99
999.99
999.99
999.99
999.99
999.99
999.99
999.99
999.99
999.99
999.99
999.99
999.99
999.99
999.99
999.99
999.99
999.99
999.99
999.99
999.99
999.99
999.99
999.99
999.99
999.99
999.99
999.99
999.99
999.99
999.99
999.99
999.99
999.99
999.99
999.99
999.99
999.99
999.99
999.99
999.99
999.99
999.99
