999.99
999.99
999.99
999.99
999.99
999.99
999.99
999.99
999.99
999.99
999.99
999.99
999.99
999.99
999.99
999.99
999.99
999.99
999.99
999.99
999.99
999.99
999.99
999.99
999.99
999.99
999.99
999.99
999.99
999.99
999.99
999.99
999.99
999.99
999.99
999.99
999.99
999.99
999.99
999.99
999.99
999.99
999.99
999.99
999.99
999.99
999.99
999.99
999.99
999.99
999.99
999.99
999.99
999.99
999.99
999.99
999.99
999.99
999.99
999.99
999.99
999.99
999.99
999.99
999.99
999.99
999.99
999.99
999.99
999.99
999.99
999.99
999.99
999.99
999.99
999.99
999.99
999.99
999.99
999.99
999.99
999.99
999.99
999.99
999.99
999.99
999.99
999.99
999.99
999.99
999.99
999.99
999.99
999.99
999.99
999.99
999.99
999.99
999.99
999.99
999.99
999.99
999.99
999.99
999.99
999.99
999.99
999.99
999.99
999.99
999.99
999.99
999.99
999.99
999.99
999.99
999.99
999.99
999.99
999.99
999.99
999.99
999.99
999.99
999.99
999.99
999.99
999.99
999.99
999.99
999.99
999.99
999.99
999.99
15.1065254525368
15.1512239313334
15.2221358885017
15.2127820175066
15.0918048780488
14.9907153904989
14.9273449477352
14.8795249426362
14.9404285714286
14.9066762981219
14.8982229965157
14.8771760006799
14.9123031358885
14.9442594544064
14.8718919860627
14.822012492564
14.828512195122
14.7832156029575
14.817425087108
14.8252543554007
14.7026097560976
999.99
999.99
999.99
999.99
999.99
999.99
999.99
999.99
999.99
999.99
999.99
999.99
999.99
999.99
999.99
999.99
999.99
999.99
999.99
999.99
999.99
999.99
999.99
999.99
999.99
999.99
999.99
999.99
999.99
999.99
999.99
999.99
999.99
999.99
999.99
999.99
999.99
999.99
999.99
999.99
999.99
999.99
999.99
999.99
999.99
999.99
999.99
999.99
999.99
999.99
999.99
999.99
999.99
999.99
999.99
999.99
999.99
999.99
999.99
999.99
999.99
999.99
15.108059840474
15.2044049763867
15.0734907914385
15.0516860105136
14.9573653558985
15.0016059379135
14.9233158287706
14.8939631293326
14.8474571926332
14.9274350605203
14.9734153807865
15.0015938581262
15.1652506222001
15.0837767910257
14.9236986062718
14.9572959183673
14.9805803882529
14.917351412546
14.8190226480836
14.833759569741
14.7304743653559
999.99
999.99
999.99
999.99
999.99
999.99
999.99
999.99
999.99
999.99
999.99
999.99
999.99
999.99
999.99
999.99
999.99
999.99
999.99
999.99
999.99
999.99
999.99
999.99
999.99
999.99
999.99
999.99
999.99
999.99
999.99
999.99
999.99
999.99
999.99
999.99
999.99
999.99
999.99
999.99
999.99
999.99
999.99
999.99
999.99
999.99
999.99
999.99
999.99
999.99
999.99
999.99
999.99
999.99
999.99
999.99
999.99
999.99
999.99
999.99
999.99
999.99
15.1375119401717
14.9878839976205
15.0013867595819
15.0037010282995
14.9231846689895
14.9060888076825
14.8563484320557
14.8988475397297
14.9694703832753
14.9217403756268
15.1631219512195
15.2365156794425
15.0738257839721
15.0717187048525
15.0028222996516
14.9661961417523
14.9833344947735
14.9510180164868
14.8577073170732
14.8011878983598
14.7259094076655
999.99
999.99
999.99
999.99
999.99
999.99
999.99
999.99
999.99
999.99
999.99
999.99
999.99
999.99
999.99
999.99
999.99
999.99
999.99
999.99
999.99
999.99
999.99
999.99
999.99
999.99
999.99
999.99
999.99
999.99
999.99
999.99
999.99
999.99
999.99
999.99
999.99
999.99
999.99
999.99
999.99
999.99
999.99
999.99
999.99
999.99
999.99
999.99
999.99
999.99
999.99
999.99
999.99
999.99
999.99
999.99
999.99
999.99
999.99
999.99
999.99
999.99
15.0109501147276
15.0443211523753
15.0349895470383
15.0140664570409
14.9897665505227
15.1283259964307
15.1945609756097
15.1403307555027
15.171425087108
15.0919973655137
15.1130557491289
15.1393972125436
15.0807421602788
15.0490883827654
15.1227317073171
15.0879146766381
15.0651672473868
15.1228783037307
14.8953101045297
14.67993728223
37.1138327526147
999.99
999.99
999.99
999.99
999.99
999.99
999.99
999.99
999.99
999.99
999.99
999.99
999.99
999.99
999.99
999.99
999.99
999.99
999.99
999.99
999.99
999.99
999.99
999.99
999.99
999.99
999.99
999.99
999.99
999.99
999.99
999.99
999.99
999.99
999.99
999.99
999.99
999.99
999.99
999.99
999.99
999.99
999.99
999.99
999.99
999.99
999.99
999.99
999.99
999.99
999.99
999.99
999.99
999.99
999.99
999.99
999.99
999.99
999.99
999.99
999.99
999.99
999.99
14.9052679527492
15.1071986062718
15.1895990481856
15.1172404181184
15.0144968981049
15.1336585365853
15.0810223506416
14.9575888501742
14.9165663295657
15.0008885017422
14.9989258094672
15.0892787456446
15.1231796549673
15.0618222996516
14.9080278745645
14.891512195122
14.8553579501997
14.7436097560976
14.6243218322427
14.4831881533101
17.0359935847215
999.99
999.99
999.99
999.99
999.99
999.99
999.99
999.99
999.99
999.99
999.99
999.99
999.99
999.99
999.99
999.99
999.99
999.99
999.99
999.99
999.99
999.99
999.99
999.99
999.99
999.99
999.99
999.99
999.99
999.99
999.99
999.99
999.99
999.99
999.99
999.99
999.99
999.99
999.99
999.99
999.99
999.99
999.99
999.99
999.99
999.99
999.99
999.99
999.99
999.99
999.99
999.99
999.99
999.99
999.99
999.99
999.99
999.99
999.99
999.99
999.99
15.2605214583156
15.1640742755163
15.2336898954704
15.3842900484405
15.250212543554
15.1366344012917
15.2354912891986
15.1368499192657
15.0091289198606
14.9977356165548
15.1410975609756
15.0693664485425
15.1274111498258
15.2070350131724
15.132275261324
14.9837988442253
14.897818815331
14.8649963457126
14.8535052264808
14.7188498342823
14.609637630662
999.99
999.99
999.99
999.99
999.99
999.99
999.99
999.99
999.99
999.99
999.99
999.99
999.99
999.99
999.99
999.99
999.99
999.99
999.99
999.99
999.99
999.99
999.99
999.99
999.99
999.99
999.99
999.99
999.99
999.99
999.99
999.99
999.99
999.99
999.99
999.99
999.99
999.99
999.99
999.99
999.99
999.99
999.99
999.99
999.99
999.99
999.99
999.99
999.99
999.99
999.99
999.99
999.99
999.99
999.99
999.99
999.99
999.99
999.99
999.99
999.99
999.99
999.99
999.99
15.2236318234611
15.2467380244186
15.290606271777
15.3853159117306
15.3724146341464
15.2172857142857
15.1464192799071
15.0757173734455
15.1837770034843
15.246500439081
15.3138583042973
15.2824459080479
15.2759488966318
15.1177063822555
15.0915714285714
15.0935033568455
15.0238072009292
14.9957674570126
14.8804878048781
14.9103244100734
17.0359935847215
999.99
999.99
999.99
999.99
999.99
999.99
999.99
999.99
999.99
999.99
999.99
999.99
999.99
999.99
999.99
999.99
999.99
999.99
999.99
999.99
999.99
999.99
999.99
999.99
999.99
999.99
999.99
999.99
999.99
999.99
999.99
999.99
999.99
999.99
999.99
999.99
999.99
999.99
999.99
999.99
999.99
999.99
999.99
999.99
999.99
999.99
999.99
999.99
999.99
999.99
999.99
999.99
999.99
999.99
999.99
999.99
999.99
999.99
999.99
999.99
999.99
999.99
999.99
15.1079337979094
15.1130696864112
15.1451308744795
15.2239547038327
15.0407221041897
15.061818815331
15.1503981473613
15.3464773519164
15.57485671794
15.5914843205575
15.4772886887057
15.4990278745645
15.2740400271946
15.3205993031359
15.3528520438514
15.3561951219512
15.394312569049
15.3645505226481
15.3572682926829
15.3636276026175
15.3560156794425
999.99
999.99
999.99
999.99
999.99
999.99
999.99
999.99
999.99
999.99
999.99
999.99
999.99
999.99
999.99
999.99
999.99
999.99
999.99
999.99
999.99
999.99
999.99
999.99
999.99
999.99
999.99
999.99
999.99
999.99
999.99
999.99
999.99
999.99
999.99
999.99
999.99
999.99
999.99
999.99
999.99
999.99
999.99
999.99
999.99
999.99
999.99
999.99
999.99
999.99
999.99
999.99
999.99
999.99
999.99
999.99
999.99
999.99
15.1918458602953
15.226680077861
15.3217701683886
15.2305316077651
15.3104167020764
15.2720949062552
15.2863616328149
14.9040102870416
15.6591795214219
15.1863605442177
15.3077876952089
15.4914431723909
15.6741454592545
15.6108554836569
15.5068554229544
15.6002638128422
15.5584697641103
15.4669782644765
15.4525714285714
15.4356175543388
15.4795809345749
999.99
999.99
999.99
999.99
999.99
999.99
999.99
999.99
999.99
999.99
999.99
999.99
999.99
999.99
999.99
999.99
999.99
999.99
999.99
999.99
999.99
999.99
999.99
999.99
999.99
999.99
999.99
999.99
999.99
999.99
999.99
999.99
999.99
999.99
999.99
999.99
999.99
999.99
999.99
999.99
999.99
999.99
999.99
999.99
999.99
999.99
999.99
999.99
999.99
999.99
999.99
999.99
999.99
999.99
999.99
999.99
999.99
999.99
999.99
999.99
999.99
999.99
999.99
15.591787456446
15.5072505311464
15.4347700348432
15.4063094246622
15.5212160278746
15.5411648678508
15.5590139372823
15.4582292003059
15.8252160278745
15.9959653267613
15.7226759581882
15.7424912891986
15.7586341463415
15.9237890711311
15.730818815331
15.5817680802243
15.6344355400697
15.5701970765701
15.5843449477352
15.7353672983768
15.7632020905923
999.99
999.99
999.99
999.99
999.99
999.99
999.99
999.99
999.99
999.99
999.99
999.99
999.99
999.99
999.99
999.99
999.99
999.99
999.99
999.99
999.99
999.99
999.99
999.99
999.99
999.99
999.99
999.99
999.99
999.99
999.99
999.99
999.99
999.99
999.99
999.99
999.99
999.99
999.99
999.99
999.99
999.99
999.99
999.99
999.99
999.99
999.99
999.99
999.99
999.99
999.99
999.99
999.99
999.99
999.99
999.99
999.99
999.99
999.99
999.99
999.99
999.99
15.6406514060711
15.5792525181399
15.6593827775012
15.7756218561191
15.735199767712
15.7620403914094
15.9184667330347
15.9366471892742
16.0435088767215
16.0021632653061
15.8903298490128
15.7773734981203
15.7418335822134
15.7547854977803
15.6980019910403
15.725417021776
15.7196616890659
15.8618660418361
15.8617730214037
15.890248685792
16.0097089762734
999.99
999.99
999.99
999.99
999.99
999.99
999.99
999.99
999.99
999.99
999.99
999.99
999.99
999.99
999.99
999.99
999.99
999.99
999.99
999.99
999.99
999.99
999.99
999.99
999.99
999.99
999.99
999.99
999.99
999.99
999.99
999.99
999.99
999.99
999.99
999.99
999.99
999.99
999.99
999.99
999.99
999.99
999.99
999.99
999.99
999.99
999.99
999.99
999.99
999.99
999.99
999.99
999.99
999.99
999.99
999.99
999.99
999.99
999.99
999.99
999.99
999.99
999.99
999.99
999.99
999.99
15.9783519163763
15.8555971785502
16.0197282229965
16.1390574487974
16.3913484320557
16.2904422537605
16.314637630662
16.0611017251636
15.8928710801394
15.7731757457296
15.7921149825784
15.8211741310444
15.840606271777
15.7419772244413
15.8294529616724
16.1420808192402
16.1212090592335
16.2358066627008
16.2046717940002
16.0448710801394
15.9548538285034
999.99
999.99
999.99
999.99
999.99
999.99
999.99
999.99
999.99
999.99
999.99
999.99
999.99
999.99
999.99
999.99
999.99
999.99
999.99
999.99
999.99
999.99
999.99
999.99
999.99
999.99
999.99
999.99
999.99
999.99
999.99
999.99
999.99
999.99
999.99
999.99
999.99
999.99
999.99
999.99
999.99
999.99
999.99
999.99
999.99
999.99
999.99
999.99
999.99
999.99
999.99
999.99
999.99
999.99
999.99
999.99
999.99
999.99
999.99
999.99
999.99
999.99
15.8119128919861
15.8731703067902
16.0034111498258
16.5113348347072
16.4624564459931
16.1253061103085
16.0026724738676
16.0505308914761
15.9986794425088
15.9679353276111
15.6874599303136
15.7155922495113
15.9362334494774
15.8621536500383
15.9308989547038
16.0992099090677
16.1018153310105
16.1493603297357
16.1658280785247
16.0749442508711
15.9605474632447
999.99
999.99
999.99
999.99
999.99
999.99
999.99
999.99
999.99
999.99
999.99
999.99
999.99
999.99
999.99
999.99
999.99
999.99
999.99
999.99
999.99
999.99
999.99
999.99
999.99
999.99
999.99
999.99
999.99
999.99
999.99
999.99
999.99
999.99
999.99
999.99
999.99
999.99
999.99
999.99
999.99
999.99
999.99
999.99
999.99
999.99
999.99
999.99
999.99
999.99
999.99
999.99
999.99
999.99
999.99
999.99
999.99
999.99
999.99
999.99
999.99
999.99
15.8532195121952
15.7300190362879
15.8133414634146
15.7044199881023
15.803756097561
36.4138994646074
17.0359935847215
17.0359935847215
15.3886585365854
17.0359935847215
15.7635365853659
15.7007085068411
15.894
15.8091707317073
16.0195609756097
16.1480291493159
16.3429756097561
16.367746579417
16.3661850089232
16.3646707317073
16.3743063652588
999.99
999.99
999.99
999.99
999.99
999.99
999.99
999.99
999.99
999.99
999.99
999.99
999.99
999.99
999.99
999.99
999.99
999.99
999.99
999.99
999.99
999.99
999.99
999.99
999.99
999.99
999.99
999.99
999.99
999.99
999.99
999.99
999.99
999.99
999.99
999.99
999.99
999.99
999.99
999.99
999.99
999.99
999.99
999.99
999.99
999.99
999.99
999.99
999.99
999.99
999.99
999.99
999.99
999.99
999.99
999.99
999.99
999.99
999.99
999.99
999.99
999.99
999.99
16.0249886122206
17.0359935847215
17.0359935847215
17.0359935847215
17.0359935847215
16.0388188153311
16.2954900144472
16.2946202090592
16.0816132404181
16.0374006968641
15.8630408770289
15.7874668989547
15.9235316563269
16.1060801393728
16.1047921305345
16.2146829268293
16.3115631851789
16.441171071641
16.4286777003484
16.4582008158409
16.4651306620209
999.99
999.99
999.99
999.99
999.99
999.99
999.99
999.99
999.99
999.99
999.99
999.99
999.99
999.99
999.99
999.99
999.99
999.99
999.99
999.99
999.99
999.99
999.99
999.99
999.99
999.99
999.99
999.99
999.99
999.99
999.99
999.99
999.99
999.99
999.99
999.99
999.99
999.99
999.99
999.99
999.99
999.99
999.99
999.99
999.99
999.99
999.99
999.99
999.99
999.99
999.99
999.99
999.99
999.99
999.99
999.99
999.99
999.99
999.99
999.99
999.99
999.99
16.1610915028712
16.3528602123776
16.4165228484016
16.6798380620541
16.3602623559835
16.6668163265306
16.4015620702772
16.3001572921852
16.2914974788249
16.4624146341463
16.3260782312925
16.2084273270284
16.1424852998903
16.1677174381948
16.0966692202164
16.0630839555334
16.219017749396
16.3974730379957
16.4891082628173
16.3876698494984
16.5097201758752
999.99
999.99
999.99
999.99
999.99
999.99
999.99
999.99
999.99
999.99
999.99
999.99
999.99
999.99
999.99
999.99
999.99
999.99
999.99
999.99
999.99
999.99
999.99
999.99
999.99
999.99
999.99
999.99
999.99
999.99
999.99
999.99
999.99
999.99
999.99
999.99
999.99
999.99
999.99
999.99
999.99
999.99
999.99
999.99
999.99
999.99
999.99
999.99
999.99
999.99
999.99
999.99
999.99
999.99
999.99
999.99
999.99
999.99
999.99
999.99
999.99
999.99
999.99
999.99
16.6306016826719
16.2169268292683
16.5385793320303
16.2118013937282
16.4261631681822
16.2515540069686
16.2192376136654
16.15812543554
16.0019441658876
15.9127108013937
15.9099434860202
15.8728257839721
15.8063704427637
16.1841219512195
16.4814581456616
16.4760229455256
16.5422822299652
16.5327653607547
16.5113588850174
16.4460293192828
16.0637282229965
999.99
999.99
999.99
999.99
999.99
999.99
999.99
999.99
999.99
999.99
999.99
999.99
999.99
999.99
999.99
999.99
999.99
999.99
999.99
999.99
999.99
999.99
999.99
999.99
999.99
999.99
999.99
999.99
999.99
999.99
999.99
999.99
999.99
999.99
999.99
999.99
999.99
999.99
999.99
999.99
999.99
999.99
999.99
999.99
999.99
999.99
999.99
999.99
999.99
999.99
999.99
999.99
999.99
999.99
999.99
999.99
999.99
999.99
999.99
999.99
999.99
999.99
16.3449885838928
16.3032119628339
16.5229170642677
16.559093910735
16.1394435244651
16.3993268624523
16.190231292517
16.1965175045628
16.1275339326688
16.1612645594823
16.0877426155471
15.9867857142857
16.027309321468
16.1018982080637
16.2542732662369
16.4929916635304
16.5515663680106
16.5313030428114
16.4304495603119
16.4333595223931
16.3444404347105
999.99
999.99
999.99
999.99
999.99
999.99
999.99
999.99
999.99
999.99
999.99
999.99
999.99
999.99
999.99
999.99
999.99
999.99
999.99
999.99
999.99
999.99
999.99
999.99
999.99
999.99
999.99
999.99
999.99
999.99
999.99
999.99
999.99
999.99
999.99
999.99
999.99
999.99
999.99
999.99
999.99
999.99
999.99
999.99
999.99
999.99
999.99
999.99
999.99
999.99
999.99
999.99
999.99
999.99
999.99
999.99
999.99
999.99
999.99
999.99
999.99
16.0762369337978
15.9750937367213
16.3410766550523
16.4793133338999
16.4216236933799
16.1904704682587
16.7674738675958
16.4100400271947
16.4042717770035
16.2761678422707
16.2844843205575
16.5261828843375
16.550299651568
16.5807024730178
16.4259198606272
16.6361803348347
16.5836948245092
16.5917351916376
16.5906097560976
16.6365557491289
16.5970947565225
999.99
999.99
999.99
999.99
999.99
999.99
999.99
999.99
999.99
999.99
999.99
999.99
999.99
999.99
999.99
999.99
999.99
999.99
999.99
999.99
999.99
999.99
999.99
999.99
999.99
999.99
999.99
999.99
999.99
999.99
999.99
999.99
999.99
999.99
999.99
999.99
999.99
999.99
999.99
999.99
999.99
999.99
999.99
999.99
999.99
999.99
999.99
999.99
999.99
999.99
999.99
999.99
999.99
999.99
999.99
999.99
999.99
999.99
999.99
999.99
999.99
999.99
999.99
999.99
999.99
17.0253456963987
17.495193960511
17.4614353741497
17.5029776837564
17.4182843889489
17.2364722083956
17.1711767149453
16.864793761407
16.6895551461513
16.6485725900116
16.4663541441562
16.3639349593496
16.4922925170068
16.7104145188117
16.6484795088767
16.6050760460044
16.613655964825
16.5383299319728
16.3896491621039
16.1102763317106
17.0359935847215
999.99
999.99
999.99
999.99
999.99
999.99
999.99
999.99
999.99
999.99
999.99
999.99
999.99
999.99
999.99
999.99
999.99
999.99
999.99
999.99
999.99
999.99
999.99
999.99
999.99
999.99
999.99
999.99
999.99
999.99
999.99
999.99
999.99
999.99
999.99
999.99
999.99
999.99
999.99
999.99
999.99
999.99
999.99
999.99
999.99
999.99
999.99
999.99
999.99
999.99
999.99
999.99
999.99
999.99
999.99
999.99
999.99
999.99
999.99
999.99
999.99
17.5845853658537
17.6035258774539
17.6103170731708
17.717264128495
17.6051951219512
17.5932266508031
17.5439756097561
17.393494943486
17.2246829268293
16.9142373587151
16.8151463414634
17.0126210588935
16.8343902439024
16.9360856632957
16.939760261749
16.8104634146342
16.7681052944676
16.5688780487805
16.3831725163593
15.5366097560976
999.99
999.99
999.99
999.99
999.99
999.99
999.99
999.99
999.99
999.99
999.99
999.99
999.99
999.99
999.99
999.99
999.99
999.99
999.99
999.99
999.99
999.99
999.99
999.99
999.99
999.99
999.99
999.99
999.99
999.99
999.99
999.99
999.99
999.99
999.99
999.99
999.99
999.99
999.99
999.99
999.99
999.99
999.99
999.99
999.99
999.99
999.99
999.99
999.99
999.99
999.99
999.99
999.99
999.99
999.99
999.99
999.99
999.99
999.99
999.99
999.99
999.99
17.447178210249
17.3892508710801
17.4093646638905
17.2892264808362
17.2098706552222
17.2660418118467
17.3180654372397
17.217425087108
17.3403009263195
17.2167665505226
17.2056345712586
17.4911498257696
17.0359935847215
16.9467804878049
17.0024847454746
16.9379317583071
16.8764930313589
16.7189550437665
16.5715609756097
16.3706061018102
999.99
999.99
999.99
999.99
999.99
999.99
999.99
999.99
999.99
999.99
999.99
999.99
999.99
999.99
999.99
999.99
999.99
999.99
999.99
999.99
999.99
999.99
999.99
999.99
999.99
999.99
999.99
999.99
999.99
999.99
999.99
999.99
999.99
999.99
999.99
999.99
999.99
999.99
999.99
999.99
999.99
999.99
999.99
999.99
999.99
999.99
999.99
999.99
999.99
999.99
999.99
999.99
999.99
999.99
999.99
999.99
999.99
999.99
999.99
999.99
999.99
999.99
999.99
999.99
17.4427317073171
17.4031346137503
17.2972961672474
16.9995539219852
17.2981289198606
17.2129903118892
17.2400348432055
17.0107720744456
16.5842299651568
17.0185017421603
17.0865993031358
17.2085127050225
17.2593797909408
17.2139595478882
16.9291616384805
16.8712020905923
16.5493472422877
16.3629163763066
15.8754051160024
17.0359935847215
999.99
999.99
999.99
999.99
999.99
999.99
999.99
999.99
999.99
999.99
999.99
999.99
999.99
999.99
999.99
999.99
999.99
999.99
999.99
999.99
999.99
999.99
999.99
999.99
999.99
999.99
999.99
999.99
999.99
999.99
999.99
999.99
999.99
999.99
999.99
999.99
999.99
999.99
999.99
999.99
999.99
999.99
999.99
999.99
999.99
999.99
999.99
999.99
999.99
999.99
999.99
999.99
999.99
999.99
999.99
999.99
999.99
999.99
999.99
999.99
999.99
17.0359935847215
16.8130000849834
16.9973310104529
16.9587417353616
17.0612020905923
17.0991709866576
17.0146655052265
16.9849507096116
16.9658989547038
16.8570086683097
17.2680209059234
17.1144568709102
17.0986759581881
17.4963056004079
17.6083693379791
17.4298157559276
17.3414736126454
16.6403797909408
16.4451521203365
16.2028710801393
999.99
999.99
999.99
999.99
999.99
999.99
999.99
999.99
999.99
999.99
999.99
999.99
999.99
999.99
999.99
999.99
999.99
999.99
999.99
999.99
999.99
999.99
999.99
999.99
999.99
999.99
999.99
999.99
999.99
999.99
999.99
999.99
999.99
999.99
999.99
999.99
999.99
999.99
999.99
999.99
999.99
999.99
999.99
999.99
999.99
999.99
999.99
999.99
999.99
999.99
999.99
999.99
999.99
999.99
999.99
999.99
999.99
999.99
999.99
999.99
999.99
999.99
999.99
999.99
16.8802662530806
17.0006411149826
16.9981338488995
16.9969965156794
17.0790247301776
17.0404738675958
17.0908894365599
16.9467804878048
17.1115473782613
17.3463763066202
17.3659483300757
17.2937038327526
17.3962705022521
17.3161567944251
17.2817182799354
16.9416341463415
16.7604076655052
16.7517103764766
16.5164094076655
16.1222582646384
999.99
999.99
999.99
999.99
999.99
999.99
999.99
999.99
999.99
999.99
999.99
999.99
999.99
999.99
999.99
999.99
999.99
999.99
999.99
999.99
999.99
999.99
999.99
999.99
999.99
999.99
999.99
999.99
999.99
999.99
999.99
999.99
999.99
999.99
999.99
999.99
999.99
999.99
999.99
999.99
999.99
999.99
999.99
999.99
999.99
999.99
999.99
999.99
999.99
999.99
999.99
999.99
999.99
999.99
999.99
999.99
999.99
999.99
999.99
999.99
999.99
999.99
17.0359935847215
17.0359935847215
17.0359935847215
17.2409902269057
16.9968571428571
17.0941257754737
16.8629860627178
17.2742993966177
17.4737212543554
17.439920625478
17.405331010453
17.2579945610606
17.1686236933798
17.086212543554
16.984275261324
16.9917631511855
16.8705220531996
16.776393728223
16.6806185093907
16.5465540069686
999.99
999.99
999.99
999.99
999.99
999.99
999.99
999.99
999.99
999.99
999.99
999.99
999.99
999.99
999.99
999.99
999.99
999.99
999.99
999.99
999.99
999.99
999.99
999.99
999.99
999.99
999.99
999.99
999.99
999.99
999.99
999.99
999.99
999.99
999.99
999.99
999.99
999.99
999.99
999.99
999.99
999.99
999.99
999.99
999.99
999.99
999.99
999.99
999.99
999.99
999.99
999.99
999.99
999.99
999.99
999.99
999.99
999.99
999.99
999.99
999.99
999.99
999.99
999.99
999.99
16.9117839721254
16.8883106751326
16.5360582379293
17.2436273233862
17.3926779492285
17.4587843727616
17.5305574912892
17.4759139967706
17.519981085117
17.424931952555
17.4626291687406
17.2314350058881
17.3153519163763
17.2032090106715
17.073612244898
17.1783675958188
17.0549273634498
16.9608218018915
16.6737259891464
16.1791020408163
999.99
999.99
999.99
999.99
999.99
999.99
999.99
999.99
999.99
999.99
999.99
999.99
999.99
999.99
999.99
999.99
999.99
999.99
999.99
999.99
999.99
999.99
999.99
999.99
999.99
999.99
999.99
999.99
999.99
999.99
999.99
999.99
999.99
999.99
999.99
999.99
999.99
999.99
999.99
999.99
999.99
999.99
999.99
999.99
999.99
999.99
999.99
999.99
999.99
999.99
999.99
999.99
999.99
999.99
999.99
999.99
999.99
999.99
999.99
999.99
999.99
999.99
999.99
17.026
16.4635270672219
16.446048780488
16.611271861987
17.0359935847215
22.0803474122503
17.464512195122
17.4682076145152
17.5819756097561
17.3505585960738
17.5629512195122
17.349742415229
17.3954878048781
17.6132748364069
17.5062522308149
17.1695243902439
17.0964651992861
16.8719390243902
16.789493158834
16.7355487804878
999.99
999.99
999.99
999.99
999.99
999.99
999.99
999.99
999.99
999.99
999.99
999.99
999.99
999.99
999.99
999.99
999.99
999.99
999.99
999.99
999.99
999.99
999.99
999.99
999.99
999.99
999.99
999.99
999.99
999.99
999.99
999.99
999.99
999.99
999.99
999.99
999.99
999.99
999.99
999.99
999.99
999.99
999.99
999.99
999.99
999.99
999.99
999.99
999.99
999.99
999.99
999.99
999.99
999.99
999.99
999.99
999.99
999.99
999.99
999.99
999.99
999.99
16.5213595891658
16.9051582877053
16.8603131760735
16.754574912892
17.0359935847215
17.0359935847215
16.9445694253906
20.0129790940644
17.4085640471537
17.0359935847215
17.0359935847215
17.0359935847215
17.2828582112202
17.6175281234445
17.6013153492212
17.4598383858004
17.1187065704331
17.1269618181597
17.0359444997511
16.9807172722748
999.99
999.99
999.99
999.99
999.99
999.99
999.99
999.99
999.99
999.99
999.99
999.99
999.99
999.99
999.99
999.99
999.99
999.99
999.99
999.99
999.99
999.99
999.99
999.99
999.99
999.99
999.99
999.99
999.99
999.99
999.99
999.99
999.99
999.99
999.99
999.99
999.99
999.99
999.99
999.99
999.99
999.99
999.99
999.99
999.99
999.99
999.99
999.99
999.99
999.99
999.99
999.99
999.99
999.99
999.99
999.99
999.99
999.99
999.99
999.99
999.99
999.99
999.99
17.0359935847215
17.0359935847215
28.2057455596193
17.0359935847215
17.054500892326
17.0359935847215
17.0359935847215
17.0359935847215
26.3368121866239
17.8663101045296
17.9912736466389
26.6077630662024
17.7099393218322
17.8696515679442
18.1698147361265
18.3265602957422
17.7004930313589
17.30271046146
16.6564616724738
16.5328682756862
999.99
999.99
999.99
999.99
999.99
999.99
999.99
999.99
999.99
999.99
999.99
999.99
999.99
999.99
999.99
999.99
999.99
999.99
999.99
999.99
999.99
999.99
999.99
999.99
999.99
999.99
999.99
999.99
999.99
999.99
999.99
999.99
999.99
999.99
999.99
999.99
999.99
999.99
999.99
999.99
999.99
999.99
999.99
999.99
999.99
999.99
999.99
999.99
999.99
999.99
999.99
999.99
999.99
999.99
999.99
999.99
999.99
999.99
999.99
999.99
999.99
17.0359935847215
17.0359935847215
17.0359935847215
36.2522055749097
17.0359935847215
17.0359935847215
18.8639181609688
17.0359935847215
17.0359935847215
17.6976202090592
17.9184129344778
17.8572090592334
18.1358968301181
18.206306620209
18.1875580861732
18.3739790940767
18.7146212288604
18.701777173451
17.6158188153311
16.595724738676
999.99
999.99
999.99
999.99
999.99
999.99
999.99
999.99
999.99
999.99
999.99
999.99
999.99
999.99
999.99
999.99
999.99
999.99
999.99
999.99
999.99
999.99
999.99
999.99
999.99
999.99
999.99
999.99
999.99
999.99
999.99
999.99
999.99
999.99
999.99
999.99
999.99
999.99
999.99
999.99
999.99
999.99
999.99
999.99
999.99
999.99
999.99
999.99
999.99
999.99
999.99
999.99
999.99
999.99
999.99
999.99
999.99
999.99
999.99
999.99
999.99
999.99
999.99
999.99
17.2279965156794
17.4024261069091
17.0359935847215
17.0359935847215
17.0359935847215
17.0359935847215
17.0359935847215
17.0359935847215
17.0359935847215
17.9896445993031
18.3820209059233
18.5756347412254
18.7328362369338
18.8692064247472
18.8632787456446
18.7840121526302
18.6573763066201
17.1737456445993
16.6789405965837
16.5558850174216
999.99
999.99
999.99
999.99
999.99
999.99
999.99
999.99
999.99
999.99
999.99
999.99
999.99
999.99
999.99
999.99
999.99
999.99
999.99
999.99
999.99
999.99
999.99
999.99
999.99
999.99
999.99
999.99
999.99
999.99
999.99
999.99
999.99
999.99
999.99
999.99
999.99
999.99
999.99
999.99
999.99
999.99
999.99
999.99
999.99
999.99
999.99
999.99
999.99
999.99
999.99
999.99
999.99
999.99
999.99
999.99
999.99
999.99
999.99
999.99
999.99
999.99
999.99
17.0359935847215
17.0359935847215
17.0359935847215
17.0359935847215
17.0359935847215
17.0359935847215
17.0359935847215
18.1373873544659
18.1889442508711
18.4958065777174
18.4885400696864
18.6024447182799
18.7867491289198
18.9146655052265
19.0948989547038
19.176278235744
17.7114188833177
16.9062543554007
16.810823574403
16.5042090592334
999.99
999.99
999.99
999.99
999.99
999.99
999.99
999.99
999.99
999.99
999.99
999.99
999.99
999.99
999.99
999.99
999.99
999.99
999.99
999.99
999.99
999.99
999.99
999.99
999.99
999.99
999.99
999.99
999.99
999.99
999.99
999.99
999.99
999.99
999.99
999.99
999.99
999.99
999.99
999.99
999.99
999.99
999.99
999.99
999.99
999.99
999.99
999.99
999.99
999.99
999.99
999.99
999.99
999.99
999.99
999.99
999.99
999.99
999.99
999.99
999.99
999.99
17.0359935847215
17.0359935847215
18.0921544998725
17.0359935847215
17.0359935847215
17.0359935847215
18.8637541429421
18.8052195121951
17.8427992691425
18.5835365853659
18.5883834452282
18.539118466899
18.5243608396363
18.7862648083624
19.0927990141922
19.2180383275261
19.0289930313589
17.5370724908642
17.0920383275261
17.0059990651823
999.99
999.99
999.99
999.99
999.99
999.99
999.99
999.99
999.99
999.99
999.99
999.99
999.99
999.99
999.99
999.99
999.99
999.99
999.99
999.99
999.99
999.99
999.99
999.99
999.99
999.99
999.99
999.99
999.99
999.99
999.99
999.99
999.99
999.99
999.99
999.99
999.99
999.99
999.99
999.99
999.99
999.99
999.99
999.99
999.99
999.99
999.99
999.99
999.99
999.99
999.99
999.99
999.99
999.99
999.99
999.99
999.99
999.99
999.99
999.99
999.99
999.99
17.0359935847215
27.6466389054155
17.0359935847215
17.0359935847215
17.0359935847215
17.0359935847215
28.2082926829248
18.3862998215348
18.4797073170732
18.5141261154075
18.529756097561
18.6373575252826
18.7111951219512
18.9120345032718
19.1125121951219
19.2191629982154
19.0195365853659
18.5689268292683
18.0134449732302
17.4694634146342
999.99
999.99
999.99
999.99
999.99
999.99
999.99
999.99
999.99
999.99
999.99
999.99
999.99
999.99
999.99
999.99
999.99
999.99
999.99
999.99
999.99
999.99
999.99
999.99
999.99
999.99
999.99
999.99
999.99
999.99
999.99
999.99
999.99
999.99
999.99
999.99
999.99
999.99
999.99
999.99
999.99
999.99
999.99
999.99
999.99
999.99
999.99
999.99
999.99
999.99
999.99
999.99
999.99
999.99
999.99
999.99
999.99
999.99
999.99
999.99
999.99
999.99
999.99
17.0359935847215
29.3170943518414
17.0359935847215
17.0359935847215
17.0359935847215
17.0359935847215
17.0359935847215
17.0359935847215
18.340112742658
18.3784077201374
18.4453091090095
18.1470993496744
18.4604677285548
18.5553156284525
18.5962411647586
18.6849082199209
18.6060087108014
18.6815072600129
17.1603901366613
16.2406667496267
999.99
999.99
999.99
999.99
999.99
999.99
999.99
999.99
999.99
999.99
999.99
999.99
999.99
999.99
999.99
999.99
999.99
999.99
999.99
999.99
999.99
999.99
999.99
999.99
999.99
999.99
999.99
999.99
999.99
999.99
999.99
999.99
999.99
999.99
999.99
999.99
999.99
999.99
999.99
999.99
999.99
999.99
999.99
999.99
999.99
999.99
999.99
999.99
999.99
999.99
999.99
999.99
999.99
999.99
999.99
999.99
999.99
999.99
999.99
999.99
999.99
999.99
999.99
999.99
17.0359935847215
17.0359935847215
18.193637630662
17.0359935847215
17.0359935847215
18.3972334494773
18.3880522648084
18.4797839721254
18.1610930568539
18.4948048780488
18.4877191297697
18.5320209059233
17.0359935847215
17.0359935847215
17.0359935847215
17.0359935847215
17.0359935847215
16.4041135378601
16.0846986062718
17.4356548822956
999.99
999.99
999.99
999.99
999.99
999.99
999.99
999.99
999.99
999.99
999.99
999.99
999.99
999.99
999.99
999.99
999.99
999.99
999.99
999.99
999.99
999.99
999.99
999.99
999.99
999.99
999.99
999.99
999.99
999.99
999.99
999.99
999.99
999.99
999.99
999.99
999.99
999.99
999.99
999.99
999.99
999.99
999.99
999.99
999.99
999.99
999.99
999.99
999.99
999.99
999.99
999.99
999.99
999.99
999.99
999.99
999.99
999.99
17.0359935847215
17.0359935847215
17.0359935847215
17.0359935847215
18.6626981085117
18.7103231879307
18.5931780321885
18.3429737704719
18.3443401360544
18.525162971911
18.7736489132239
18.5665989105934
18.8980130247221
19.0664505153638
19.0454011116642
19.1460377913212
19.2840680272109
18.6845203393672
19.0065804712129
18.0585141477175
999.99
999.99
999.99
999.99
999.99
999.99
999.99
999.99
999.99
999.99
999.99
999.99
999.99
999.99
999.99
999.99
999.99
999.99
999.99
999.99
999.99
999.99
999.99
999.99
999.99
999.99
999.99
999.99
999.99
999.99
999.99
999.99
999.99
999.99
999.99
999.99
999.99
999.99
999.99
999.99
999.99
999.99
999.99
999.99
999.99
999.99
999.99
999.99
999.99
999.99
999.99
999.99
999.99
999.99
999.99
999.99
999.99
999.99
999.99
999.99
17.0359935847215
17.0359935847215
17.0359935847215
17.0359935847215
17.0359935847215
17.2125017421604
16.5800913571858
18.5732160278748
18.9830656072066
19.0179895470384
18.7754589105126
18.3556132404181
18.7142838446503
18.529850174216
18.7936227585621
19.0475296167247
19.3539864876349
19.3394355400697
19.2312657431801
26.2219616724764
999.99
999.99
999.99
999.99
999.99
999.99
999.99
999.99
999.99
999.99
999.99
999.99
999.99
999.99
999.99
999.99
999.99
999.99
999.99
999.99
999.99
999.99
999.99
999.99
999.99
999.99
999.99
999.99
999.99
999.99
999.99
999.99
999.99
999.99
999.99
999.99
999.99
999.99
999.99
999.99
999.99
999.99
999.99
999.99
999.99
999.99
999.99
999.99
999.99
999.99
999.99
999.99
999.99
999.99
999.99
999.99
999.99
999.99
999.99
17.2125038161606
17.465507733492
17.4682858802057
17.5061062515428
17.6651974448316
17.6914489795918
17.8191856645097
17.7232402420814
17.7117533234591
17.8401605276257
18.5211749667148
18.4142031690726
18.3993436992882
18.4908954703831
18.8416969450481
18.8412864609258
18.8386865649294
18.9104568607931
18.9055820535233
18.9999917869587
999.99
999.99
999.99
999.99
999.99
999.99
999.99
999.99
999.99
999.99
999.99
999.99
999.99
999.99
999.99
999.99
999.99
999.99
999.99
999.99
999.99
999.99
999.99
999.99
999.99
999.99
999.99
999.99
999.99
999.99
999.99
999.99
999.99
999.99
999.99
999.99
999.99
999.99
999.99
999.99
999.99
999.99
999.99
999.99
999.99
999.99
999.99
999.99
999.99
999.99
999.99
999.99
999.99
999.99
999.99
999.99
999.99
17.4402351916376
17.514599728053
17.3929320557492
17.1754390243903
17.1837961672474
17.2280234554262
17.4245174216028
17.371826548823
17.4903379790941
17.9167038327526
18.0821445993031
18.1022225715985
18.2059529616726
18.5026137503186
18.6985206084814
18.880031358885
18.7340100280446
18.905724738676
18.6826428996346
18.5512334494774
999.99
999.99
999.99
999.99
999.99
999.99
999.99
999.99
999.99
999.99
999.99
999.99
999.99
999.99
999.99
999.99
999.99
999.99
999.99
999.99
999.99
999.99
999.99
999.99
999.99
999.99
999.99
999.99
999.99
999.99
999.99
999.99
999.99
999.99
999.99
999.99
999.99
999.99
999.99
999.99
999.99
999.99
999.99
999.99
999.99
999.99
999.99
999.99
999.99
999.99
999.99
999.99
999.99
999.99
999.99
999.99
999.99
999.99
999.99
999.99
17.4534110648424
17.6036463414634
17.5491499107674
17.5946097560976
17.6171052944676
17.6840853658537
17.7761463414634
17.9258902439024
17.9308768590125
17.9243780487805
37.9843521713295
38.0100365853688
18.4284312908982
18.6192682926829
18.7501160023795
18.7752682926829
18.7544634146341
18.686239143367
18.7886097560976
18.9751969066032
18.7561219512195
18.7228114217728
18.6186829268293
18.4780142772159
999.99
999.99
999.99
999.99
999.99
999.99
999.99
999.99
999.99
999.99
999.99
999.99
999.99
999.99
999.99
999.99
999.99
999.99
999.99
999.99
999.99
999.99
999.99
999.99
999.99
999.99
999.99
999.99
999.99
999.99
999.99
999.99
999.99
999.99
999.99
999.99
999.99
999.99
999.99
999.99
999.99
999.99
999.99
999.99
999.99
999.99
999.99
999.99
999.99
999.99
999.99
17.1744843205575
17.0823491969066
17.2188850174216
17.6047955298717
17.6617481941021
17.5474163763066
17.4828262088893
17.473862369338
17.5680956913402
17.6319895470383
17.7888490694315
17.9985644599303
18.023535820515
17.9757090592334
17.980881533101
17.0359935847215
37.7654676638235
17.0359935847215
17.0359935847215
17.0359935847215
17.0359935847215
18.7004512195122
18.7709576782527
18.7301567944251
18.7027163253166
18.6949960057789
18.6882891986063
18.8007855868106
18.6789825783971
18.4056144301861
999.99
999.99
999.99
999.99
999.99
999.99
999.99
999.99
999.99
999.99
999.99
999.99
999.99
999.99
999.99
999.99
999.99
999.99
999.99
999.99
999.99
999.99
999.99
999.99
999.99
999.99
999.99
999.99
999.99
999.99
999.99
999.99
999.99
999.99
999.99
999.99
999.99
999.99
999.99
999.99
999.99
999.99
999.99
999.99
999.99
999.99
17.3396887906858
16.8604599303135
999.99
17.2823275261324
17.3195791620634
17.3702648083624
17.3012591144727
17.0866620209059
17.3188865471233
17.5157177700348
17.3731892580946
17.9500449562335
17.6918083623693
17.5847981643579
17.5576045296167
17.5610729157814
17.4599860627178
17.3971219512195
17.4868257839721
17.0359935847215
17.5026742160279
17.0359935847215
17.0359935847215
17.0359935847215
17.0359935847215
17.0359935847215
17.0359935847215
17.0359935847215
17.0359935847215
17.0359935847215
18.8053031358885
999.99
999.99
999.99
999.99
999.99
999.99
999.99
999.99
999.99
999.99
999.99
999.99
999.99
999.99
999.99
999.99
999.99
999.99
999.99
999.99
999.99
999.99
999.99
999.99
999.99
999.99
999.99
999.99
999.99
999.99
999.99
999.99
999.99
999.99
999.99
999.99
999.99
999.99
999.99
999.99
999.99
999.99
999.99
999.99
999.99
999.99
999.99
999.99
17.0296523651698
17.2324547867928
17.1506140619246
16.8414391903102
16.5737823129251
20.3388980255507
21.4368211437146
18.2692226314908
17.1108333353567
17.2122168574748
17.3043945578231
17.4931350589016
17.7635769686815
17.6973119296499
17.5905804408617
17.515091150797
17.3722646424423
17.3728628327
17.4348042973287
17.3361836734694
17.3289775178364
17.0359935847215
17.0359935847215
17.0359935847215
17.0359935847215
17.0359935847215
17.0359935847215
17.0359935847215
17.0359935847215
999.99
999.99
999.99
999.99
999.99
999.99
999.99
999.99
999.99
999.99
999.99
999.99
999.99
999.99
999.99
999.99
999.99
999.99
999.99
999.99
999.99
999.99
999.99
999.99
999.99
999.99
999.99
999.99
999.99
999.99
999.99
999.99
999.99
999.99
999.99
999.99
999.99
999.99
999.99
999.99
999.99
999.99
999.99
999.99
999.99
999.99
999.99
999.99
999.99
999.99
999.99
17.4908675958188
17.5879270842186
17.3225783972126
17.0853524262769
17.0470174216027
17.3552822299652
17.5218487804874
24.3736838803437
24.65246
24.3664857839726
21.324620418118
17.0986498682757
17.1548013937282
17.3079015891901
17.4315156794425
17.4892296252231
17.4991916376307
17.4934559360925
17.4247133508966
17.3575714285714
17.3674668139713
17.2565836236934
17.0359935847215
17.0359935847215
17.0359935847215
17.0359935847215
17.0359935847215
17.0359935847215
17.0359935847215
999.99
999.99
999.99
999.99
999.99
999.99
999.99
999.99
999.99
999.99
999.99
999.99
999.99
999.99
999.99
999.99
999.99
999.99
999.99
999.99
999.99
999.99
999.99
999.99
999.99
999.99
999.99
999.99
999.99
999.99
999.99
999.99
999.99
999.99
999.99
999.99
999.99
999.99
999.99
999.99
999.99
999.99
16.9363367812324
999.99
999.99
17.2822078977933
17.3865626671847
17.2844791770366
17.2702534853323
17.5788768873403
17.3729718664385
17.2458095238095
17.4087670482827
17.5219482450922
17.3976565455451
17.1638805861429
17.4954048448648
17.3347648832288
17.3401445163431
17.2384832683817
17.3649464078314
17.2650991837543
17.0352110502738
20.511875962478
20.802072517007
23.9835304223687
17.0359935847215
17.0359935847215
29.0210114485053
17.3956688843295
17.3827911066866
17.4205422225999
17.4662001764418
17.407644018583
17.421533250778
17.4211008793761
999.99
999.99
999.99
999.99
999.99
999.99
999.99
999.99
999.99
999.99
999.99
999.99
999.99
999.99
999.99
999.99
999.99
999.99
999.99
999.99
999.99
999.99
999.99
999.99
999.99
999.99
999.99
999.99
999.99
999.99
999.99
999.99
999.99
999.99
999.99
999.99
999.99
999.99
999.99
999.99
999.99
999.99
999.99
999.99
999.99
999.99
999.99
999.99
999.99
16.7931537350217
24.1198843902441
24.1278983275263
21.236795087108
17.4207657856718
17.5965418118467
17.775529276791
17.7568344947735
17.796488994646
17.7962897085069
17.7156829268293
17.5698107419053
17.3637317073171
17.5576517379111
17.5967526132404
17.6202084643495
17.6016620209059
17.5825397297527
17.049850174216
16.1069101402237
19.1837018118482
24.2988032599639
24.65246
24.65246
17.0359935847215
28.9862284354571
999.99
999.99
999.99
999.99
999.99
999.99
999.99
999.99
999.99
999.99
999.99
999.99
999.99
999.99
999.99
999.99
999.99
999.99
999.99
999.99
999.99
999.99
999.99
999.99
999.99
999.99
999.99
999.99
999.99
999.99
999.99
999.99
999.99
999.99
999.99
999.99
999.99
999.99
999.99
999.99
999.99
999.99
999.99
999.99
999.99
999.99
999.99
999.99
999.99
999.99
999.99
999.99
999.99
999.99
999.99
999.99
999.99
16.91263080366
17.9494999651556
16.9482382368771
17.1252468060395
17.1675614571825
17.2734947735192
17.4311373615478
17.515706155633
17.4183145519957
16.9466553638708
19.7291136817652
19.4961276190474
24.65246
21.7007240129178
21.851522857143
21.9259354800149
17.5581649245064
17.3797422169344
17.3301904761905
999.99
999.99
16.5133201325741
999.99
999.99
999.99
999.99
999.99
999.99
999.99
999.99
999.99
999.99
999.99
999.99
999.99
999.99
999.99
999.99
999.99
999.99
999.99
999.99
999.99
999.99
999.99
999.99
999.99
999.99
999.99
999.99
999.99
999.99
999.99
999.99
999.99
999.99
999.99
999.99
999.99
999.99
999.99
999.99
999.99
999.99
999.99
999.99
999.99
999.99
999.99
999.99
999.99
999.99
999.99
999.99
999.99
999.99
999.99
999.99
999.99
999.99
999.99
999.99
999.99
16.4258108268887
16.0657212543554
15.8827183649188
16.0305662020906
16.1688112518059
16.6065156794425
16.8899607376561
17.0216846689895
22.9415442899623
18.3814672388883
18.4358710801393
18.7084445942049
23.3157944947736
23.1953026055899
22.9329990243902
999.99
999.99
999.99
999.99
999.99
999.99
999.99
999.99
999.99
999.99
999.99
999.99
999.99
999.99
999.99
999.99
999.99
999.99
999.99
999.99
999.99
999.99
999.99
999.99
999.99
999.99
999.99
999.99
999.99
999.99
999.99
999.99
999.99
999.99
999.99
999.99
999.99
999.99
999.99
999.99
999.99
999.99
999.99
999.99
999.99
999.99
999.99
999.99
999.99
999.99
999.99
999.99
999.99
999.99
999.99
999.99
999.99
999.99
999.99
999.99
999.99
999.99
999.99
999.99
999.99
999.99
999.99
999.99
17.0785472932778
17.1806585365854
16.8302843545509
16.2539790940767
16.3596002379536
16.0945017421602
16.4365189937962
16.6004181184669
16.5986439194357
16.684714030764
17.0486236933798
17.0473012662531
999.99
999.99
999.99
999.99
999.99
999.99
999.99
999.99
999.99
999.99
999.99
999.99
999.99
999.99
999.99
999.99
999.99
999.99
999.99
999.99
999.99
999.99
999.99
999.99
999.99
999.99
999.99
999.99
999.99
999.99
999.99
999.99
999.99
999.99
999.99
999.99
999.99
999.99
999.99
999.99
999.99
999.99
999.99
999.99
999.99
999.99
999.99
999.99
999.99
999.99
999.99
999.99
999.99
999.99
999.99
999.99
999.99
999.99
999.99
999.99
999.99
999.99
999.99
999.99
999.99
999.99
999.99
999.99
999.99
999.99
999.99
999.99
17.3862857142857
17.3113031358885
999.99
999.99
999.99
999.99
999.99
999.99
999.99
999.99
999.99
999.99
999.99
999.99
999.99
999.99
999.99
999.99
999.99
999.99
999.99
999.99
999.99
999.99
999.99
999.99
999.99
999.99
999.99
999.99
999.99
999.99
999.99
999.99
999.99
999.99
999.99
999.99
999.99
999.99
999.99
999.99
999.99
999.99
999.99
999.99
999.99
999.99
999.99
999.99
999.99
999.99
999.99
999.99
999.99
999.99
999.99
999.99
999.99
999.99
999.99
999.99
999.99
999.99
999.99
999.99
999.99
999.99
999.99
999.99
999.99
999.99
999.99
999.99
999.99
999.99
999.99
999.99
999.99
999.99
999.99
999.99
999.99
999.99
999.99
999.99
999.99
999.99
999.99
999.99
999.99
999.99
999.99
999.99
999.99
999.99
999.99
999.99
999.99
999.99
999.99
999.99
999.99
999.99
999.99
999.99
999.99
999.99
999.99
999.99
999.99
999.99
999.99
999.99
999.99
999.99
999.99
999.99
999.99
999.99
999.99
999.99
999.99
999.99
999.99
999.99
999.99
999.99
999.99
999.99
999.99
999.99
999.99
999.99
999.99
999.99
999.99
999.99
999.99
999.99
999.99
999.99
999.99
999.99
999.99
999.99
999.99
999.99
999.99
999.99
999.99
999.99
999.99
999.99
999.99
999.99
999.99
999.99
999.99
999.99
999.99
999.99
999.99
999.99
999.99
999.99
999.99
999.99
999.99
999.99
999.99
999.99
999.99
999.99
999.99
999.99
999.99
999.99
999.99
999.99
999.99
999.99
999.99
999.99
999.99
999.99
999.99
999.99
999.99
999.99
999.99
999.99
999.99
999.99
999.99
999.99
999.99
999.99
999.99
999.99
999.99
999.99
999.99
999.99
999.99
999.99
999.99
999.99
999.99
999.99
999.99
999.99
999.99
999.99
999.99
999.99
999.99
999.99
999.99
999.99
999.99
999.99
999.99
999.99
999.99
999.99
999.99
999.99
999.99
999.99
999.99
999.99
999.99
999.99
999.99
999.99
999.99
999.99
999.99
999.99
999.99
999.99
999.99
999.99
999.99
999.99
999.99
999.99
999.99
999.99
999.99
999.99
999.99
999.99
999.99
999.99
999.99
999.99
999.99
999.99
999.99
999.99
999.99
999.99
999.99
999.99
999.99
999.99
999.99
999.99
999.99
999.99
999.99
999.99
999.99
999.99
999.99
999.99
999.99
999.99
999.99
999.99
999.99
999.99
999.99
999.99
999.99
999.99
999.99
999.99
999.99
999.99
999.99
999.99
999.99
999.99
999.99
999.99
999.99
999.99
999.99
999.99
999.99
999.99
999.99
999.99
999.99
999.99
999.99
999.99
999.99
999.99
999.99
999.99
999.99
999.99
999.99
999.99
999.99
999.99
999.99
999.99
999.99
999.99
999.99
999.99
999.99
999.99
999.99
999.99
999.99
999.99
999.99
999.99
999.99
999.99
999.99
999.99
999.99
999.99
999.99
999.99
999.99
999.99
999.99
999.99
999.99
999.99
999.99
999.99
999.99
999.99
999.99
999.99
999.99
999.99
999.99
999.99
999.99
999.99
999.99
999.99
999.99
999.99
999.99
999.99
999.99
999.99
999.99
999.99
999.99
999.99
999.99
999.99
999.99
999.99
999.99
999.99
999.99
999.99
999.99
999.99
999.99
999.99
999.99
999.99
999.99
999.99
999.99
999.99
999.99
999.99
999.99
999.99
999.99
999.99
999.99
999.99
999.99
999.99
999.99
999.99
999.99
999.99
999.99
999.99
999.99
999.99
999.99
999.99
999.99
999.99
999.99
