999.99
999.99
999.99
999.99
999.99
999.99
999.99
999.99
999.99
999.99
999.99
999.99
999.99
999.99
999.99
999.99
999.99
999.99
999.99
999.99
999.99
999.99
999.99
999.99
999.99
999.99
999.99
999.99
999.99
999.99
999.99
999.99
999.99
999.99
999.99
999.99
999.99
999.99
999.99
999.99
999.99
999.99
999.99
999.99
999.99
999.99
999.99
999.99
999.99
999.99
999.99
999.99
999.99
999.99
999.99
999.99
999.99
999.99
999.99
999.99
999.99
999.99
999.99
999.99
999.99
999.99
999.99
999.99
999.99
999.99
999.99
999.99
999.99
999.99
999.99
999.99
999.99
999.99
999.99
999.99
999.99
999.99
999.99
999.99
999.99
999.99
999.99
999.99
999.99
999.99
999.99
999.99
999.99
999.99
999.99
999.99
999.99
999.99
999.99
999.99
999.99
999.99
999.99
999.99
999.99
999.99
999.99
999.99
999.99
999.99
999.99
999.99
999.99
999.99
999.99
999.99
999.99
999.99
999.99
999.99
999.99
999.99
999.99
999.99
999.99
999.99
999.99
999.99
999.99
999.99
999.99
999.99
999.99
999.99
23.3413639840231
22.9714755672644
23.1921881533101
23.3394012917481
23.2776341463415
23.6292105889352
23.2418501742161
22.4893263363645
22.037787456446
21.7319993201326
21.6011881533101
21.5845200985808
21.6035783972125
21.596738845925
21.6050452961673
21.6246578567179
21.460118466899
21.2710730857483
20.6775574912893
20.3921637630662
19.8311742160279
999.99
999.99
999.99
999.99
999.99
999.99
999.99
999.99
999.99
999.99
999.99
999.99
999.99
999.99
999.99
999.99
999.99
999.99
999.99
999.99
999.99
999.99
999.99
999.99
999.99
999.99
999.99
999.99
999.99
999.99
999.99
999.99
999.99
999.99
999.99
999.99
999.99
999.99
999.99
999.99
999.99
999.99
999.99
999.99
999.99
999.99
999.99
999.99
999.99
999.99
999.99
999.99
999.99
999.99
999.99
999.99
999.99
999.99
999.99
999.99
999.99
999.99
23.32993753111
23.5760744819046
23.5825721752116
23.6635429409123
23.4232220009955
23.2463916036373
23.2096562966651
22.7395235646907
22.2903339970135
21.8921794850004
21.753356645097
21.7147420449441
21.8434591836735
22.0231890759873
22.103731458437
22.0168979591837
21.7435908412145
21.3325430319659
20.9381610253858
20.4907406669985
19.8744325535092
999.99
999.99
999.99
999.99
999.99
999.99
999.99
999.99
999.99
999.99
999.99
999.99
999.99
999.99
999.99
999.99
999.99
999.99
999.99
999.99
999.99
999.99
999.99
999.99
999.99
999.99
999.99
999.99
999.99
999.99
999.99
999.99
999.99
999.99
999.99
999.99
999.99
999.99
999.99
999.99
999.99
999.99
999.99
999.99
999.99
999.99
999.99
999.99
999.99
999.99
999.99
999.99
999.99
999.99
999.99
999.99
999.99
999.99
999.99
999.99
999.99
999.99
23.2980737656157
23.3733367043427
22.9127317073171
23.2479932013257
23.082306620209
22.9815704087703
22.6651358885018
22.5302438174556
22.213031358885
22.0647959547888
22.178968641115
22.2216968641115
22.2307421602787
22.1853847199796
22.1119965156794
22.0854574657941
21.6835087108014
21.3394818560381
20.80687456446
19.9696203790262
19.831818815331
999.99
999.99
999.99
999.99
999.99
999.99
999.99
999.99
999.99
999.99
999.99
999.99
999.99
999.99
999.99
999.99
999.99
999.99
999.99
999.99
999.99
999.99
999.99
999.99
999.99
999.99
999.99
999.99
999.99
999.99
999.99
999.99
999.99
999.99
999.99
999.99
999.99
999.99
999.99
999.99
999.99
999.99
999.99
999.99
999.99
999.99
999.99
999.99
999.99
999.99
999.99
999.99
999.99
999.99
999.99
999.99
999.99
999.99
999.99
999.99
999.99
999.99
23.4084244072406
23.4398702303051
23.2927421602787
23.236682076995
23.0440278745644
22.6678853573553
22.4089442508711
22.2925851109034
22.2693449477352
22.2984163338149
22.3847804878049
22.4186480836237
22.5005470383275
22.523777938302
22.4501184668989
22.2660739355825
21.8779965156795
21.171933288009
20.6005993031359
20.0945644599302
23.3241107943098
999.99
999.99
999.99
999.99
999.99
999.99
999.99
999.99
999.99
999.99
999.99
999.99
999.99
999.99
999.99
999.99
999.99
999.99
999.99
999.99
999.99
999.99
999.99
999.99
999.99
999.99
999.99
999.99
999.99
999.99
999.99
999.99
999.99
999.99
999.99
999.99
999.99
999.99
999.99
999.99
999.99
999.99
999.99
999.99
999.99
999.99
999.99
999.99
999.99
999.99
999.99
999.99
999.99
999.99
999.99
999.99
999.99
999.99
999.99
999.99
999.99
999.99
999.99
23.176255800119
22.9890069686411
22.8716008328376
22.7955331010453
22.6938032633636
22.657275261324
22.6088477096966
22.5988745644599
22.5935976034673
22.6195017421603
22.68279102575
22.6737038327526
22.6744787116512
22.488275261324
22.4290418118467
22.0049616724739
21.2114572958274
20.339905923345
19.6521969066033
23.3241107943098
23.3241107943098
999.99
999.99
999.99
999.99
999.99
999.99
999.99
999.99
999.99
999.99
999.99
999.99
999.99
999.99
999.99
999.99
999.99
999.99
999.99
999.99
999.99
999.99
999.99
999.99
999.99
999.99
999.99
999.99
999.99
999.99
999.99
999.99
999.99
999.99
999.99
999.99
999.99
999.99
999.99
999.99
999.99
999.99
999.99
999.99
999.99
999.99
999.99
999.99
999.99
999.99
999.99
999.99
999.99
999.99
999.99
999.99
999.99
999.99
999.99
999.99
999.99
23.5216406900654
23.7786524177785
23.6484738675958
23.4820056938897
23.5426550522648
23.6086885357355
23.3042439024391
23.2052422877539
23.0365505226481
22.9316726438344
22.9091986062718
22.8506994136144
22.8870836236934
23.0046265828164
23.0375156794425
22.9271002804453
22.7401045296167
22.0762297951901
21.1430627177701
19.8980797994392
19.1429965156794
999.99
999.99
999.99
999.99
999.99
999.99
999.99
999.99
999.99
999.99
999.99
999.99
999.99
999.99
999.99
999.99
999.99
999.99
999.99
999.99
999.99
999.99
999.99
999.99
999.99
999.99
999.99
999.99
999.99
999.99
999.99
999.99
999.99
999.99
999.99
999.99
999.99
999.99
999.99
999.99
999.99
999.99
999.99
999.99
999.99
999.99
999.99
999.99
999.99
999.99
999.99
999.99
999.99
999.99
999.99
999.99
999.99
999.99
999.99
999.99
999.99
999.99
999.99
999.99
24.1600696864111
23.8722689158947
23.8225725900116
23.8204799580748
23.6677398373984
23.452380952381
23.3700987224158
23.3557976544574
23.1582694541231
23.1224356250531
23.0902520325203
23.2001966516529
23.134868757259
23.075894025665
22.8716666666667
22.479306195292
21.8126167247388
20.9167959264611
20.2840824622532
29.324379366028
23.3241107943098
999.99
999.99
999.99
999.99
999.99
999.99
999.99
999.99
999.99
999.99
999.99
999.99
999.99
999.99
999.99
999.99
999.99
999.99
999.99
999.99
999.99
999.99
999.99
999.99
999.99
999.99
999.99
999.99
999.99
999.99
999.99
999.99
999.99
999.99
999.99
999.99
999.99
999.99
999.99
999.99
999.99
999.99
999.99
999.99
999.99
999.99
999.99
999.99
999.99
999.99
999.99
999.99
999.99
999.99
999.99
999.99
999.99
999.99
999.99
999.99
999.99
999.99
999.99
23.811574912892
23.802393728223
23.7160433415484
23.6698675958188
23.618309594629
23.5780905923345
23.5534497323022
23.4627665505226
23.4083210673919
23.4417456445993
23.3754592504462
23.4066271777004
23.3768459250446
23.1875679442509
22.9939032888587
22.3890731707318
21.1906195291919
20.0584425087108
19.7940522648084
19.3751211863686
19.1932961672474
999.99
999.99
999.99
999.99
999.99
999.99
999.99
999.99
999.99
999.99
999.99
999.99
999.99
999.99
999.99
999.99
999.99
999.99
999.99
999.99
999.99
999.99
999.99
999.99
999.99
999.99
999.99
999.99
999.99
999.99
999.99
999.99
999.99
999.99
999.99
999.99
999.99
999.99
999.99
999.99
999.99
999.99
999.99
999.99
999.99
999.99
999.99
999.99
999.99
999.99
999.99
999.99
999.99
999.99
999.99
999.99
999.99
999.99
23.2431650074664
23.4172994735074
23.5779675646582
23.5651707317073
23.4991735887692
23.4373094408495
23.4242204308255
23.5209288203086
23.53093306948
23.5252721088435
23.4232415876523
23.353193960511
23.3948663898635
23.3501856645097
23.3598738360305
23.3385035672806
23.3084726009381
23.2339568607931
23.1189115646259
22.8067322050772
22.1687821955672
999.99
999.99
999.99
999.99
999.99
999.99
999.99
999.99
999.99
999.99
999.99
999.99
999.99
999.99
999.99
999.99
999.99
999.99
999.99
999.99
999.99
999.99
999.99
999.99
999.99
999.99
999.99
999.99
999.99
999.99
999.99
999.99
999.99
999.99
999.99
999.99
999.99
999.99
999.99
999.99
999.99
999.99
999.99
999.99
999.99
999.99
999.99
999.99
999.99
999.99
999.99
999.99
999.99
999.99
999.99
999.99
999.99
999.99
999.99
999.99
999.99
999.99
999.99
23.4100348432056
23.2836502082094
23.2846306620209
23.4299755247727
23.6145574912893
23.5689252145831
23.2838257839721
23.3220818390414
23.3661463414634
23.3624186283675
23.309668989547
23.279892241013
23.3377456445993
23.3781800798844
23.3321533101045
23.2717319622673
23.2559128919861
23.2213628792386
23.1610836236934
22.7506697543979
22.1040174216028
999.99
999.99
999.99
999.99
999.99
999.99
999.99
999.99
999.99
999.99
999.99
999.99
999.99
999.99
999.99
999.99
999.99
999.99
999.99
999.99
999.99
999.99
999.99
999.99
999.99
999.99
999.99
999.99
999.99
999.99
999.99
999.99
999.99
999.99
999.99
999.99
999.99
999.99
999.99
999.99
999.99
999.99
999.99
999.99
999.99
999.99
999.99
999.99
999.99
999.99
999.99
999.99
999.99
999.99
999.99
999.99
999.99
999.99
999.99
999.99
999.99
999.99
23.5979880901796
23.4170252967338
23.3809014435042
23.5323162597579
23.6640662020906
23.5877985488068
23.4798433714949
23.3250997381701
23.3539766052763
23.2205102040816
23.2528040484486
23.2958335215109
23.298400199104
23.2198269575528
23.3256528953045
23.3070325081847
23.2536017919363
23.1483277891764
22.8017499585201
22.4095609998908
22.0294330512693
999.99
999.99
999.99
999.99
999.99
999.99
999.99
999.99
999.99
999.99
999.99
999.99
999.99
999.99
999.99
999.99
999.99
999.99
999.99
999.99
999.99
999.99
999.99
999.99
999.99
999.99
999.99
999.99
999.99
999.99
999.99
999.99
999.99
999.99
999.99
999.99
999.99
999.99
999.99
999.99
999.99
999.99
999.99
999.99
999.99
999.99
999.99
999.99
999.99
999.99
999.99
999.99
999.99
999.99
999.99
999.99
999.99
999.99
999.99
999.99
999.99
999.99
999.99
999.99
999.99
999.99
23.3085679442508
23.245542364239
23.2453205574913
23.2335325061613
23.1387770034843
23.1525361604487
23.1258850174216
23.1364516019376
23.0817142857143
23.06808056429
23.0556655052265
23.0223320302541
22.8883031358885
22.6172342143283
22.2269581881534
21.8176711991162
21.3888641114982
21.140028384465
20.9418913911787
20.7697700348432
20.6404816010878
999.99
999.99
999.99
999.99
999.99
999.99
999.99
999.99
999.99
999.99
999.99
999.99
999.99
999.99
999.99
999.99
999.99
999.99
999.99
999.99
999.99
999.99
999.99
999.99
999.99
999.99
999.99
999.99
999.99
999.99
999.99
999.99
999.99
999.99
999.99
999.99
999.99
999.99
999.99
999.99
999.99
999.99
999.99
999.99
999.99
999.99
999.99
999.99
999.99
999.99
999.99
999.99
999.99
999.99
999.99
999.99
999.99
999.99
999.99
999.99
999.99
999.99
23.4645888501743
23.3694180334835
23.2332926829268
23.1008275686241
23.2105993031359
23.1974456530977
23.2740801393728
23.0920498852724
23.0157073170732
22.7546839466304
22.5000871080139
22.186165122801
21.8524425087108
21.7253245517124
21.505149825784
21.5153776663551
21.348094076655
21.2678496643154
21.0549653267612
20.9835139372822
20.9902069346478
999.99
999.99
999.99
999.99
999.99
999.99
999.99
999.99
999.99
999.99
999.99
999.99
999.99
999.99
999.99
999.99
999.99
999.99
999.99
999.99
999.99
999.99
999.99
999.99
999.99
999.99
999.99
999.99
999.99
999.99
999.99
999.99
999.99
999.99
999.99
999.99
999.99
999.99
999.99
999.99
999.99
999.99
999.99
999.99
999.99
999.99
999.99
999.99
999.99
999.99
999.99
999.99
999.99
999.99
999.99
999.99
999.99
999.99
999.99
999.99
999.99
999.99
23.3460243902439
23.4550933967876
23.2151707317074
23.0525609756097
22.8572682926829
22.685488994646
22.4899512195122
22.3156305770375
22.4358292682927
22.4260571088638
22.3438780487805
22.2313355145747
22.0453170731707
21.777
21.5799024390244
21.5994092801903
21.6845121951219
21.531240333135
21.3764342653182
21.2053780487805
21.1953170731707
999.99
999.99
999.99
999.99
999.99
999.99
999.99
999.99
999.99
999.99
999.99
999.99
999.99
999.99
999.99
999.99
999.99
999.99
999.99
999.99
999.99
999.99
999.99
999.99
999.99
999.99
999.99
999.99
999.99
999.99
999.99
999.99
999.99
999.99
999.99
999.99
999.99
999.99
999.99
999.99
999.99
999.99
999.99
999.99
999.99
999.99
999.99
999.99
999.99
999.99
999.99
999.99
999.99
999.99
999.99
999.99
999.99
999.99
999.99
999.99
999.99
999.99
999.99
23.3927575422793
23.8550522648083
23.8663433330501
23.5534041811847
23.3808494943486
23.2620731707317
23.2877360414719
23.2047003484321
23.2071060593184
23.432243902439
23.396877963797
23.1486236933798
22.9082924279765
22.80406271777
22.5531186368658
22.2710905923345
22.0603941531401
22.0734089402566
22.1108658536585
21.9316265828164
21.4587700348432
999.99
999.99
999.99
999.99
999.99
999.99
999.99
999.99
999.99
999.99
999.99
999.99
999.99
999.99
999.99
999.99
999.99
999.99
999.99
999.99
999.99
999.99
999.99
999.99
999.99
999.99
999.99
999.99
999.99
999.99
999.99
999.99
999.99
999.99
999.99
999.99
999.99
999.99
999.99
999.99
999.99
999.99
999.99
999.99
999.99
999.99
999.99
999.99
999.99
999.99
999.99
999.99
999.99
999.99
999.99
999.99
999.99
999.99
999.99
999.99
999.99
999.99
23.730493909521
23.7426329019413
23.6751342819103
23.5338655218185
23.679014657618
23.6556394557823
23.6394257973267
23.5513072009292
23.4270520746074
23.3573554006969
23.4409421768707
23.6755691056911
23.6587288704893
23.6081962004314
23.6131824047882
23.6429765223162
23.6824294313799
23.622067750003
23.0515941596151
22.3992357136786
21.7364774348763
999.99
999.99
999.99
999.99
999.99
999.99
999.99
999.99
999.99
999.99
999.99
999.99
999.99
999.99
999.99
999.99
999.99
999.99
999.99
999.99
999.99
999.99
999.99
999.99
999.99
999.99
999.99
999.99
999.99
999.99
999.99
999.99
999.99
999.99
999.99
999.99
999.99
999.99
999.99
999.99
999.99
999.99
999.99
999.99
999.99
999.99
999.99
999.99
999.99
999.99
999.99
999.99
999.99
999.99
999.99
999.99
999.99
999.99
999.99
999.99
999.99
999.99
999.99
999.99
23.7599490099431
23.6642578397213
23.6577510835387
23.6682543554007
23.4684315458486
23.4058466898955
23.4765803518314
23.5131080139373
23.5558051329991
23.663756097561
23.8039831732812
23.7571358885018
23.7647162403331
23.6425644599303
23.6085621653777
23.598137928104
23.4020087108014
22.6832287753888
22.2987351916376
22.040681057194
20.9365627177701
999.99
999.99
999.99
999.99
999.99
999.99
999.99
999.99
999.99
999.99
999.99
999.99
999.99
999.99
999.99
999.99
999.99
999.99
999.99
999.99
999.99
999.99
999.99
999.99
999.99
999.99
999.99
999.99
999.99
999.99
999.99
999.99
999.99
999.99
999.99
999.99
999.99
999.99
999.99
999.99
999.99
999.99
999.99
999.99
999.99
999.99
999.99
999.99
999.99
999.99
999.99
999.99
999.99
999.99
999.99
999.99
999.99
999.99
999.99
999.99
999.99
999.99
23.8868062357602
23.995706321553
23.7823117819406
23.9168640285383
23.9675280566718
23.7301074332172
23.6162040816326
23.6410952380952
23.747308145864
23.6810522648084
23.7107999227055
23.6414149659864
23.7617273974432
23.7054162933466
23.6120387261389
23.4553530879336
23.3561721420276
23.1335863168587
22.482093661855
21.4583520135003
20.8830066368011
999.99
999.99
999.99
999.99
999.99
999.99
999.99
999.99
999.99
999.99
999.99
999.99
999.99
999.99
999.99
999.99
999.99
999.99
999.99
999.99
999.99
999.99
999.99
999.99
999.99
999.99
999.99
999.99
999.99
999.99
999.99
999.99
999.99
999.99
999.99
999.99
999.99
999.99
999.99
999.99
999.99
999.99
999.99
999.99
999.99
999.99
999.99
999.99
999.99
999.99
999.99
999.99
999.99
999.99
999.99
999.99
999.99
999.99
999.99
999.99
999.99
23.7534459930314
23.7089689810487
23.8165121951219
23.9333607546529
24.1722926829268
23.9762285204385
24.0092787456446
24.1244685986233
24.0211986062718
23.9121314693634
23.8865470383275
23.9185432990567
23.8470034843206
23.7564626497833
23.5639407665505
23.4595679442509
23.351703917736
22.9440139372822
22.4690348432056
21.8986846689894
20.8570217557576
999.99
999.99
999.99
999.99
999.99
999.99
999.99
999.99
999.99
999.99
999.99
999.99
999.99
999.99
999.99
999.99
999.99
999.99
999.99
999.99
999.99
999.99
999.99
999.99
999.99
999.99
999.99
999.99
999.99
999.99
999.99
999.99
999.99
999.99
999.99
999.99
999.99
999.99
999.99
999.99
999.99
999.99
999.99
999.99
999.99
999.99
999.99
999.99
999.99
999.99
999.99
999.99
999.99
999.99
999.99
999.99
999.99
999.99
999.99
999.99
999.99
999.99
999.99
999.99
999.99
23.7099259996682
23.8446879044301
24.0735068027211
24.1757161108346
24.2197937391494
24.083349759416
23.8963597490156
23.8601015430562
23.8625512996394
23.6498410486146
23.5079007717305
23.5036883192301
23.4247959183673
23.1762015017785
22.5994532935125
21.9927472532141
21.3093479342956
20.9949081632653
20.6072429069189
26.8746619804416
23.3241107943098
999.99
999.99
999.99
999.99
999.99
999.99
999.99
999.99
999.99
999.99
999.99
999.99
999.99
999.99
999.99
999.99
999.99
999.99
999.99
999.99
999.99
999.99
999.99
999.99
999.99
999.99
999.99
999.99
999.99
999.99
999.99
999.99
999.99
999.99
999.99
999.99
999.99
999.99
999.99
999.99
999.99
999.99
999.99
999.99
999.99
999.99
999.99
999.99
999.99
999.99
999.99
999.99
999.99
999.99
999.99
999.99
999.99
999.99
999.99
999.99
999.99
22.951756097561
23.0878078524688
23.3302926829268
23.4326044021415
23.496
23.5820779298037
23.8318048780488
23.7794306960142
23.5434390243902
23.3775954788817
22.8445365853659
22.6915133848899
22.5157073170731
22.1873848899464
21.7047370612729
21.2375243902439
21.077997620464
20.7164634146341
19.9672105889353
23.3241107943098
999.99
999.99
999.99
999.99
999.99
999.99
999.99
999.99
999.99
999.99
999.99
999.99
999.99
999.99
999.99
999.99
999.99
999.99
999.99
999.99
999.99
999.99
999.99
999.99
999.99
999.99
999.99
999.99
999.99
999.99
999.99
999.99
999.99
999.99
999.99
999.99
999.99
999.99
999.99
999.99
999.99
999.99
999.99
999.99
999.99
999.99
999.99
999.99
999.99
999.99
999.99
999.99
999.99
999.99
999.99
999.99
999.99
999.99
999.99
999.99
999.99
999.99
23.5304791365684
23.2694006968641
23.2151301096286
23.221331010453
23.0956617659556
23.0681881533101
22.9619459505396
23.0874529616725
23.033754312909
22.9019128919861
22.737227415654
22.5524599303137
21.9714629047336
21.6398606271777
21.5919719554687
21.1774260219257
20.6260226480836
20.2768254440384
20.1239494773519
19.8924812611541
999.99
999.99
999.99
999.99
999.99
999.99
999.99
999.99
999.99
999.99
999.99
999.99
999.99
999.99
999.99
999.99
999.99
999.99
999.99
999.99
999.99
999.99
999.99
999.99
999.99
999.99
999.99
999.99
999.99
999.99
999.99
999.99
999.99
999.99
999.99
999.99
999.99
999.99
999.99
999.99
999.99
999.99
999.99
999.99
999.99
999.99
999.99
999.99
999.99
999.99
999.99
999.99
999.99
999.99
999.99
999.99
999.99
999.99
999.99
999.99
999.99
999.99
999.99
999.99
23.5280069686412
23.6593356845415
23.7124181184669
23.7549451856888
23.7702996515679
23.6606614260219
23.4268641114982
23.1536819920115
22.6438153310104
22.5706724738676
22.349512195122
22.3113853148636
21.6351080139373
21.0347978244242
20.2388087872864
20.0174529616725
19.6021646129005
19.354968641115
23.3241107943098
23.3241107943098
999.99
999.99
999.99
999.99
999.99
999.99
999.99
999.99
999.99
999.99
999.99
999.99
999.99
999.99
999.99
999.99
999.99
999.99
999.99
999.99
999.99
999.99
999.99
999.99
999.99
999.99
999.99
999.99
999.99
999.99
999.99
999.99
999.99
999.99
999.99
999.99
999.99
999.99
999.99
999.99
999.99
999.99
999.99
999.99
999.99
999.99
999.99
999.99
999.99
999.99
999.99
999.99
999.99
999.99
999.99
999.99
999.99
999.99
999.99
999.99
999.99
23.8680662020906
23.8012116937197
23.6599616724739
23.6482010707912
23.5900452961673
23.7401787201496
23.7304668989547
23.4693490269398
23.0695888501742
23.1491204215178
23.1790766550522
23.0051274751423
23.0976202090593
22.4445704937537
22.1607526132404
21.3442216367808
20.7253930483555
20.2727804878049
19.9899241097986
19.6307334494773
999.99
999.99
999.99
999.99
999.99
999.99
999.99
999.99
999.99
999.99
999.99
999.99
999.99
999.99
999.99
999.99
999.99
999.99
999.99
999.99
999.99
999.99
999.99
999.99
999.99
999.99
999.99
999.99
999.99
999.99
999.99
999.99
999.99
999.99
999.99
999.99
999.99
999.99
999.99
999.99
999.99
999.99
999.99
999.99
999.99
999.99
999.99
999.99
999.99
999.99
999.99
999.99
999.99
999.99
999.99
999.99
999.99
999.99
999.99
999.99
999.99
999.99
999.99
999.99
23.5852418628368
23.5434146341464
23.7068406560721
23.7700696864111
23.7068769439959
23.9297804878049
23.8949859777343
23.7585958188153
23.5705377751338
23.497212543554
23.3463562505312
23.2603484320558
22.9249529191808
22.3678919860627
21.9163200475907
21.4492334494774
21.0703048780488
20.3574900144471
19.8423432055748
19.6119870825189
999.99
999.99
999.99
999.99
999.99
999.99
999.99
999.99
999.99
999.99
999.99
999.99
999.99
999.99
999.99
999.99
999.99
999.99
999.99
999.99
999.99
999.99
999.99
999.99
999.99
999.99
999.99
999.99
999.99
999.99
999.99
999.99
999.99
999.99
999.99
999.99
999.99
999.99
999.99
999.99
999.99
999.99
999.99
999.99
999.99
999.99
999.99
999.99
999.99
999.99
999.99
999.99
999.99
999.99
999.99
999.99
999.99
999.99
999.99
999.99
999.99
999.99
23.9125156794425
24.1587506586216
24.0845226480836
23.842597943401
23.7447212543554
23.7323034758222
23.7181254355401
23.9592225715985
23.833425087108
23.7333351746409
23.6080069686411
23.3561332540155
23.0677108013938
22.8849860627178
22.7083832752613
22.4484495623353
21.9469060083283
21.2303484320558
20.3973730772499
19.7639076655052
999.99
999.99
999.99
999.99
999.99
999.99
999.99
999.99
999.99
999.99
999.99
999.99
999.99
999.99
999.99
999.99
999.99
999.99
999.99
999.99
999.99
999.99
999.99
999.99
999.99
999.99
999.99
999.99
999.99
999.99
999.99
999.99
999.99
999.99
999.99
999.99
999.99
999.99
999.99
999.99
999.99
999.99
999.99
999.99
999.99
999.99
999.99
999.99
999.99
999.99
999.99
999.99
999.99
999.99
999.99
999.99
999.99
999.99
999.99
999.99
999.99
999.99
999.99
999.99
999.99
23.8558392234943
23.8269358617927
23.933400199104
23.9107486918622
24.0226849178696
24.1043828503442
24.0935226480836
23.9985649455499
23.8346256844201
23.6121110369193
23.1449980089598
22.5719480751254
22.5306575410652
22.6908498828443
22.2478571428571
21.5722705326033
20.6965599800896
20.3178680935789
20.2426072065947
19.8349387755102
999.99
999.99
999.99
999.99
999.99
999.99
999.99
999.99
999.99
999.99
999.99
999.99
999.99
999.99
999.99
999.99
999.99
999.99
999.99
999.99
999.99
999.99
999.99
999.99
999.99
999.99
999.99
999.99
999.99
999.99
999.99
999.99
999.99
999.99
999.99
999.99
999.99
999.99
999.99
999.99
999.99
999.99
999.99
999.99
999.99
999.99
999.99
999.99
999.99
999.99
999.99
999.99
999.99
999.99
999.99
999.99
999.99
999.99
999.99
999.99
999.99
999.99
999.99
23.942
24.0496728138013
24.1998292682927
24.1769619274242
24.0938292682927
24.089500892326
24.120756097561
24.0870475907198
23.822243902439
23.806496133254
23.462268292683
23.0791820345033
23.0092195121951
22.9624259369423
22.7527519333729
22.0766341463415
21.5837227840571
21.0686219512195
20.907505056514
20.8964024390244
999.99
999.99
999.99
999.99
999.99
999.99
999.99
999.99
999.99
999.99
999.99
999.99
999.99
999.99
999.99
999.99
999.99
999.99
999.99
999.99
999.99
999.99
999.99
999.99
999.99
999.99
999.99
999.99
999.99
999.99
999.99
999.99
999.99
999.99
999.99
999.99
999.99
999.99
999.99
999.99
999.99
999.99
999.99
999.99
999.99
999.99
999.99
999.99
999.99
999.99
999.99
999.99
999.99
999.99
999.99
999.99
999.99
999.99
999.99
999.99
999.99
999.99
24.047265196858
24.0492832254853
24.0747984557297
24.0423474365356
24.1492128592067
24.1225420607267
24.1405249669172
24.1760223992036
24.1011509062875
24.132993529119
23.9731259211597
23.5836062717771
23.1603085626875
22.9232284718766
22.9647307239374
22.7783926962813
22.4250895968144
21.88602602921
21.2085281234444
20.7487802814166
999.99
999.99
999.99
999.99
999.99
999.99
999.99
999.99
999.99
999.99
999.99
999.99
999.99
999.99
999.99
999.99
999.99
999.99
999.99
999.99
999.99
999.99
999.99
999.99
999.99
999.99
999.99
999.99
999.99
999.99
999.99
999.99
999.99
999.99
999.99
999.99
999.99
999.99
999.99
999.99
999.99
999.99
999.99
999.99
999.99
999.99
999.99
999.99
999.99
999.99
999.99
999.99
999.99
999.99
999.99
999.99
999.99
999.99
999.99
999.99
999.99
999.99
999.99
24.2759162913232
24.2584773519164
24.2420096031274
24.1034668989547
23.9792190022946
23.9264703832753
24.0165919945611
24.0357038327526
23.9861350386674
23.8681637630662
23.3776244582308
23.1643588850174
23.0307498087873
22.8201637630662
22.9166063567604
22.4261946120506
22.0340696864112
21.3463817455596
20.6326393728222
20.4379258094671
999.99
999.99
999.99
999.99
999.99
999.99
999.99
999.99
999.99
999.99
999.99
999.99
999.99
999.99
999.99
999.99
999.99
999.99
999.99
999.99
999.99
999.99
999.99
999.99
999.99
999.99
999.99
999.99
999.99
999.99
999.99
999.99
999.99
999.99
999.99
999.99
999.99
999.99
999.99
999.99
999.99
999.99
999.99
999.99
999.99
999.99
999.99
999.99
999.99
999.99
999.99
999.99
999.99
999.99
999.99
999.99
999.99
999.99
999.99
999.99
999.99
24.1147741990312
24.1405540069686
24.1545980283845
24.1054738675958
24.1215466983938
24.1024668989547
24.1966939746749
24.2768222996516
24.2087425851959
24.2103519163763
24.2801460015297
24.0784599303136
23.8698206849665
23.7775400696864
23.5741685221382
23.3240243902439
23.0707964646894
22.6469725503526
22.0861951219512
21.3181358885017
999.99
999.99
999.99
999.99
999.99
999.99
999.99
999.99
999.99
999.99
999.99
999.99
999.99
999.99
999.99
999.99
999.99
999.99
999.99
999.99
999.99
999.99
999.99
999.99
999.99
999.99
999.99
999.99
999.99
999.99
999.99
999.99
999.99
999.99
999.99
999.99
999.99
999.99
999.99
999.99
999.99
999.99
999.99
999.99
999.99
999.99
999.99
999.99
999.99
999.99
999.99
999.99
999.99
999.99
999.99
999.99
999.99
999.99
999.99
999.99
999.99
999.99
999.99
999.99
24.1537944250871
23.9445009773094
24.0368885017422
23.9532299651568
24.0373867595819
24.2048601172771
24.1670905923345
24.2638556981389
24.3799616724739
24.3264216027875
24.2860836236934
24.2624983428232
24.1945818815331
24.1143099345628
23.9781567944251
23.6791561995411
23.4188560380725
22.8988344947735
21.9293918585875
20.7174494773518
999.99
999.99
999.99
999.99
999.99
999.99
999.99
999.99
999.99
999.99
999.99
999.99
999.99
999.99
999.99
999.99
999.99
999.99
999.99
999.99
999.99
999.99
999.99
999.99
999.99
999.99
999.99
999.99
999.99
999.99
999.99
999.99
999.99
999.99
999.99
999.99
999.99
999.99
999.99
999.99
999.99
999.99
999.99
999.99
999.99
999.99
999.99
999.99
999.99
999.99
999.99
999.99
999.99
999.99
999.99
999.99
999.99
999.99
999.99
999.99
999.99
999.99
999.99
24.2033588850174
24.248817030679
24.1416620209059
24.0300772499363
24.1853554006969
24.2113055154245
24.3356306620209
24.5010278745645
24.450543554007
24.4346369507946
24.306487804878
24.2569913316903
24.2526794425087
24.1415783972125
24.0334947735192
23.882169881873
23.4213938132064
22.7329285714286
21.7451065692189
38.4693919860678
999.99
999.99
999.99
999.99
999.99
999.99
999.99
999.99
999.99
999.99
999.99
999.99
999.99
999.99
999.99
999.99
999.99
999.99
999.99
999.99
999.99
999.99
999.99
999.99
999.99
999.99
999.99
999.99
999.99
999.99
999.99
999.99
999.99
999.99
999.99
999.99
999.99
999.99
999.99
999.99
999.99
999.99
999.99
999.99
999.99
999.99
999.99
999.99
999.99
999.99
999.99
999.99
999.99
999.99
999.99
999.99
999.99
999.99
999.99
999.99
999.99
999.99
24.1404320557491
24.2160069686411
24.3269042236764
24.1661881533101
24.296185348857
24.4126655052265
24.5505909747599
24.5726933797909
24.5364905243478
24.4491324041812
24.3463374691935
24.2884529616725
24.3621001954619
24.3691951219512
24.1542191722614
24.0276445993031
23.8358039432311
23.5057481091186
22.2283919860628
21.4067788731197
999.99
999.99
999.99
999.99
999.99
999.99
999.99
999.99
999.99
999.99
999.99
999.99
999.99
999.99
999.99
999.99
999.99
999.99
999.99
999.99
999.99
999.99
999.99
999.99
999.99
999.99
999.99
999.99
999.99
999.99
999.99
999.99
999.99
999.99
999.99
999.99
999.99
999.99
999.99
999.99
999.99
999.99
999.99
999.99
999.99
999.99
999.99
999.99
999.99
999.99
999.99
999.99
999.99
999.99
999.99
999.99
999.99
999.99
999.99
999.99
999.99
999.99
24.1633414634146
24.2970327186199
24.4412682926829
24.5714776918501
24.4246585365854
24.3834312908983
24.4260243902439
24.4068988697204
24.635512195122
24.5467816775729
24.2769756097561
24.0528358120166
24.218756097561
24.298744199881
24.2354878048781
24.1252325996431
23.9662682926829
23.6618780487805
23.1105948839975
21.9214512195123
999.99
999.99
999.99
999.99
999.99
999.99
999.99
999.99
999.99
999.99
999.99
999.99
999.99
999.99
999.99
999.99
999.99
999.99
999.99
999.99
999.99
999.99
999.99
999.99
999.99
999.99
999.99
999.99
999.99
999.99
999.99
999.99
999.99
999.99
999.99
999.99
999.99
999.99
999.99
999.99
999.99
999.99
999.99
999.99
999.99
999.99
999.99
999.99
999.99
999.99
999.99
999.99
999.99
999.99
999.99
999.99
999.99
999.99
999.99
999.99
999.99
999.99
999.99
23.7332319561972
24.1999301780201
24.2815306122449
24.6063199484434
24.5696604446657
24.4754724754863
24.3677640617222
24.1812054616017
24.2391648415464
24.3870232368974
24.3805263812842
24.2818184430226
24.1887079807533
24.0020030776142
23.7213295171727
23.7033800135164
23.5103700846192
23.0617912543959
21.8129988891451
20.5507696200432
999.99
999.99
999.99
999.99
999.99
999.99
999.99
999.99
999.99
999.99
999.99
999.99
999.99
999.99
999.99
999.99
999.99
999.99
999.99
999.99
999.99
999.99
999.99
999.99
999.99
999.99
999.99
999.99
999.99
999.99
999.99
999.99
999.99
999.99
999.99
999.99
999.99
999.99
999.99
999.99
999.99
999.99
999.99
999.99
999.99
999.99
999.99
999.99
999.99
999.99
999.99
999.99
999.99
999.99
999.99
999.99
999.99
999.99
999.99
999.99
999.99
999.99
999.99
999.99
23.2340183564205
23.3850139372823
23.8334398742245
24.1172020905923
24.1398961502507
24.1721080139373
24.215818815331
24.1892020905923
24.153238548483
24.1383379790941
23.9726679697459
23.828574912892
23.5549300586386
23.3583658536586
22.9378290133424
22.2906864111498
21.5244426786776
20.3214739525792
19.4571620209059
20.7063610945843
999.99
999.99
999.99
999.99
999.99
999.99
999.99
999.99
999.99
999.99
999.99
999.99
999.99
999.99
999.99
999.99
999.99
999.99
999.99
999.99
999.99
999.99
999.99
999.99
999.99
999.99
999.99
999.99
999.99
999.99
999.99
999.99
999.99
999.99
999.99
999.99
999.99
999.99
999.99
999.99
999.99
999.99
999.99
999.99
999.99
999.99
999.99
999.99
999.99
999.99
999.99
999.99
999.99
999.99
999.99
999.99
999.99
999.99
23.7707696645583
23.6322297263938
23.5660978098556
23.3869353741497
23.299681682429
23.1422029282861
23.2469672307947
23.1179198950252
23.2024047619048
23.1635833262514
23.2434254189481
23.2803829737725
23.2498046291688
23.3157782033694
23.2386859133898
23.0759834444188
22.9323469387755
22.2220507958092
21.5984888833583
21.1812803623532
999.99
999.99
999.99
999.99
999.99
999.99
999.99
999.99
999.99
999.99
999.99
999.99
999.99
999.99
999.99
999.99
999.99
999.99
999.99
999.99
999.99
999.99
999.99
999.99
999.99
999.99
999.99
999.99
999.99
999.99
999.99
999.99
999.99
999.99
999.99
999.99
999.99
999.99
999.99
999.99
999.99
999.99
999.99
999.99
999.99
999.99
999.99
999.99
999.99
999.99
999.99
999.99
999.99
999.99
999.99
999.99
999.99
999.99
999.99
999.99
23.9938797909408
23.9428198351321
23.8351010452962
23.8834634996176
23.8776480836237
23.9888919860627
23.9955489079629
24.0490522648084
23.7757574572958
23.886212543554
23.6103936432396
23.1082090592335
22.9338302880938
22.684456445993
22.7189586980539
22.3673554006969
22.0866131554347
22.0637421602787
22.0541375031869
21.8186620209059
999.99
999.99
999.99
999.99
999.99
999.99
999.99
999.99
999.99
999.99
999.99
999.99
999.99
999.99
999.99
999.99
999.99
999.99
999.99
999.99
999.99
999.99
999.99
999.99
999.99
999.99
999.99
999.99
999.99
999.99
999.99
999.99
999.99
999.99
999.99
999.99
999.99
999.99
999.99
999.99
999.99
999.99
999.99
999.99
999.99
999.99
999.99
999.99
999.99
999.99
999.99
999.99
999.99
999.99
999.99
999.99
999.99
999.99
999.99
24.0101742989879
24.0419529576256
23.9394278247885
24.0388865005848
23.9639619213539
23.8672380952381
23.8895262983242
23.9475197748344
24.0910494259572
24.2597303799569
24.1353801045701
24.2251572092251
23.9843766930925
23.6881280902606
23.2083920062969
22.9058588850174
22.8035661595989
22.6118211382114
22.390796594188
22.2068888335822
999.99
999.99
999.99
999.99
999.99
999.99
999.99
999.99
999.99
999.99
999.99
999.99
999.99
999.99
999.99
999.99
999.99
999.99
999.99
999.99
999.99
999.99
999.99
999.99
999.99
999.99
999.99
999.99
999.99
999.99
999.99
999.99
999.99
999.99
999.99
999.99
999.99
999.99
999.99
999.99
999.99
999.99
999.99
999.99
999.99
999.99
999.99
999.99
999.99
999.99
999.99
999.99
999.99
999.99
999.99
999.99
999.99
23.8783013937282
23.8381202515509
23.9348432055749
23.8834494773519
23.9126306620209
24.05099405116
24.2054947735192
24.2855711736211
24.1517334494773
24.021668989547
23.9426324041812
23.6792456021076
23.8337073170732
23.9606984787966
23.9253477521883
23.8805888501742
23.7663832752613
23.7389790940767
23.4115301266253
23.4192334494773
999.99
999.99
999.99
999.99
999.99
999.99
999.99
999.99
999.99
999.99
999.99
999.99
999.99
999.99
999.99
999.99
999.99
999.99
999.99
999.99
999.99
999.99
999.99
999.99
999.99
999.99
999.99
999.99
999.99
999.99
999.99
999.99
999.99
999.99
999.99
999.99
999.99
999.99
999.99
999.99
999.99
999.99
999.99
999.99
999.99
999.99
999.99
999.99
999.99
999.99
999.99
999.99
999.99
999.99
999.99
999.99
999.99
999.99
999.99
999.99
23.8581279000595
23.6615243902439
23.324754312909
23.3044756097561
23.5691754907793
23.7742073170732
23.8207317073171
23.9068414634146
24.0358352171327
23.8352195121951
23.897760856633
23.8530975609756
23.6523384889946
23.5075731707317
23.5105431290898
23.4848414634146
23.6052676977989
23.5133938132064
23.4167804878049
23.2190612730517
22.8404390243902
22.4811808447353
21.9614146341464
21.4215520523498
999.99
999.99
999.99
999.99
999.99
999.99
999.99
999.99
999.99
999.99
999.99
999.99
999.99
999.99
999.99
999.99
999.99
999.99
999.99
999.99
999.99
999.99
999.99
999.99
999.99
999.99
999.99
999.99
999.99
999.99
999.99
999.99
999.99
999.99
999.99
999.99
999.99
999.99
999.99
999.99
999.99
999.99
999.99
999.99
999.99
999.99
999.99
999.99
999.99
999.99
999.99
24.1611881533101
24.0322264808362
24.0513763066202
24.0397138607971
24.0233175830713
23.87593728223
23.7388058978499
23.6733327526132
23.5120796294723
23.5380017421603
23.4952971020651
23.4521794425087
23.2932286904054
23.3637003484321
23.3746341463415
23.6038031358885
23.7653204725079
23.5835993031359
23.5737634061358
23.4470644599303
23.3503741820345
23.1827351916376
23.0036385654797
22.8677839721254
22.9137271182119
22.6830387524433
22.4483414634146
22.3095177190448
21.9187386759581
21.4235222231665
999.99
999.99
999.99
999.99
999.99
999.99
999.99
999.99
999.99
999.99
999.99
999.99
999.99
999.99
999.99
999.99
999.99
999.99
999.99
999.99
999.99
999.99
999.99
999.99
999.99
999.99
999.99
999.99
999.99
999.99
999.99
999.99
999.99
999.99
999.99
999.99
999.99
999.99
999.99
999.99
999.99
999.99
999.99
999.99
999.99
999.99
23.9014815161044
24.023487804878
999.99
24.0849024390244
24.149542364239
24.0907526132404
24.0355019121271
23.9756027874565
23.8330464009518
23.834
23.802963287159
23.6365902948925
23.7496202090592
23.7015551117532
23.687287456446
23.6549864026515
23.3249181184669
23.2610139372822
23.2729337979094
23.5235289368573
23.5712090592334
23.6447073170732
23.7257717770035
23.6181289198606
23.5544181184669
23.3775581711566
23.3183379790941
23.0819649018442
22.8420557491289
22.5571581541599
22.4900958188153
999.99
999.99
999.99
999.99
999.99
999.99
999.99
999.99
999.99
999.99
999.99
999.99
999.99
999.99
999.99
999.99
999.99
999.99
999.99
999.99
999.99
999.99
999.99
999.99
999.99
999.99
999.99
999.99
999.99
999.99
999.99
999.99
999.99
999.99
999.99
999.99
999.99
999.99
999.99
999.99
999.99
999.99
999.99
999.99
999.99
999.99
999.99
999.99
23.490364105428
23.5137139538742
23.6573229127463
23.7354980919197
23.7889115646259
23.9119951883192
24.0326462382693
23.9572050771528
23.9385877737175
23.9457041645927
23.9663401360544
23.8901815165091
23.7400701072815
23.6404713787954
23.6647966953587
23.8140943599332
23.7743426248548
23.4633279105813
23.2763443670151
23.0354217687075
23.046331425253
23.197828928359
23.1971824290692
23.4935446061827
23.639068773851
23.5791156462585
23.3927920192467
23.366647670847
23.1180486145678
999.99
999.99
999.99
999.99
999.99
999.99
999.99
999.99
999.99
999.99
999.99
999.99
999.99
999.99
999.99
999.99
999.99
999.99
999.99
999.99
999.99
999.99
999.99
999.99
999.99
999.99
999.99
999.99
999.99
999.99
999.99
999.99
999.99
999.99
999.99
999.99
999.99
999.99
999.99
999.99
999.99
999.99
999.99
999.99
999.99
999.99
999.99
999.99
999.99
999.99
999.99
23.2521846689896
23.3628030084134
23.4497526132404
23.5182041301946
23.4997003484321
23.389243902439
23.4437665505227
23.5006428996346
23.6994355400697
23.8535957338319
23.7592857142857
23.7548041131979
23.7227073170732
23.6916378006289
23.4503972125436
23.4322716070366
23.5970418118467
23.5284714030764
23.4514748024135
23.1689790940766
23.0277917906008
22.9864320557492
22.9316848814482
22.7948832752614
22.7154039262344
23.0066132404181
23.097063907538
23.238
23.3758536585366
999.99
999.99
999.99
999.99
999.99
999.99
999.99
999.99
999.99
999.99
999.99
999.99
999.99
999.99
999.99
999.99
999.99
999.99
999.99
999.99
999.99
999.99
999.99
999.99
999.99
999.99
999.99
999.99
999.99
999.99
999.99
999.99
999.99
999.99
999.99
999.99
999.99
999.99
999.99
999.99
999.99
999.99
23.189807395177
999.99
999.99
23.1498446158951
23.2564334276245
23.1361703169073
23.0733853270041
23.0807912726066
23.1262753827289
23.0636462585034
23.1281833416293
23.1943797747535
23.2739842375975
23.1765645327733
23.2380574083292
23.189537819649
23.1706608594658
23.2381467987552
23.3363476024556
23.3252361689471
23.4208807035009
23.3313213102017
23.3236683258669
23.4673914862792
23.5161360544218
23.5955575965068
23.5495601460097
23.5275588348367
23.4147867927659
23.2343451015147
22.9610916404634
22.654668740667
22.4285651074231
22.4638800398208
999.99
999.99
999.99
999.99
999.99
999.99
999.99
999.99
999.99
999.99
999.99
999.99
999.99
999.99
999.99
999.99
999.99
999.99
999.99
999.99
999.99
999.99
999.99
999.99
999.99
999.99
999.99
999.99
999.99
999.99
999.99
999.99
999.99
999.99
999.99
999.99
999.99
999.99
999.99
999.99
999.99
999.99
999.99
999.99
999.99
999.99
999.99
999.99
999.99
23.4216276876009
23.2963885017421
23.1218879918416
22.885574912892
22.758104784567
22.7433658536585
22.8736212288604
22.8513240418118
22.8479578482196
22.9503033908388
22.9233797909408
22.9384865301266
23.0624494773519
23.005474292513
23.1428222996516
23.1989244497323
23.2666202090593
23.1924794765021
23.4039721254355
23.1067788731198
23.1755644599303
23.3344865301266
23.3330766550523
23.2270115577462
23.306425087108
23.2732705022521
999.99
999.99
999.99
999.99
999.99
999.99
999.99
999.99
999.99
999.99
999.99
999.99
999.99
999.99
999.99
999.99
999.99
999.99
999.99
999.99
999.99
999.99
999.99
999.99
999.99
999.99
999.99
999.99
999.99
999.99
999.99
999.99
999.99
999.99
999.99
999.99
999.99
999.99
999.99
999.99
999.99
999.99
999.99
999.99
999.99
999.99
999.99
999.99
999.99
999.99
999.99
999.99
999.99
999.99
999.99
999.99
999.99
23.2827630662021
23.2830156794425
23.295654287414
23.0122003484321
22.8956357893544
22.8426951219512
22.7993835868672
22.6550412311266
22.6703969292654
22.7444609217869
22.7498095238095
22.9266738336025
23.2103774680604
23.3652649783292
23.3830104529617
23.3082961672473
23.3283461091754
23.4210828871703
23.4052264808362
999.99
999.99
23.5555212033653
999.99
999.99
999.99
999.99
999.99
999.99
999.99
999.99
999.99
999.99
999.99
999.99
999.99
999.99
999.99
999.99
999.99
999.99
999.99
999.99
999.99
999.99
999.99
999.99
999.99
999.99
999.99
999.99
999.99
999.99
999.99
999.99
999.99
999.99
999.99
999.99
999.99
999.99
999.99
999.99
999.99
999.99
999.99
999.99
999.99
999.99
999.99
999.99
999.99
999.99
999.99
999.99
999.99
999.99
999.99
999.99
999.99
999.99
999.99
999.99
999.99
23.1473565054814
23.0434878048781
22.9159841930824
22.7166829268293
22.6023147786181
22.5610470383275
22.4845563865046
22.5311393728223
22.460144471828
22.59251041047
22.7993728222996
23.2288861222062
23.3515993031359
23.3134599303136
23.1549721254355
999.99
999.99
999.99
999.99
999.99
999.99
999.99
999.99
999.99
999.99
999.99
999.99
999.99
999.99
999.99
999.99
999.99
999.99
999.99
999.99
999.99
999.99
999.99
999.99
999.99
999.99
999.99
999.99
999.99
999.99
999.99
999.99
999.99
999.99
999.99
999.99
999.99
999.99
999.99
999.99
999.99
999.99
999.99
999.99
999.99
999.99
999.99
999.99
999.99
999.99
999.99
999.99
999.99
999.99
999.99
999.99
999.99
999.99
999.99
999.99
999.99
999.99
999.99
999.99
999.99
999.99
999.99
999.99
22.7625379451007
22.5900818815331
22.409827143707
22.2549947735192
21.9957284779468
22.0224756097561
22.1409332880088
22.1413641114983
22.2994086853063
22.4134754822809
22.6335226480836
22.9295443188578
999.99
999.99
999.99
999.99
999.99
999.99
999.99
999.99
999.99
999.99
999.99
999.99
999.99
999.99
999.99
999.99
999.99
999.99
999.99
999.99
999.99
999.99
999.99
999.99
999.99
999.99
999.99
999.99
999.99
999.99
999.99
999.99
999.99
999.99
999.99
999.99
999.99
999.99
999.99
999.99
999.99
999.99
999.99
999.99
999.99
999.99
999.99
999.99
999.99
999.99
999.99
999.99
999.99
999.99
999.99
999.99
999.99
999.99
999.99
999.99
999.99
999.99
999.99
999.99
999.99
999.99
999.99
999.99
999.99
999.99
999.99
999.99
22.1468344947735
21.9478885017422
999.99
999.99
999.99
999.99
999.99
999.99
999.99
999.99
999.99
999.99
999.99
999.99
999.99
999.99
999.99
999.99
999.99
999.99
999.99
999.99
999.99
999.99
999.99
999.99
999.99
999.99
999.99
999.99
999.99
999.99
999.99
999.99
999.99
999.99
999.99
999.99
999.99
999.99
999.99
999.99
999.99
999.99
999.99
999.99
999.99
999.99
999.99
999.99
999.99
999.99
999.99
999.99
999.99
999.99
999.99
999.99
999.99
999.99
999.99
999.99
999.99
999.99
999.99
999.99
999.99
999.99
999.99
999.99
999.99
999.99
999.99
999.99
999.99
999.99
999.99
999.99
999.99
999.99
999.99
999.99
999.99
999.99
999.99
999.99
999.99
999.99
999.99
999.99
999.99
999.99
999.99
999.99
999.99
999.99
999.99
999.99
999.99
999.99
999.99
999.99
999.99
999.99
999.99
999.99
999.99
999.99
999.99
999.99
999.99
999.99
999.99
999.99
999.99
999.99
999.99
999.99
999.99
999.99
999.99
999.99
999.99
999.99
999.99
999.99
999.99
999.99
999.99
999.99
999.99
999.99
999.99
999.99
999.99
999.99
999.99
999.99
999.99
999.99
999.99
999.99
999.99
999.99
999.99
999.99
999.99
999.99
999.99
999.99
999.99
999.99
999.99
999.99
999.99
999.99
999.99
999.99
999.99
999.99
999.99
999.99
999.99
999.99
999.99
999.99
999.99
999.99
999.99
999.99
999.99
999.99
999.99
999.99
999.99
999.99
999.99
999.99
999.99
999.99
999.99
999.99
999.99
999.99
999.99
999.99
999.99
999.99
999.99
999.99
999.99
999.99
999.99
999.99
999.99
999.99
999.99
999.99
999.99
999.99
999.99
999.99
999.99
999.99
999.99
999.99
999.99
999.99
999.99
999.99
999.99
999.99
999.99
999.99
999.99
999.99
999.99
999.99
999.99
999.99
999.99
999.99
999.99
999.99
999.99
999.99
999.99
999.99
999.99
999.99
999.99
999.99
999.99
999.99
999.99
999.99
999.99
999.99
999.99
999.99
999.99
999.99
999.99
999.99
999.99
999.99
999.99
999.99
999.99
999.99
999.99
999.99
999.99
999.99
999.99
999.99
999.99
999.99
999.99
999.99
999.99
999.99
999.99
999.99
999.99
999.99
999.99
999.99
999.99
999.99
999.99
999.99
999.99
999.99
999.99
999.99
999.99
999.99
999.99
999.99
999.99
999.99
999.99
999.99
999.99
999.99
999.99
999.99
999.99
999.99
999.99
999.99
999.99
999.99
999.99
999.99
999.99
999.99
999.99
999.99
999.99
999.99
999.99
999.99
999.99
999.99
999.99
999.99
999.99
999.99
999.99
999.99
999.99
999.99
999.99
999.99
999.99
999.99
999.99
999.99
999.99
999.99
999.99
999.99
999.99
999.99
999.99
999.99
999.99
999.99
999.99
999.99
999.99
999.99
999.99
999.99
999.99
999.99
999.99
999.99
999.99
999.99
999.99
999.99
999.99
999.99
999.99
999.99
999.99
999.99
999.99
999.99
999.99
999.99
999.99
999.99
999.99
999.99
999.99
999.99
999.99
999.99
999.99
999.99
999.99
999.99
999.99
999.99
999.99
999.99
999.99
999.99
999.99
999.99
999.99
999.99
999.99
999.99
999.99
999.99
999.99
999.99
999.99
999.99
999.99
999.99
999.99
999.99
999.99
999.99
999.99
999.99
999.99
999.99
999.99
999.99
999.99
999.99
999.99
999.99
999.99
999.99
999.99
999.99
999.99
999.99
999.99
999.99
999.99
999.99
999.99
999.99
999.99
