999.99
999.99
999.99
999.99
999.99
999.99
999.99
999.99
999.99
999.99
999.99
999.99
999.99
999.99
999.99
999.99
999.99
999.99
999.99
999.99
999.99
999.99
999.99
999.99
999.99
999.99
999.99
999.99
999.99
999.99
999.99
999.99
999.99
999.99
999.99
999.99
999.99
999.99
999.99
999.99
999.99
999.99
999.99
999.99
999.99
999.99
999.99
999.99
999.99
999.99
999.99
999.99
999.99
999.99
999.99
999.99
999.99
999.99
999.99
999.99
999.99
999.99
999.99
999.99
999.99
999.99
999.99
999.99
999.99
999.99
999.99
999.99
999.99
999.99
999.99
999.99
999.99
999.99
999.99
999.99
999.99
999.99
999.99
999.99
999.99
999.99
999.99
999.99
999.99
999.99
999.99
999.99
999.99
999.99
999.99
999.99
999.99
999.99
999.99
999.99
999.99
999.99
999.99
999.99
999.99
999.99
999.99
999.99
999.99
999.99
999.99
999.99
999.99
999.99
999.99
999.99
999.99
999.99
999.99
999.99
999.99
999.99
999.99
999.99
999.99
999.99
999.99
999.99
999.99
999.99
999.99
999.99
999.99
999.99
17.5871820345033
17.6954932438175
17.6628153310104
17.6154700433415
17.584299651568
17.6084054559361
17.5014529616725
17.4092248661511
17.3378536585366
17.3491332540155
17.4485087108014
17.4252812101641
17.2374006968641
17.4440755502677
17.2693588850174
17.5041897679953
17.3654843205575
17.1277642559701
17.202968641115
17.2082264808362
17.0904146341463
999.99
999.99
999.99
999.99
999.99
999.99
999.99
999.99
999.99
999.99
999.99
999.99
999.99
999.99
999.99
999.99
999.99
999.99
999.99
999.99
999.99
999.99
999.99
999.99
999.99
999.99
999.99
999.99
999.99
999.99
999.99
999.99
999.99
999.99
999.99
999.99
999.99
999.99
999.99
999.99
999.99
999.99
999.99
999.99
999.99
999.99
999.99
999.99
999.99
999.99
999.99
999.99
999.99
999.99
999.99
999.99
999.99
999.99
999.99
999.99
999.99
999.99
17.5426890031444
17.5628980138159
17.4709793429567
17.4679029064333
17.4838887506222
17.5342089438988
17.488612991538
17.555135621411
17.4616577899452
17.3664498719178
17.3673275261324
17.368683564205
17.5644131408661
17.5606211074555
17.4698648581384
17.5113265306122
17.5042105525137
17.5755740144957
17.4942575908412
17.4818113246488
17.1485856147337
999.99
999.99
999.99
999.99
999.99
999.99
999.99
999.99
999.99
999.99
999.99
999.99
999.99
999.99
999.99
999.99
999.99
999.99
999.99
999.99
999.99
999.99
999.99
999.99
999.99
999.99
999.99
999.99
999.99
999.99
999.99
999.99
999.99
999.99
999.99
999.99
999.99
999.99
999.99
999.99
999.99
999.99
999.99
999.99
999.99
999.99
999.99
999.99
999.99
999.99
999.99
999.99
999.99
999.99
999.99
999.99
999.99
999.99
999.99
999.99
999.99
999.99
17.4512933627943
17.2998973400187
17.4480940766551
17.524740630577
17.521787456446
17.403136738336
17.2812369337979
17.2829540239653
17.4580557491289
17.3673027959548
17.3303867595819
17.3402369337979
17.3577526132404
17.5350741055494
17.5786620209059
17.5179552987168
17.5375714285714
17.6405930143622
17.5317003484321
17.3089260644175
16.7748745644599
999.99
999.99
999.99
999.99
999.99
999.99
999.99
999.99
999.99
999.99
999.99
999.99
999.99
999.99
999.99
999.99
999.99
999.99
999.99
999.99
999.99
999.99
999.99
999.99
999.99
999.99
999.99
999.99
999.99
999.99
999.99
999.99
999.99
999.99
999.99
999.99
999.99
999.99
999.99
999.99
999.99
999.99
999.99
999.99
999.99
999.99
999.99
999.99
999.99
999.99
999.99
999.99
999.99
999.99
999.99
999.99
999.99
999.99
999.99
999.99
999.99
999.99
17.2833573553157
17.1775554516869
17.279425087108
17.3469999150166
17.2815818815331
17.1527027279681
17.2903449477352
17.2321962267358
17.295700348432
17.4095043766465
17.4694355400697
17.4619790940766
17.4371358885017
17.3163489419563
17.4279233449477
17.3543263363644
17.2132822299651
17.1199819835133
17.0951393728223
16.841968641115
39.1123658536599
999.99
999.99
999.99
999.99
999.99
999.99
999.99
999.99
999.99
999.99
999.99
999.99
999.99
999.99
999.99
999.99
999.99
999.99
999.99
999.99
999.99
999.99
999.99
999.99
999.99
999.99
999.99
999.99
999.99
999.99
999.99
999.99
999.99
999.99
999.99
999.99
999.99
999.99
999.99
999.99
999.99
999.99
999.99
999.99
999.99
999.99
999.99
999.99
999.99
999.99
999.99
999.99
999.99
999.99
999.99
999.99
999.99
999.99
999.99
999.99
999.99
999.99
999.99
17.4225270672219
17.2604355400697
17.269963287159
17.4164181184669
17.3321025749979
17.2518675958188
17.4285540919521
17.5460069686411
17.5970192062548
17.4420871080139
17.4252073595649
17.4125714285714
17.4707538030084
17.3669721254355
17.3598606271777
17.0749895470383
16.9116457040878
16.8506341463415
16.5594983428232
38.8494425087122
19.132357698772
999.99
999.99
999.99
999.99
999.99
999.99
999.99
999.99
999.99
999.99
999.99
999.99
999.99
999.99
999.99
999.99
999.99
999.99
999.99
999.99
999.99
999.99
999.99
999.99
999.99
999.99
999.99
999.99
999.99
999.99
999.99
999.99
999.99
999.99
999.99
999.99
999.99
999.99
999.99
999.99
999.99
999.99
999.99
999.99
999.99
999.99
999.99
999.99
999.99
999.99
999.99
999.99
999.99
999.99
999.99
999.99
999.99
999.99
999.99
999.99
999.99
17.3929786691595
17.2950922920031
17.4782752613241
17.3624911192317
17.1937804878049
17.2660865131299
17.4199860627178
17.4162600492904
17.4525331010453
17.5753253165633
17.469
17.5494113197926
17.5629756097561
17.6817243137588
17.813456445993
17.7738342823149
17.6900905923345
17.2595900399423
16.9904390243903
16.8551651228011
16.6689163763066
999.99
999.99
999.99
999.99
999.99
999.99
999.99
999.99
999.99
999.99
999.99
999.99
999.99
999.99
999.99
999.99
999.99
999.99
999.99
999.99
999.99
999.99
999.99
999.99
999.99
999.99
999.99
999.99
999.99
999.99
999.99
999.99
999.99
999.99
999.99
999.99
999.99
999.99
999.99
999.99
999.99
999.99
999.99
999.99
999.99
999.99
999.99
999.99
999.99
999.99
999.99
999.99
999.99
999.99
999.99
999.99
999.99
999.99
999.99
999.99
999.99
999.99
999.99
999.99
17.3174727061556
17.3034633579785
17.2482682926829
17.2059528341973
17.2875481997677
17.3770476190476
17.4036074332172
17.510459420413
17.6535412311266
17.6793880060055
17.6659233449477
17.9310338517323
17.9279291521487
17.7983028526104
17.6616190476191
17.6580776748535
17.5113356562138
17.1548430922637
16.655774680604
16.4331836775162
19.132357698772
999.99
999.99
999.99
999.99
999.99
999.99
999.99
999.99
999.99
999.99
999.99
999.99
999.99
999.99
999.99
999.99
999.99
999.99
999.99
999.99
999.99
999.99
999.99
999.99
999.99
999.99
999.99
999.99
999.99
999.99
999.99
999.99
999.99
999.99
999.99
999.99
999.99
999.99
999.99
999.99
999.99
999.99
999.99
999.99
999.99
999.99
999.99
999.99
999.99
999.99
999.99
999.99
999.99
999.99
999.99
999.99
999.99
999.99
999.99
999.99
999.99
999.99
999.99
17.5660243902439
17.5060034843205
17.5554317158154
17.4929442508711
17.4105920795445
17.4167665505226
17.4937109713606
17.6407456445993
17.6615852808702
17.7489442508711
17.8333844650293
17.7875679442509
17.6883039007393
17.5653693379791
17.4076433245517
17.3211742160279
17.1340189513045
17.1010452961672
17.0583972125435
17.1842637035778
16.953381533101
999.99
999.99
999.99
999.99
999.99
999.99
999.99
999.99
999.99
999.99
999.99
999.99
999.99
999.99
999.99
999.99
999.99
999.99
999.99
999.99
999.99
999.99
999.99
999.99
999.99
999.99
999.99
999.99
999.99
999.99
999.99
999.99
999.99
999.99
999.99
999.99
999.99
999.99
999.99
999.99
999.99
999.99
999.99
999.99
999.99
999.99
999.99
999.99
999.99
999.99
999.99
999.99
999.99
999.99
999.99
999.99
999.99
999.99
17.4727941762071
17.527476384724
17.5539784263497
17.5609238427078
17.5337832315556
17.5135279575245
17.6163643765656
17.5284350423096
17.4616052196012
17.464925170068
17.4259724127605
17.4057139538743
17.6392444892293
17.7108755599801
17.8423139854395
17.5956052762568
17.5898085687577
17.6759908743985
17.7367210884354
17.6778284386926
17.6397214931184
999.99
999.99
999.99
999.99
999.99
999.99
999.99
999.99
999.99
999.99
999.99
999.99
999.99
999.99
999.99
999.99
999.99
999.99
999.99
999.99
999.99
999.99
999.99
999.99
999.99
999.99
999.99
999.99
999.99
999.99
999.99
999.99
999.99
999.99
999.99
999.99
999.99
999.99
999.99
999.99
999.99
999.99
999.99
999.99
999.99
999.99
999.99
999.99
999.99
999.99
999.99
999.99
999.99
999.99
999.99
999.99
999.99
999.99
999.99
999.99
999.99
999.99
999.99
17.8531114982578
17.7932158579077
17.7332961672474
17.8302596243732
17.6963867595819
17.7299643069601
17.6764111498258
17.6012043001615
17.3439756097561
17.2670340783547
17.3843693379791
17.5142347242288
17.5843484320557
17.7572730517549
17.5766620209059
17.1175529871674
17.0288954703833
17.0249393218323
17.1133728222996
17.3773624543214
17.7085888501742
999.99
999.99
999.99
999.99
999.99
999.99
999.99
999.99
999.99
999.99
999.99
999.99
999.99
999.99
999.99
999.99
999.99
999.99
999.99
999.99
999.99
999.99
999.99
999.99
999.99
999.99
999.99
999.99
999.99
999.99
999.99
999.99
999.99
999.99
999.99
999.99
999.99
999.99
999.99
999.99
999.99
999.99
999.99
999.99
999.99
999.99
999.99
999.99
999.99
999.99
999.99
999.99
999.99
999.99
999.99
999.99
999.99
999.99
999.99
999.99
999.99
999.99
17.5670713739392
17.7350867073778
17.8764300647088
17.9204852068132
17.8273920690227
17.7869870622847
17.545968641115
17.6559885919864
17.5835148498424
17.5790612244898
17.4976026215364
17.7904120644093
17.8689009457441
17.778710105339
17.677475194956
17.4785145220491
17.196475029036
17.1138358484381
17.2320077982412
17.4955148457955
17.7703338310934
999.99
999.99
999.99
999.99
999.99
999.99
999.99
999.99
999.99
999.99
999.99
999.99
999.99
999.99
999.99
999.99
999.99
999.99
999.99
999.99
999.99
999.99
999.99
999.99
999.99
999.99
999.99
999.99
999.99
999.99
999.99
999.99
999.99
999.99
999.99
999.99
999.99
999.99
999.99
999.99
999.99
999.99
999.99
999.99
999.99
999.99
999.99
999.99
999.99
999.99
999.99
999.99
999.99
999.99
999.99
999.99
999.99
999.99
999.99
999.99
999.99
999.99
999.99
999.99
999.99
999.99
17.5625540069686
17.6064657091867
17.6137700348432
17.6414900144472
17.6507177700348
17.768318517889
17.6839233449477
17.4973352596244
17.3565714285714
17.560253420583
17.8355365853659
17.933918245942
17.9050243902439
17.8372817200646
17.6430209059233
17.8811624883148
17.9043658536585
17.9036078014787
17.8789381320643
17.9872491289199
18.0161124330755
999.99
999.99
999.99
999.99
999.99
999.99
999.99
999.99
999.99
999.99
999.99
999.99
999.99
999.99
999.99
999.99
999.99
999.99
999.99
999.99
999.99
999.99
999.99
999.99
999.99
999.99
999.99
999.99
999.99
999.99
999.99
999.99
999.99
999.99
999.99
999.99
999.99
999.99
999.99
999.99
999.99
999.99
999.99
999.99
999.99
999.99
999.99
999.99
999.99
999.99
999.99
999.99
999.99
999.99
999.99
999.99
999.99
999.99
999.99
999.99
999.99
999.99
17.7230243902439
17.8265582561401
17.9558153310104
18.1996208039432
18.3433588850174
18.2618803433331
18.0880731707317
18.1904293362794
18.0746933797909
17.8801725163593
17.8833588850175
18.0874639245348
18.134724738676
18.2119446757882
18.1726202090592
18.1718589275091
18.4037979094077
18.2360231154925
18.4567439449308
18.4853466898955
18.4203802158579
999.99
999.99
999.99
999.99
999.99
999.99
999.99
999.99
999.99
999.99
999.99
999.99
999.99
999.99
999.99
999.99
999.99
999.99
999.99
999.99
999.99
999.99
999.99
999.99
999.99
999.99
999.99
999.99
999.99
999.99
999.99
999.99
999.99
999.99
999.99
999.99
999.99
999.99
999.99
999.99
999.99
999.99
999.99
999.99
999.99
999.99
999.99
999.99
999.99
999.99
999.99
999.99
999.99
999.99
999.99
999.99
999.99
999.99
999.99
999.99
999.99
999.99
18.2303658536586
18.2763866745985
18.2918536585366
18.342502082094
18.1506341463415
18.3557781082689
18.2615609756098
18.3285960737656
18.1245609756098
17.9927852468769
17.8292195121951
18.2432046400952
18.012756097561
18.046756097561
18.1292926829268
18.0948019036288
18.2787317073171
18.2436395002974
18.2128715050565
18.3303536585366
18.3993259964307
999.99
999.99
999.99
999.99
999.99
999.99
999.99
999.99
999.99
999.99
999.99
999.99
999.99
999.99
999.99
999.99
999.99
999.99
999.99
999.99
999.99
999.99
999.99
999.99
999.99
999.99
999.99
999.99
999.99
999.99
999.99
999.99
999.99
999.99
999.99
999.99
999.99
999.99
999.99
999.99
999.99
999.99
999.99
999.99
999.99
999.99
999.99
999.99
999.99
999.99
999.99
999.99
999.99
999.99
999.99
999.99
999.99
999.99
999.99
999.99
999.99
999.99
999.99
18.267318517889
18.2014703832753
18.0998553582052
18.2300069686411
18.1576120506501
18.1818885017422
18.3350775048865
18.2082822299652
17.8670345032719
17.8819756097561
17.9586330415569
17.898787456446
17.9382656581966
17.9603519163763
18.0071801648678
18.1067839721254
18.1011733661936
18.0453416333815
18.1224825783972
18.0843840401122
18.1127003484321
999.99
999.99
999.99
999.99
999.99
999.99
999.99
999.99
999.99
999.99
999.99
999.99
999.99
999.99
999.99
999.99
999.99
999.99
999.99
999.99
999.99
999.99
999.99
999.99
999.99
999.99
999.99
999.99
999.99
999.99
999.99
999.99
999.99
999.99
999.99
999.99
999.99
999.99
999.99
999.99
999.99
999.99
999.99
999.99
999.99
999.99
999.99
999.99
999.99
999.99
999.99
999.99
999.99
999.99
999.99
999.99
999.99
999.99
999.99
999.99
999.99
999.99
18.3531369224668
18.4430334328853
18.427723251466
17.9824712128754
17.9695527969665
18.0897040816327
18.1740320691037
18.3150986394558
18.2237220232531
17.799481831757
17.7245
17.7138286875726
18.0285409539187
17.9938945578231
18.0068433370969
17.9619763563962
17.7637944898364
17.9538062377837
17.9988259498922
18.3133639698592
18.5634695536751
999.99
999.99
999.99
999.99
999.99
999.99
999.99
999.99
999.99
999.99
999.99
999.99
999.99
999.99
999.99
999.99
999.99
999.99
999.99
999.99
999.99
999.99
999.99
999.99
999.99
999.99
999.99
999.99
999.99
999.99
999.99
999.99
999.99
999.99
999.99
999.99
999.99
999.99
999.99
999.99
999.99
999.99
999.99
999.99
999.99
999.99
999.99
999.99
999.99
999.99
999.99
999.99
999.99
999.99
999.99
999.99
999.99
999.99
999.99
999.99
999.99
999.99
999.99
999.99
18.3905557916206
18.2691080139373
17.9029818985298
17.9294355400697
17.866390158919
17.9038222996516
17.8661153225121
17.8029930313589
17.6722821449817
17.9769163763066
17.9164281465115
17.8572717770035
17.8057215093057
18.0305156794425
17.8663893090847
17.8705194187134
18.0699024390244
18.2909813886292
18.5669668989548
18.7009394068157
18.6711219512195
999.99
999.99
999.99
999.99
999.99
999.99
999.99
999.99
999.99
999.99
999.99
999.99
999.99
999.99
999.99
999.99
999.99
999.99
999.99
999.99
999.99
999.99
999.99
999.99
999.99
999.99
999.99
999.99
999.99
999.99
999.99
999.99
999.99
999.99
999.99
999.99
999.99
999.99
999.99
999.99
999.99
999.99
999.99
999.99
999.99
999.99
999.99
999.99
999.99
999.99
999.99
999.99
999.99
999.99
999.99
999.99
999.99
999.99
999.99
999.99
999.99
999.99
18.6192241721197
18.6437312095569
18.3388419692684
18.1626290857806
18.2789779589408
18.2628057076489
18.2584761904762
18.2007908578065
18.082188133076
17.9407351916376
17.9394931284828
17.7149149659864
17.4662019105084
17.4500152646424
17.9093450226016
18.3090660948496
18.4753977103036
18.5055769565411
18.71856296665
18.732788397334
18.2691080968973
999.99
999.99
999.99
999.99
999.99
999.99
999.99
999.99
999.99
999.99
999.99
999.99
999.99
999.99
999.99
999.99
999.99
999.99
999.99
999.99
999.99
999.99
999.99
999.99
999.99
999.99
999.99
999.99
999.99
999.99
999.99
999.99
999.99
999.99
999.99
999.99
999.99
999.99
999.99
999.99
999.99
999.99
999.99
999.99
999.99
999.99
999.99
999.99
999.99
999.99
999.99
999.99
999.99
999.99
999.99
999.99
999.99
999.99
999.99
999.99
999.99
17.8425296167248
18.0259038837426
18.3309547038327
18.7333350046741
18.5898536585366
18.9251719214753
18.1743205574913
18.0256683096796
18.3465714285714
18.2509727203195
18.1288989547038
17.9169269142518
17.8493658536586
17.80370748704
17.8834216027875
18.138718194952
18.441395512875
18.5296080139373
18.5392404181185
18.7782160278746
18.6449195206935
999.99
999.99
999.99
999.99
999.99
999.99
999.99
999.99
999.99
999.99
999.99
999.99
999.99
999.99
999.99
999.99
999.99
999.99
999.99
999.99
999.99
999.99
999.99
999.99
999.99
999.99
999.99
999.99
999.99
999.99
999.99
999.99
999.99
999.99
999.99
999.99
999.99
999.99
999.99
999.99
999.99
999.99
999.99
999.99
999.99
999.99
999.99
999.99
999.99
999.99
999.99
999.99
999.99
999.99
999.99
999.99
999.99
999.99
999.99
999.99
999.99
999.99
999.99
999.99
999.99
19.0060883240863
18.7816529782645
18.5597278911565
19.1582259830762
18.0837482163597
18.1033615397379
18.4696503559187
18.4130546706488
18.2211919451898
17.9978109341298
18.056353504757
18.0981525634644
17.9993265306122
17.8813867454179
17.9215879376141
18.695245272291
18.8842953376472
18.8142993197279
18.6035167579227
24.1234283367166
19.132357698772
999.99
999.99
999.99
999.99
999.99
999.99
999.99
999.99
999.99
999.99
999.99
999.99
999.99
999.99
999.99
999.99
999.99
999.99
999.99
999.99
999.99
999.99
999.99
999.99
999.99
999.99
999.99
999.99
999.99
999.99
999.99
999.99
999.99
999.99
999.99
999.99
999.99
999.99
999.99
999.99
999.99
999.99
999.99
999.99
999.99
999.99
999.99
999.99
999.99
999.99
999.99
999.99
999.99
999.99
999.99
999.99
999.99
999.99
999.99
999.99
999.99
19.3269024390244
19.0053027959548
19.132357698772
19.132357698772
19.132357698772
19.132357698772
19.132357698772
19.1590237953599
18.2792926829268
18.6131570493753
18.5312439024391
17.9403176680548
17.1203414634146
17.6268673408686
18.2799303985723
18.8643902439024
18.9327120761451
18.6584634146341
18.394259964307
19.132357698772
999.99
999.99
999.99
999.99
999.99
999.99
999.99
999.99
999.99
999.99
999.99
999.99
999.99
999.99
999.99
999.99
999.99
999.99
999.99
999.99
999.99
999.99
999.99
999.99
999.99
999.99
999.99
999.99
999.99
999.99
999.99
999.99
999.99
999.99
999.99
999.99
999.99
999.99
999.99
999.99
999.99
999.99
999.99
999.99
999.99
999.99
999.99
999.99
999.99
999.99
999.99
999.99
999.99
999.99
999.99
999.99
999.99
999.99
999.99
999.99
999.99
999.99
18.5322992266508
19.132357698772
19.132357698772
19.132357698772
19.132357698772
19.132357698772
19.132357698772
19.132357698772
18.3781816095863
18.5897386759582
18.6496412849494
18.6015470383275
18.7330857482791
18.935212543554
18.8100768250191
17.8432908982749
17.6205574912892
18.5391299396618
18.4932195121951
17.7202051499958
999.99
999.99
999.99
999.99
999.99
999.99
999.99
999.99
999.99
999.99
999.99
999.99
999.99
999.99
999.99
999.99
999.99
999.99
999.99
999.99
999.99
999.99
999.99
999.99
999.99
999.99
999.99
999.99
999.99
999.99
999.99
999.99
999.99
999.99
999.99
999.99
999.99
999.99
999.99
999.99
999.99
999.99
999.99
999.99
999.99
999.99
999.99
999.99
999.99
999.99
999.99
999.99
999.99
999.99
999.99
999.99
999.99
999.99
999.99
999.99
999.99
999.99
999.99
999.99
18.6823832752613
21.9006532676159
19.132357698772
19.132357698772
19.132357698772
19.132357698772
19.132357698772
27.4616738335834
18.2895052264808
18.3347491289199
18.5507560975609
18.7544995325911
18.8915818815331
18.7397492139033
18.3493275261323
17.9497700348432
18.3119675363304
18.063074912892
17.5367391008753
19.132357698772
999.99
999.99
999.99
999.99
999.99
999.99
999.99
999.99
999.99
999.99
999.99
999.99
999.99
999.99
999.99
999.99
999.99
999.99
999.99
999.99
999.99
999.99
999.99
999.99
999.99
999.99
999.99
999.99
999.99
999.99
999.99
999.99
999.99
999.99
999.99
999.99
999.99
999.99
999.99
999.99
999.99
999.99
999.99
999.99
999.99
999.99
999.99
999.99
999.99
999.99
999.99
999.99
999.99
999.99
999.99
999.99
999.99
999.99
999.99
999.99
999.99
19.1617735191637
19.0290771649528
19.132357698772
19.132357698772
19.132357698772
19.132357698772
19.132357698772
19.132357698772
19.132357698772
19.132892241013
35.7139547038277
19.132357698772
36.3273763066152
35.8601809297136
18.9735226480836
19.2030968811082
18.8274800713861
19.0585278745645
18.7877026429846
18.6836881533101
999.99
999.99
999.99
999.99
999.99
999.99
999.99
999.99
999.99
999.99
999.99
999.99
999.99
999.99
999.99
999.99
999.99
999.99
999.99
999.99
999.99
999.99
999.99
999.99
999.99
999.99
999.99
999.99
999.99
999.99
999.99
999.99
999.99
999.99
999.99
999.99
999.99
999.99
999.99
999.99
999.99
999.99
999.99
999.99
999.99
999.99
999.99
999.99
999.99
999.99
999.99
999.99
999.99
999.99
999.99
999.99
999.99
999.99
999.99
999.99
999.99
999.99
999.99
999.99
18.9510656072066
18.8091567944251
18.8625852808702
18.6978850174216
19.132357698772
19.132357698772
19.132357698772
19.132357698772
19.132357698772
19.132357698772
19.132357698772
19.132357698772
19.132357698772
19.132357698772
19.5611210164018
19.2049337979094
19.4954233449477
19.1186982238463
18.4335836236933
18.1360865981134
999.99
999.99
999.99
999.99
999.99
999.99
999.99
999.99
999.99
999.99
999.99
999.99
999.99
999.99
999.99
999.99
999.99
999.99
999.99
999.99
999.99
999.99
999.99
999.99
999.99
999.99
999.99
999.99
999.99
999.99
999.99
999.99
999.99
999.99
999.99
999.99
999.99
999.99
999.99
999.99
999.99
999.99
999.99
999.99
999.99
999.99
999.99
999.99
999.99
999.99
999.99
999.99
999.99
999.99
999.99
999.99
999.99
999.99
999.99
999.99
999.99
999.99
19.166850174216
19.3313402736466
19.3053484320557
22.0852705022551
19.048850174216
19.132357698772
19.132357698772
19.132357698772
19.132357698772
19.132357698772
19.132357698772
21.2930642474718
19.132357698772
19.132357698772
19.8578432055749
19.9138965751679
19.4870006798674
19.3351724738676
19.0795377751338
18.4665296167247
999.99
999.99
999.99
999.99
999.99
999.99
999.99
999.99
999.99
999.99
999.99
999.99
999.99
999.99
999.99
999.99
999.99
999.99
999.99
999.99
999.99
999.99
999.99
999.99
999.99
999.99
999.99
999.99
999.99
999.99
999.99
999.99
999.99
999.99
999.99
999.99
999.99
999.99
999.99
999.99
999.99
999.99
999.99
999.99
999.99
999.99
999.99
999.99
999.99
999.99
999.99
999.99
999.99
999.99
999.99
999.99
999.99
999.99
999.99
999.99
999.99
999.99
999.99
999.99
999.99
19.132357698772
19.132357698772
19.132357698772
19.132357698772
18.8904106520657
18.7000551299639
18.5592677949229
19.132357698772
19.132357698772
19.132357698772
19.132357698772
19.132357698772
20.0165176704828
19.3311982784785
18.8952653061225
18.1247697859632
18.2044130558827
18.4996582877053
18.3785639985917
17.8273673469388
999.99
999.99
999.99
999.99
999.99
999.99
999.99
999.99
999.99
999.99
999.99
999.99
999.99
999.99
999.99
999.99
999.99
999.99
999.99
999.99
999.99
999.99
999.99
999.99
999.99
999.99
999.99
999.99
999.99
999.99
999.99
999.99
999.99
999.99
999.99
999.99
999.99
999.99
999.99
999.99
999.99
999.99
999.99
999.99
999.99
999.99
999.99
999.99
999.99
999.99
999.99
999.99
999.99
999.99
999.99
999.99
999.99
999.99
999.99
999.99
999.99
999.99
999.99
19.132357698772
19.132357698772
19.132357698772
19.132357698772
19.132357698772
23.7125996430654
19.132357698772
27.8230577037289
19.132357698772
19.132357698772
19.132357698772
35.8612183224353
19.132357698772
19.132357698772
19.132357698772
19.1950609756098
19.4467120761451
18.9457439024389
18.7828869720405
18.2565731707317
999.99
999.99
999.99
999.99
999.99
999.99
999.99
999.99
999.99
999.99
999.99
999.99
999.99
999.99
999.99
999.99
999.99
999.99
999.99
999.99
999.99
999.99
999.99
999.99
999.99
999.99
999.99
999.99
999.99
999.99
999.99
999.99
999.99
999.99
999.99
999.99
999.99
999.99
999.99
999.99
999.99
999.99
999.99
999.99
999.99
999.99
999.99
999.99
999.99
999.99
999.99
999.99
999.99
999.99
999.99
999.99
999.99
999.99
999.99
999.99
999.99
999.99
19.132357698772
19.132357698772
19.132357698772
19.132357698772
19.132357698772
19.132357698772
19.132357698772
19.132357698772
19.132357698772
19.132357698772
19.132357698772
19.132357698772
19.132357698772
19.132357698772
19.132357698772
19.132357698772
19.9447737680438
19.90774367784
19.6505540069686
19.2996271291384
999.99
999.99
999.99
999.99
999.99
999.99
999.99
999.99
999.99
999.99
999.99
999.99
999.99
999.99
999.99
999.99
999.99
999.99
999.99
999.99
999.99
999.99
999.99
999.99
999.99
999.99
999.99
999.99
999.99
999.99
999.99
999.99
999.99
999.99
999.99
999.99
999.99
999.99
999.99
999.99
999.99
999.99
999.99
999.99
999.99
999.99
999.99
999.99
999.99
999.99
999.99
999.99
999.99
999.99
999.99
999.99
999.99
999.99
999.99
999.99
999.99
999.99
999.99
19.132357698772
19.132357698772
19.132357698772
19.132357698772
19.132357698772
19.132357698772
19.132357698772
19.132357698772
19.132357698772
19.132357698772
19.132357698772
19.132357698772
19.132357698772
19.132357698772
19.132357698772
20.0322773859097
19.7908344947735
19.0427623863346
19.0342857142858
18.9966378856124
999.99
999.99
999.99
999.99
999.99
999.99
999.99
999.99
999.99
999.99
999.99
999.99
999.99
999.99
999.99
999.99
999.99
999.99
999.99
999.99
999.99
999.99
999.99
999.99
999.99
999.99
999.99
999.99
999.99
999.99
999.99
999.99
999.99
999.99
999.99
999.99
999.99
999.99
999.99
999.99
999.99
999.99
999.99
999.99
999.99
999.99
999.99
999.99
999.99
999.99
999.99
999.99
999.99
999.99
999.99
999.99
999.99
999.99
999.99
999.99
999.99
19.132357698772
19.132357698772
19.132357698772
19.132357698772
19.132357698772
19.132357698772
19.132357698772
19.132357698772
19.132357698772
19.132357698772
19.132357698772
19.132357698772
19.132357698772
19.132357698772
19.132357698772
19.132357698772
19.132357698772
18.9269481601088
19.4246149825784
19.3998989547038
999.99
999.99
999.99
999.99
999.99
999.99
999.99
999.99
999.99
999.99
999.99
999.99
999.99
999.99
999.99
999.99
999.99
999.99
999.99
999.99
999.99
999.99
999.99
999.99
999.99
999.99
999.99
999.99
999.99
999.99
999.99
999.99
999.99
999.99
999.99
999.99
999.99
999.99
999.99
999.99
999.99
999.99
999.99
999.99
999.99
999.99
999.99
999.99
999.99
999.99
999.99
999.99
999.99
999.99
999.99
999.99
999.99
999.99
999.99
999.99
999.99
999.99
999.99
999.99
19.132357698772
19.132357698772
19.132357698772
19.132357698772
19.132357698772
19.132357698772
19.132357698772
19.132357698772
19.132357698772
19.132357698772
19.132357698772
19.132357698772
19.132357698772
35.0482319197777
18.787637630662
19.3511202515509
19.6363693379791
19.7186585365854
19.4561347837171
18.7939233449477
999.99
999.99
999.99
999.99
999.99
999.99
999.99
999.99
999.99
999.99
999.99
999.99
999.99
999.99
999.99
999.99
999.99
999.99
999.99
999.99
999.99
999.99
999.99
999.99
999.99
999.99
999.99
999.99
999.99
999.99
999.99
999.99
999.99
999.99
999.99
999.99
999.99
999.99
999.99
999.99
999.99
999.99
999.99
999.99
999.99
999.99
999.99
999.99
999.99
999.99
999.99
999.99
999.99
999.99
999.99
999.99
999.99
999.99
999.99
999.99
999.99
999.99
999.99
19.132357698772
19.132357698772
19.132357698772
34.9778921560317
19.132357698772
19.132357698772
19.132357698772
19.132357698772
19.132357698772
19.132357698772
19.132357698772
19.132357698772
18.6261951219514
18.0975017421603
18.1653449477353
18.5895698988698
19.188625732982
18.9925592334495
18.4637321322342
17.5907055749128
999.99
999.99
999.99
999.99
999.99
999.99
999.99
999.99
999.99
999.99
999.99
999.99
999.99
999.99
999.99
999.99
999.99
999.99
999.99
999.99
999.99
999.99
999.99
999.99
999.99
999.99
999.99
999.99
999.99
999.99
999.99
999.99
999.99
999.99
999.99
999.99
999.99
999.99
999.99
999.99
999.99
999.99
999.99
999.99
999.99
999.99
999.99
999.99
999.99
999.99
999.99
999.99
999.99
999.99
999.99
999.99
999.99
999.99
999.99
999.99
999.99
999.99
19.132357698772
19.132357698772
19.132357698772
19.132357698772
19.132357698772
19.132357698772
19.132357698772
19.132357698772
19.132357698772
19.132357698772
18.8995839211354
18.7799860627178
18.8196558171156
19.4515958188153
18.9887943401038
18.6291358885017
18.9101944420837
18.9225059913317
18.6541602787457
18.4630348432055
999.99
999.99
999.99
999.99
999.99
999.99
999.99
999.99
999.99
999.99
999.99
999.99
999.99
999.99
999.99
999.99
999.99
999.99
999.99
999.99
999.99
999.99
999.99
999.99
999.99
999.99
999.99
999.99
999.99
999.99
999.99
999.99
999.99
999.99
999.99
999.99
999.99
999.99
999.99
999.99
999.99
999.99
999.99
999.99
999.99
999.99
999.99
999.99
999.99
999.99
999.99
999.99
999.99
999.99
999.99
999.99
999.99
999.99
999.99
999.99
999.99
999.99
19.132357698772
19.132357698772
19.132357698772
19.132357698772
19.132357698772
22.5768126115439
19.132357698772
19.132357698772
19.7908048780488
19.030239738251
19.2436829268293
18.9637073170731
19.0980975609756
19.6095930993456
19.4817073170732
19.1005722784057
19.0984634146341
19.0971219512195
18.6733890541343
18.1360853658537
999.99
999.99
999.99
999.99
999.99
999.99
999.99
999.99
999.99
999.99
999.99
999.99
999.99
999.99
999.99
999.99
999.99
999.99
999.99
999.99
999.99
999.99
999.99
999.99
999.99
999.99
999.99
999.99
999.99
999.99
999.99
999.99
999.99
999.99
999.99
999.99
999.99
999.99
999.99
999.99
999.99
999.99
999.99
999.99
999.99
999.99
999.99
999.99
999.99
999.99
999.99
999.99
999.99
999.99
999.99
999.99
999.99
999.99
999.99
999.99
999.99
999.99
999.99
19.132357698772
19.132357698772
19.132357698772
19.132357698772
19.132357698772
19.132357698772
18.3928541562967
18.9445810741904
18.9516470881035
19.0179492446592
19.2394970134396
19.4816725811087
19.132357698772
19.4865315956246
19.1023242906919
19.5197790107119
19.5320850340136
19.3925266908667
19.0662980469998
18.026368508379
999.99
999.99
999.99
999.99
999.99
999.99
999.99
999.99
999.99
999.99
999.99
999.99
999.99
999.99
999.99
999.99
999.99
999.99
999.99
999.99
999.99
999.99
999.99
999.99
999.99
999.99
999.99
999.99
999.99
999.99
999.99
999.99
999.99
999.99
999.99
999.99
999.99
999.99
999.99
999.99
999.99
999.99
999.99
999.99
999.99
999.99
999.99
999.99
999.99
999.99
999.99
999.99
999.99
999.99
999.99
999.99
999.99
999.99
999.99
999.99
999.99
999.99
999.99
999.99
19.132357698772
18.6395993031359
20.0322512110116
19.6912020905922
19.8032406730687
18.9206167247386
18.5941184668989
19.132357698772
24.4052563949988
19.4813275261324
20.8165880853211
19.132357698772
19.132357698772
19.132357698772
19.6316604062208
19.5216306620209
19.2255186538625
19.1817602617489
18.8201881533101
20.0321079289515
999.99
999.99
999.99
999.99
999.99
999.99
999.99
999.99
999.99
999.99
999.99
999.99
999.99
999.99
999.99
999.99
999.99
999.99
999.99
999.99
999.99
999.99
999.99
999.99
999.99
999.99
999.99
999.99
999.99
999.99
999.99
999.99
999.99
999.99
999.99
999.99
999.99
999.99
999.99
999.99
999.99
999.99
999.99
999.99
999.99
999.99
999.99
999.99
999.99
999.99
999.99
999.99
999.99
999.99
999.99
999.99
999.99
999.99
18.4288111020732
19.0921154864087
20.7256973618716
19.132357698772
19.132357698772
19.132357698772
19.132357698772
19.132357698772
18.873574829932
18.9348402392486
19.0204962667994
19.2576926027995
19.2875277916049
19.132357698772
23.8037793263505
19.132357698772
19.132357698772
19.132357698772
19.132357698772
19.132357698772
999.99
999.99
999.99
999.99
999.99
999.99
999.99
999.99
999.99
999.99
999.99
999.99
999.99
999.99
999.99
999.99
999.99
999.99
999.99
999.99
999.99
999.99
999.99
999.99
999.99
999.99
999.99
999.99
999.99
999.99
999.99
999.99
999.99
999.99
999.99
999.99
999.99
999.99
999.99
999.99
999.99
999.99
999.99
999.99
999.99
999.99
999.99
999.99
999.99
999.99
999.99
999.99
999.99
999.99
999.99
999.99
999.99
999.99
999.99
999.99
18.7681080139373
18.7086132404181
18.5194355400697
18.4336917651058
18.3891762556302
19.132357698772
19.132357698772
19.132357698772
19.132357698772
19.132357698772
25.8034500722383
19.3723763066202
19.132357698772
19.132357698772
19.132357698772
19.132357698772
19.132357698772
19.132357698772
19.132357698772
19.132357698772
999.99
999.99
999.99
999.99
999.99
999.99
999.99
999.99
999.99
999.99
999.99
999.99
999.99
999.99
999.99
999.99
999.99
999.99
999.99
999.99
999.99
999.99
999.99
999.99
999.99
999.99
999.99
999.99
999.99
999.99
999.99
999.99
999.99
999.99
999.99
999.99
999.99
999.99
999.99
999.99
999.99
999.99
999.99
999.99
999.99
999.99
999.99
999.99
999.99
999.99
999.99
999.99
999.99
999.99
999.99
999.99
999.99
999.99
999.99
18.6205414800067
19.1295651640787
18.6170572424091
18.5091596130421
18.5038865107018
18.4396224489796
18.4517090592335
18.4734083312087
37.7410878243037
19.132357698772
19.132357698772
19.132357698772
19.132357698772
19.132357698772
19.132357698772
19.132357698772
19.132357698772
19.132357698772
19.132357698772
19.132357698772
999.99
999.99
999.99
999.99
999.99
999.99
999.99
999.99
999.99
999.99
999.99
999.99
999.99
999.99
999.99
999.99
999.99
999.99
999.99
999.99
999.99
999.99
999.99
999.99
999.99
999.99
999.99
999.99
999.99
999.99
999.99
999.99
999.99
999.99
999.99
999.99
999.99
999.99
999.99
999.99
999.99
999.99
999.99
999.99
999.99
999.99
999.99
999.99
999.99
999.99
999.99
999.99
999.99
999.99
999.99
999.99
999.99
18.3326219512195
22.7499541939175
19.132357698772
18.5727700348432
18.4859912891986
18.5076218237444
18.6297543554007
19.4697688450752
20.0440818815331
19.132357698772
19.132357698772
18.6288425257081
19.132357698772
19.132357698772
19.132357698772
19.132357698772
19.132357698772
19.132357698772
35.7327665505198
19.132357698772
999.99
999.99
999.99
999.99
999.99
999.99
999.99
999.99
999.99
999.99
999.99
999.99
999.99
999.99
999.99
999.99
999.99
999.99
999.99
999.99
999.99
999.99
999.99
999.99
999.99
999.99
999.99
999.99
999.99
999.99
999.99
999.99
999.99
999.99
999.99
999.99
999.99
999.99
999.99
999.99
999.99
999.99
999.99
999.99
999.99
999.99
999.99
999.99
999.99
999.99
999.99
999.99
999.99
999.99
999.99
999.99
999.99
999.99
999.99
999.99
18.665756097561
38.6120609756127
19.132357698772
19.132357698772
19.132357698772
19.132357698772
19.132357698772
19.132357698772
19.132357698772
19.132357698772
19.132357698772
19.132357698772
19.132357698772
19.132357698772
19.132357698772
23.3160243902328
19.132357698772
19.132357698772
19.132357698772
20.5676305770375
20.4824634146341
31.2773093396807
19.132357698772
19.132357698772
999.99
999.99
999.99
999.99
999.99
999.99
999.99
999.99
999.99
999.99
999.99
999.99
999.99
999.99
999.99
999.99
999.99
999.99
999.99
999.99
999.99
999.99
999.99
999.99
999.99
999.99
999.99
999.99
999.99
999.99
999.99
999.99
999.99
999.99
999.99
999.99
999.99
999.99
999.99
999.99
999.99
999.99
999.99
999.99
999.99
999.99
999.99
999.99
999.99
999.99
999.99
18.7402055749129
18.5357006883657
19.132357698772
19.132357698772
19.132357698772
19.132357698772
19.132357698772
19.132357698772
19.132357698772
19.132357698772
19.132357698772
19.132357698772
19.132357698772
19.132357698772
19.132357698772
19.132357698772
19.132357698772
19.132357698772
19.132357698772
19.132357698772
19.132357698772
19.132357698772
19.132357698772
19.132357698772
19.132357698772
19.132357698772
19.132357698772
20.8058358120167
19.132357698772
19.132357698772
999.99
999.99
999.99
999.99
999.99
999.99
999.99
999.99
999.99
999.99
999.99
999.99
999.99
999.99
999.99
999.99
999.99
999.99
999.99
999.99
999.99
999.99
999.99
999.99
999.99
999.99
999.99
999.99
999.99
999.99
999.99
999.99
999.99
999.99
999.99
999.99
999.99
999.99
999.99
999.99
999.99
999.99
999.99
999.99
999.99
999.99
19.0132750063737
19.0730139372822
999.99
18.9955853658536
18.9644599303136
19.1002195121948
19.132357698772
18.0953449477351
19.132357698772
19.132357698772
19.132357698772
19.132357698772
19.132357698772
19.132357698772
19.132357698772
19.132357698772
19.132357698772
19.132357698772
19.132357698772
19.132357698772
19.132357698772
22.0606515679443
21.9646480836237
21.9056794425087
32.7575435540028
32.6608587575381
19.132357698772
19.132357698772
19.132357698772
19.132357698772
19.132357698772
999.99
999.99
999.99
999.99
999.99
999.99
999.99
999.99
999.99
999.99
999.99
999.99
999.99
999.99
999.99
999.99
999.99
999.99
999.99
999.99
999.99
999.99
999.99
999.99
999.99
999.99
999.99
999.99
999.99
999.99
999.99
999.99
999.99
999.99
999.99
999.99
999.99
999.99
999.99
999.99
999.99
999.99
999.99
999.99
999.99
999.99
999.99
999.99
19.2668200577078
19.146524473204
19.1334654016276
19.4613243736519
19.8613333333333
19.7588281068525
19.7316325599841
19.6366432719429
19.1830105460387
19.132357698772
19.132357698772
19.132357698772
19.132357698772
19.132357698772
19.132357698772
19.132357698772
19.132357698772
19.132357698772
19.132357698772
19.132357698772
19.132357698772
19.132357698772
19.132357698772
19.132357698772
19.132357698772
19.132357698772
19.132357698772
19.132357698772
19.132357698772
999.99
999.99
999.99
999.99
999.99
999.99
999.99
999.99
999.99
999.99
999.99
999.99
999.99
999.99
999.99
999.99
999.99
999.99
999.99
999.99
999.99
999.99
999.99
999.99
999.99
999.99
999.99
999.99
999.99
999.99
999.99
999.99
999.99
999.99
999.99
999.99
999.99
999.99
999.99
999.99
999.99
999.99
999.99
999.99
999.99
999.99
999.99
999.99
999.99
999.99
999.99
19.7262125435541
19.2507255885101
18.8939860627178
19.1780371377581
19.387299651568
19.9603205574913
19.9729825783972
19.7567407665502
20.2270648083621
19.1309128919861
18.7772473867596
24.1432978227254
19.132357698772
19.132357698772
19.132357698772
19.132357698772
19.132357698772
19.132357698772
19.132357698772
19.132357698772
19.132357698772
19.132357698772
19.132357698772
19.132357698772
19.132357698772
19.132357698772
19.132357698772
19.132357698772
19.132357698772
999.99
999.99
999.99
999.99
999.99
999.99
999.99
999.99
999.99
999.99
999.99
999.99
999.99
999.99
999.99
999.99
999.99
999.99
999.99
999.99
999.99
999.99
999.99
999.99
999.99
999.99
999.99
999.99
999.99
999.99
999.99
999.99
999.99
999.99
999.99
999.99
999.99
999.99
999.99
999.99
999.99
999.99
21.765615249346
999.99
999.99
24.65246
24.65246
22.6976265853666
24.65246
21.8878382877052
24.65246
24.65246
24.65246
24.65246
22.1783466666665
24.65246
21.5890294176207
19.7371801122591
19.8055155135225
18.0552319120862
21.0698772789114
16.878519572493
19.1365647917704
21.710455322836
18.9332931806869
19.0255048298915
19.132357698772
19.132357698772
19.132357698772
19.132357698772
19.132357698772
19.132357698772
19.132357698772
19.132357698772
19.132357698772
19.132357698772
999.99
999.99
999.99
999.99
999.99
999.99
999.99
999.99
999.99
999.99
999.99
999.99
999.99
999.99
999.99
999.99
999.99
999.99
999.99
999.99
999.99
999.99
999.99
999.99
999.99
999.99
999.99
999.99
999.99
999.99
999.99
999.99
999.99
999.99
999.99
999.99
999.99
999.99
999.99
999.99
999.99
999.99
999.99
999.99
999.99
999.99
999.99
999.99
999.99
19.7975924194782
24.65246
19.2419258876521
19.0790668989545
24.3305556063572
19.2137630662021
18.8165585960738
18.7676655052265
19.808066117107
20.0085359904819
19.8199756097561
20.0198507860965
19.2222264808362
20.0583434231337
24.2876195818817
24.65246
24.65246
24.65246
24.2728460627179
24.65246
24.65246
24.65246
24.65246
24.65246
19.132357698772
19.132357698772
999.99
999.99
999.99
999.99
999.99
999.99
999.99
999.99
999.99
999.99
999.99
999.99
999.99
999.99
999.99
999.99
999.99
999.99
999.99
999.99
999.99
999.99
999.99
999.99
999.99
999.99
999.99
999.99
999.99
999.99
999.99
999.99
999.99
999.99
999.99
999.99
999.99
999.99
999.99
999.99
999.99
999.99
999.99
999.99
999.99
999.99
999.99
999.99
999.99
999.99
999.99
999.99
999.99
999.99
999.99
999.99
999.99
22.3165231120933
18.9625900116144
24.2296022010705
19.3140551800235
24.65246
24.65246
24.65246
24.65246
24.65246
24.65246
22.8839038095239
19.9308354154273
21.659230987224
20.3785669782708
20.0019987224157
24.65246
24.65246
24.65246
24.65246
999.99
999.99
19.4421472479533
999.99
999.99
999.99
999.99
999.99
999.99
999.99
999.99
999.99
999.99
999.99
999.99
999.99
999.99
999.99
999.99
999.99
999.99
999.99
999.99
999.99
999.99
999.99
999.99
999.99
999.99
999.99
999.99
999.99
999.99
999.99
999.99
999.99
999.99
999.99
999.99
999.99
999.99
999.99
999.99
999.99
999.99
999.99
999.99
999.99
999.99
999.99
999.99
999.99
999.99
999.99
999.99
999.99
999.99
999.99
999.99
999.99
999.99
999.99
999.99
999.99
18.9415522223167
19.1573519163763
23.2793136823317
23.6917526829269
19.4200073765621
19.8701480836236
24.6486055188234
24.65246
23.7342613937283
24.65246
24.65246
23.5316668887562
20.2944181184669
20.2647541429418
23.464410174216
999.99
999.99
999.99
999.99
999.99
999.99
999.99
999.99
999.99
999.99
999.99
999.99
999.99
999.99
999.99
999.99
999.99
999.99
999.99
999.99
999.99
999.99
999.99
999.99
999.99
999.99
999.99
999.99
999.99
999.99
999.99
999.99
999.99
999.99
999.99
999.99
999.99
999.99
999.99
999.99
999.99
999.99
999.99
999.99
999.99
999.99
999.99
999.99
999.99
999.99
999.99
999.99
999.99
999.99
999.99
999.99
999.99
999.99
999.99
999.99
999.99
999.99
999.99
999.99
999.99
999.99
999.99
999.99
19.1842601342739
19.2752630662021
19.1456964391944
19.1608449477352
19.2245602107589
19.265350174216
19.3858469448457
19.9647343205577
20.5476005914855
24.65246
24.65246
24.65246
999.99
999.99
999.99
999.99
999.99
999.99
999.99
999.99
999.99
999.99
999.99
999.99
999.99
999.99
999.99
999.99
999.99
999.99
999.99
999.99
999.99
999.99
999.99
999.99
999.99
999.99
999.99
999.99
999.99
999.99
999.99
999.99
999.99
999.99
999.99
999.99
999.99
999.99
999.99
999.99
999.99
999.99
999.99
999.99
999.99
999.99
999.99
999.99
999.99
999.99
999.99
999.99
999.99
999.99
999.99
999.99
999.99
999.99
999.99
999.99
999.99
999.99
999.99
999.99
999.99
999.99
999.99
999.99
999.99
999.99
999.99
999.99
19.4915662020906
19.5017839721254
999.99
999.99
999.99
999.99
999.99
999.99
999.99
999.99
999.99
999.99
999.99
999.99
999.99
999.99
999.99
999.99
999.99
999.99
999.99
999.99
999.99
999.99
999.99
999.99
999.99
999.99
999.99
999.99
999.99
999.99
999.99
999.99
999.99
999.99
999.99
999.99
999.99
999.99
999.99
999.99
999.99
999.99
999.99
999.99
999.99
999.99
999.99
999.99
999.99
999.99
999.99
999.99
999.99
999.99
999.99
999.99
999.99
999.99
999.99
999.99
999.99
999.99
999.99
999.99
999.99
999.99
999.99
999.99
999.99
999.99
999.99
999.99
999.99
999.99
999.99
999.99
999.99
999.99
999.99
999.99
999.99
999.99
999.99
999.99
999.99
999.99
999.99
999.99
999.99
999.99
999.99
999.99
999.99
999.99
999.99
999.99
999.99
999.99
999.99
999.99
999.99
999.99
999.99
999.99
999.99
999.99
999.99
999.99
999.99
999.99
999.99
999.99
999.99
999.99
999.99
999.99
999.99
999.99
999.99
999.99
999.99
999.99
999.99
999.99
999.99
999.99
999.99
999.99
999.99
999.99
999.99
999.99
999.99
999.99
999.99
999.99
999.99
999.99
999.99
999.99
999.99
999.99
999.99
999.99
999.99
999.99
999.99
999.99
999.99
999.99
999.99
999.99
999.99
999.99
999.99
999.99
999.99
999.99
999.99
999.99
999.99
999.99
999.99
999.99
999.99
999.99
999.99
999.99
999.99
999.99
999.99
999.99
999.99
999.99
999.99
999.99
999.99
999.99
999.99
999.99
999.99
999.99
999.99
999.99
999.99
999.99
999.99
999.99
999.99
999.99
999.99
999.99
999.99
999.99
999.99
999.99
999.99
999.99
999.99
999.99
999.99
999.99
999.99
999.99
999.99
999.99
999.99
999.99
999.99
999.99
999.99
999.99
999.99
999.99
999.99
999.99
999.99
999.99
999.99
999.99
999.99
999.99
999.99
999.99
999.99
999.99
999.99
999.99
999.99
999.99
999.99
999.99
999.99
999.99
999.99
999.99
999.99
999.99
999.99
999.99
999.99
999.99
999.99
999.99
999.99
999.99
999.99
999.99
999.99
999.99
999.99
999.99
999.99
999.99
999.99
999.99
999.99
999.99
999.99
999.99
999.99
999.99
999.99
999.99
999.99
999.99
999.99
999.99
999.99
999.99
999.99
999.99
999.99
999.99
999.99
999.99
999.99
999.99
999.99
999.99
999.99
999.99
999.99
999.99
999.99
999.99
999.99
999.99
999.99
999.99
999.99
999.99
999.99
999.99
999.99
999.99
999.99
999.99
999.99
999.99
999.99
999.99
999.99
999.99
999.99
999.99
999.99
999.99
999.99
999.99
999.99
999.99
999.99
999.99
999.99
999.99
999.99
999.99
999.99
999.99
999.99
999.99
999.99
999.99
999.99
999.99
999.99
999.99
999.99
999.99
999.99
999.99
999.99
999.99
999.99
999.99
999.99
999.99
999.99
999.99
999.99
999.99
999.99
999.99
999.99
999.99
999.99
999.99
999.99
999.99
999.99
999.99
999.99
999.99
999.99
999.99
999.99
999.99
999.99
999.99
999.99
999.99
999.99
999.99
999.99
999.99
999.99
999.99
999.99
999.99
999.99
999.99
999.99
999.99
999.99
999.99
999.99
999.99
999.99
999.99
999.99
999.99
999.99
999.99
999.99
999.99
999.99
999.99
999.99
999.99
999.99
999.99
999.99
999.99
999.99
999.99
999.99
999.99
999.99
999.99
999.99
999.99
999.99
999.99
999.99
999.99
999.99
999.99
999.99
999.99
999.99
