999.99
999.99
999.99
999.99
999.99
999.99
999.99
999.99
999.99
999.99
999.99
999.99
999.99
999.99
999.99
999.99
999.99
999.99
999.99
999.99
999.99
999.99
999.99
999.99
999.99
999.99
999.99
999.99
999.99
999.99
999.99
999.99
999.99
999.99
999.99
999.99
999.99
999.99
999.99
999.99
999.99
999.99
999.99
999.99
999.99
999.99
999.99
999.99
999.99
999.99
999.99
999.99
999.99
999.99
999.99
999.99
999.99
999.99
999.99
999.99
999.99
999.99
999.99
999.99
999.99
999.99
999.99
999.99
999.99
999.99
999.99
999.99
999.99
999.99
999.99
999.99
999.99
999.99
999.99
999.99
999.99
999.99
999.99
999.99
999.99
999.99
999.99
999.99
999.99
999.99
999.99
999.99
999.99
999.99
999.99
999.99
999.99
999.99
999.99
999.99
999.99
999.99
999.99
999.99
999.99
999.99
999.99
999.99
999.99
999.99
999.99
999.99
999.99
999.99
999.99
999.99
999.99
999.99
999.99
999.99
999.99
999.99
999.99
999.99
999.99
999.99
999.99
999.99
999.99
999.99
999.99
999.99
999.99
999.99
20.41121789751
20.7099479901419
20.6240418118467
20.5188704852554
20.4784111498258
20.6147407155605
20.5602578397213
20.1219463754568
20.1152891986063
20.3336149400867
20.3018641114983
20.2999456955894
20.332425087108
20.4048968301181
20.4866585365854
20.2911052094841
20.3682229965157
20.3204801563695
19.9050069686412
19.65306271777
19.0862717770035
999.99
999.99
999.99
999.99
999.99
999.99
999.99
999.99
999.99
999.99
999.99
999.99
999.99
999.99
999.99
999.99
999.99
999.99
999.99
999.99
999.99
999.99
999.99
999.99
999.99
999.99
999.99
999.99
999.99
999.99
999.99
999.99
999.99
999.99
999.99
999.99
999.99
999.99
999.99
999.99
999.99
999.99
999.99
999.99
999.99
999.99
999.99
999.99
999.99
999.99
999.99
999.99
999.99
999.99
999.99
999.99
999.99
999.99
999.99
999.99
999.99
999.99
20.764370278867
20.9767431436584
20.9391264310602
20.6012410554941
20.334319064211
20.1406101263825
20.2045457939273
20.2491815792349
20.3465425584868
20.6674087338683
20.7429840716774
20.6789384902087
20.3442381781981
20.3199812793648
20.1778344947735
20.0115204081633
19.7166719761075
19.3946012759655
18.9912481333998
18.4709761864294
17.8946418616227
999.99
999.99
999.99
999.99
999.99
999.99
999.99
999.99
999.99
999.99
999.99
999.99
999.99
999.99
999.99
999.99
999.99
999.99
999.99
999.99
999.99
999.99
999.99
999.99
999.99
999.99
999.99
999.99
999.99
999.99
999.99
999.99
999.99
999.99
999.99
999.99
999.99
999.99
999.99
999.99
999.99
999.99
999.99
999.99
999.99
999.99
999.99
999.99
999.99
999.99
999.99
999.99
999.99
999.99
999.99
999.99
999.99
999.99
999.99
999.99
999.99
999.99
21.1026227585621
21.0261216112858
21.0655087108014
21.0485592759411
20.9355818815331
20.5496602362539
20.7282648083623
20.775920625478
20.6424599303136
20.4620777598368
20.7112857142858
20.4263275261324
20.5380836236934
20.4539967706297
20.2403554006968
20.1810330585536
19.5817944250871
18.6623783462226
18.315268292683
17.9268166057619
18.1266655052265
999.99
999.99
999.99
999.99
999.99
999.99
999.99
999.99
999.99
999.99
999.99
999.99
999.99
999.99
999.99
999.99
999.99
999.99
999.99
999.99
999.99
999.99
999.99
999.99
999.99
999.99
999.99
999.99
999.99
999.99
999.99
999.99
999.99
999.99
999.99
999.99
999.99
999.99
999.99
999.99
999.99
999.99
999.99
999.99
999.99
999.99
999.99
999.99
999.99
999.99
999.99
999.99
999.99
999.99
999.99
999.99
999.99
999.99
999.99
999.99
999.99
999.99
20.9880428316478
20.9485093906688
20.922149825784
20.9152807002634
20.8352926829268
20.7065159343928
20.8506445993031
20.9434216877709
20.890756097561
20.7058839976205
20.7991846689896
20.702181184669
20.7312822299652
20.6061448117617
20.5743205574912
20.0031697119061
19.0831463414634
18.4288704852555
18.067923344948
16.9041184668989
38.2620801393742
999.99
999.99
999.99
999.99
999.99
999.99
999.99
999.99
999.99
999.99
999.99
999.99
999.99
999.99
999.99
999.99
999.99
999.99
999.99
999.99
999.99
999.99
999.99
999.99
999.99
999.99
999.99
999.99
999.99
999.99
999.99
999.99
999.99
999.99
999.99
999.99
999.99
999.99
999.99
999.99
999.99
999.99
999.99
999.99
999.99
999.99
999.99
999.99
999.99
999.99
999.99
999.99
999.99
999.99
999.99
999.99
999.99
999.99
999.99
999.99
999.99
999.99
999.99
20.7666360159769
20.9046620209059
20.9115836661851
20.8564285714286
20.8227729242798
20.7880975609757
20.6973337299227
20.797850174216
20.5706107758987
20.5651010452962
20.6490821789751
20.8880069686411
20.575296082264
20.6091393728223
20.0462508710801
19.5681846689896
18.5194052009859
17.8974494773519
17.5864142942127
17.1308013937282
22.3269450736228
999.99
999.99
999.99
999.99
999.99
999.99
999.99
999.99
999.99
999.99
999.99
999.99
999.99
999.99
999.99
999.99
999.99
999.99
999.99
999.99
999.99
999.99
999.99
999.99
999.99
999.99
999.99
999.99
999.99
999.99
999.99
999.99
999.99
999.99
999.99
999.99
999.99
999.99
999.99
999.99
999.99
999.99
999.99
999.99
999.99
999.99
999.99
999.99
999.99
999.99
999.99
999.99
999.99
999.99
999.99
999.99
999.99
999.99
999.99
999.99
999.99
20.9061130279596
20.768255205235
20.7274111498258
20.7084826208889
20.7176271777003
20.7746162148381
20.7266933797909
20.7138243392539
20.4836550522648
20.6176133254016
20.8900696864112
20.6109084728479
21.0149512195122
21.0713916036373
20.9130034843205
19.6347833772411
19.3680383275261
19.2037084218577
18.8829825783973
18.1169756097561
17.8723588850174
999.99
999.99
999.99
999.99
999.99
999.99
999.99
999.99
999.99
999.99
999.99
999.99
999.99
999.99
999.99
999.99
999.99
999.99
999.99
999.99
999.99
999.99
999.99
999.99
999.99
999.99
999.99
999.99
999.99
999.99
999.99
999.99
999.99
999.99
999.99
999.99
999.99
999.99
999.99
999.99
999.99
999.99
999.99
999.99
999.99
999.99
999.99
999.99
999.99
999.99
999.99
999.99
999.99
999.99
999.99
999.99
999.99
999.99
999.99
999.99
999.99
999.99
999.99
999.99
20.8968350754936
20.9184503271862
20.9200615563298
20.8971470779865
20.8078606271778
20.7906666666667
20.5397549361208
21.1059650151554
21.3980859465737
21.0514657375146
20.7242903600465
20.1689384719979
19.6237142857142
19.1661120081583
18.9854285714286
18.8896194158805
19.1402822299652
18.8730857482791
18.1466295005807
17.5812022605591
22.3269450736228
999.99
999.99
999.99
999.99
999.99
999.99
999.99
999.99
999.99
999.99
999.99
999.99
999.99
999.99
999.99
999.99
999.99
999.99
999.99
999.99
999.99
999.99
999.99
999.99
999.99
999.99
999.99
999.99
999.99
999.99
999.99
999.99
999.99
999.99
999.99
999.99
999.99
999.99
999.99
999.99
999.99
999.99
999.99
999.99
999.99
999.99
999.99
999.99
999.99
999.99
999.99
999.99
999.99
999.99
999.99
999.99
999.99
999.99
999.99
999.99
999.99
999.99
999.99
20.7840209059234
20.8634181184669
20.8901219512195
20.9796167247386
21.5330179315034
20.9637317073171
20.958648338574
21.7497212543556
20.8757890711313
20.2846655052265
21.0551531401377
20.782543554007
20.4816590464858
19.566118466899
19.3282447522734
19.2147979094077
18.9735479731453
18.9967386759582
18.8137073170732
18.4924866151101
18.4222282229965
999.99
999.99
999.99
999.99
999.99
999.99
999.99
999.99
999.99
999.99
999.99
999.99
999.99
999.99
999.99
999.99
999.99
999.99
999.99
999.99
999.99
999.99
999.99
999.99
999.99
999.99
999.99
999.99
999.99
999.99
999.99
999.99
999.99
999.99
999.99
999.99
999.99
999.99
999.99
999.99
999.99
999.99
999.99
999.99
999.99
999.99
999.99
999.99
999.99
999.99
999.99
999.99
999.99
999.99
999.99
999.99
999.99
999.99
21.5547133731542
21.3583554775867
20.8988558681057
20.6231489961838
20.7566980295985
20.9361217852996
21.1895400292181
20.9061944582714
20.2570970106067
20.3240272108843
20.9779072264242
21.1989301476688
21.2356349678479
20.2487237431558
20.1671507039461
20.1655757424921
19.6205620520665
19.4153746474199
19.3035986394558
19.5137156130745
19.5787798484058
999.99
999.99
999.99
999.99
999.99
999.99
999.99
999.99
999.99
999.99
999.99
999.99
999.99
999.99
999.99
999.99
999.99
999.99
999.99
999.99
999.99
999.99
999.99
999.99
999.99
999.99
999.99
999.99
999.99
999.99
999.99
999.99
999.99
999.99
999.99
999.99
999.99
999.99
999.99
999.99
999.99
999.99
999.99
999.99
999.99
999.99
999.99
999.99
999.99
999.99
999.99
999.99
999.99
999.99
999.99
999.99
999.99
999.99
999.99
999.99
999.99
999.99
999.99
21.5661010452962
21.2393642389734
20.6933310104529
20.6738993796212
21.5237003484321
21.9268126115407
21.8985679442509
21.0720123225972
20.1367456445993
19.7687439449307
20.0192996515681
20.6385449137418
19.9356620209059
19.5988844225376
19.4281533101045
19.5273864196483
19.9000069686411
19.6964063907539
19.7927108013937
19.8859255545169
20.2144529616725
999.99
999.99
999.99
999.99
999.99
999.99
999.99
999.99
999.99
999.99
999.99
999.99
999.99
999.99
999.99
999.99
999.99
999.99
999.99
999.99
999.99
999.99
999.99
999.99
999.99
999.99
999.99
999.99
999.99
999.99
999.99
999.99
999.99
999.99
999.99
999.99
999.99
999.99
999.99
999.99
999.99
999.99
999.99
999.99
999.99
999.99
999.99
999.99
999.99
999.99
999.99
999.99
999.99
999.99
999.99
999.99
999.99
999.99
999.99
999.99
999.99
999.99
21.6329698673045
21.8122553549677
21.7362044134727
21.6435806917651
21.4967419943587
21.2387548268564
21.2698853492617
21.4720000080936
21.681462750954
21.8793945578231
21.1643704994192
21.3971280659794
20.94174995852
20.6777023354255
20.5434720424756
20.535756668164
19.9781237763398
19.535262627121
19.7175231458436
20.0265403974796
20.2595817156131
999.99
999.99
999.99
999.99
999.99
999.99
999.99
999.99
999.99
999.99
999.99
999.99
999.99
999.99
999.99
999.99
999.99
999.99
999.99
999.99
999.99
999.99
999.99
999.99
999.99
999.99
999.99
999.99
999.99
999.99
999.99
999.99
999.99
999.99
999.99
999.99
999.99
999.99
999.99
999.99
999.99
999.99
999.99
999.99
999.99
999.99
999.99
999.99
999.99
999.99
999.99
999.99
999.99
999.99
999.99
999.99
999.99
999.99
999.99
999.99
999.99
999.99
999.99
999.99
999.99
999.99
21.7761358885017
21.614187133509
21.5158536585366
21.163202430526
21.3334216027875
21.4194547463245
21.1090766550522
21.1059321832243
21.042212543554
20.8700411319793
20.9018118466899
21.0148050480156
20.1736794425087
19.7774324806662
19.897543554007
20.219177615365
20.8018432055749
21.1859784991927
20.9550574487974
20.6741463414634
20.4431983513215
999.99
999.99
999.99
999.99
999.99
999.99
999.99
999.99
999.99
999.99
999.99
999.99
999.99
999.99
999.99
999.99
999.99
999.99
999.99
999.99
999.99
999.99
999.99
999.99
999.99
999.99
999.99
999.99
999.99
999.99
999.99
999.99
999.99
999.99
999.99
999.99
999.99
999.99
999.99
999.99
999.99
999.99
999.99
999.99
999.99
999.99
999.99
999.99
999.99
999.99
999.99
999.99
999.99
999.99
999.99
999.99
999.99
999.99
999.99
999.99
999.99
999.99
21.9060975609756
21.8643477521883
21.5752717770035
21.3607847369763
21.2250522648084
21.3073067051925
21.3256724738676
21.2638856972891
21.2453135888502
21.3208056428996
21.3068641114982
21.3351015551968
21.2606271777004
20.9734996175746
20.5472891986063
20.6911320642474
20.4027735191638
20.3645177190448
20.2771207614515
20.1778344947736
20.3069306535225
999.99
999.99
999.99
999.99
999.99
999.99
999.99
999.99
999.99
999.99
999.99
999.99
999.99
999.99
999.99
999.99
999.99
999.99
999.99
999.99
999.99
999.99
999.99
999.99
999.99
999.99
999.99
999.99
999.99
999.99
999.99
999.99
999.99
999.99
999.99
999.99
999.99
999.99
999.99
999.99
999.99
999.99
999.99
999.99
999.99
999.99
999.99
999.99
999.99
999.99
999.99
999.99
999.99
999.99
999.99
999.99
999.99
999.99
999.99
999.99
999.99
999.99
21.9180243902439
21.7581469363474
21.8173170731707
21.7429286139203
21.5859512195122
21.0655223081499
20.8250243902439
21.0319250446162
21.3454390243902
21.1203283759667
20.6175609756096
20.6945008923261
20.6247804878049
20.2165853658537
19.9273414634147
19.8636567519334
20.3131219512195
20.2573694229625
20.377765615705
20.6144146341463
20.6299601427722
999.99
999.99
999.99
999.99
999.99
999.99
999.99
999.99
999.99
999.99
999.99
999.99
999.99
999.99
999.99
999.99
999.99
999.99
999.99
999.99
999.99
999.99
999.99
999.99
999.99
999.99
999.99
999.99
999.99
999.99
999.99
999.99
999.99
999.99
999.99
999.99
999.99
999.99
999.99
999.99
999.99
999.99
999.99
999.99
999.99
999.99
999.99
999.99
999.99
999.99
999.99
999.99
999.99
999.99
999.99
999.99
999.99
999.99
999.99
999.99
999.99
999.99
999.99
21.6779261494009
21.6846864111498
21.7558314778618
22.0242369337979
22.4352331945271
22.4158954703833
21.3888822129686
21.1515156794425
20.8417475992181
20.5653588850174
20.3719243647488
20.5264355400697
20.4448534035863
20.4153170731707
20.2252535905498
20.7719233449477
21.1409902269058
20.4554182034504
20.562012195122
20.5881955468684
20.255731707317
999.99
999.99
999.99
999.99
999.99
999.99
999.99
999.99
999.99
999.99
999.99
999.99
999.99
999.99
999.99
999.99
999.99
999.99
999.99
999.99
999.99
999.99
999.99
999.99
999.99
999.99
999.99
999.99
999.99
999.99
999.99
999.99
999.99
999.99
999.99
999.99
999.99
999.99
999.99
999.99
999.99
999.99
999.99
999.99
999.99
999.99
999.99
999.99
999.99
999.99
999.99
999.99
999.99
999.99
999.99
999.99
999.99
999.99
999.99
999.99
999.99
999.99
22.3836556208444
22.1009614235939
22.2447748930624
22.6444756927161
22.6830127535845
22.9290238095238
22.744311047441
22.4855847021736
22.1528773284447
21.4970894308943
21.1597551020408
21.0878257839721
20.8959347226101
20.6586893147503
20.7338976313904
20.7541966152315
20.8220921402469
20.6236372462131
20.2150370001659
20.3406262408593
20.9691776173885
999.99
999.99
999.99
999.99
999.99
999.99
999.99
999.99
999.99
999.99
999.99
999.99
999.99
999.99
999.99
999.99
999.99
999.99
999.99
999.99
999.99
999.99
999.99
999.99
999.99
999.99
999.99
999.99
999.99
999.99
999.99
999.99
999.99
999.99
999.99
999.99
999.99
999.99
999.99
999.99
999.99
999.99
999.99
999.99
999.99
999.99
999.99
999.99
999.99
999.99
999.99
999.99
999.99
999.99
999.99
999.99
999.99
999.99
999.99
999.99
999.99
999.99
999.99
999.99
22.9156202940426
23.0425714285714
22.5948764340953
22.649
22.3319366023626
22.1696724738676
22.1925565564715
22.1520243902439
22.0766033823404
21.6437979094076
21.6711176170647
21.8076445993031
21.9218129514745
21.0303414634146
21.0470700263449
21.0436901504206
21.0339094076655
21.0855599558086
21.3108466898955
21.3177705447438
20.1280923344948
999.99
999.99
999.99
999.99
999.99
999.99
999.99
999.99
999.99
999.99
999.99
999.99
999.99
999.99
999.99
999.99
999.99
999.99
999.99
999.99
999.99
999.99
999.99
999.99
999.99
999.99
999.99
999.99
999.99
999.99
999.99
999.99
999.99
999.99
999.99
999.99
999.99
999.99
999.99
999.99
999.99
999.99
999.99
999.99
999.99
999.99
999.99
999.99
999.99
999.99
999.99
999.99
999.99
999.99
999.99
999.99
999.99
999.99
999.99
999.99
999.99
999.99
23.1061572294593
23.1639080803053
23.1960551137766
22.752718765555
22.5532845427285
22.574350257176
22.5867346938775
22.3996600298656
22.5396256338347
22.5968343288535
22.4405821708815
22.4043741496599
22.4906431303039
22.1972923510868
21.5040331354434
21.3633446806444
21.2102316243571
20.8904396293913
20.6979116475859
20.8533426309251
20.4206212045794
999.99
999.99
999.99
999.99
999.99
999.99
999.99
999.99
999.99
999.99
999.99
999.99
999.99
999.99
999.99
999.99
999.99
999.99
999.99
999.99
999.99
999.99
999.99
999.99
999.99
999.99
999.99
999.99
999.99
999.99
999.99
999.99
999.99
999.99
999.99
999.99
999.99
999.99
999.99
999.99
999.99
999.99
999.99
999.99
999.99
999.99
999.99
999.99
999.99
999.99
999.99
999.99
999.99
999.99
999.99
999.99
999.99
999.99
999.99
999.99
999.99
23.2643135888502
23.048595733832
22.6780940766551
22.645720574488
22.9954947735192
23.4590090932268
22.9090522648084
23.0686970340784
23.121362369338
23.1496425597009
23.0884041811847
22.7701216962693
22.863662020906
22.7216766380556
22.6000905923345
22.2697923005014
22.0409326931249
21.6835452961673
20.7448675958188
20.3361202090591
19.9896442593694
999.99
999.99
999.99
999.99
999.99
999.99
999.99
999.99
999.99
999.99
999.99
999.99
999.99
999.99
999.99
999.99
999.99
999.99
999.99
999.99
999.99
999.99
999.99
999.99
999.99
999.99
999.99
999.99
999.99
999.99
999.99
999.99
999.99
999.99
999.99
999.99
999.99
999.99
999.99
999.99
999.99
999.99
999.99
999.99
999.99
999.99
999.99
999.99
999.99
999.99
999.99
999.99
999.99
999.99
999.99
999.99
999.99
999.99
999.99
999.99
999.99
999.99
999.99
999.99
999.99
23.3306208181071
23.3862456445993
23.3759047619048
23.0642263149162
22.9383438672316
23.0355363364858
23.0295116589171
23.0520945744151
23.061249719757
23.027555998009
22.6985680818431
22.7806580388253
22.9530510204082
22.7432169060367
22.5339555334329
20.6872066250653
20.4759325535092
20.2209081632653
20.1286221171395
25.8945866952413
22.3269450736228
999.99
999.99
999.99
999.99
999.99
999.99
999.99
999.99
999.99
999.99
999.99
999.99
999.99
999.99
999.99
999.99
999.99
999.99
999.99
999.99
999.99
999.99
999.99
999.99
999.99
999.99
999.99
999.99
999.99
999.99
999.99
999.99
999.99
999.99
999.99
999.99
999.99
999.99
999.99
999.99
999.99
999.99
999.99
999.99
999.99
999.99
999.99
999.99
999.99
999.99
999.99
999.99
999.99
999.99
999.99
999.99
999.99
999.99
999.99
999.99
999.99
23.022243902439
23.0074782867341
23.0834634146342
23.0128988697204
23.2655121951219
22.9946347412254
22.9765365853659
22.952499107674
23.0001707317073
22.6229660916122
22.7460975609756
22.5907091017252
22.6015609756098
22.8842111838192
22.3770690065436
21.4008902439024
21.1041267102915
20.7002195121951
20.0608042831648
22.3269450736228
999.99
999.99
999.99
999.99
999.99
999.99
999.99
999.99
999.99
999.99
999.99
999.99
999.99
999.99
999.99
999.99
999.99
999.99
999.99
999.99
999.99
999.99
999.99
999.99
999.99
999.99
999.99
999.99
999.99
999.99
999.99
999.99
999.99
999.99
999.99
999.99
999.99
999.99
999.99
999.99
999.99
999.99
999.99
999.99
999.99
999.99
999.99
999.99
999.99
999.99
999.99
999.99
999.99
999.99
999.99
999.99
999.99
999.99
999.99
999.99
999.99
999.99
23.5084655392199
23.3108780487805
23.2808353021161
23.3189965156794
23.3425088807682
23.1608606271777
22.9109430611031
23.1136620209059
23.1024690235404
23.1750905923345
23.0850951814396
22.9961324041812
22.9168379366024
22.3994668989547
22.1627155604657
22.031706297272
20.7496289198607
20.2467658706552
19.932393728223
19.5560943316054
999.99
999.99
999.99
999.99
999.99
999.99
999.99
999.99
999.99
999.99
999.99
999.99
999.99
999.99
999.99
999.99
999.99
999.99
999.99
999.99
999.99
999.99
999.99
999.99
999.99
999.99
999.99
999.99
999.99
999.99
999.99
999.99
999.99
999.99
999.99
999.99
999.99
999.99
999.99
999.99
999.99
999.99
999.99
999.99
999.99
999.99
999.99
999.99
999.99
999.99
999.99
999.99
999.99
999.99
999.99
999.99
999.99
999.99
999.99
999.99
999.99
999.99
999.99
999.99
23.0325644599303
23.1935177190448
23.3305958188153
23.3359757797229
23.4574599303136
23.5412876689046
23.0228850174216
23.0669315033568
22.9355470383275
22.7345087108014
22.557763066202
22.4897372312399
22.4657909407666
21.8242863091697
20.9483711226311
20.5945296167248
20.1347742840146
19.8687526132403
29.7584522817967
22.3269450736228
999.99
999.99
999.99
999.99
999.99
999.99
999.99
999.99
999.99
999.99
999.99
999.99
999.99
999.99
999.99
999.99
999.99
999.99
999.99
999.99
999.99
999.99
999.99
999.99
999.99
999.99
999.99
999.99
999.99
999.99
999.99
999.99
999.99
999.99
999.99
999.99
999.99
999.99
999.99
999.99
999.99
999.99
999.99
999.99
999.99
999.99
999.99
999.99
999.99
999.99
999.99
999.99
999.99
999.99
999.99
999.99
999.99
999.99
999.99
999.99
999.99
23.0858780487805
23.3131267952749
23.3518257839721
23.3525837511685
23.1601846689895
23.2584170136823
23.184968641115
23.3997377411405
22.8934006968641
22.8536896405201
22.6007491289199
22.6056278575678
22.5145923344948
22.5049824084303
22.204787456446
21.364937877114
21.549242542704
20.6048536585366
20.2811460015296
20.684893728223
999.99
999.99
999.99
999.99
999.99
999.99
999.99
999.99
999.99
999.99
999.99
999.99
999.99
999.99
999.99
999.99
999.99
999.99
999.99
999.99
999.99
999.99
999.99
999.99
999.99
999.99
999.99
999.99
999.99
999.99
999.99
999.99
999.99
999.99
999.99
999.99
999.99
999.99
999.99
999.99
999.99
999.99
999.99
999.99
999.99
999.99
999.99
999.99
999.99
999.99
999.99
999.99
999.99
999.99
999.99
999.99
999.99
999.99
999.99
999.99
999.99
999.99
999.99
999.99
23.4264533016062
23.465487804878
23.6143965326761
23.6544425087108
23.5915730432566
23.4101881533101
23.1605195036968
23.151756097561
22.5796222486615
22.3736480836237
22.4289071131129
22.3983588850174
22.3552296252231
21.926850174216
21.6302587745389
21.4475540069686
21.507425087108
21.371682671879
21.3715696864111
20.5686564969831
999.99
999.99
999.99
999.99
999.99
999.99
999.99
999.99
999.99
999.99
999.99
999.99
999.99
999.99
999.99
999.99
999.99
999.99
999.99
999.99
999.99
999.99
999.99
999.99
999.99
999.99
999.99
999.99
999.99
999.99
999.99
999.99
999.99
999.99
999.99
999.99
999.99
999.99
999.99
999.99
999.99
999.99
999.99
999.99
999.99
999.99
999.99
999.99
999.99
999.99
999.99
999.99
999.99
999.99
999.99
999.99
999.99
999.99
999.99
999.99
999.99
999.99
23.4567108013937
23.5464428486445
23.5772613240418
23.6564299311634
23.7471986062718
23.6077994391094
23.5153414634146
23.4230557491289
22.7613205574913
22.8311497408006
22.8227142857143
23.1766410299991
23.4292822299651
23.4294634146341
22.8912195121951
22.7413036457891
22.5399694059657
22.0598885017422
21.7577903458825
21.2125975609755
999.99
999.99
999.99
999.99
999.99
999.99
999.99
999.99
999.99
999.99
999.99
999.99
999.99
999.99
999.99
999.99
999.99
999.99
999.99
999.99
999.99
999.99
999.99
999.99
999.99
999.99
999.99
999.99
999.99
999.99
999.99
999.99
999.99
999.99
999.99
999.99
999.99
999.99
999.99
999.99
999.99
999.99
999.99
999.99
999.99
999.99
999.99
999.99
999.99
999.99
999.99
999.99
999.99
999.99
999.99
999.99
999.99
999.99
999.99
999.99
999.99
999.99
999.99
999.99
999.99
23.6509870582379
23.5953548300938
23.3368098556496
23.2238179412157
23.3121164758586
23.2021708895337
22.7595545047286
23.2221723706736
23.6897531110005
23.4967522611662
23.6477232453957
23.5940738020372
23.0263384768541
22.3304075562408
22.6399591836735
22.803668740667
22.2375204627954
21.5916408661024
20.636409170926
20.4596734693878
999.99
999.99
999.99
999.99
999.99
999.99
999.99
999.99
999.99
999.99
999.99
999.99
999.99
999.99
999.99
999.99
999.99
999.99
999.99
999.99
999.99
999.99
999.99
999.99
999.99
999.99
999.99
999.99
999.99
999.99
999.99
999.99
999.99
999.99
999.99
999.99
999.99
999.99
999.99
999.99
999.99
999.99
999.99
999.99
999.99
999.99
999.99
999.99
999.99
999.99
999.99
999.99
999.99
999.99
999.99
999.99
999.99
999.99
999.99
999.99
999.99
999.99
999.99
23.203
22.9845484830458
22.9567804878049
22.9825508625818
22.6845853658536
23.015503866746
22.3325121951219
22.3848096371208
22.6226341463415
23.1893289708506
23.3041707317073
23.2148310529447
23.1798536585366
23.3943093396788
23.1937120761451
22.6613292682927
22.4112040452112
21.9974390243902
21.3450368828079
20.8823170731707
999.99
999.99
999.99
999.99
999.99
999.99
999.99
999.99
999.99
999.99
999.99
999.99
999.99
999.99
999.99
999.99
999.99
999.99
999.99
999.99
999.99
999.99
999.99
999.99
999.99
999.99
999.99
999.99
999.99
999.99
999.99
999.99
999.99
999.99
999.99
999.99
999.99
999.99
999.99
999.99
999.99
999.99
999.99
999.99
999.99
999.99
999.99
999.99
999.99
999.99
999.99
999.99
999.99
999.99
999.99
999.99
999.99
999.99
999.99
999.99
999.99
999.99
23.1730187813376
23.4856665007466
23.5356169432675
22.9561453459432
22.5923001857495
22.6381149825784
22.6321626218602
22.7037332005973
22.9592252667873
22.9324131408661
23.1266893127269
23.3621717272275
23.5878676079593
23.698662518666
23.7083528876155
23.2971281428692
23.0280007466401
22.6598149789362
22.3891222000995
21.4623246852579
999.99
999.99
999.99
999.99
999.99
999.99
999.99
999.99
999.99
999.99
999.99
999.99
999.99
999.99
999.99
999.99
999.99
999.99
999.99
999.99
999.99
999.99
999.99
999.99
999.99
999.99
999.99
999.99
999.99
999.99
999.99
999.99
999.99
999.99
999.99
999.99
999.99
999.99
999.99
999.99
999.99
999.99
999.99
999.99
999.99
999.99
999.99
999.99
999.99
999.99
999.99
999.99
999.99
999.99
999.99
999.99
999.99
999.99
999.99
999.99
999.99
999.99
999.99
24.1497148805983
23.4728780487805
23.2289400866831
23.0329233449477
22.4078343672984
22.3929895470383
22.4891405625903
22.6151881533101
22.8336802073596
23.2379163763066
23.5194807512534
23.4275888501743
23.3054074955384
23.333512195122
23.5370033143537
23.2294924789666
22.8345470383275
22.3354538115067
22.0011027874564
21.1700020396023
999.99
999.99
999.99
999.99
999.99
999.99
999.99
999.99
999.99
999.99
999.99
999.99
999.99
999.99
999.99
999.99
999.99
999.99
999.99
999.99
999.99
999.99
999.99
999.99
999.99
999.99
999.99
999.99
999.99
999.99
999.99
999.99
999.99
999.99
999.99
999.99
999.99
999.99
999.99
999.99
999.99
999.99
999.99
999.99
999.99
999.99
999.99
999.99
999.99
999.99
999.99
999.99
999.99
999.99
999.99
999.99
999.99
999.99
999.99
999.99
999.99
23.6652923429931
23.8511114982578
24.0014419138269
23.5814390243903
22.9163758817031
22.7390243902439
22.4842555451687
22.5551149825784
22.6037944250871
22.7071428571429
22.8771550947565
23.0064459930314
23.0600701963118
23.0946515679442
23.210023030509
23.5075888501742
23.3609587830373
23.2474116597264
22.7550052264809
21.6348885017422
999.99
999.99
999.99
999.99
999.99
999.99
999.99
999.99
999.99
999.99
999.99
999.99
999.99
999.99
999.99
999.99
999.99
999.99
999.99
999.99
999.99
999.99
999.99
999.99
999.99
999.99
999.99
999.99
999.99
999.99
999.99
999.99
999.99
999.99
999.99
999.99
999.99
999.99
999.99
999.99
999.99
999.99
999.99
999.99
999.99
999.99
999.99
999.99
999.99
999.99
999.99
999.99
999.99
999.99
999.99
999.99
999.99
999.99
999.99
999.99
999.99
999.99
999.99
999.99
23.3634982578399
22.7522054049461
22.7142299651568
22.7314773519164
22.6225470383275
22.3668139712756
22.9358745644599
22.6358294382595
22.501637630662
22.5037770034843
22.5961114982578
22.460049800289
22.6076097560975
22.505464774369
22.4942508710802
23.01072830798
22.9143078949604
22.4014982578397
22.018565989632
21.8397108013937
999.99
999.99
999.99
999.99
999.99
999.99
999.99
999.99
999.99
999.99
999.99
999.99
999.99
999.99
999.99
999.99
999.99
999.99
999.99
999.99
999.99
999.99
999.99
999.99
999.99
999.99
999.99
999.99
999.99
999.99
999.99
999.99
999.99
999.99
999.99
999.99
999.99
999.99
999.99
999.99
999.99
999.99
999.99
999.99
999.99
999.99
999.99
999.99
999.99
999.99
999.99
999.99
999.99
999.99
999.99
999.99
999.99
999.99
999.99
999.99
999.99
999.99
999.99
23.023487804878
23.1346274326507
23.235362369338
23.0914267867766
22.9990383275261
23.2128591824594
22.954881533101
22.6802258009688
22.4737979094077
22.2951763406135
22.2762822299651
22.4688047930653
22.3104459930314
22.1672926829268
22.3381010452962
22.4401011302795
21.6442157729243
21.386818815331
21.6883609246196
21.0051045296166
999.99
999.99
999.99
999.99
999.99
999.99
999.99
999.99
999.99
999.99
999.99
999.99
999.99
999.99
999.99
999.99
999.99
999.99
999.99
999.99
999.99
999.99
999.99
999.99
999.99
999.99
999.99
999.99
999.99
999.99
999.99
999.99
999.99
999.99
999.99
999.99
999.99
999.99
999.99
999.99
999.99
999.99
999.99
999.99
999.99
999.99
999.99
999.99
999.99
999.99
999.99
999.99
999.99
999.99
999.99
999.99
999.99
999.99
999.99
999.99
999.99
999.99
23.0400824339254
22.8847735191639
22.9202378686156
23.0042160278746
23.0063397637461
22.9187456445993
22.8781268802584
22.708512195122
22.4229133169032
22.5877595818815
22.64607461545
22.6307282229965
22.5578463499618
21.9526585365854
22.1261215263023
21.9417979094077
21.6406661001105
21.3245746579417
21.0789703832753
20.7245631851789
999.99
999.99
999.99
999.99
999.99
999.99
999.99
999.99
999.99
999.99
999.99
999.99
999.99
999.99
999.99
999.99
999.99
999.99
999.99
999.99
999.99
999.99
999.99
999.99
999.99
999.99
999.99
999.99
999.99
999.99
999.99
999.99
999.99
999.99
999.99
999.99
999.99
999.99
999.99
999.99
999.99
999.99
999.99
999.99
999.99
999.99
999.99
999.99
999.99
999.99
999.99
999.99
999.99
999.99
999.99
999.99
999.99
999.99
999.99
999.99
999.99
999.99
23.0124390243903
22.9257007733492
22.8438536585366
22.7282807852469
22.8700243902439
22.9686145151695
22.9913170731707
22.9796365258774
22.7489268292683
22.5526329565735
22.6458292682927
22.745003569304
22.9003902439024
22.7480838786437
23.2249512195123
22.4152177275432
21.9622682926829
21.8151951219512
21.4854235574063
21.3571219512195
999.99
999.99
999.99
999.99
999.99
999.99
999.99
999.99
999.99
999.99
999.99
999.99
999.99
999.99
999.99
999.99
999.99
999.99
999.99
999.99
999.99
999.99
999.99
999.99
999.99
999.99
999.99
999.99
999.99
999.99
999.99
999.99
999.99
999.99
999.99
999.99
999.99
999.99
999.99
999.99
999.99
999.99
999.99
999.99
999.99
999.99
999.99
999.99
999.99
999.99
999.99
999.99
999.99
999.99
999.99
999.99
999.99
999.99
999.99
999.99
999.99
999.99
999.99
22.8201561307449
22.5662475182816
22.7230034013605
22.9544163763067
22.7912569271611
22.8633155171646
23.0180833748134
22.9696362891379
22.7905662020906
22.7365103659548
22.6647771694043
22.8135400737333
23.016068939771
23.2800082737438
22.7803115978099
22.7210517184863
22.5373913223826
22.2728536666302
21.9004178048375
21.1909677285549
999.99
999.99
999.99
999.99
999.99
999.99
999.99
999.99
999.99
999.99
999.99
999.99
999.99
999.99
999.99
999.99
999.99
999.99
999.99
999.99
999.99
999.99
999.99
999.99
999.99
999.99
999.99
999.99
999.99
999.99
999.99
999.99
999.99
999.99
999.99
999.99
999.99
999.99
999.99
999.99
999.99
999.99
999.99
999.99
999.99
999.99
999.99
999.99
999.99
999.99
999.99
999.99
999.99
999.99
999.99
999.99
999.99
999.99
999.99
999.99
999.99
999.99
999.99
999.99
22.6100933118042
22.7205156794424
22.9546232684627
22.6231742160279
22.5921108183904
22.7658745644599
22.7385052264808
22.6706794425087
22.5606949944761
22.6344529616725
22.6973846349962
22.7705400696864
22.5722314098751
22.6933101045296
22.6519000594884
22.341968641115
21.8966193592249
21.4126800373927
20.8161306620209
22.0250702812929
999.99
999.99
999.99
999.99
999.99
999.99
999.99
999.99
999.99
999.99
999.99
999.99
999.99
999.99
999.99
999.99
999.99
999.99
999.99
999.99
999.99
999.99
999.99
999.99
999.99
999.99
999.99
999.99
999.99
999.99
999.99
999.99
999.99
999.99
999.99
999.99
999.99
999.99
999.99
999.99
999.99
999.99
999.99
999.99
999.99
999.99
999.99
999.99
999.99
999.99
999.99
999.99
999.99
999.99
999.99
999.99
999.99
999.99
23.247001760371
23.3008218828281
23.614718599635
23.4072993197279
23.0253534926165
23.0137712893605
23.1642332835573
23.2247291052054
23.3048979591837
23.2453901892702
22.8496450141032
22.8690436531543
22.8156480836237
22.6019666460278
22.5824425916708
22.4225999283711
22.480887755102
22.6702648852521
22.659643188983
22.3856537957241
999.99
999.99
999.99
999.99
999.99
999.99
999.99
999.99
999.99
999.99
999.99
999.99
999.99
999.99
999.99
999.99
999.99
999.99
999.99
999.99
999.99
999.99
999.99
999.99
999.99
999.99
999.99
999.99
999.99
999.99
999.99
999.99
999.99
999.99
999.99
999.99
999.99
999.99
999.99
999.99
999.99
999.99
999.99
999.99
999.99
999.99
999.99
999.99
999.99
999.99
999.99
999.99
999.99
999.99
999.99
999.99
999.99
999.99
999.99
999.99
22.979031358885
22.8553214073256
23.1737212543554
23.1859615874904
23.2113567604317
23.3390836236934
23.3543507266083
23.4465331010453
23.3106645704088
23.2248780487805
23.5972300501402
23.7239790940767
23.2253961927424
22.9707038327526
22.9660909322682
22.7261986062718
22.4970399422113
22.4439059233449
22.3930055239228
22.414724738676
999.99
999.99
999.99
999.99
999.99
999.99
999.99
999.99
999.99
999.99
999.99
999.99
999.99
999.99
999.99
999.99
999.99
999.99
999.99
999.99
999.99
999.99
999.99
999.99
999.99
999.99
999.99
999.99
999.99
999.99
999.99
999.99
999.99
999.99
999.99
999.99
999.99
999.99
999.99
999.99
999.99
999.99
999.99
999.99
999.99
999.99
999.99
999.99
999.99
999.99
999.99
999.99
999.99
999.99
999.99
999.99
999.99
999.99
999.99
23.4287328687573
23.4891958665679
23.4866765389082
23.4170743847807
23.075824871412
23.1432959183673
23.1606548033848
22.9677681530673
22.9602705811652
23.2463821967811
23.1427354668221
23.0534597643935
22.8369678782875
22.8550213207234
22.8768340496223
23.0437290525966
23.0587970555265
22.9461658370665
22.8595519612961
22.7484381947901
999.99
999.99
999.99
999.99
999.99
999.99
999.99
999.99
999.99
999.99
999.99
999.99
999.99
999.99
999.99
999.99
999.99
999.99
999.99
999.99
999.99
999.99
999.99
999.99
999.99
999.99
999.99
999.99
999.99
999.99
999.99
999.99
999.99
999.99
999.99
999.99
999.99
999.99
999.99
999.99
999.99
999.99
999.99
999.99
999.99
999.99
999.99
999.99
999.99
999.99
999.99
999.99
999.99
999.99
999.99
999.99
999.99
23.5014459930313
23.5851035098156
23.7110818815331
23.5220871080139
23.4511219512195
23.5241706467239
23.3349581881533
23.1858529786692
23.0035905923345
23.163700348432
23.3566341463415
23.2965317413104
23.294480836237
22.8867532081244
22.9166233534461
22.9089163763066
23.1118581626584
23.4751358885018
23.6524372397383
23.4822264808363
999.99
999.99
999.99
999.99
999.99
999.99
999.99
999.99
999.99
999.99
999.99
999.99
999.99
999.99
999.99
999.99
999.99
999.99
999.99
999.99
999.99
999.99
999.99
999.99
999.99
999.99
999.99
999.99
999.99
999.99
999.99
999.99
999.99
999.99
999.99
999.99
999.99
999.99
999.99
999.99
999.99
999.99
999.99
999.99
999.99
999.99
999.99
999.99
999.99
999.99
999.99
999.99
999.99
999.99
999.99
999.99
999.99
999.99
999.99
999.99
23.3445139797739
23.3205609756097
23.4731314693635
23.573
23.4976775728732
23.6141707317073
23.8388048780488
23.7264512195122
23.678744794765
23.1156463414634
22.8715591909578
23.0330731707317
23.2886930398572
22.9359634146342
22.5238203450327
22.7231341463415
22.7246585365854
23.0047031528852
23.0965609756098
23.3150321237359
23.5016097560976
23.3243646638905
23.1091463414634
22.6629369422963
999.99
999.99
999.99
999.99
999.99
999.99
999.99
999.99
999.99
999.99
999.99
999.99
999.99
999.99
999.99
999.99
999.99
999.99
999.99
999.99
999.99
999.99
999.99
999.99
999.99
999.99
999.99
999.99
999.99
999.99
999.99
999.99
999.99
999.99
999.99
999.99
999.99
999.99
999.99
999.99
999.99
999.99
999.99
999.99
999.99
999.99
999.99
999.99
999.99
999.99
999.99
23.674850174216
23.6178330925469
23.3528641114983
23.2695716835217
23.2233869295487
23.2498101045296
23.4278444803263
23.4213972125436
23.0947617064672
23.0677491289199
23.1084233874394
23.0562839721255
22.8930752953174
23.2193710801394
23.3359198606272
23.3605104529617
23.4274595903799
23.189700348432
22.8989734851704
22.6515156794425
22.5911892580947
22.4502456445993
22.4962975269823
22.8206550522648
22.9593580351831
22.9975051414974
22.9552229965157
22.8970938217048
22.6781045296166
22.4788978499193
999.99
999.99
999.99
999.99
999.99
999.99
999.99
999.99
999.99
999.99
999.99
999.99
999.99
999.99
999.99
999.99
999.99
999.99
999.99
999.99
999.99
999.99
999.99
999.99
999.99
999.99
999.99
999.99
999.99
999.99
999.99
999.99
999.99
999.99
999.99
999.99
999.99
999.99
999.99
999.99
999.99
999.99
999.99
999.99
999.99
999.99
23.8095693039857
23.9430243902439
999.99
23.9431777003484
23.8097479391519
23.5887839721254
23.5867273731622
23.734306620209
23.5195287668905
23.3651672473868
23.4911560295742
23.6811860287244
23.6507787456446
23.7694084303561
23.5840296167248
23.3406219937112
23.2190592334495
23.2613344947735
23.3941080139373
23.4142834197332
23.1842282229965
23.1216829268293
23.0439634146341
22.9210940766551
22.5907665505226
22.3695243477522
22.3151742160279
22.4048118466899
22.5413275261324
22.6091672473868
22.6992456445993
999.99
999.99
999.99
999.99
999.99
999.99
999.99
999.99
999.99
999.99
999.99
999.99
999.99
999.99
999.99
999.99
999.99
999.99
999.99
999.99
999.99
999.99
999.99
999.99
999.99
999.99
999.99
999.99
999.99
999.99
999.99
999.99
999.99
999.99
999.99
999.99
999.99
999.99
999.99
999.99
999.99
999.99
999.99
999.99
999.99
999.99
999.99
999.99
23.7854250709207
23.8594972623196
23.8993185057485
23.9045729218517
23.9540680272109
23.8722800730048
23.7865704735196
23.6432392566783
23.6834045453994
23.6707393396383
23.7431836734694
23.6311421934629
23.397710724504
23.3874070018251
23.4702416564484
23.4537574168275
23.5334030197445
23.4425621815651
23.1222679608429
23.0639319727891
22.8526820142692
22.9018311176939
23.0637264808362
22.8491933292056
23.0086800232288
22.8444149659864
22.8649410983906
22.8057715321703
22.4016504065041
999.99
999.99
999.99
999.99
999.99
999.99
999.99
999.99
999.99
999.99
999.99
999.99
999.99
999.99
999.99
999.99
999.99
999.99
999.99
999.99
999.99
999.99
999.99
999.99
999.99
999.99
999.99
999.99
999.99
999.99
999.99
999.99
999.99
999.99
999.99
999.99
999.99
999.99
999.99
999.99
999.99
999.99
999.99
999.99
999.99
999.99
999.99
999.99
999.99
999.99
999.99
23.6469233449477
23.4197784482026
23.0798571428571
23.0355568964051
23.6554703832752
23.8891080139373
23.8752961672474
23.8870377326422
23.8713031358885
23.8981230560041
23.8833867595819
23.6762736466389
23.5238432055749
23.5876942296252
23.4403658536586
23.3831482960823
23.3578954703833
23.2443467323872
23.489902948925
23.5499634146342
23.4971595138948
23.2746550522648
23.3171082688876
23.1918449477352
22.893870995156
22.6052177700349
22.3254661341039
22.1726114982579
22.1266550522648
999.99
999.99
999.99
999.99
999.99
999.99
999.99
999.99
999.99
999.99
999.99
999.99
999.99
999.99
999.99
999.99
999.99
999.99
999.99
999.99
999.99
999.99
999.99
999.99
999.99
999.99
999.99
999.99
999.99
999.99
999.99
999.99
999.99
999.99
999.99
999.99
999.99
999.99
999.99
999.99
999.99
999.99
22.1472064975901
999.99
999.99
22.713487638958
22.697400959908
23.0361194624191
22.8757134803952
22.4052469719595
22.2602576859417
22.662306122449
22.6260285382446
22.5801895373259
22.8244279077485
22.8433259033536
23.1446839223494
23.4153485048986
23.7414026879044
23.85334457138
23.4582107184337
23.3566138272084
23.2751536419446
23.5714682384554
23.4987695370831
23.5402787982534
23.4917482993197
23.441221228051
23.4288090260494
23.2763991428814
23.1516281732205
23.1016238957213
23.1846180885204
23.302868840219
23.3223147138689
23.2586893147503
999.99
999.99
999.99
999.99
999.99
999.99
999.99
999.99
999.99
999.99
999.99
999.99
999.99
999.99
999.99
999.99
999.99
999.99
999.99
999.99
999.99
999.99
999.99
999.99
999.99
999.99
999.99
999.99
999.99
999.99
999.99
999.99
999.99
999.99
999.99
999.99
999.99
999.99
999.99
999.99
999.99
999.99
999.99
999.99
999.99
999.99
999.99
999.99
999.99
22.27699405116
22.1098867595819
22.9946702642984
23.387287456446
23.5045424492224
23.0577334494774
22.5879163763066
22.3905156794425
21.9328590124926
22.6075160193762
22.938087108014
23.4806514829608
23.3825296167248
23.554075975185
23.766181184669
23.917346902354
23.8872229965158
23.4402102490014
23.4447665505226
23.5050888076825
23.0890592334495
22.7345561315543
22.7817770034843
22.8143766465539
23.0957595818816
23.2852790005949
999.99
999.99
999.99
999.99
999.99
999.99
999.99
999.99
999.99
999.99
999.99
999.99
999.99
999.99
999.99
999.99
999.99
999.99
999.99
999.99
999.99
999.99
999.99
999.99
999.99
999.99
999.99
999.99
999.99
999.99
999.99
999.99
999.99
999.99
999.99
999.99
999.99
999.99
999.99
999.99
999.99
999.99
999.99
999.99
999.99
999.99
999.99
999.99
999.99
999.99
999.99
999.99
999.99
999.99
999.99
999.99
999.99
22.3963586867228
22.8770174216028
23.0398352171326
23.2308542392567
23.0169430894309
22.8753205574913
22.7000888926659
22.6563263646922
22.7778446219653
23.348272003626
23.4290824622532
23.3579283872978
23.3832938443671
23.5772508144245
23.2978048780488
23.2835346590749
22.933718931475
22.9237559842498
22.5251556329849
999.99
999.99
22.3713205291635
999.99
999.99
999.99
999.99
999.99
999.99
999.99
999.99
999.99
999.99
999.99
999.99
999.99
999.99
999.99
999.99
999.99
999.99
999.99
999.99
999.99
999.99
999.99
999.99
999.99
999.99
999.99
999.99
999.99
999.99
999.99
999.99
999.99
999.99
999.99
999.99
999.99
999.99
999.99
999.99
999.99
999.99
999.99
999.99
999.99
999.99
999.99
999.99
999.99
999.99
999.99
999.99
999.99
999.99
999.99
999.99
999.99
999.99
999.99
999.99
999.99
21.6181951219512
21.8766846689896
22.5055108353871
22.0532996515679
22.1406717940002
22.3079912891986
22.4961100535395
23.1127717770035
23.3843314353701
23.6565212033653
23.5632578397213
23.3546633806408
23.263331010453
23.3435476332115
23.135968641115
999.99
999.99
999.99
999.99
999.99
999.99
999.99
999.99
999.99
999.99
999.99
999.99
999.99
999.99
999.99
999.99
999.99
999.99
999.99
999.99
999.99
999.99
999.99
999.99
999.99
999.99
999.99
999.99
999.99
999.99
999.99
999.99
999.99
999.99
999.99
999.99
999.99
999.99
999.99
999.99
999.99
999.99
999.99
999.99
999.99
999.99
999.99
999.99
999.99
999.99
999.99
999.99
999.99
999.99
999.99
999.99
999.99
999.99
999.99
999.99
999.99
999.99
999.99
999.99
999.99
999.99
999.99
999.99
21.6477389309085
22.1381637630664
22.3097622163678
22.0170226480836
21.918004164188
21.8611167247387
22.027430441064
22.5344285714286
23.1852672728817
23.2712051499957
23.2684529616725
23.1684320557491
999.99
999.99
999.99
999.99
999.99
999.99
999.99
999.99
999.99
999.99
999.99
999.99
999.99
999.99
999.99
999.99
999.99
999.99
999.99
999.99
999.99
999.99
999.99
999.99
999.99
999.99
999.99
999.99
999.99
999.99
999.99
999.99
999.99
999.99
999.99
999.99
999.99
999.99
999.99
999.99
999.99
999.99
999.99
999.99
999.99
999.99
999.99
999.99
999.99
999.99
999.99
999.99
999.99
999.99
999.99
999.99
999.99
999.99
999.99
999.99
999.99
999.99
999.99
999.99
999.99
999.99
999.99
999.99
999.99
999.99
999.99
999.99
22.1195348432055
21.9743519163763
999.99
999.99
999.99
999.99
999.99
999.99
999.99
999.99
999.99
999.99
999.99
999.99
999.99
999.99
999.99
999.99
999.99
999.99
999.99
999.99
999.99
999.99
999.99
999.99
999.99
999.99
999.99
999.99
999.99
999.99
999.99
999.99
999.99
999.99
999.99
999.99
999.99
999.99
999.99
999.99
999.99
999.99
999.99
999.99
999.99
999.99
999.99
999.99
999.99
999.99
999.99
999.99
999.99
999.99
999.99
999.99
999.99
999.99
999.99
999.99
999.99
999.99
999.99
999.99
999.99
999.99
999.99
999.99
999.99
999.99
999.99
999.99
999.99
999.99
999.99
999.99
999.99
999.99
999.99
999.99
999.99
999.99
999.99
999.99
999.99
999.99
999.99
999.99
999.99
999.99
999.99
999.99
999.99
999.99
999.99
999.99
999.99
999.99
999.99
999.99
999.99
999.99
999.99
999.99
999.99
999.99
999.99
999.99
999.99
999.99
999.99
999.99
999.99
999.99
999.99
999.99
999.99
999.99
999.99
999.99
999.99
999.99
999.99
999.99
999.99
999.99
999.99
999.99
999.99
999.99
999.99
999.99
999.99
999.99
999.99
999.99
999.99
999.99
999.99
999.99
999.99
999.99
999.99
999.99
999.99
999.99
999.99
999.99
999.99
999.99
999.99
999.99
999.99
999.99
999.99
999.99
999.99
999.99
999.99
999.99
999.99
999.99
999.99
999.99
999.99
999.99
999.99
999.99
999.99
999.99
999.99
999.99
999.99
999.99
999.99
999.99
999.99
999.99
999.99
999.99
999.99
999.99
999.99
999.99
999.99
999.99
999.99
999.99
999.99
999.99
999.99
999.99
999.99
999.99
999.99
999.99
999.99
999.99
999.99
999.99
999.99
999.99
999.99
999.99
999.99
999.99
999.99
999.99
999.99
999.99
999.99
999.99
999.99
999.99
999.99
999.99
999.99
999.99
999.99
999.99
999.99
999.99
999.99
999.99
999.99
999.99
999.99
999.99
999.99
999.99
999.99
999.99
999.99
999.99
999.99
999.99
999.99
999.99
999.99
999.99
999.99
999.99
999.99
999.99
999.99
999.99
999.99
999.99
999.99
999.99
999.99
999.99
999.99
999.99
999.99
999.99
999.99
999.99
999.99
999.99
999.99
999.99
999.99
999.99
999.99
999.99
999.99
999.99
999.99
999.99
999.99
999.99
999.99
999.99
999.99
999.99
999.99
999.99
999.99
999.99
999.99
999.99
999.99
999.99
999.99
999.99
999.99
999.99
999.99
999.99
999.99
999.99
999.99
999.99
999.99
999.99
999.99
999.99
999.99
999.99
999.99
999.99
999.99
999.99
999.99
999.99
999.99
999.99
999.99
999.99
999.99
999.99
999.99
999.99
999.99
999.99
999.99
999.99
999.99
999.99
999.99
999.99
999.99
999.99
999.99
999.99
999.99
999.99
999.99
999.99
999.99
999.99
999.99
999.99
999.99
999.99
999.99
999.99
999.99
999.99
999.99
999.99
999.99
999.99
999.99
999.99
999.99
999.99
999.99
999.99
999.99
999.99
999.99
999.99
999.99
999.99
999.99
999.99
999.99
999.99
999.99
999.99
999.99
999.99
999.99
999.99
999.99
999.99
999.99
999.99
999.99
999.99
999.99
999.99
999.99
999.99
999.99
999.99
999.99
999.99
999.99
999.99
999.99
999.99
999.99
999.99
999.99
999.99
999.99
999.99
999.99
999.99
999.99
999.99
999.99
999.99
999.99
999.99
999.99
999.99
999.99
999.99
999.99
999.99
999.99
999.99
999.99
999.99
999.99
999.99
999.99
