999.99
999.99
999.99
999.99
999.99
999.99
999.99
999.99
999.99
999.99
999.99
999.99
999.99
999.99
999.99
999.99
999.99
999.99
999.99
999.99
999.99
999.99
999.99
999.99
999.99
999.99
999.99
999.99
999.99
999.99
999.99
999.99
999.99
999.99
999.99
999.99
999.99
999.99
999.99
999.99
999.99
999.99
999.99
999.99
999.99
999.99
999.99
999.99
999.99
999.99
999.99
999.99
999.99
999.99
999.99
999.99
999.99
999.99
999.99
999.99
999.99
999.99
999.99
999.99
999.99
999.99
999.99
999.99
999.99
999.99
999.99
999.99
999.99
999.99
999.99
999.99
999.99
999.99
999.99
999.99
999.99
999.99
999.99
999.99
999.99
999.99
999.99
999.99
999.99
999.99
999.99
999.99
999.99
999.99
999.99
999.99
999.99
999.99
999.99
999.99
999.99
999.99
999.99
999.99
999.99
999.99
999.99
999.99
999.99
999.99
999.99
999.99
999.99
999.99
999.99
999.99
999.99
999.99
999.99
999.99
999.99
999.99
999.99
999.99
999.99
999.99
999.99
999.99
999.99
999.99
999.99
999.99
999.99
999.99
15.7003758817031
15.5600592334495
15.4615331010453
15.4326783377242
15.5811393728223
15.6630628027535
15.5512020905923
15.5617666355061
15.4861149825784
15.5444511770205
15.6248954703833
15.6907173451177
15.5984076655052
15.6462891986063
15.492850174216
15.333248066627
15.2872404181185
15.294023625393
15.3342195121951
15.2856655052265
15.1030731707317
999.99
999.99
999.99
999.99
999.99
999.99
999.99
999.99
999.99
999.99
999.99
999.99
999.99
999.99
999.99
999.99
999.99
999.99
999.99
999.99
999.99
999.99
999.99
999.99
999.99
999.99
999.99
999.99
999.99
999.99
999.99
999.99
999.99
999.99
999.99
999.99
999.99
999.99
999.99
999.99
999.99
999.99
999.99
999.99
999.99
999.99
999.99
999.99
999.99
999.99
999.99
999.99
999.99
999.99
999.99
999.99
999.99
999.99
999.99
999.99
999.99
999.99
15.9041127365878
15.9268907962947
15.9007650572424
15.7960778873119
15.6014041811847
15.5653912697738
15.6299756097561
15.6271562420328
15.5369532105525
15.538011849118
15.5003133399701
15.485088449538
15.6427205077153
15.9012449040294
15.9032914385266
15.8604693877551
15.7651796913888
15.6005521858952
15.46437481334
15.2893586118564
15.0985433051269
999.99
999.99
999.99
999.99
999.99
999.99
999.99
999.99
999.99
999.99
999.99
999.99
999.99
999.99
999.99
999.99
999.99
999.99
999.99
999.99
999.99
999.99
999.99
999.99
999.99
999.99
999.99
999.99
999.99
999.99
999.99
999.99
999.99
999.99
999.99
999.99
999.99
999.99
999.99
999.99
999.99
999.99
999.99
999.99
999.99
999.99
999.99
999.99
999.99
999.99
999.99
999.99
999.99
999.99
999.99
999.99
999.99
999.99
999.99
999.99
999.99
999.99
15.8138480496303
15.8269281040197
15.9393101045296
15.9413652587745
15.7524425087107
15.6241815246027
15.6601707317073
15.6986590464859
15.7032404181185
15.616528087023
15.7242926829269
15.9946968641115
16.0467421602787
16.1045822214668
16.0014494773519
15.8952320897425
15.8836933797909
15.8124291663126
15.6714599303136
15.4590246451942
15.3923135888502
999.99
999.99
999.99
999.99
999.99
999.99
999.99
999.99
999.99
999.99
999.99
999.99
999.99
999.99
999.99
999.99
999.99
999.99
999.99
999.99
999.99
999.99
999.99
999.99
999.99
999.99
999.99
999.99
999.99
999.99
999.99
999.99
999.99
999.99
999.99
999.99
999.99
999.99
999.99
999.99
999.99
999.99
999.99
999.99
999.99
999.99
999.99
999.99
999.99
999.99
999.99
999.99
999.99
999.99
999.99
999.99
999.99
999.99
999.99
999.99
999.99
999.99
15.97098810232
16.025354040962
15.9063797909408
15.8905625053115
15.8474912891986
15.8332495113453
15.7622299651568
15.8515963287159
15.8153031358885
15.8031733661936
15.8447491289199
15.817850174216
15.8400487804878
15.9417664655392
15.7108641114983
15.7370913571854
15.6982613240418
15.6051191467664
15.4974494773519
15.3778954703832
38.0213693379805
999.99
999.99
999.99
999.99
999.99
999.99
999.99
999.99
999.99
999.99
999.99
999.99
999.99
999.99
999.99
999.99
999.99
999.99
999.99
999.99
999.99
999.99
999.99
999.99
999.99
999.99
999.99
999.99
999.99
999.99
999.99
999.99
999.99
999.99
999.99
999.99
999.99
999.99
999.99
999.99
999.99
999.99
999.99
999.99
999.99
999.99
999.99
999.99
999.99
999.99
999.99
999.99
999.99
999.99
999.99
999.99
999.99
999.99
999.99
999.99
999.99
999.99
999.99
16.0643469873375
15.9921045296167
15.9706081414124
15.987456445993
16.0204941786352
16.1148257839721
15.9088747344268
15.8254808362369
15.8030020396023
15.8652404181185
15.8962512110139
15.8299094076655
15.9180965411745
15.9188397212543
15.814818815331
15.7793588850174
15.6134257669754
15.3364878048781
15.1094263618595
37.7824564459944
16.8902102825339
999.99
999.99
999.99
999.99
999.99
999.99
999.99
999.99
999.99
999.99
999.99
999.99
999.99
999.99
999.99
999.99
999.99
999.99
999.99
999.99
999.99
999.99
999.99
999.99
999.99
999.99
999.99
999.99
999.99
999.99
999.99
999.99
999.99
999.99
999.99
999.99
999.99
999.99
999.99
999.99
999.99
999.99
999.99
999.99
999.99
999.99
999.99
999.99
999.99
999.99
999.99
999.99
999.99
999.99
999.99
999.99
999.99
999.99
999.99
999.99
999.99
16.0409915866406
15.8704158239143
15.8337770034843
15.8191465964137
15.794968641115
15.8495438939407
15.8113379790941
15.7733613495368
15.6841010452962
15.7275552817201
15.9047630662021
16.1397082518909
15.9679128919861
15.9623194527067
15.9274111498258
15.9428414209229
15.8791010452962
15.6847502337044
15.6141254355401
15.2934678337725
14.9473135888502
999.99
999.99
999.99
999.99
999.99
999.99
999.99
999.99
999.99
999.99
999.99
999.99
999.99
999.99
999.99
999.99
999.99
999.99
999.99
999.99
999.99
999.99
999.99
999.99
999.99
999.99
999.99
999.99
999.99
999.99
999.99
999.99
999.99
999.99
999.99
999.99
999.99
999.99
999.99
999.99
999.99
999.99
999.99
999.99
999.99
999.99
999.99
999.99
999.99
999.99
999.99
999.99
999.99
999.99
999.99
999.99
999.99
999.99
999.99
999.99
999.99
999.99
999.99
999.99
16.0927270615563
16.0210022662247
16.0033612078978
15.9898867737458
15.8135656213705
15.735619047619
15.8041486643438
15.7802852610408
15.9280917537747
16.0081115549135
16.0394727061556
16.0926271210447
16.0242799070848
15.941544885414
15.9264285714286
15.737560947282
15.5071846689896
15.0918934874367
14.6914413472706
14.9546848814482
16.8902102825339
999.99
999.99
999.99
999.99
999.99
999.99
999.99
999.99
999.99
999.99
999.99
999.99
999.99
999.99
999.99
999.99
999.99
999.99
999.99
999.99
999.99
999.99
999.99
999.99
999.99
999.99
999.99
999.99
999.99
999.99
999.99
999.99
999.99
999.99
999.99
999.99
999.99
999.99
999.99
999.99
999.99
999.99
999.99
999.99
999.99
999.99
999.99
999.99
999.99
999.99
999.99
999.99
999.99
999.99
999.99
999.99
999.99
999.99
999.99
999.99
999.99
999.99
999.99
16.1227421602788
16.0810836236934
16.0016740035693
16.0650452961672
16.0750656072066
15.9716759581882
15.9827093566754
16.0363031358885
15.9875532421178
16.0141010452962
16.03278210249
15.9923135888502
15.9554770119827
15.7588919860627
15.4893264213479
15.4104878048781
15.148870400272
15.0657839721254
15.0491986062718
15.0708393813207
15.1258257839721
999.99
999.99
999.99
999.99
999.99
999.99
999.99
999.99
999.99
999.99
999.99
999.99
999.99
999.99
999.99
999.99
999.99
999.99
999.99
999.99
999.99
999.99
999.99
999.99
999.99
999.99
999.99
999.99
999.99
999.99
999.99
999.99
999.99
999.99
999.99
999.99
999.99
999.99
999.99
999.99
999.99
999.99
999.99
999.99
999.99
999.99
999.99
999.99
999.99
999.99
999.99
999.99
999.99
999.99
999.99
999.99
999.99
999.99
15.9881348929816
16.1118728688382
16.1728101672555
16.1110102870417
16.0095560829924
15.9684030197445
15.8813866179428
15.8916034511365
15.9697869303581
16.0378707482993
15.8836233898675
16.1239462419114
16.4440863310225
16.3528140036502
16.2444041285759
16.138318566451
15.9765144896745
15.7522669653227
15.6039387755102
15.4711096731375
15.4938904765952
999.99
999.99
999.99
999.99
999.99
999.99
999.99
999.99
999.99
999.99
999.99
999.99
999.99
999.99
999.99
999.99
999.99
999.99
999.99
999.99
999.99
999.99
999.99
999.99
999.99
999.99
999.99
999.99
999.99
999.99
999.99
999.99
999.99
999.99
999.99
999.99
999.99
999.99
999.99
999.99
999.99
999.99
999.99
999.99
999.99
999.99
999.99
999.99
999.99
999.99
999.99
999.99
999.99
999.99
999.99
999.99
999.99
999.99
999.99
999.99
999.99
999.99
999.99
16.2670766550523
16.3825503526812
16.2447944250871
16.1803465624203
16.0828153310104
16.0079714455681
15.9471951219512
16.0504718279935
16.0696027874564
16.0469954958783
15.8570662020906
15.909596753633
16.3307630662021
16.2503831902779
16.08206271777
15.9370622928529
15.9313972125436
15.8312541004504
15.8205261324042
15.7885099855528
15.7068885017422
999.99
999.99
999.99
999.99
999.99
999.99
999.99
999.99
999.99
999.99
999.99
999.99
999.99
999.99
999.99
999.99
999.99
999.99
999.99
999.99
999.99
999.99
999.99
999.99
999.99
999.99
999.99
999.99
999.99
999.99
999.99
999.99
999.99
999.99
999.99
999.99
999.99
999.99
999.99
999.99
999.99
999.99
999.99
999.99
999.99
999.99
999.99
999.99
999.99
999.99
999.99
999.99
999.99
999.99
999.99
999.99
999.99
999.99
999.99
999.99
999.99
999.99
16.3610500754734
16.3465197262724
16.1500585697694
16.114153180606
16.0678760577402
16.0492542987451
16.0368724074996
15.9637310841052
16.2119835739174
16.2989387755102
16.2635928322548
16.2159071293003
16.1851179691389
16.2150123185503
16.2437635639622
16.1410923729396
15.80687522814
15.9398001796792
16.150369006139
16.1408640548427
16.017775012444
999.99
999.99
999.99
999.99
999.99
999.99
999.99
999.99
999.99
999.99
999.99
999.99
999.99
999.99
999.99
999.99
999.99
999.99
999.99
999.99
999.99
999.99
999.99
999.99
999.99
999.99
999.99
999.99
999.99
999.99
999.99
999.99
999.99
999.99
999.99
999.99
999.99
999.99
999.99
999.99
999.99
999.99
999.99
999.99
999.99
999.99
999.99
999.99
999.99
999.99
999.99
999.99
999.99
999.99
999.99
999.99
999.99
999.99
999.99
999.99
999.99
999.99
999.99
999.99
999.99
999.99
15.9306550522648
16.005854338404
16.0428850174216
16.0923610096031
16.0859059233449
16.0437462394833
16.0474634146341
16.0524127645109
16.093543554007
16.2833099345628
16.4017142857143
16.3957764935837
16.1265783972126
15.7617088467749
16.034581881533
16.4167187048525
16.4769233449477
16.3949967706297
16.0277262683776
15.7616167247387
15.6687062122886
999.99
999.99
999.99
999.99
999.99
999.99
999.99
999.99
999.99
999.99
999.99
999.99
999.99
999.99
999.99
999.99
999.99
999.99
999.99
999.99
999.99
999.99
999.99
999.99
999.99
999.99
999.99
999.99
999.99
999.99
999.99
999.99
999.99
999.99
999.99
999.99
999.99
999.99
999.99
999.99
999.99
999.99
999.99
999.99
999.99
999.99
999.99
999.99
999.99
999.99
999.99
999.99
999.99
999.99
999.99
999.99
999.99
999.99
999.99
999.99
999.99
999.99
16.0680557491289
16.0408836576867
15.9823449477352
15.9748200900824
15.9550801393728
15.9784812611541
16.0120662020906
16.0788347072321
16.1786933797909
16.3228418458401
16.5350418118467
16.6111622333645
16.5427595818815
16.4104796464689
16.1203344947735
16.4242165377751
16.6942508710801
16.6456145151695
16.485902354041
16.3194059233449
16.0583328800884
999.99
999.99
999.99
999.99
999.99
999.99
999.99
999.99
999.99
999.99
999.99
999.99
999.99
999.99
999.99
999.99
999.99
999.99
999.99
999.99
999.99
999.99
999.99
999.99
999.99
999.99
999.99
999.99
999.99
999.99
999.99
999.99
999.99
999.99
999.99
999.99
999.99
999.99
999.99
999.99
999.99
999.99
999.99
999.99
999.99
999.99
999.99
999.99
999.99
999.99
999.99
999.99
999.99
999.99
999.99
999.99
999.99
999.99
999.99
999.99
999.99
999.99
16.3514146341463
16.2399637120761
16.1948536585366
16.2739327781083
16.2780243902439
16.1505520523498
16.0655121951219
16.0883932183224
16.0878780487805
16.1319119571684
16.6063170731708
16.9416281975014
16.2309024390244
15.9746341463415
16.336487804878
16.5702700773349
16.605243902439
16.5972665080309
16.5551267102915
16.4662195121951
16.3899714455681
999.99
999.99
999.99
999.99
999.99
999.99
999.99
999.99
999.99
999.99
999.99
999.99
999.99
999.99
999.99
999.99
999.99
999.99
999.99
999.99
999.99
999.99
999.99
999.99
999.99
999.99
999.99
999.99
999.99
999.99
999.99
999.99
999.99
999.99
999.99
999.99
999.99
999.99
999.99
999.99
999.99
999.99
999.99
999.99
999.99
999.99
999.99
999.99
999.99
999.99
999.99
999.99
999.99
999.99
999.99
999.99
999.99
999.99
999.99
999.99
999.99
999.99
999.99
16.3115220531996
16.2514390243902
16.3533368743095
16.4949233449477
16.5554465879154
16.5248013937282
16.6890586385655
16.6082682926829
16.5566615959888
16.6714111498258
16.8597399507096
16.4356341463415
16.3087606016827
16.4113275261324
16.4960520098581
16.5605087108014
16.6050718959803
16.6734306960143
16.6354163763066
16.5697561825444
16.2074721254355
999.99
999.99
999.99
999.99
999.99
999.99
999.99
999.99
999.99
999.99
999.99
999.99
999.99
999.99
999.99
999.99
999.99
999.99
999.99
999.99
999.99
999.99
999.99
999.99
999.99
999.99
999.99
999.99
999.99
999.99
999.99
999.99
999.99
999.99
999.99
999.99
999.99
999.99
999.99
999.99
999.99
999.99
999.99
999.99
999.99
999.99
999.99
999.99
999.99
999.99
999.99
999.99
999.99
999.99
999.99
999.99
999.99
999.99
999.99
999.99
999.99
999.99
16.3235240685209
16.4128052098888
16.5524563407754
16.6467089762734
16.6277402420814
16.6357857142857
16.5775438413319
16.7175340965655
16.8608625554921
17.2054924506389
17.2514761904762
16.8340431392069
16.4137140570685
16.3336808528289
16.4918530636526
16.5486491621039
16.5968650281052
16.6832281542004
16.9462330346773
16.8638573330581
16.6306037829766
999.99
999.99
999.99
999.99
999.99
999.99
999.99
999.99
999.99
999.99
999.99
999.99
999.99
999.99
999.99
999.99
999.99
999.99
999.99
999.99
999.99
999.99
999.99
999.99
999.99
999.99
999.99
999.99
999.99
999.99
999.99
999.99
999.99
999.99
999.99
999.99
999.99
999.99
999.99
999.99
999.99
999.99
999.99
999.99
999.99
999.99
999.99
999.99
999.99
999.99
999.99
999.99
999.99
999.99
999.99
999.99
999.99
999.99
999.99
999.99
999.99
999.99
999.99
999.99
16.692824764171
16.5237595818815
16.5324402141582
16.5789163763066
16.7349752698224
16.8941463414634
17.1388100620379
17.1634982578397
17.4508352171327
17.0660522648084
16.8883140987508
16.7569512195122
16.6522412679528
16.6868153310105
16.8063224271267
16.9787169202006
17.0188519163763
16.7878548483046
16.4695662020905
16.3102177275431
16.0959216027875
999.99
999.99
999.99
999.99
999.99
999.99
999.99
999.99
999.99
999.99
999.99
999.99
999.99
999.99
999.99
999.99
999.99
999.99
999.99
999.99
999.99
999.99
999.99
999.99
999.99
999.99
999.99
999.99
999.99
999.99
999.99
999.99
999.99
999.99
999.99
999.99
999.99
999.99
999.99
999.99
999.99
999.99
999.99
999.99
999.99
999.99
999.99
999.99
999.99
999.99
999.99
999.99
999.99
999.99
999.99
999.99
999.99
999.99
999.99
999.99
999.99
999.99
16.4866045619914
16.4050861954538
16.4551085602593
16.4993763066203
16.5862278264072
16.7085978928157
16.9795340136055
17.0567266467563
17.0124952247407
17.1821412809026
17.3782304750573
17.198425170068
17.1744243768894
17.2733017255683
17.2615176623892
17.1042761840012
17.0499797577568
16.8862674873638
16.7672560146009
16.5039216068343
16.3086982744317
999.99
999.99
999.99
999.99
999.99
999.99
999.99
999.99
999.99
999.99
999.99
999.99
999.99
999.99
999.99
999.99
999.99
999.99
999.99
999.99
999.99
999.99
999.99
999.99
999.99
999.99
999.99
999.99
999.99
999.99
999.99
999.99
999.99
999.99
999.99
999.99
999.99
999.99
999.99
999.99
999.99
999.99
999.99
999.99
999.99
999.99
999.99
999.99
999.99
999.99
999.99
999.99
999.99
999.99
999.99
999.99
999.99
999.99
999.99
999.99
999.99
16.4725574912892
16.4970691765106
16.4647804878049
16.6322134783717
16.4482926829268
16.7931034248322
16.6539721254355
16.850397892411
17.057487804878
17.2636481686072
17.5155296167247
17.5565688790686
17.4513066202091
17.4998823829353
17.2995818815331
17.4971955468684
17.3077287328971
17.129393728223
16.7692473867596
16.5264459930313
16.3084329905668
999.99
999.99
999.99
999.99
999.99
999.99
999.99
999.99
999.99
999.99
999.99
999.99
999.99
999.99
999.99
999.99
999.99
999.99
999.99
999.99
999.99
999.99
999.99
999.99
999.99
999.99
999.99
999.99
999.99
999.99
999.99
999.99
999.99
999.99
999.99
999.99
999.99
999.99
999.99
999.99
999.99
999.99
999.99
999.99
999.99
999.99
999.99
999.99
999.99
999.99
999.99
999.99
999.99
999.99
999.99
999.99
999.99
999.99
999.99
999.99
999.99
999.99
999.99
999.99
999.99
16.6896671482394
16.5371617720259
16.694
16.8461205408993
16.6720222616114
16.7253919031028
17.0085451727389
17.8810337647254
18.089259618303
17.4581445163431
17.3972886543077
16.9125620540899
16.8926972789116
16.9057246678565
17.013762319562
16.7545320225651
16.5585059731209
16.4987278911565
16.3831647585864
22.6473521126518
16.8902102825339
999.99
999.99
999.99
999.99
999.99
999.99
999.99
999.99
999.99
999.99
999.99
999.99
999.99
999.99
999.99
999.99
999.99
999.99
999.99
999.99
999.99
999.99
999.99
999.99
999.99
999.99
999.99
999.99
999.99
999.99
999.99
999.99
999.99
999.99
999.99
999.99
999.99
999.99
999.99
999.99
999.99
999.99
999.99
999.99
999.99
999.99
999.99
999.99
999.99
999.99
999.99
999.99
999.99
999.99
999.99
999.99
999.99
999.99
999.99
999.99
999.99
16.9196585365854
16.8683206424747
16.8280731707317
16.8286186793575
16.7756585365854
16.8114182034503
16.8902102825339
18.1414187983343
17.5891463414634
17.3603902439025
17.1960975609756
17.0571415823914
16.9686341463415
16.8974384295062
16.8014562760262
16.693012195122
16.6273973825104
16.3720609756097
16.2899660916121
16.8902102825339
999.99
999.99
999.99
999.99
999.99
999.99
999.99
999.99
999.99
999.99
999.99
999.99
999.99
999.99
999.99
999.99
999.99
999.99
999.99
999.99
999.99
999.99
999.99
999.99
999.99
999.99
999.99
999.99
999.99
999.99
999.99
999.99
999.99
999.99
999.99
999.99
999.99
999.99
999.99
999.99
999.99
999.99
999.99
999.99
999.99
999.99
999.99
999.99
999.99
999.99
999.99
999.99
999.99
999.99
999.99
999.99
999.99
999.99
999.99
999.99
999.99
999.99
16.7522311549248
16.616850174216
16.7065861307045
17.0890592334495
17.1337996090762
16.8902102825339
16.8902102825339
18.2112334494774
17.7571591739609
17.4055087108014
17.0972945525623
17.3404146341464
17.1789473102745
16.6324355400697
16.6031448967451
16.6682258009688
16.7415470383275
16.587932523158
16.3557770034843
16.3349969405966
999.99
999.99
999.99
999.99
999.99
999.99
999.99
999.99
999.99
999.99
999.99
999.99
999.99
999.99
999.99
999.99
999.99
999.99
999.99
999.99
999.99
999.99
999.99
999.99
999.99
999.99
999.99
999.99
999.99
999.99
999.99
999.99
999.99
999.99
999.99
999.99
999.99
999.99
999.99
999.99
999.99
999.99
999.99
999.99
999.99
999.99
999.99
999.99
999.99
999.99
999.99
999.99
999.99
999.99
999.99
999.99
999.99
999.99
999.99
999.99
999.99
999.99
999.99
999.99
16.9291498257839
17.0160393473273
16.8902102825339
16.8902102825339
16.8902102825339
16.8902102825339
16.8902102825339
16.7599066032123
16.3951254355401
16.8051289198606
17.166337979094
16.9644487974845
16.9137351916376
16.8250218407411
16.628176425597
16.5422961672474
16.4256988187303
16.222275261324
15.911101215263
16.8902102825339
999.99
999.99
999.99
999.99
999.99
999.99
999.99
999.99
999.99
999.99
999.99
999.99
999.99
999.99
999.99
999.99
999.99
999.99
999.99
999.99
999.99
999.99
999.99
999.99
999.99
999.99
999.99
999.99
999.99
999.99
999.99
999.99
999.99
999.99
999.99
999.99
999.99
999.99
999.99
999.99
999.99
999.99
999.99
999.99
999.99
999.99
999.99
999.99
999.99
999.99
999.99
999.99
999.99
999.99
999.99
999.99
999.99
999.99
999.99
999.99
999.99
16.8902102825339
16.8902102825339
16.8902102825339
16.8902102825339
16.8902102825339
35.4316138353072
34.3423310104478
16.9849362624288
16.7035574912892
16.8509507096116
17.0380139372822
17.2536556471488
17.2797108013938
16.708185348857
16.7054912891986
16.8229451856888
16.7554813461375
16.6701254355401
16.5181663975525
16.2087996515679
999.99
999.99
999.99
999.99
999.99
999.99
999.99
999.99
999.99
999.99
999.99
999.99
999.99
999.99
999.99
999.99
999.99
999.99
999.99
999.99
999.99
999.99
999.99
999.99
999.99
999.99
999.99
999.99
999.99
999.99
999.99
999.99
999.99
999.99
999.99
999.99
999.99
999.99
999.99
999.99
999.99
999.99
999.99
999.99
999.99
999.99
999.99
999.99
999.99
999.99
999.99
999.99
999.99
999.99
999.99
999.99
999.99
999.99
999.99
999.99
999.99
999.99
999.99
999.99
24.2554352001242
16.8902102825339
20.1702791705649
16.8902102825339
17.2375997280634
16.8902102825339
16.8902102825339
16.8902102825339
16.8902102825339
16.8902102825339
30.9105777173636
17.3418048780488
17.115814056259
17.1501219512195
16.948509815586
16.9342020905923
16.8217717770035
16.5492296252231
16.2701219512195
16.0051531401377
999.99
999.99
999.99
999.99
999.99
999.99
999.99
999.99
999.99
999.99
999.99
999.99
999.99
999.99
999.99
999.99
999.99
999.99
999.99
999.99
999.99
999.99
999.99
999.99
999.99
999.99
999.99
999.99
999.99
999.99
999.99
999.99
999.99
999.99
999.99
999.99
999.99
999.99
999.99
999.99
999.99
999.99
999.99
999.99
999.99
999.99
999.99
999.99
999.99
999.99
999.99
999.99
999.99
999.99
999.99
999.99
999.99
999.99
999.99
999.99
999.99
999.99
17.1444146341463
17.1360117277131
25.8801254355403
16.8902102825339
16.8902102825339
16.8902102825339
16.8902102825339
16.8902102825339
16.8902102825339
16.8902102825339
16.8902102825339
17.4138279935412
17.2419930313589
17.1599581881533
17.1294425087108
17.0728911362284
16.9674199881023
16.8769982578397
16.6249838531486
16.3882177700348
999.99
999.99
999.99
999.99
999.99
999.99
999.99
999.99
999.99
999.99
999.99
999.99
999.99
999.99
999.99
999.99
999.99
999.99
999.99
999.99
999.99
999.99
999.99
999.99
999.99
999.99
999.99
999.99
999.99
999.99
999.99
999.99
999.99
999.99
999.99
999.99
999.99
999.99
999.99
999.99
999.99
999.99
999.99
999.99
999.99
999.99
999.99
999.99
999.99
999.99
999.99
999.99
999.99
999.99
999.99
999.99
999.99
999.99
999.99
999.99
999.99
999.99
999.99
999.99
999.99
17.1807645594823
16.8902102825339
16.8902102825339
16.8902102825339
16.8902102825339
16.8902102825339
16.4438790443006
16.8902102825339
16.8902102825339
30.7196312812044
17.4771224489796
17.4070508565115
17.1466694873071
16.7881336667921
16.8520816326531
16.7543914883026
16.6654046425233
16.6277765057242
16.4411398948634
16.5479387755102
999.99
999.99
999.99
999.99
999.99
999.99
999.99
999.99
999.99
999.99
999.99
999.99
999.99
999.99
999.99
999.99
999.99
999.99
999.99
999.99
999.99
999.99
999.99
999.99
999.99
999.99
999.99
999.99
999.99
999.99
999.99
999.99
999.99
999.99
999.99
999.99
999.99
999.99
999.99
999.99
999.99
999.99
999.99
999.99
999.99
999.99
999.99
999.99
999.99
999.99
999.99
999.99
999.99
999.99
999.99
999.99
999.99
999.99
999.99
999.99
999.99
999.99
999.99
16.8902102825339
16.8902102825339
16.8902102825339
16.8902102825339
16.8902102825339
16.8902102825339
16.8902102825339
17.6359220701963
17.6636097560976
16.8902102825339
16.8902102825339
17.7605734681737
17.7361951219512
17.3946781677573
17.0635948839977
17.0044390243903
16.945985722784
16.8474268292683
16.7563813206425
16.7901585365854
999.99
999.99
999.99
999.99
999.99
999.99
999.99
999.99
999.99
999.99
999.99
999.99
999.99
999.99
999.99
999.99
999.99
999.99
999.99
999.99
999.99
999.99
999.99
999.99
999.99
999.99
999.99
999.99
999.99
999.99
999.99
999.99
999.99
999.99
999.99
999.99
999.99
999.99
999.99
999.99
999.99
999.99
999.99
999.99
999.99
999.99
999.99
999.99
999.99
999.99
999.99
999.99
999.99
999.99
999.99
999.99
999.99
999.99
999.99
999.99
999.99
999.99
16.8902102825339
17.4901184668989
17.5024638395513
17.4890915878547
16.8902102825339
16.8902102825339
16.8902102825339
16.8902102825339
17.1223668248977
16.9942468889995
16.8902102825339
16.8902102825339
34.7939202612716
39.5329900447998
16.8902102825339
16.8857485340359
16.9957384270781
17.0826247617429
17.0920647088103
17.0520712282533
999.99
999.99
999.99
999.99
999.99
999.99
999.99
999.99
999.99
999.99
999.99
999.99
999.99
999.99
999.99
999.99
999.99
999.99
999.99
999.99
999.99
999.99
999.99
999.99
999.99
999.99
999.99
999.99
999.99
999.99
999.99
999.99
999.99
999.99
999.99
999.99
999.99
999.99
999.99
999.99
999.99
999.99
999.99
999.99
999.99
999.99
999.99
999.99
999.99
999.99
999.99
999.99
999.99
999.99
999.99
999.99
999.99
999.99
999.99
999.99
999.99
999.99
999.99
26.0332088892668
17.4191602787456
17.4291092037053
26.1976132404184
16.8902102825339
17.2771742160279
16.8902102825339
16.8902102825339
16.8902102825339
16.8902102825339
29.429967876283
16.8902102825339
16.8902102825339
16.8902102825339
38.86084473527
35.7487932353316
34.1618432055787
17.2872856293023
17.0890714285714
17.1735871505057
999.99
999.99
999.99
999.99
999.99
999.99
999.99
999.99
999.99
999.99
999.99
999.99
999.99
999.99
999.99
999.99
999.99
999.99
999.99
999.99
999.99
999.99
999.99
999.99
999.99
999.99
999.99
999.99
999.99
999.99
999.99
999.99
999.99
999.99
999.99
999.99
999.99
999.99
999.99
999.99
999.99
999.99
999.99
999.99
999.99
999.99
999.99
999.99
999.99
999.99
999.99
999.99
999.99
999.99
999.99
999.99
999.99
999.99
999.99
999.99
999.99
16.8902102825339
17.4450731707317
16.8902102825339
16.8902102825339
16.8902102825339
16.8902102825339
16.8902102825339
16.8902102825339
21.4299311634187
16.8902102825339
16.8902102825339
16.8902102825339
16.8902102825339
16.8902102825339
34.840905073519
39.3713379790954
16.8902102825339
16.8902102825339
16.8902102825339
17.1154843205575
999.99
999.99
999.99
999.99
999.99
999.99
999.99
999.99
999.99
999.99
999.99
999.99
999.99
999.99
999.99
999.99
999.99
999.99
999.99
999.99
999.99
999.99
999.99
999.99
999.99
999.99
999.99
999.99
999.99
999.99
999.99
999.99
999.99
999.99
999.99
999.99
999.99
999.99
999.99
999.99
999.99
999.99
999.99
999.99
999.99
999.99
999.99
999.99
999.99
999.99
999.99
999.99
999.99
999.99
999.99
999.99
999.99
999.99
999.99
999.99
999.99
999.99
999.99
999.99
32.6132404181362
24.9291569643803
16.8902102825339
34.81936236934
17.7764146341464
17.8857885612306
16.8902102825339
16.8902102825339
16.8902102825339
32.6711672473888
16.8902102825339
16.8902102825339
16.8060383275261
17.2037730092632
17.1404494773519
17.1671393728223
17.2770229455257
17.295487804878
17.1179305685391
16.5825766550522
999.99
999.99
999.99
999.99
999.99
999.99
999.99
999.99
999.99
999.99
999.99
999.99
999.99
999.99
999.99
999.99
999.99
999.99
999.99
999.99
999.99
999.99
999.99
999.99
999.99
999.99
999.99
999.99
999.99
999.99
999.99
999.99
999.99
999.99
999.99
999.99
999.99
999.99
999.99
999.99
999.99
999.99
999.99
999.99
999.99
999.99
999.99
999.99
999.99
999.99
999.99
999.99
999.99
999.99
999.99
999.99
999.99
999.99
999.99
999.99
999.99
999.99
999.99
17.6386097560976
17.5425696439194
17.4980836236934
17.5821380980709
17.573581881533
16.6440713860798
35.6308083623748
16.8902102825339
16.8902102825339
16.8902102825339
16.8902102825339
16.8902102825339
17.6868780487805
17.5646445993031
17.5120034843205
17.1359552137333
17.221793405286
17.1278710801394
16.9110695164443
16.7101515679443
999.99
999.99
999.99
999.99
999.99
999.99
999.99
999.99
999.99
999.99
999.99
999.99
999.99
999.99
999.99
999.99
999.99
999.99
999.99
999.99
999.99
999.99
999.99
999.99
999.99
999.99
999.99
999.99
999.99
999.99
999.99
999.99
999.99
999.99
999.99
999.99
999.99
999.99
999.99
999.99
999.99
999.99
999.99
999.99
999.99
999.99
999.99
999.99
999.99
999.99
999.99
999.99
999.99
999.99
999.99
999.99
999.99
999.99
999.99
999.99
999.99
999.99
17.7277308574828
17.6612160278746
17.5488272286904
17.6960766550523
17.636446332965
17.2513972125436
16.1724214328207
16.8902102825339
16.8902102825339
16.8902102825339
16.8902102825339
16.8902102825339
16.4334956233534
16.8902102825339
17.4934865301266
16.8902102825339
16.8902102825339
16.8029954958783
16.8199930313589
16.7042399082179
999.99
999.99
999.99
999.99
999.99
999.99
999.99
999.99
999.99
999.99
999.99
999.99
999.99
999.99
999.99
999.99
999.99
999.99
999.99
999.99
999.99
999.99
999.99
999.99
999.99
999.99
999.99
999.99
999.99
999.99
999.99
999.99
999.99
999.99
999.99
999.99
999.99
999.99
999.99
999.99
999.99
999.99
999.99
999.99
999.99
999.99
999.99
999.99
999.99
999.99
999.99
999.99
999.99
999.99
999.99
999.99
999.99
999.99
999.99
999.99
999.99
999.99
17.6705121951218
17.8960107079119
16.6846097560978
19.3948346222582
17.8391463414634
27.9086829268272
27.7583414634125
16.8902102825339
16.8902102825339
16.8902102825339
17.3929024390243
27.105477096964
16.3029756097561
17.035500297442
27.1828292682905
17.5978881618084
17.2988292682926
16.2193170731707
17.0006502082094
16.7091219512195
999.99
999.99
999.99
999.99
999.99
999.99
999.99
999.99
999.99
999.99
999.99
999.99
999.99
999.99
999.99
999.99
999.99
999.99
999.99
999.99
999.99
999.99
999.99
999.99
999.99
999.99
999.99
999.99
999.99
999.99
999.99
999.99
999.99
999.99
999.99
999.99
999.99
999.99
999.99
999.99
999.99
999.99
999.99
999.99
999.99
999.99
999.99
999.99
999.99
999.99
999.99
999.99
999.99
999.99
999.99
999.99
999.99
999.99
999.99
999.99
999.99
999.99
999.99
17.9280046457607
17.8924603046454
17.9066904761905
17.4580245055785
16.8902102825339
16.8902102825339
16.8902102825339
16.8902102825339
16.8902102825339
22.5645672117704
17.4736320723412
17.6811160185669
16.8902102825339
16.8902102825339
16.8902102825339
35.3584841162008
18.0796073502572
17.1695223364777
16.3779544246014
15.8575692716111
999.99
999.99
999.99
999.99
999.99
999.99
999.99
999.99
999.99
999.99
999.99
999.99
999.99
999.99
999.99
999.99
999.99
999.99
999.99
999.99
999.99
999.99
999.99
999.99
999.99
999.99
999.99
999.99
999.99
999.99
999.99
999.99
999.99
999.99
999.99
999.99
999.99
999.99
999.99
999.99
999.99
999.99
999.99
999.99
999.99
999.99
999.99
999.99
999.99
999.99
999.99
999.99
999.99
999.99
999.99
999.99
999.99
999.99
999.99
999.99
999.99
999.99
999.99
999.99
16.8902102825339
16.8902102825339
18.9328853573529
16.8902102825339
16.8902102825339
16.8902102825339
16.6282229965133
16.8902102825339
16.3484736976289
16.8902102825339
16.8902102825339
16.8902102825339
16.8902102825339
16.8902102825339
16.8902102825339
18.103724738676
17.792824764171
16.772087532931
16.261031358885
17.614787541427
999.99
999.99
999.99
999.99
999.99
999.99
999.99
999.99
999.99
999.99
999.99
999.99
999.99
999.99
999.99
999.99
999.99
999.99
999.99
999.99
999.99
999.99
999.99
999.99
999.99
999.99
999.99
999.99
999.99
999.99
999.99
999.99
999.99
999.99
999.99
999.99
999.99
999.99
999.99
999.99
999.99
999.99
999.99
999.99
999.99
999.99
999.99
999.99
999.99
999.99
999.99
999.99
999.99
999.99
999.99
999.99
999.99
999.99
17.9225966888838
17.5248771483608
16.8902102825339
16.8902102825339
16.8902102825339
16.8902102825339
16.8902102825339
16.8902102825339
17.1688571428571
19.5684948322013
16.8902102825339
16.8902102825339
16.4402988219682
16.8902102825339
16.8902102825339
16.8902102825339
16.8902102825339
16.8902102825339
28.6130603119412
16.4394410093602
999.99
999.99
999.99
999.99
999.99
999.99
999.99
999.99
999.99
999.99
999.99
999.99
999.99
999.99
999.99
999.99
999.99
999.99
999.99
999.99
999.99
999.99
999.99
999.99
999.99
999.99
999.99
999.99
999.99
999.99
999.99
999.99
999.99
999.99
999.99
999.99
999.99
999.99
999.99
999.99
999.99
999.99
999.99
999.99
999.99
999.99
999.99
999.99
999.99
999.99
999.99
999.99
999.99
999.99
999.99
999.99
999.99
999.99
999.99
999.99
19.0404651567944
18.858674343503
18.2832456445994
17.5169735701539
17.3205945440639
16.8902102825339
16.8902102825339
16.8902102825339
16.8902102825339
16.8902102825339
16.8902102825339
17.0648780487805
20.3068239993233
16.8902102825339
16.8902102825339
23.3384355400723
21.3734946885314
23.3952020905949
16.1195272371888
16.0694425087108
999.99
999.99
999.99
999.99
999.99
999.99
999.99
999.99
999.99
999.99
999.99
999.99
999.99
999.99
999.99
999.99
999.99
999.99
999.99
999.99
999.99
999.99
999.99
999.99
999.99
999.99
999.99
999.99
999.99
999.99
999.99
999.99
999.99
999.99
999.99
999.99
999.99
999.99
999.99
999.99
999.99
999.99
999.99
999.99
999.99
999.99
999.99
999.99
999.99
999.99
999.99
999.99
999.99
999.99
999.99
999.99
999.99
999.99
999.99
17.9689832420773
18.167241108103
18.4855550024888
19.0134015365812
16.8902102825339
17.8342891156463
16.8902102825339
16.8902102825339
16.8902102825339
16.8902102825339
16.8902102825339
16.8902102825339
16.8902102825339
16.8902102825339
16.8902102825339
16.8902102825339
16.8902102825339
16.8902102825339
17.8292031791999
16.8902102825339
999.99
999.99
999.99
999.99
999.99
999.99
999.99
999.99
999.99
999.99
999.99
999.99
999.99
999.99
999.99
999.99
999.99
999.99
999.99
999.99
999.99
999.99
999.99
999.99
999.99
999.99
999.99
999.99
999.99
999.99
999.99
999.99
999.99
999.99
999.99
999.99
999.99
999.99
999.99
999.99
999.99
999.99
999.99
999.99
999.99
999.99
999.99
999.99
999.99
999.99
999.99
999.99
999.99
999.99
999.99
999.99
999.99
17.5035662020906
17.6063801308745
17.6629407665505
17.7631428571429
17.8488449477352
17.954148041132
18.1301672473868
18.4791142177276
18.2818902439024
18.0208780487805
16.8902102825339
16.8902102825339
32.9799425087079
16.898869805388
32.9500341633352
17.4937526132404
17.457210758902
17.4322961672474
33.1906479136539
16.8902102825339
999.99
999.99
999.99
999.99
999.99
999.99
999.99
999.99
999.99
999.99
999.99
999.99
999.99
999.99
999.99
999.99
999.99
999.99
999.99
999.99
999.99
999.99
999.99
999.99
999.99
999.99
999.99
999.99
999.99
999.99
999.99
999.99
999.99
999.99
999.99
999.99
999.99
999.99
999.99
999.99
999.99
999.99
999.99
999.99
999.99
999.99
999.99
999.99
999.99
999.99
999.99
999.99
999.99
999.99
999.99
999.99
999.99
999.99
999.99
999.99
17.690999405116
17.5729024390244
17.5156371207615
17.2614146341463
17.4606293872694
17.499256097561
17.7019268292683
17.393524390244
17.716004164188
17.9462073170732
38.0285312314128
16.8902102825339
16.8902102825339
16.8902102825339
16.8902102825339
16.8902102825339
16.8902102825339
16.8902102825339
16.8902102825339
17.5631380130875
17.5578536585366
17.5868405710886
17.238243902439
17.1539012492564
999.99
999.99
999.99
999.99
999.99
999.99
999.99
999.99
999.99
999.99
999.99
999.99
999.99
999.99
999.99
999.99
999.99
999.99
999.99
999.99
999.99
999.99
999.99
999.99
999.99
999.99
999.99
999.99
999.99
999.99
999.99
999.99
999.99
999.99
999.99
999.99
999.99
999.99
999.99
999.99
999.99
999.99
999.99
999.99
999.99
999.99
999.99
999.99
999.99
999.99
999.99
17.4307839721254
17.4204678337724
17.3347386759582
17.3199823234469
17.162534630747
16.8521080139373
16.7969298036883
17.1319878048781
17.1827886462139
16.9605470383275
16.9542991416674
16.8165888501742
17.7214237273731
17.929606271777
17.9950905923345
16.8902102825339
16.8902102825339
16.8902102825339
16.8902102825339
16.8902102825339
16.8902102825339
16.8902102825339
16.8902102825339
16.8902102825339
16.8902102825339
17.5479989801989
17.3098536585366
17.274946630407
17.0796655052264
17.0659971105634
999.99
999.99
999.99
999.99
999.99
999.99
999.99
999.99
999.99
999.99
999.99
999.99
999.99
999.99
999.99
999.99
999.99
999.99
999.99
999.99
999.99
999.99
999.99
999.99
999.99
999.99
999.99
999.99
999.99
999.99
999.99
999.99
999.99
999.99
999.99
999.99
999.99
999.99
999.99
999.99
999.99
999.99
999.99
999.99
999.99
999.99
17.7659091527151
17.7277317073171
999.99
17.5903170731707
17.3838920710461
17.2156829268293
17.1974867000935
17.1640940766551
17.0142037052775
16.951787456446
16.7978709951559
16.7542660831138
17.1652508710801
17.3077337469194
17.5726149825784
17.6958006288773
17.4638432055749
17.1652508710801
17.2314982578397
29.2943135888458
17.5475418118467
17.3083449477352
17.604799651568
17.7253554006969
16.8902102825339
16.8902102825339
16.8902102825339
16.8902102825339
16.8902102825339
17.5651375031869
17.1060017421603
999.99
999.99
999.99
999.99
999.99
999.99
999.99
999.99
999.99
999.99
999.99
999.99
999.99
999.99
999.99
999.99
999.99
999.99
999.99
999.99
999.99
999.99
999.99
999.99
999.99
999.99
999.99
999.99
999.99
999.99
999.99
999.99
999.99
999.99
999.99
999.99
999.99
999.99
999.99
999.99
999.99
999.99
999.99
999.99
999.99
999.99
999.99
999.99
17.3913118608537
17.5951154803385
17.4335503445876
17.2277590841214
17.167462585034
17.2167597478016
17.1911312993966
16.9493308445329
16.8600394889663
17.2452175211548
17.1015034013605
17.0801458437032
17.3621144524437
17.2475294508047
17.5102575807241
17.4282007713258
17.4490919196947
17.4424962263311
17.4336882362701
17.461925170068
17.2957118798739
17.0269424945469
16.8782005143521
17.1405864180294
17.2716781151485
17.3504149659864
16.6121320723409
16.8902102825339
16.8902102825339
999.99
999.99
999.99
999.99
999.99
999.99
999.99
999.99
999.99
999.99
999.99
999.99
999.99
999.99
999.99
999.99
999.99
999.99
999.99
999.99
999.99
999.99
999.99
999.99
999.99
999.99
999.99
999.99
999.99
999.99
999.99
999.99
999.99
999.99
999.99
999.99
999.99
999.99
999.99
999.99
999.99
999.99
999.99
999.99
999.99
999.99
999.99
999.99
999.99
999.99
999.99
17.3746759581881
17.25472235914
17.4408362369338
17.5599821534801
17.5634982578397
17.3257491289199
17.2602857142857
17.2016745984533
17.210456445993
17.2190619529192
17.178
17.2822729667715
17.1019895470383
17.0443571853489
17.2126167247386
17.3489443358545
17.3770278745645
17.3405110903374
16.8902102825339
17.2146637630662
17.2807657006884
17.4036759581882
17.2035693039857
19.9214076655005
16.8902102825339
16.8902102825339
16.8902102825339
16.8902102825339
17.6866027874516
999.99
999.99
999.99
999.99
999.99
999.99
999.99
999.99
999.99
999.99
999.99
999.99
999.99
999.99
999.99
999.99
999.99
999.99
999.99
999.99
999.99
999.99
999.99
999.99
999.99
999.99
999.99
999.99
999.99
999.99
999.99
999.99
999.99
999.99
999.99
999.99
999.99
999.99
999.99
999.99
999.99
999.99
16.5205487986985
999.99
999.99
17.1102024224324
17.3222399244052
17.4669851501576
17.207789714577
17.6893900779824
17.43320707224
17.18
17.4053008130081
17.4539815585961
17.4978515015762
17.4747612046603
17.3745135224822
17.4375538572359
17.3625274597644
17.3403970021084
17.2677043305127
17.2848279571198
17.2995407333665
17.2034803789452
17.088162601626
17.1748029355704
17.2348911564626
17.2374298866483
17.2488919860627
17.2391167024811
17.2791919694707
16.6897417313148
16.6640865616919
17.0784357059898
17.2637132052107
33.0456265969813
999.99
999.99
999.99
999.99
999.99
999.99
999.99
999.99
999.99
999.99
999.99
999.99
999.99
999.99
999.99
999.99
999.99
999.99
999.99
999.99
999.99
999.99
999.99
999.99
999.99
999.99
999.99
999.99
999.99
999.99
999.99
999.99
999.99
999.99
999.99
999.99
999.99
999.99
999.99
999.99
999.99
999.99
999.99
999.99
999.99
999.99
999.99
999.99
999.99
16.5959570833687
16.4831027874564
16.5670772499362
16.9478972125436
16.8805604657092
16.8979128919861
16.9349636270927
16.9588902439024
16.8714389394068
16.9107685901249
17.0284459930314
16.9376870060338
17.0623379790941
17.0922965921645
17.220543554007
17.2928394663041
17.3662787456446
17.2850455511175
17.3388466898955
17.2414194782018
17.4493484320558
17.3188592674429
17.3249790940767
17.49307461545
17.5104146341463
17.5177899209654
999.99
999.99
999.99
999.99
999.99
999.99
999.99
999.99
999.99
999.99
999.99
999.99
999.99
999.99
999.99
999.99
999.99
999.99
999.99
999.99
999.99
999.99
999.99
999.99
999.99
999.99
999.99
999.99
999.99
999.99
999.99
999.99
999.99
999.99
999.99
999.99
999.99
999.99
999.99
999.99
999.99
999.99
999.99
999.99
999.99
999.99
999.99
999.99
999.99
999.99
999.99
999.99
999.99
999.99
999.99
999.99
999.99
16.3999600294609
16.3885029036004
16.5834815444322
16.3943594657375
16.48006271777
16.5740058072009
16.6087544262202
16.7418397212544
16.8733382907
16.7676981388629
16.6866469221835
16.7526972607008
16.6531219512195
16.7593269029206
16.9460511033682
17.2290752669896
17.3049535423926
17.117557519617
17.2864912891986
999.99
999.99
17.5174374663607
999.99
999.99
999.99
999.99
999.99
999.99
999.99
999.99
999.99
999.99
999.99
999.99
999.99
999.99
999.99
999.99
999.99
999.99
999.99
999.99
999.99
999.99
999.99
999.99
999.99
999.99
999.99
999.99
999.99
999.99
999.99
999.99
999.99
999.99
999.99
999.99
999.99
999.99
999.99
999.99
999.99
999.99
999.99
999.99
999.99
999.99
999.99
999.99
999.99
999.99
999.99
999.99
999.99
999.99
999.99
999.99
999.99
999.99
999.99
999.99
999.99
16.1674821109884
16.0825470383275
16.0690605931843
16.0540871080139
16.1833338149061
16.2129006968642
15.8868300331435
20.4659155749125
15.8263825104104
15.8047343418033
16.3975923344948
16.2888449902269
16.3261637630662
16.4737221891731
16.5208048780488
999.99
999.99
999.99
999.99
999.99
999.99
999.99
999.99
999.99
999.99
999.99
999.99
999.99
999.99
999.99
999.99
999.99
999.99
999.99
999.99
999.99
999.99
999.99
999.99
999.99
999.99
999.99
999.99
999.99
999.99
999.99
999.99
999.99
999.99
999.99
999.99
999.99
999.99
999.99
999.99
999.99
999.99
999.99
999.99
999.99
999.99
999.99
999.99
999.99
999.99
999.99
999.99
999.99
999.99
999.99
999.99
999.99
999.99
999.99
999.99
999.99
999.99
999.99
999.99
999.99
999.99
999.99
999.99
15.8079086428147
15.8260452961673
15.8666893005864
15.8409024390244
15.8697724143792
15.3284599303136
15.1442386334665
15.3154163763066
15.899590209909
16.2643074700433
16.3465017421603
16.413062122886
999.99
999.99
999.99
999.99
999.99
999.99
999.99
999.99
999.99
999.99
999.99
999.99
999.99
999.99
999.99
999.99
999.99
999.99
999.99
999.99
999.99
999.99
999.99
999.99
999.99
999.99
999.99
999.99
999.99
999.99
999.99
999.99
999.99
999.99
999.99
999.99
999.99
999.99
999.99
999.99
999.99
999.99
999.99
999.99
999.99
999.99
999.99
999.99
999.99
999.99
999.99
999.99
999.99
999.99
999.99
999.99
999.99
999.99
999.99
999.99
999.99
999.99
999.99
999.99
999.99
999.99
999.99
999.99
999.99
999.99
999.99
999.99
15.605574912892
15.6040243902439
999.99
999.99
999.99
999.99
999.99
999.99
999.99
999.99
999.99
999.99
999.99
999.99
999.99
999.99
999.99
999.99
999.99
999.99
999.99
999.99
999.99
999.99
999.99
999.99
999.99
999.99
999.99
999.99
999.99
999.99
999.99
999.99
999.99
999.99
999.99
999.99
999.99
999.99
999.99
999.99
999.99
999.99
999.99
999.99
999.99
999.99
999.99
999.99
999.99
999.99
999.99
999.99
999.99
999.99
999.99
999.99
999.99
999.99
999.99
999.99
999.99
999.99
999.99
999.99
999.99
999.99
999.99
999.99
999.99
999.99
999.99
999.99
999.99
999.99
999.99
999.99
999.99
999.99
999.99
999.99
999.99
999.99
999.99
999.99
999.99
999.99
999.99
999.99
999.99
999.99
999.99
999.99
999.99
999.99
999.99
999.99
999.99
999.99
999.99
999.99
999.99
999.99
999.99
999.99
999.99
999.99
999.99
999.99
999.99
999.99
999.99
999.99
999.99
999.99
999.99
999.99
999.99
999.99
999.99
999.99
999.99
999.99
999.99
999.99
999.99
999.99
999.99
999.99
999.99
999.99
999.99
999.99
999.99
999.99
999.99
999.99
999.99
999.99
999.99
999.99
999.99
999.99
999.99
999.99
999.99
999.99
999.99
999.99
999.99
999.99
999.99
999.99
999.99
999.99
999.99
999.99
999.99
999.99
999.99
999.99
999.99
999.99
999.99
999.99
999.99
999.99
999.99
999.99
999.99
999.99
999.99
999.99
999.99
999.99
999.99
999.99
999.99
999.99
999.99
999.99
999.99
999.99
999.99
999.99
999.99
999.99
999.99
999.99
999.99
999.99
999.99
999.99
999.99
999.99
999.99
999.99
999.99
999.99
999.99
999.99
999.99
999.99
999.99
999.99
999.99
999.99
999.99
999.99
999.99
999.99
999.99
999.99
999.99
999.99
999.99
999.99
999.99
999.99
999.99
999.99
999.99
999.99
999.99
999.99
999.99
999.99
999.99
999.99
999.99
999.99
999.99
999.99
999.99
999.99
999.99
999.99
999.99
999.99
999.99
999.99
999.99
999.99
999.99
999.99
999.99
999.99
999.99
999.99
999.99
999.99
999.99
999.99
999.99
999.99
999.99
999.99
999.99
999.99
999.99
999.99
999.99
999.99
999.99
999.99
999.99
999.99
999.99
999.99
999.99
999.99
999.99
999.99
999.99
999.99
999.99
999.99
999.99
999.99
999.99
999.99
999.99
999.99
999.99
999.99
999.99
999.99
999.99
999.99
999.99
999.99
999.99
999.99
999.99
999.99
999.99
999.99
999.99
999.99
999.99
999.99
999.99
999.99
999.99
999.99
999.99
999.99
999.99
999.99
999.99
999.99
999.99
999.99
999.99
999.99
999.99
999.99
999.99
999.99
999.99
999.99
999.99
999.99
999.99
999.99
999.99
999.99
999.99
999.99
999.99
999.99
999.99
999.99
999.99
999.99
999.99
999.99
999.99
999.99
999.99
999.99
999.99
999.99
999.99
999.99
999.99
999.99
999.99
999.99
999.99
999.99
999.99
999.99
999.99
999.99
999.99
999.99
999.99
999.99
999.99
999.99
999.99
999.99
999.99
999.99
999.99
999.99
999.99
999.99
999.99
999.99
999.99
999.99
999.99
999.99
999.99
999.99
999.99
999.99
999.99
999.99
999.99
999.99
999.99
999.99
999.99
999.99
999.99
999.99
999.99
999.99
999.99
999.99
999.99
999.99
999.99
999.99
999.99
999.99
999.99
999.99
999.99
999.99
999.99
999.99
999.99
999.99
999.99
999.99
999.99
999.99
999.99
