999.99
999.99
999.99
999.99
999.99
999.99
999.99
999.99
999.99
999.99
999.99
999.99
999.99
999.99
999.99
999.99
999.99
999.99
999.99
999.99
999.99
999.99
999.99
999.99
999.99
999.99
999.99
999.99
999.99
999.99
999.99
999.99
999.99
999.99
999.99
999.99
999.99
999.99
999.99
999.99
999.99
999.99
999.99
999.99
999.99
999.99
999.99
999.99
999.99
999.99
999.99
999.99
999.99
999.99
999.99
999.99
999.99
999.99
999.99
999.99
999.99
999.99
999.99
999.99
999.99
999.99
999.99
999.99
999.99
999.99
999.99
999.99
999.99
999.99
999.99
999.99
999.99
999.99
999.99
999.99
999.99
999.99
999.99
999.99
999.99
999.99
999.99
999.99
999.99
999.99
999.99
999.99
999.99
999.99
999.99
999.99
999.99
999.99
999.99
999.99
999.99
999.99
999.99
999.99
999.99
999.99
999.99
999.99
999.99
999.99
999.99
999.99
999.99
999.99
999.99
999.99
999.99
999.99
999.99
999.99
999.99
999.99
999.99
999.99
999.99
999.99
999.99
999.99
999.99
999.99
999.99
999.99
999.99
999.99
21.5608779637971
21.4065242627688
21.414606271777
21.3808758392113
21.2468745644599
21.2342512959973
21.4014808362369
21.3016031273901
21.488306620209
21.702967451347
21.7719337979094
21.854181779553
21.9204425087108
22.0986454491374
22.0509895470383
21.8614002719469
21.65206271777
21.330767400357
20.5336515679443
20.150881533101
20.0695958188153
999.99
999.99
999.99
999.99
999.99
999.99
999.99
999.99
999.99
999.99
999.99
999.99
999.99
999.99
999.99
999.99
999.99
999.99
999.99
999.99
999.99
999.99
999.99
999.99
999.99
999.99
999.99
999.99
999.99
999.99
999.99
999.99
999.99
999.99
999.99
999.99
999.99
999.99
999.99
999.99
999.99
999.99
999.99
999.99
999.99
999.99
999.99
999.99
999.99
999.99
999.99
999.99
999.99
999.99
999.99
999.99
999.99
999.99
999.99
999.99
999.99
999.99
21.7695321783681
21.6366836066967
21.784505973121
21.8901384926368
21.7086164758586
21.4463238779152
21.1033417122947
20.8888412206049
20.6908359880538
20.6148916157778
20.8003422100548
20.9262280469594
21.0925398208064
21.1258442132356
21.0462862120458
20.8635408163265
20.6415141861623
20.3685413322974
20.0154096565456
19.6254225376052
19.3480047287208
999.99
999.99
999.99
999.99
999.99
999.99
999.99
999.99
999.99
999.99
999.99
999.99
999.99
999.99
999.99
999.99
999.99
999.99
999.99
999.99
999.99
999.99
999.99
999.99
999.99
999.99
999.99
999.99
999.99
999.99
999.99
999.99
999.99
999.99
999.99
999.99
999.99
999.99
999.99
999.99
999.99
999.99
999.99
999.99
999.99
999.99
999.99
999.99
999.99
999.99
999.99
999.99
999.99
999.99
999.99
999.99
999.99
999.99
999.99
999.99
999.99
999.99
22.3177879663466
22.2601457465794
22.0236933797909
22.0005522223166
21.8273972125435
21.6820114727628
21.5829581881533
21.5499463754568
21.326425087108
21.1654348602023
20.8343797909407
20.3912961672474
20.1936515679443
20.1831348687006
19.9487595818815
19.9059654117447
19.7516411149826
19.6083273561656
19.5999477351916
19.6828936007478
19.5612264808362
999.99
999.99
999.99
999.99
999.99
999.99
999.99
999.99
999.99
999.99
999.99
999.99
999.99
999.99
999.99
999.99
999.99
999.99
999.99
999.99
999.99
999.99
999.99
999.99
999.99
999.99
999.99
999.99
999.99
999.99
999.99
999.99
999.99
999.99
999.99
999.99
999.99
999.99
999.99
999.99
999.99
999.99
999.99
999.99
999.99
999.99
999.99
999.99
999.99
999.99
999.99
999.99
999.99
999.99
999.99
999.99
999.99
999.99
999.99
999.99
999.99
999.99
22.2284007818475
22.3554238123566
22.270456445993
22.2404872099941
22.2285853658536
22.1269180759752
22.0701916376307
21.8202927679103
21.6196655052265
21.4280864281465
21.1642578397213
21.1423763066202
20.8634320557491
20.8207763236169
20.7490522648083
20.425167502337
19.7207142857143
19.5243063652588
19.4887212543555
24.0398566344636
24.0398566344636
999.99
999.99
999.99
999.99
999.99
999.99
999.99
999.99
999.99
999.99
999.99
999.99
999.99
999.99
999.99
999.99
999.99
999.99
999.99
999.99
999.99
999.99
999.99
999.99
999.99
999.99
999.99
999.99
999.99
999.99
999.99
999.99
999.99
999.99
999.99
999.99
999.99
999.99
999.99
999.99
999.99
999.99
999.99
999.99
999.99
999.99
999.99
999.99
999.99
999.99
999.99
999.99
999.99
999.99
999.99
999.99
999.99
999.99
999.99
999.99
999.99
999.99
999.99
22.3282153480071
22.4164912891986
22.453172261409
22.5233763066202
22.5153813206425
22.4540487804878
22.3324869550438
22.1716898954704
21.8959917566075
21.5922473867595
21.4093723973825
21.22506271777
20.8120181014702
20.576243902439
20.2446445993031
19.826456445993
19.6782773009264
19.7566759581882
19.6578780487805
24.0398566344636
24.0398566344636
999.99
999.99
999.99
999.99
999.99
999.99
999.99
999.99
999.99
999.99
999.99
999.99
999.99
999.99
999.99
999.99
999.99
999.99
999.99
999.99
999.99
999.99
999.99
999.99
999.99
999.99
999.99
999.99
999.99
999.99
999.99
999.99
999.99
999.99
999.99
999.99
999.99
999.99
999.99
999.99
999.99
999.99
999.99
999.99
999.99
999.99
999.99
999.99
999.99
999.99
999.99
999.99
999.99
999.99
999.99
999.99
999.99
999.99
999.99
999.99
999.99
22.5486519928614
22.5450104529617
22.5872787456446
22.550043851449
22.5404041811847
22.4507427551627
22.4191742160279
22.4054776068667
22.2238850174216
22.0210687515934
21.9852787456446
21.898886292173
21.5178362369338
21.1857373162233
20.8281533101045
20.4013593949179
20.2321533101045
19.9066829268293
19.7846550522648
19.4786106909153
24.0398566344636
999.99
999.99
999.99
999.99
999.99
999.99
999.99
999.99
999.99
999.99
999.99
999.99
999.99
999.99
999.99
999.99
999.99
999.99
999.99
999.99
999.99
999.99
999.99
999.99
999.99
999.99
999.99
999.99
999.99
999.99
999.99
999.99
999.99
999.99
999.99
999.99
999.99
999.99
999.99
999.99
999.99
999.99
999.99
999.99
999.99
999.99
999.99
999.99
999.99
999.99
999.99
999.99
999.99
999.99
999.99
999.99
999.99
999.99
999.99
999.99
999.99
999.99
999.99
999.99
22.6845005807201
22.7375088524404
22.7092044134727
22.6223409818419
22.5139790940767
22.5338095238095
22.6286016260163
22.6928121582958
22.6274169570267
22.4930705362455
22.0109744483159
21.5093943514348
21.1202729384436
20.6360897141723
20.3115714285714
19.9693010679584
20.1674959349593
19.985291776437
19.53562485482
19.1834017166652
24.0398566344636
999.99
999.99
999.99
999.99
999.99
999.99
999.99
999.99
999.99
999.99
999.99
999.99
999.99
999.99
999.99
999.99
999.99
999.99
999.99
999.99
999.99
999.99
999.99
999.99
999.99
999.99
999.99
999.99
999.99
999.99
999.99
999.99
999.99
999.99
999.99
999.99
999.99
999.99
999.99
999.99
999.99
999.99
999.99
999.99
999.99
999.99
999.99
999.99
999.99
999.99
999.99
999.99
999.99
999.99
999.99
999.99
999.99
999.99
999.99
999.99
999.99
999.99
999.99
23.1217526132404
23.0557177700348
23.0278197501487
23.0114111498258
22.9513740120676
22.8759233449477
22.8571873034758
22.7346968641115
22.5159087277981
22.334756097561
22.2993754567859
21.9618675958188
21.5695331010452
21.2084285714286
20.9638841675873
21.0970801393729
20.5190174216028
20.0814912891986
19.8488432055749
37.6358310529568
24.0398566344636
999.99
999.99
999.99
999.99
999.99
999.99
999.99
999.99
999.99
999.99
999.99
999.99
999.99
999.99
999.99
999.99
999.99
999.99
999.99
999.99
999.99
999.99
999.99
999.99
999.99
999.99
999.99
999.99
999.99
999.99
999.99
999.99
999.99
999.99
999.99
999.99
999.99
999.99
999.99
999.99
999.99
999.99
999.99
999.99
999.99
999.99
999.99
999.99
999.99
999.99
999.99
999.99
999.99
999.99
999.99
999.99
999.99
999.99
23.0331797743488
22.9532933061386
22.9400288174758
23.014769039323
23.051648860615
23.0355042309607
23.0980517427673
23.2466651733864
23.1763021606025
23.1669455782313
23.0124359042844
22.7363716608594
22.6019856580348
22.5287929318069
22.4428707644866
22.1227478015596
21.9523446239888
21.9727482993197
22.1772176870748
21.8708652729384
21.8359273755903
999.99
999.99
999.99
999.99
999.99
999.99
999.99
999.99
999.99
999.99
999.99
999.99
999.99
999.99
999.99
999.99
999.99
999.99
999.99
999.99
999.99
999.99
999.99
999.99
999.99
999.99
999.99
999.99
999.99
999.99
999.99
999.99
999.99
999.99
999.99
999.99
999.99
999.99
999.99
999.99
999.99
999.99
999.99
999.99
999.99
999.99
999.99
999.99
999.99
999.99
999.99
999.99
999.99
999.99
999.99
999.99
999.99
999.99
999.99
999.99
999.99
999.99
999.99
23.2286968641115
23.2323032208719
23.2200069686411
23.1957280530297
23.2277038327526
23.0995341208464
23.0532508710801
23.0633124840656
22.8011080139373
22.7681852638735
22.7076898954704
22.5511345287669
22.5561637630662
22.3481924874649
22.2070975609756
22.1546964391943
22.2227979094077
22.241069856378
22.3035609756097
22.2581376731537
21.9881428571428
999.99
999.99
999.99
999.99
999.99
999.99
999.99
999.99
999.99
999.99
999.99
999.99
999.99
999.99
999.99
999.99
999.99
999.99
999.99
999.99
999.99
999.99
999.99
999.99
999.99
999.99
999.99
999.99
999.99
999.99
999.99
999.99
999.99
999.99
999.99
999.99
999.99
999.99
999.99
999.99
999.99
999.99
999.99
999.99
999.99
999.99
999.99
999.99
999.99
999.99
999.99
999.99
999.99
999.99
999.99
999.99
999.99
999.99
999.99
999.99
999.99
999.99
23.1807036425516
23.1400712687216
23.0549601791936
23.1679404670851
23.1322040816326
23.0442129644243
22.9951183009789
22.9588817192552
22.902599966816
22.8648843537415
22.9603298490128
22.8961692384271
22.6520479508877
22.5616168137689
22.4761934627509
22.4446006385897
22.4769615065539
22.4960989166636
22.4814018583043
22.3177714107654
22.272699850672
999.99
999.99
999.99
999.99
999.99
999.99
999.99
999.99
999.99
999.99
999.99
999.99
999.99
999.99
999.99
999.99
999.99
999.99
999.99
999.99
999.99
999.99
999.99
999.99
999.99
999.99
999.99
999.99
999.99
999.99
999.99
999.99
999.99
999.99
999.99
999.99
999.99
999.99
999.99
999.99
999.99
999.99
999.99
999.99
999.99
999.99
999.99
999.99
999.99
999.99
999.99
999.99
999.99
999.99
999.99
999.99
999.99
999.99
999.99
999.99
999.99
999.99
999.99
999.99
999.99
999.99
22.8577421602787
22.9905597858418
23.0922195121951
23.265671369083
23.3040104529617
23.2469998300331
23.0838606271777
22.9288748194102
22.6323240418118
22.4314654542364
22.4697456445993
22.5909838531487
22.6973797909408
22.6509455256225
22.4808745644599
22.6002701623183
22.4203484320558
22.1027177700348
21.5540402821449
21.0818118466899
20.7458070026345
999.99
999.99
999.99
999.99
999.99
999.99
999.99
999.99
999.99
999.99
999.99
999.99
999.99
999.99
999.99
999.99
999.99
999.99
999.99
999.99
999.99
999.99
999.99
999.99
999.99
999.99
999.99
999.99
999.99
999.99
999.99
999.99
999.99
999.99
999.99
999.99
999.99
999.99
999.99
999.99
999.99
999.99
999.99
999.99
999.99
999.99
999.99
999.99
999.99
999.99
999.99
999.99
999.99
999.99
999.99
999.99
999.99
999.99
999.99
999.99
999.99
999.99
23.1526515679443
23.0935765275771
23.0182090592335
23.100395512875
23.0683728222997
23.0726656751933
23.0244216027874
23.0220161468514
23.0666236933798
23.0901980963712
23.1739616724739
23.132899974505
23.0986968641115
22.9759451856888
23.0190871080139
22.9910762301351
22.8806341463415
22.7999246196992
22.4113509815585
22.0180731707317
21.5539796889606
999.99
999.99
999.99
999.99
999.99
999.99
999.99
999.99
999.99
999.99
999.99
999.99
999.99
999.99
999.99
999.99
999.99
999.99
999.99
999.99
999.99
999.99
999.99
999.99
999.99
999.99
999.99
999.99
999.99
999.99
999.99
999.99
999.99
999.99
999.99
999.99
999.99
999.99
999.99
999.99
999.99
999.99
999.99
999.99
999.99
999.99
999.99
999.99
999.99
999.99
999.99
999.99
999.99
999.99
999.99
999.99
999.99
999.99
999.99
999.99
999.99
999.99
23.3292682926829
23.1003319452707
22.9648292682927
23.0438375966686
23.221243902439
23.2644622248662
23.3254146341463
23.4198239143367
23.4836829268293
23.4981261154075
23.5308780487805
23.4754538964902
23.3996097560976
23.3501219512195
23.2841951219512
23.2699458655562
23.226487804878
23.0725139797739
22.9070618679357
22.4891829268293
21.900231409875
999.99
999.99
999.99
999.99
999.99
999.99
999.99
999.99
999.99
999.99
999.99
999.99
999.99
999.99
999.99
999.99
999.99
999.99
999.99
999.99
999.99
999.99
999.99
999.99
999.99
999.99
999.99
999.99
999.99
999.99
999.99
999.99
999.99
999.99
999.99
999.99
999.99
999.99
999.99
999.99
999.99
999.99
999.99
999.99
999.99
999.99
999.99
999.99
999.99
999.99
999.99
999.99
999.99
999.99
999.99
999.99
999.99
999.99
999.99
999.99
999.99
999.99
999.99
23.6100342483216
23.665393728223
23.6873337299227
23.6785609756098
23.6840841335939
23.6799895470383
23.6676125605507
23.6412055749129
23.590333389989
23.5393972125436
23.5755066711991
23.5933031358885
23.6971351236509
23.7140104529617
23.7224787966347
23.6374947735192
23.2626383955129
22.8945006373757
22.6419808362369
21.9992738166057
21.4960278745644
999.99
999.99
999.99
999.99
999.99
999.99
999.99
999.99
999.99
999.99
999.99
999.99
999.99
999.99
999.99
999.99
999.99
999.99
999.99
999.99
999.99
999.99
999.99
999.99
999.99
999.99
999.99
999.99
999.99
999.99
999.99
999.99
999.99
999.99
999.99
999.99
999.99
999.99
999.99
999.99
999.99
999.99
999.99
999.99
999.99
999.99
999.99
999.99
999.99
999.99
999.99
999.99
999.99
999.99
999.99
999.99
999.99
999.99
999.99
999.99
999.99
999.99
23.6677619209492
23.6720843703335
23.6225923790099
23.5571539737846
23.5504615186943
23.529731292517
23.5789874285229
23.6162880371661
23.6264137600311
23.5932002654721
23.7151462585034
23.7782557657209
23.8812827297486
23.8987679608429
23.8337338663008
23.7268468558155
23.314481309716
22.9645095869401
22.9894088269454
22.4547457983788
21.7222821470051
999.99
999.99
999.99
999.99
999.99
999.99
999.99
999.99
999.99
999.99
999.99
999.99
999.99
999.99
999.99
999.99
999.99
999.99
999.99
999.99
999.99
999.99
999.99
999.99
999.99
999.99
999.99
999.99
999.99
999.99
999.99
999.99
999.99
999.99
999.99
999.99
999.99
999.99
999.99
999.99
999.99
999.99
999.99
999.99
999.99
999.99
999.99
999.99
999.99
999.99
999.99
999.99
999.99
999.99
999.99
999.99
999.99
999.99
999.99
999.99
999.99
999.99
999.99
999.99
23.9807436899805
24.0062682926829
24.0202875839211
23.8519790940766
23.8533745219682
23.8191777003484
23.8607748788986
23.8768118466899
23.8499582731367
23.8393972125435
23.8639956658452
23.8454111498258
23.742860287244
23.4952961672474
23.3983041556896
23.2174847454746
22.7614320557491
22.192834707232
21.387519163763
21.1666964391943
27.2535331010409
999.99
999.99
999.99
999.99
999.99
999.99
999.99
999.99
999.99
999.99
999.99
999.99
999.99
999.99
999.99
999.99
999.99
999.99
999.99
999.99
999.99
999.99
999.99
999.99
999.99
999.99
999.99
999.99
999.99
999.99
999.99
999.99
999.99
999.99
999.99
999.99
999.99
999.99
999.99
999.99
999.99
999.99
999.99
999.99
999.99
999.99
999.99
999.99
999.99
999.99
999.99
999.99
999.99
999.99
999.99
999.99
999.99
999.99
999.99
999.99
999.99
999.99
24.3700394990834
24.3819636635142
24.2551869008162
24.1034330512693
24.0679128494943
24.0185477849676
24.0171530612245
23.9471649245064
23.9154079467599
23.9836198772192
23.9656161602059
23.885156462585
23.7602667933324
23.6234149659864
23.6139611747138
23.3958939386581
22.9966641778663
22.6087603507792
22.1642228305956
21.3000095869402
20.8402615729218
999.99
999.99
999.99
999.99
999.99
999.99
999.99
999.99
999.99
999.99
999.99
999.99
999.99
999.99
999.99
999.99
999.99
999.99
999.99
999.99
999.99
999.99
999.99
999.99
999.99
999.99
999.99
999.99
999.99
999.99
999.99
999.99
999.99
999.99
999.99
999.99
999.99
999.99
999.99
999.99
999.99
999.99
999.99
999.99
999.99
999.99
999.99
999.99
999.99
999.99
999.99
999.99
999.99
999.99
999.99
999.99
999.99
999.99
999.99
999.99
999.99
24.534212543554
24.4820752953174
24.4693588850174
24.3443620294043
24.2456794425087
24.0934555961588
23.9368919860627
24.16094025665
24.1954878048781
24.2945331860288
24.2687491289199
24.2207131809298
24.0541777003485
23.8352175575763
23.6138153310104
23.3307342568199
23.027045466134
22.4626097560976
22.1797700348432
22.1267909407666
21.4974490524348
999.99
999.99
999.99
999.99
999.99
999.99
999.99
999.99
999.99
999.99
999.99
999.99
999.99
999.99
999.99
999.99
999.99
999.99
999.99
999.99
999.99
999.99
999.99
999.99
999.99
999.99
999.99
999.99
999.99
999.99
999.99
999.99
999.99
999.99
999.99
999.99
999.99
999.99
999.99
999.99
999.99
999.99
999.99
999.99
999.99
999.99
999.99
999.99
999.99
999.99
999.99
999.99
999.99
999.99
999.99
999.99
999.99
999.99
999.99
999.99
999.99
999.99
999.99
999.99
999.99
24.3957571861582
24.3870046457607
24.3378333333333
24.2350676124108
24.1230719040739
23.9752648083623
23.923323764604
23.8370038991206
23.8472787739724
23.5861638460262
23.3195663336126
23.1075341795255
23.0639115646259
22.8308458643421
22.5102558486809
22.2668441363458
21.8068281898124
21.1867142857143
20.8421414468226
26.9576530187367
24.0398566344636
999.99
999.99
999.99
999.99
999.99
999.99
999.99
999.99
999.99
999.99
999.99
999.99
999.99
999.99
999.99
999.99
999.99
999.99
999.99
999.99
999.99
999.99
999.99
999.99
999.99
999.99
999.99
999.99
999.99
999.99
999.99
999.99
999.99
999.99
999.99
999.99
999.99
999.99
999.99
999.99
999.99
999.99
999.99
999.99
999.99
999.99
999.99
999.99
999.99
999.99
999.99
999.99
999.99
999.99
999.99
999.99
999.99
999.99
999.99
999.99
999.99
24.3354146341463
24.2492331945271
24.2263170731707
24.1124354550863
24.0493902439024
23.8126549672814
23.762487804878
23.7328483045806
23.6113170731707
23.4109541939322
23.5348536585366
23.2147995240929
22.9777317073171
22.5713426531826
22.4394205829863
21.7681463414634
21.4687168352171
20.8343414634146
30.5160368827996
24.0398566344636
999.99
999.99
999.99
999.99
999.99
999.99
999.99
999.99
999.99
999.99
999.99
999.99
999.99
999.99
999.99
999.99
999.99
999.99
999.99
999.99
999.99
999.99
999.99
999.99
999.99
999.99
999.99
999.99
999.99
999.99
999.99
999.99
999.99
999.99
999.99
999.99
999.99
999.99
999.99
999.99
999.99
999.99
999.99
999.99
999.99
999.99
999.99
999.99
999.99
999.99
999.99
999.99
999.99
999.99
999.99
999.99
999.99
999.99
999.99
999.99
999.99
999.99
24.7053770714711
24.5178362369338
24.4370944165888
24.3618710801394
24.1496479136569
24.0020069686411
23.8956575167842
23.7207386759582
23.7248394663041
23.8839442508711
23.5368998045382
23.1982195121951
22.8944511770205
22.5273275261324
22.303264553412
22.0104755672643
21.5385365853659
21.0117452196821
24.0398566344636
24.0398566344636
999.99
999.99
999.99
999.99
999.99
999.99
999.99
999.99
999.99
999.99
999.99
999.99
999.99
999.99
999.99
999.99
999.99
999.99
999.99
999.99
999.99
999.99
999.99
999.99
999.99
999.99
999.99
999.99
999.99
999.99
999.99
999.99
999.99
999.99
999.99
999.99
999.99
999.99
999.99
999.99
999.99
999.99
999.99
999.99
999.99
999.99
999.99
999.99
999.99
999.99
999.99
999.99
999.99
999.99
999.99
999.99
999.99
999.99
999.99
999.99
999.99
999.99
999.99
999.99
24.6473066202091
24.5627490439364
24.5334459930313
24.2505336109459
24.0728222996516
24.0321058893516
23.9362857142857
23.7187300076485
23.5362404181185
23.3433066202091
23.0647700348433
22.7177388459251
22.3301219512195
21.7756628707402
21.2346096711141
20.936693379791
20.5333963627093
24.0398566344636
24.0398566344636
24.0398566344636
999.99
999.99
999.99
999.99
999.99
999.99
999.99
999.99
999.99
999.99
999.99
999.99
999.99
999.99
999.99
999.99
999.99
999.99
999.99
999.99
999.99
999.99
999.99
999.99
999.99
999.99
999.99
999.99
999.99
999.99
999.99
999.99
999.99
999.99
999.99
999.99
999.99
999.99
999.99
999.99
999.99
999.99
999.99
999.99
999.99
999.99
999.99
999.99
999.99
999.99
999.99
999.99
999.99
999.99
999.99
999.99
999.99
999.99
999.99
999.99
999.99
24.8500034843206
24.7409178210249
24.6605783972126
24.5730945015722
24.5035574912892
24.2535566414549
24.0921254355401
23.9971489759497
23.8739756097561
23.8595678592674
23.5692613240418
23.3904431035948
23.172212543554
22.6212860542194
22.3639094076655
22.1392395682842
21.9157379111072
20.9823989547039
34.1666049970305
24.0398566344636
999.99
999.99
999.99
999.99
999.99
999.99
999.99
999.99
999.99
999.99
999.99
999.99
999.99
999.99
999.99
999.99
999.99
999.99
999.99
999.99
999.99
999.99
999.99
999.99
999.99
999.99
999.99
999.99
999.99
999.99
999.99
999.99
999.99
999.99
999.99
999.99
999.99
999.99
999.99
999.99
999.99
999.99
999.99
999.99
999.99
999.99
999.99
999.99
999.99
999.99
999.99
999.99
999.99
999.99
999.99
999.99
999.99
999.99
999.99
999.99
999.99
999.99
999.99
999.99
24.8494866151101
24.7444041811847
24.6419598878219
24.3426132404181
24.1236276026175
24.0479721254355
24.0203729072831
23.9236655052265
23.9040603382341
23.756243902439
23.7087470043342
23.6303797909408
23.4749760346733
23.087149825784
22.6140996855613
21.9010696864112
20.9936236933798
34.1666405201036
24.0398566344636
24.0398566344636
999.99
999.99
999.99
999.99
999.99
999.99
999.99
999.99
999.99
999.99
999.99
999.99
999.99
999.99
999.99
999.99
999.99
999.99
999.99
999.99
999.99
999.99
999.99
999.99
999.99
999.99
999.99
999.99
999.99
999.99
999.99
999.99
999.99
999.99
999.99
999.99
999.99
999.99
999.99
999.99
999.99
999.99
999.99
999.99
999.99
999.99
999.99
999.99
999.99
999.99
999.99
999.99
999.99
999.99
999.99
999.99
999.99
999.99
999.99
999.99
999.99
999.99
24.9889407665505
24.856078779638
24.7173554006969
24.5192437324722
24.3571707317073
24.1998094671539
24.2554912891986
24.3355759326931
24.2159616724739
24.2264153140138
24.2066550522648
24.0465520523498
23.8010452961672
23.8709407665505
23.6262578397213
23.1029485850259
23.0123014362199
21.7046010452962
20.8233333899889
20.4904668989547
999.99
999.99
999.99
999.99
999.99
999.99
999.99
999.99
999.99
999.99
999.99
999.99
999.99
999.99
999.99
999.99
999.99
999.99
999.99
999.99
999.99
999.99
999.99
999.99
999.99
999.99
999.99
999.99
999.99
999.99
999.99
999.99
999.99
999.99
999.99
999.99
999.99
999.99
999.99
999.99
999.99
999.99
999.99
999.99
999.99
999.99
999.99
999.99
999.99
999.99
999.99
999.99
999.99
999.99
999.99
999.99
999.99
999.99
999.99
999.99
999.99
999.99
999.99
999.99
999.99
24.7243753111001
24.5211973558013
24.4162005973121
24.3028749650961
24.3194026879044
24.2311232381114
24.3479417620707
24.4041056586823
24.3093265306122
24.2453524141364
24.1316689895471
23.8951532251211
23.8863613738178
23.6212709514502
23.2551632653061
22.9164614235938
22.5565096820405
21.6109221005475
21.2235723391082
21.2552244897959
999.99
999.99
999.99
999.99
999.99
999.99
999.99
999.99
999.99
999.99
999.99
999.99
999.99
999.99
999.99
999.99
999.99
999.99
999.99
999.99
999.99
999.99
999.99
999.99
999.99
999.99
999.99
999.99
999.99
999.99
999.99
999.99
999.99
999.99
999.99
999.99
999.99
999.99
999.99
999.99
999.99
999.99
999.99
999.99
999.99
999.99
999.99
999.99
999.99
999.99
999.99
999.99
999.99
999.99
999.99
999.99
999.99
999.99
999.99
999.99
999.99
999.99
999.99
24.773
24.6907769185009
24.4942926829268
24.3188494943486
24.1840731707317
24.292255205235
24.3963902439024
24.4084735276621
24.3386341463415
24.244992266508
24.1075365853659
24.0353795359905
24.0179756097561
23.7207894110648
23.6025841760857
23.633243902439
22.9024491374182
22.3455975609756
22.209742415229
22.5661097560975
999.99
999.99
999.99
999.99
999.99
999.99
999.99
999.99
999.99
999.99
999.99
999.99
999.99
999.99
999.99
999.99
999.99
999.99
999.99
999.99
999.99
999.99
999.99
999.99
999.99
999.99
999.99
999.99
999.99
999.99
999.99
999.99
999.99
999.99
999.99
999.99
999.99
999.99
999.99
999.99
999.99
999.99
999.99
999.99
999.99
999.99
999.99
999.99
999.99
999.99
999.99
999.99
999.99
999.99
999.99
999.99
999.99
999.99
999.99
999.99
999.99
999.99
24.945611577171
24.7656022896964
24.6124626133618
24.4963474365356
24.5134320193277
24.4949681433549
24.5131631681822
24.503137381782
24.4861402226566
24.5366271777003
24.5292975027013
24.4904444997511
24.4270497881485
24.2790522648084
23.9829569498233
23.6032458691983
23.4229584370334
22.9382964100572
22.3818753111
22.1257090288822
999.99
999.99
999.99
999.99
999.99
999.99
999.99
999.99
999.99
999.99
999.99
999.99
999.99
999.99
999.99
999.99
999.99
999.99
999.99
999.99
999.99
999.99
999.99
999.99
999.99
999.99
999.99
999.99
999.99
999.99
999.99
999.99
999.99
999.99
999.99
999.99
999.99
999.99
999.99
999.99
999.99
999.99
999.99
999.99
999.99
999.99
999.99
999.99
999.99
999.99
999.99
999.99
999.99
999.99
999.99
999.99
999.99
999.99
999.99
999.99
999.99
999.99
999.99
24.6164082603892
24.5587177700348
24.5421403926234
24.534512195122
24.5711648678508
24.6589790940767
24.7023669584431
24.8337804878049
24.7882733916886
24.8067421602787
24.6961882382936
24.633087108014
24.4952579247047
24.3591986062718
24.2401844140393
23.7907118211948
23.2397787456446
22.5655100705362
22.3512926829269
22.2079993201326
999.99
999.99
999.99
999.99
999.99
999.99
999.99
999.99
999.99
999.99
999.99
999.99
999.99
999.99
999.99
999.99
999.99
999.99
999.99
999.99
999.99
999.99
999.99
999.99
999.99
999.99
999.99
999.99
999.99
999.99
999.99
999.99
999.99
999.99
999.99
999.99
999.99
999.99
999.99
999.99
999.99
999.99
999.99
999.99
999.99
999.99
999.99
999.99
999.99
999.99
999.99
999.99
999.99
999.99
999.99
999.99
999.99
999.99
999.99
999.99
999.99
24.9622820599983
24.9668675958188
24.9564431035948
24.8233379790941
24.5933361094587
24.7032229965157
24.8666928698904
24.8419094076655
24.8838307979944
24.8957804878049
24.822920030594
24.7634878048781
24.7177713945781
24.6845226480836
24.5114693634741
24.3889268292683
24.2693248066627
24.006528681907
23.6641480836237
22.7799790940767
999.99
999.99
999.99
999.99
999.99
999.99
999.99
999.99
999.99
999.99
999.99
999.99
999.99
999.99
999.99
999.99
999.99
999.99
999.99
999.99
999.99
999.99
999.99
999.99
999.99
999.99
999.99
999.99
999.99
999.99
999.99
999.99
999.99
999.99
999.99
999.99
999.99
999.99
999.99
999.99
999.99
999.99
999.99
999.99
999.99
999.99
999.99
999.99
999.99
999.99
999.99
999.99
999.99
999.99
999.99
999.99
999.99
999.99
999.99
999.99
999.99
999.99
999.99
999.99
25.1198362369338
25.057717600068
24.9105574912892
24.9923240418118
24.9426829268293
24.7982471318093
24.8583728222996
24.7857071471063
24.7831149825784
24.7911358885017
24.777850174216
24.7389202855443
24.7388432055749
24.7199864026515
24.6325156794425
24.5428989547038
24.377335004674
23.8902264808363
23.0630630577037
21.7063048780487
999.99
999.99
999.99
999.99
999.99
999.99
999.99
999.99
999.99
999.99
999.99
999.99
999.99
999.99
999.99
999.99
999.99
999.99
999.99
999.99
999.99
999.99
999.99
999.99
999.99
999.99
999.99
999.99
999.99
999.99
999.99
999.99
999.99
999.99
999.99
999.99
999.99
999.99
999.99
999.99
999.99
999.99
999.99
999.99
999.99
999.99
999.99
999.99
999.99
999.99
999.99
999.99
999.99
999.99
999.99
999.99
999.99
999.99
999.99
999.99
999.99
999.99
999.99
25.4571707317073
25.4509700008498
25.2476759581882
25.1318019886122
24.9370522648084
25.008387779383
24.8841881533101
24.8063695929294
24.7596968641115
24.8131562845245
24.8879895470383
24.9688117617065
24.9265331010453
24.9053763066202
24.6540383275261
24.5751112433076
24.3589400016997
23.9278153310105
23.8660714710632
24.0398566344636
999.99
999.99
999.99
999.99
999.99
999.99
999.99
999.99
999.99
999.99
999.99
999.99
999.99
999.99
999.99
999.99
999.99
999.99
999.99
999.99
999.99
999.99
999.99
999.99
999.99
999.99
999.99
999.99
999.99
999.99
999.99
999.99
999.99
999.99
999.99
999.99
999.99
999.99
999.99
999.99
999.99
999.99
999.99
999.99
999.99
999.99
999.99
999.99
999.99
999.99
999.99
999.99
999.99
999.99
999.99
999.99
999.99
999.99
999.99
999.99
999.99
999.99
25.5805109203705
25.4613484320558
25.4529972805303
25.4457526132404
25.3631041046996
25.2526968641115
25.1337266932948
25.1317595818815
25.050721169372
25.0264285714286
25.1389335429591
25.0448710801394
24.9302677827824
25.0046411149826
25.0119601427722
24.8461742160279
24.9057026429846
24.6871965666694
23.7344268292683
23.5077806577717
999.99
999.99
999.99
999.99
999.99
999.99
999.99
999.99
999.99
999.99
999.99
999.99
999.99
999.99
999.99
999.99
999.99
999.99
999.99
999.99
999.99
999.99
999.99
999.99
999.99
999.99
999.99
999.99
999.99
999.99
999.99
999.99
999.99
999.99
999.99
999.99
999.99
999.99
999.99
999.99
999.99
999.99
999.99
999.99
999.99
999.99
999.99
999.99
999.99
999.99
999.99
999.99
999.99
999.99
999.99
999.99
999.99
999.99
999.99
999.99
999.99
999.99
25.6104634146342
25.5390636525878
25.656243902439
25.5314687685901
25.4752195121951
25.4911112433076
25.5753658536585
25.4966924449732
25.466756097561
25.4127858417609
25.3553414634146
25.2538941106484
25.1804146341463
25.1176888756692
25.0091463414634
24.9131891731112
24.9990487804878
24.901243902439
24.7315074360499
24.3280975609756
999.99
999.99
999.99
999.99
999.99
999.99
999.99
999.99
999.99
999.99
999.99
999.99
999.99
999.99
999.99
999.99
999.99
999.99
999.99
999.99
999.99
999.99
999.99
999.99
999.99
999.99
999.99
999.99
999.99
999.99
999.99
999.99
999.99
999.99
999.99
999.99
999.99
999.99
999.99
999.99
999.99
999.99
999.99
999.99
999.99
999.99
999.99
999.99
999.99
999.99
999.99
999.99
999.99
999.99
999.99
999.99
999.99
999.99
999.99
999.99
999.99
999.99
999.99
25.6111805209889
25.6201513635793
25.7134863945578
25.7239076128964
25.5987502074
25.6306933130182
25.5721070184171
25.5517993359152
25.7030266301643
25.70390695731
25.5805134395221
25.4321988733625
25.3320200763232
25.1692629326567
24.9972305458769
25.0374267523785
24.8348058735689
24.4986780079075
24.1802275168248
23.3564508876722
999.99
999.99
999.99
999.99
999.99
999.99
999.99
999.99
999.99
999.99
999.99
999.99
999.99
999.99
999.99
999.99
999.99
999.99
999.99
999.99
999.99
999.99
999.99
999.99
999.99
999.99
999.99
999.99
999.99
999.99
999.99
999.99
999.99
999.99
999.99
999.99
999.99
999.99
999.99
999.99
999.99
999.99
999.99
999.99
999.99
999.99
999.99
999.99
999.99
999.99
999.99
999.99
999.99
999.99
999.99
999.99
999.99
999.99
999.99
999.99
999.99
999.99
999.99
999.99
25.2847255885102
25.4111533101045
25.609969830883
25.6732508710801
25.6540856632957
25.7215644599303
25.6987595818815
25.7240801393728
25.7040995155945
25.5829024390244
25.4435511175321
25.350543554007
25.3117772584346
25.1730522648084
24.8859796889607
24.5143972125436
24.2631237358715
23.7410959462904
22.2762735191638
23.3861603637269
999.99
999.99
999.99
999.99
999.99
999.99
999.99
999.99
999.99
999.99
999.99
999.99
999.99
999.99
999.99
999.99
999.99
999.99
999.99
999.99
999.99
999.99
999.99
999.99
999.99
999.99
999.99
999.99
999.99
999.99
999.99
999.99
999.99
999.99
999.99
999.99
999.99
999.99
999.99
999.99
999.99
999.99
999.99
999.99
999.99
999.99
999.99
999.99
999.99
999.99
999.99
999.99
999.99
999.99
999.99
999.99
999.99
999.99
24.8078327101215
24.9946850251106
24.9916351418616
25.001574829932
25.1157848017256
25.2898142788347
25.4053606271777
25.4533525375647
25.586425170068
25.5667912341617
25.5913005641281
25.7281936569988
25.7401242740999
25.7189548899869
25.5929716276754
25.4633744268677
25.3519455782313
25.0653631321655
24.6659009457442
24.3434088795542
999.99
999.99
999.99
999.99
999.99
999.99
999.99
999.99
999.99
999.99
999.99
999.99
999.99
999.99
999.99
999.99
999.99
999.99
999.99
999.99
999.99
999.99
999.99
999.99
999.99
999.99
999.99
999.99
999.99
999.99
999.99
999.99
999.99
999.99
999.99
999.99
999.99
999.99
999.99
999.99
999.99
999.99
999.99
999.99
999.99
999.99
999.99
999.99
999.99
999.99
999.99
999.99
999.99
999.99
999.99
999.99
999.99
999.99
999.99
999.99
24.6973275261324
24.5182207019631
24.6490731707317
24.4576191042747
24.4627105464434
24.7470243902439
24.6245177190448
24.7117421602788
24.7780641624883
24.9969198606271
25.0724631596838
25.2563972125436
25.4023976374607
25.5054494773519
25.5580711311294
25.451031358885
25.3539470553242
25.2538257839721
24.9747170901674
24.8252926829268
999.99
999.99
999.99
999.99
999.99
999.99
999.99
999.99
999.99
999.99
999.99
999.99
999.99
999.99
999.99
999.99
999.99
999.99
999.99
999.99
999.99
999.99
999.99
999.99
999.99
999.99
999.99
999.99
999.99
999.99
999.99
999.99
999.99
999.99
999.99
999.99
999.99
999.99
999.99
999.99
999.99
999.99
999.99
999.99
999.99
999.99
999.99
999.99
999.99
999.99
999.99
999.99
999.99
999.99
999.99
999.99
999.99
999.99
999.99
25.0232592500415
25.0430226561773
25.0310665339306
24.9404486720328
24.7017572590012
24.659806122449
24.621700016592
24.4855181338449
24.1853393064543
24.0380698523312
24.0611856260648
24.0600059731209
23.9985034721801
24.0614221835075
24.2147960377488
24.3194629998341
24.3079523323904
24.3150179193629
24.288683861647
24.188675128588
999.99
999.99
999.99
999.99
999.99
999.99
999.99
999.99
999.99
999.99
999.99
999.99
999.99
999.99
999.99
999.99
999.99
999.99
999.99
999.99
999.99
999.99
999.99
999.99
999.99
999.99
999.99
999.99
999.99
999.99
999.99
999.99
999.99
999.99
999.99
999.99
999.99
999.99
999.99
999.99
999.99
999.99
999.99
999.99
999.99
999.99
999.99
999.99
999.99
999.99
999.99
999.99
999.99
999.99
999.99
999.99
999.99
25.5379930313589
25.3688664910342
25.3355400696864
25.2095679442509
25.1990714285714
25.2250107079119
25.1029320557491
25.104348092122
24.9630121951219
24.8887386759582
24.8271637630662
24.7277849919266
24.8661602787456
24.7092633636441
24.3499931163423
23.9399930313589
23.8099535140647
23.5946097560976
23.1735599558086
22.8645818815331
999.99
999.99
999.99
999.99
999.99
999.99
999.99
999.99
999.99
999.99
999.99
999.99
999.99
999.99
999.99
999.99
999.99
999.99
999.99
999.99
999.99
999.99
999.99
999.99
999.99
999.99
999.99
999.99
999.99
999.99
999.99
999.99
999.99
999.99
999.99
999.99
999.99
999.99
999.99
999.99
999.99
999.99
999.99
999.99
999.99
999.99
999.99
999.99
999.99
999.99
999.99
999.99
999.99
999.99
999.99
999.99
999.99
999.99
999.99
999.99
25.4830886377157
25.6223170731707
25.6155883402736
25.5872804878049
25.5863152885188
25.3480731707317
25.2500731707317
25.2409390243902
25.2115990481856
25.241243902439
25.2955312314099
25.3527317073171
25.187259369423
25.1232804878049
24.9753521713266
24.7742682926829
24.6339684711481
24.3168126115407
24.1787317073171
23.867722784057
23.2084146341462
22.4939417013682
22.2723902439025
21.8102903033909
999.99
999.99
999.99
999.99
999.99
999.99
999.99
999.99
999.99
999.99
999.99
999.99
999.99
999.99
999.99
999.99
999.99
999.99
999.99
999.99
999.99
999.99
999.99
999.99
999.99
999.99
999.99
999.99
999.99
999.99
999.99
999.99
999.99
999.99
999.99
999.99
999.99
999.99
999.99
999.99
999.99
999.99
999.99
999.99
999.99
999.99
999.99
999.99
999.99
999.99
999.99
25.039031358885
25.107010707912
25.0921672473868
25.0913373842101
25.1152456021076
25.2286254355401
25.2787677402906
25.4448693379791
25.4639077929803
25.4591986062718
25.4739574233025
25.3977822299652
25.3505581711566
25.3209512195122
25.3599895470383
25.322712543554
25.3172135633552
25.1834355400697
25.1559284439534
25.1175592334495
25.3032743265063
25.0666306620209
24.8525419393218
24.7108885017422
24.5996800373927
24.4374271267103
24.0031742160279
23.55891348687
23.220613240418
22.616067476842
999.99
999.99
999.99
999.99
999.99
999.99
999.99
999.99
999.99
999.99
999.99
999.99
999.99
999.99
999.99
999.99
999.99
999.99
999.99
999.99
999.99
999.99
999.99
999.99
999.99
999.99
999.99
999.99
999.99
999.99
999.99
999.99
999.99
999.99
999.99
999.99
999.99
999.99
999.99
999.99
999.99
999.99
999.99
999.99
999.99
999.99
25.0654409790091
25.0388432055749
999.99
25.0346794425087
25.1209083878644
25.1592787456446
25.0307005183989
25.0819094076655
25.0239443358545
25.0273101045296
25.0597261833942
25.165776748534
25.2482926829268
25.2120896575168
25.186668989547
25.252712246112
25.3139268292683
25.2293344947735
25.132118466899
25.21956420498
25.3020940766551
25.2550069686411
25.187775261324
25.1532787456446
25.0367386759582
25.0972314098751
24.8657020905923
24.9197579671964
24.7771341463415
24.7783942381236
24.5378292682927
999.99
999.99
999.99
999.99
999.99
999.99
999.99
999.99
999.99
999.99
999.99
999.99
999.99
999.99
999.99
999.99
999.99
999.99
999.99
999.99
999.99
999.99
999.99
999.99
999.99
999.99
999.99
999.99
999.99
999.99
999.99
999.99
999.99
999.99
999.99
999.99
999.99
999.99
999.99
999.99
999.99
999.99
999.99
999.99
999.99
999.99
999.99
999.99
24.8944140392623
24.9659805873569
25.0560387241155
24.9601139870582
25.0581292517007
25.0945136884022
25.0308164034204
24.8683268624523
24.9322032034706
24.9824776837564
24.8860340136054
24.9694733698357
24.9531317121733
25.0668264476522
25.0999249960543
25.165955007345
25.2383042973287
25.1282433358828
25.1878222166916
25.2284829931973
25.1738755599801
25.1212911775061
25.1823987887838
25.132620953676
24.9822526132404
25.0075306122449
24.9250725900116
24.968638201265
25.0389174547868
999.99
999.99
999.99
999.99
999.99
999.99
999.99
999.99
999.99
999.99
999.99
999.99
999.99
999.99
999.99
999.99
999.99
999.99
999.99
999.99
999.99
999.99
999.99
999.99
999.99
999.99
999.99
999.99
999.99
999.99
999.99
999.99
999.99
999.99
999.99
999.99
999.99
999.99
999.99
999.99
999.99
999.99
999.99
999.99
999.99
999.99
999.99
999.99
999.99
999.99
999.99
25.0068850174216
24.9591429421263
24.8863658536585
24.8349383020311
24.8436968641115
25.0738641114983
25.0757804878049
24.9514591654627
24.8134216027875
24.6818969151016
24.6883240418118
24.6990600832838
24.7886480836237
24.7279329480751
24.7382195121951
24.6938272286904
24.7768571428571
24.9759927764086
25.0470800543894
25.0808519163763
25.0873805557916
25.0231167247387
25.0179590379876
24.9457456445993
25.0248982748364
24.9824006968641
25.0382465369253
24.9841167247387
24.9496515679443
999.99
999.99
999.99
999.99
999.99
999.99
999.99
999.99
999.99
999.99
999.99
999.99
999.99
999.99
999.99
999.99
999.99
999.99
999.99
999.99
999.99
999.99
999.99
999.99
999.99
999.99
999.99
999.99
999.99
999.99
999.99
999.99
999.99
999.99
999.99
999.99
999.99
999.99
999.99
999.99
999.99
999.99
25.2350776829471
999.99
999.99
25.0635192467231
25.0203167210965
24.9126948730712
24.8139986807334
24.6865980587357
24.5780221483001
24.4703401360544
24.6089050937448
24.6266707296839
24.5210977268956
24.5661804117245
24.5493787954206
24.5397064389111
24.5493695038991
24.4276927201577
24.4748700846192
24.4508540551259
24.6002424091588
24.6792289574961
24.762056412809
24.6696527334313
24.7483197278912
24.8723698802543
24.8248883358221
24.7169465939856
24.8684476522316
24.7266389337412
24.7459427859187
24.9447266467563
25.0730966140174
25.0655793097727
999.99
999.99
999.99
999.99
999.99
999.99
999.99
999.99
999.99
999.99
999.99
999.99
999.99
999.99
999.99
999.99
999.99
999.99
999.99
999.99
999.99
999.99
999.99
999.99
999.99
999.99
999.99
999.99
999.99
999.99
999.99
999.99
999.99
999.99
999.99
999.99
999.99
999.99
999.99
999.99
999.99
999.99
999.99
999.99
999.99
999.99
999.99
999.99
999.99
24.9252248661511
25.0268588850174
25.077503271862
25.0644616724739
24.9277528681907
24.7895104529617
24.6774083453727
24.6282160278746
24.4480599983004
24.304682076995
24.4688989547038
24.6419039687261
24.6880278745645
24.5212625138098
24.4827386759582
24.5017801478712
24.4294181184669
24.3833046655902
24.4100696864112
24.5428072575847
24.3181637630662
24.3479694059658
24.3247665505227
24.2807915356505
24.495456445993
24.3969513044956
999.99
999.99
999.99
999.99
999.99
999.99
999.99
999.99
999.99
999.99
999.99
999.99
999.99
999.99
999.99
999.99
999.99
999.99
999.99
999.99
999.99
999.99
999.99
999.99
999.99
999.99
999.99
999.99
999.99
999.99
999.99
999.99
999.99
999.99
999.99
999.99
999.99
999.99
999.99
999.99
999.99
999.99
999.99
999.99
999.99
999.99
999.99
999.99
999.99
999.99
999.99
999.99
999.99
999.99
999.99
999.99
999.99
25.0182125152262
25.001518583043
24.9785573213223
24.9159663182346
24.9498647347101
24.912993612079
24.7492262542138
24.6080993031359
24.5036031273902
24.4257812243279
24.3222973286876
24.2703914336704
24.1562357723577
24.0723378091273
24.1206051103368
24.1711640463443
24.3021393728223
24.3384297611966
24.4350243902439
999.99
999.99
24.5001683804992
999.99
999.99
999.99
999.99
999.99
999.99
999.99
999.99
999.99
999.99
999.99
999.99
999.99
999.99
999.99
999.99
999.99
999.99
999.99
999.99
999.99
999.99
999.99
999.99
999.99
999.99
999.99
999.99
999.99
999.99
999.99
999.99
999.99
999.99
999.99
999.99
999.99
999.99
999.99
999.99
999.99
999.99
999.99
999.99
999.99
999.99
999.99
999.99
999.99
999.99
999.99
999.99
999.99
999.99
999.99
999.99
999.99
999.99
999.99
999.99
999.99
24.7839527492139
24.7760278745645
24.7052494263619
24.6543257839721
24.5175317413104
24.5321341463415
24.4784909492649
24.3645069686411
24.1751027449648
24.0267751338489
23.9694181184669
23.9958144811762
23.953
24.005509220702
24.0524076655052
999.99
999.99
999.99
999.99
999.99
999.99
999.99
999.99
999.99
999.99
999.99
999.99
999.99
999.99
999.99
999.99
999.99
999.99
999.99
999.99
999.99
999.99
999.99
999.99
999.99
999.99
999.99
999.99
999.99
999.99
999.99
999.99
999.99
999.99
999.99
999.99
999.99
999.99
999.99
999.99
999.99
999.99
999.99
999.99
999.99
999.99
999.99
999.99
999.99
999.99
999.99
999.99
999.99
999.99
999.99
999.99
999.99
999.99
999.99
999.99
999.99
999.99
999.99
999.99
999.99
999.99
999.99
999.99
24.6328576527577
24.5961149825784
24.5630714710631
24.5624198606272
24.5860780147871
24.370968641115
24.2138810232005
24.1047717770035
24.0732009008244
23.933577292428
23.8903101045296
23.7805025070111
999.99
999.99
999.99
999.99
999.99
999.99
999.99
999.99
999.99
999.99
999.99
999.99
999.99
999.99
999.99
999.99
999.99
999.99
999.99
999.99
999.99
999.99
999.99
999.99
999.99
999.99
999.99
999.99
999.99
999.99
999.99
999.99
999.99
999.99
999.99
999.99
999.99
999.99
999.99
999.99
999.99
999.99
999.99
999.99
999.99
999.99
999.99
999.99
999.99
999.99
999.99
999.99
999.99
999.99
999.99
999.99
999.99
999.99
999.99
999.99
999.99
999.99
999.99
999.99
999.99
999.99
999.99
999.99
999.99
999.99
999.99
999.99
24.2765243902439
24.2297909407666
999.99
999.99
999.99
999.99
999.99
999.99
999.99
999.99
999.99
999.99
999.99
999.99
999.99
999.99
999.99
999.99
999.99
999.99
999.99
999.99
999.99
999.99
999.99
999.99
999.99
999.99
999.99
999.99
999.99
999.99
999.99
999.99
999.99
999.99
999.99
999.99
999.99
999.99
999.99
999.99
999.99
999.99
999.99
999.99
999.99
999.99
999.99
999.99
999.99
999.99
999.99
999.99
999.99
999.99
999.99
999.99
999.99
999.99
999.99
999.99
999.99
999.99
999.99
999.99
999.99
999.99
999.99
999.99
999.99
999.99
999.99
999.99
999.99
999.99
999.99
999.99
999.99
999.99
999.99
999.99
999.99
999.99
999.99
999.99
999.99
999.99
999.99
999.99
999.99
999.99
999.99
999.99
999.99
999.99
999.99
999.99
999.99
999.99
999.99
999.99
999.99
999.99
999.99
999.99
999.99
999.99
999.99
999.99
999.99
999.99
999.99
999.99
999.99
999.99
999.99
999.99
999.99
999.99
999.99
999.99
999.99
999.99
999.99
999.99
999.99
999.99
999.99
999.99
999.99
999.99
999.99
999.99
999.99
999.99
999.99
999.99
999.99
999.99
999.99
999.99
999.99
999.99
999.99
999.99
999.99
999.99
999.99
999.99
999.99
999.99
999.99
999.99
999.99
999.99
999.99
999.99
999.99
999.99
999.99
999.99
999.99
999.99
999.99
999.99
999.99
999.99
999.99
999.99
999.99
999.99
999.99
999.99
999.99
999.99
999.99
999.99
999.99
999.99
999.99
999.99
999.99
999.99
999.99
999.99
999.99
999.99
999.99
999.99
999.99
999.99
999.99
999.99
999.99
999.99
999.99
999.99
999.99
999.99
999.99
999.99
999.99
999.99
999.99
999.99
999.99
999.99
999.99
999.99
999.99
999.99
999.99
999.99
999.99
999.99
999.99
999.99
999.99
999.99
999.99
999.99
999.99
999.99
999.99
999.99
999.99
999.99
999.99
999.99
999.99
999.99
999.99
999.99
999.99
999.99
999.99
999.99
999.99
999.99
999.99
999.99
999.99
999.99
999.99
999.99
999.99
999.99
999.99
999.99
999.99
999.99
999.99
999.99
999.99
999.99
999.99
999.99
999.99
999.99
999.99
999.99
999.99
999.99
999.99
999.99
999.99
999.99
999.99
999.99
999.99
999.99
999.99
999.99
999.99
999.99
999.99
999.99
999.99
999.99
999.99
999.99
999.99
999.99
999.99
999.99
999.99
999.99
999.99
999.99
999.99
999.99
999.99
999.99
999.99
999.99
999.99
999.99
999.99
999.99
999.99
999.99
999.99
999.99
999.99
999.99
999.99
999.99
999.99
999.99
999.99
999.99
999.99
999.99
999.99
999.99
999.99
999.99
999.99
999.99
999.99
999.99
999.99
999.99
999.99
999.99
999.99
999.99
999.99
999.99
999.99
999.99
999.99
999.99
999.99
999.99
999.99
999.99
999.99
999.99
999.99
999.99
999.99
999.99
999.99
999.99
999.99
999.99
999.99
999.99
999.99
999.99
999.99
999.99
999.99
999.99
999.99
999.99
999.99
999.99
999.99
999.99
999.99
999.99
999.99
999.99
999.99
999.99
999.99
999.99
999.99
999.99
999.99
999.99
999.99
999.99
999.99
999.99
999.99
999.99
999.99
999.99
999.99
999.99
999.99
999.99
999.99
999.99
999.99
999.99
999.99
999.99
999.99
999.99
999.99
999.99
999.99
999.99
999.99
999.99
999.99
999.99
999.99
999.99
999.99
999.99
999.99
999.99
999.99
999.99
999.99
999.99
999.99
