999.99
999.99
999.99
999.99
999.99
999.99
999.99
999.99
999.99
999.99
999.99
999.99
999.99
999.99
999.99
999.99
999.99
999.99
999.99
999.99
999.99
999.99
999.99
999.99
999.99
999.99
999.99
999.99
999.99
999.99
999.99
999.99
999.99
999.99
999.99
999.99
999.99
999.99
999.99
999.99
999.99
999.99
999.99
999.99
999.99
999.99
999.99
999.99
999.99
999.99
999.99
999.99
999.99
999.99
999.99
999.99
999.99
999.99
999.99
999.99
999.99
999.99
999.99
999.99
999.99
999.99
999.99
999.99
999.99
999.99
999.99
999.99
999.99
999.99
999.99
999.99
999.99
999.99
999.99
999.99
999.99
999.99
999.99
999.99
999.99
999.99
999.99
999.99
999.99
999.99
999.99
999.99
999.99
999.99
999.99
999.99
999.99
999.99
999.99
999.99
999.99
999.99
999.99
999.99
999.99
999.99
999.99
999.99
999.99
999.99
999.99
999.99
999.99
999.99
999.99
999.99
999.99
999.99
999.99
999.99
999.99
999.99
999.99
999.99
999.99
999.99
999.99
999.99
999.99
999.99
999.99
999.99
999.99
999.99
16.4581503356845
16.9112511260304
16.8961010452962
16.7805721084388
16.4345226480836
16.7444053709527
16.7537735191637
16.6250125775474
16.5843797909408
16.0143146086513
15.9924459930313
15.9151822044702
15.9391010452962
15.8868858672559
16.0177700348433
16.7937570323788
18.1406458600149
24.4835700688555
15.2666132404182
15.1187351916376
15.1
999.99
999.99
999.99
999.99
999.99
999.99
999.99
999.99
999.99
999.99
999.99
999.99
999.99
999.99
999.99
999.99
999.99
999.99
999.99
999.99
999.99
999.99
999.99
999.99
999.99
999.99
999.99
999.99
999.99
999.99
999.99
999.99
999.99
999.99
999.99
999.99
999.99
999.99
999.99
999.99
999.99
999.99
999.99
999.99
999.99
999.99
999.99
999.99
999.99
999.99
999.99
999.99
999.99
999.99
999.99
999.99
999.99
999.99
999.99
999.99
999.99
999.99
16.4208204239459
16.6130540737413
16.5798332503733
16.4700016571768
16.4999793429566
16.1440104529617
16.4547533598805
16.4947006822955
16.3709636635142
16.3290954485304
16.1013481831757
15.6911187097088
16.2054733698357
16.7218643421676
16.9766408661025
16.9158367346939
16.8853471876556
16.3015127293036
15.7513939771031
15.5473863771564
15.4418240418118
999.99
999.99
999.99
999.99
999.99
999.99
999.99
999.99
999.99
999.99
999.99
999.99
999.99
999.99
999.99
999.99
999.99
999.99
999.99
999.99
999.99
999.99
999.99
999.99
999.99
999.99
999.99
999.99
999.99
999.99
999.99
999.99
999.99
999.99
999.99
999.99
999.99
999.99
999.99
999.99
999.99
999.99
999.99
999.99
999.99
999.99
999.99
999.99
999.99
999.99
999.99
999.99
999.99
999.99
999.99
999.99
999.99
999.99
999.99
999.99
999.99
999.99
16.3554799014192
16.088717005184
16.0233101045296
16.0784244072406
16.3880418118468
15.9916389903969
16.7213972125435
16.7579502846945
16.4248083623693
16.2186723888842
16.6477456445993
16.646
16.4857804878049
16.4251144726778
16.5819128919861
16.647317328121
16.6095365853659
16.2932675278321
15.8128292682927
15.6898541684372
15.6239965156794
999.99
999.99
999.99
999.99
999.99
999.99
999.99
999.99
999.99
999.99
999.99
999.99
999.99
999.99
999.99
999.99
999.99
999.99
999.99
999.99
999.99
999.99
999.99
999.99
999.99
999.99
999.99
999.99
999.99
999.99
999.99
999.99
999.99
999.99
999.99
999.99
999.99
999.99
999.99
999.99
999.99
999.99
999.99
999.99
999.99
999.99
999.99
999.99
999.99
999.99
999.99
999.99
999.99
999.99
999.99
999.99
999.99
999.99
999.99
999.99
999.99
999.99
16.4890092631937
16.2569207954449
16.5664808362369
16.3992361689469
16.0908745644598
16.1091335089658
16.6009999999998
17.0004341803348
16.8385644599303
16.6455155094756
16.4596027874564
16.4371637630662
16.5826167247387
17.1357026429846
17.0096933797909
16.8237326421348
16.5160940766551
15.9527984193082
15.8740801393729
15.6860662020906
38.1028815331024
999.99
999.99
999.99
999.99
999.99
999.99
999.99
999.99
999.99
999.99
999.99
999.99
999.99
999.99
999.99
999.99
999.99
999.99
999.99
999.99
999.99
999.99
999.99
999.99
999.99
999.99
999.99
999.99
999.99
999.99
999.99
999.99
999.99
999.99
999.99
999.99
999.99
999.99
999.99
999.99
999.99
999.99
999.99
999.99
999.99
999.99
999.99
999.99
999.99
999.99
999.99
999.99
999.99
999.99
999.99
999.99
999.99
999.99
999.99
999.99
999.99
999.99
999.99
16.0623819155265
16.0372717770035
16.0948132914082
16.3543972125436
16.6277542279256
16.5164599303136
16.6107604317158
16.5099825783972
16.425829523243
16.2920871080139
16.1717296677148
16.0130871080139
16.0092291153225
16.4247944250872
16.3005017421603
16.1764390243903
15.9047877963798
15.691449477352
15.3863947480242
37.9614111498272
18.1406458600149
999.99
999.99
999.99
999.99
999.99
999.99
999.99
999.99
999.99
999.99
999.99
999.99
999.99
999.99
999.99
999.99
999.99
999.99
999.99
999.99
999.99
999.99
999.99
999.99
999.99
999.99
999.99
999.99
999.99
999.99
999.99
999.99
999.99
999.99
999.99
999.99
999.99
999.99
999.99
999.99
999.99
999.99
999.99
999.99
999.99
999.99
999.99
999.99
999.99
999.99
999.99
999.99
999.99
999.99
999.99
999.99
999.99
999.99
999.99
999.99
999.99
16.7737119061783
16.5277514234724
16.4769930313589
16.6921886632107
16.3391393728221
16.5352821449817
16.3759128919861
16.2904261069092
16.0960836236934
16.227264128495
16.0854459930313
16.2029610775898
16.2039024390244
15.9414489674513
15.8671219512195
15.9624441233959
15.9185470383275
15.842905328461
15.7632613240418
15.4833277810827
15.2057386759582
999.99
999.99
999.99
999.99
999.99
999.99
999.99
999.99
999.99
999.99
999.99
999.99
999.99
999.99
999.99
999.99
999.99
999.99
999.99
999.99
999.99
999.99
999.99
999.99
999.99
999.99
999.99
999.99
999.99
999.99
999.99
999.99
999.99
999.99
999.99
999.99
999.99
999.99
999.99
999.99
999.99
999.99
999.99
999.99
999.99
999.99
999.99
999.99
999.99
999.99
999.99
999.99
999.99
999.99
999.99
999.99
999.99
999.99
999.99
999.99
999.99
999.99
999.99
999.99
16.2921927990708
16.3660481006204
16.2339500580721
16.4048208266055
16.2362346109175
16.051619047619
16.0517526132404
16.1318889266593
16.0897096399536
15.9091277017648
15.9261056910569
15.7989153281777
15.8027921022068
15.92469054701
16.0639047619048
16.0449534290813
15.9524157955865
15.7220339367157
15.5059849012776
15.4776784793632
18.1406458600149
999.99
999.99
999.99
999.99
999.99
999.99
999.99
999.99
999.99
999.99
999.99
999.99
999.99
999.99
999.99
999.99
999.99
999.99
999.99
999.99
999.99
999.99
999.99
999.99
999.99
999.99
999.99
999.99
999.99
999.99
999.99
999.99
999.99
999.99
999.99
999.99
999.99
999.99
999.99
999.99
999.99
999.99
999.99
999.99
999.99
999.99
999.99
999.99
999.99
999.99
999.99
999.99
999.99
999.99
999.99
999.99
999.99
999.99
999.99
999.99
999.99
999.99
999.99
16.4646132404181
16.608149825784
16.6821284949435
16.5327386759582
16.5058160108779
16.4534459930314
16.5196282824849
16.2965400696863
16.0494405540919
16.1540871080139
16.4698790685817
16.5290487804878
16.3630860032294
16.1390452961673
16.2889863176681
16.1407003484321
15.957363559106
16.013543554007
16.1715574912892
16.1736384804963
16.0842909407666
999.99
999.99
999.99
999.99
999.99
999.99
999.99
999.99
999.99
999.99
999.99
999.99
999.99
999.99
999.99
999.99
999.99
999.99
999.99
999.99
999.99
999.99
999.99
999.99
999.99
999.99
999.99
999.99
999.99
999.99
999.99
999.99
999.99
999.99
999.99
999.99
999.99
999.99
999.99
999.99
999.99
999.99
999.99
999.99
999.99
999.99
999.99
999.99
999.99
999.99
999.99
999.99
999.99
999.99
999.99
999.99
999.99
999.99
16.9349172888668
16.90201677411
16.794525897688
16.7917992367679
16.8017340666189
16.6268156628505
16.7759754843044
16.5521110004978
16.4808717195385
16.2252244897959
16.3022574309914
16.1940529284885
16.1435036846387
15.9075535092086
15.8910965573618
16.0909538742325
15.9664534351516
16.1736275095404
16.3171904761905
16.455318898291
16.4303664444957
999.99
999.99
999.99
999.99
999.99
999.99
999.99
999.99
999.99
999.99
999.99
999.99
999.99
999.99
999.99
999.99
999.99
999.99
999.99
999.99
999.99
999.99
999.99
999.99
999.99
999.99
999.99
999.99
999.99
999.99
999.99
999.99
999.99
999.99
999.99
999.99
999.99
999.99
999.99
999.99
999.99
999.99
999.99
999.99
999.99
999.99
999.99
999.99
999.99
999.99
999.99
999.99
999.99
999.99
999.99
999.99
999.99
999.99
999.99
999.99
999.99
999.99
999.99
17.1369651567944
17.0710767400357
17.0838571428571
17.1226906603213
17.2961219512196
16.580171666525
16.6151916376307
16.2854141242458
15.9665470383275
15.9411186368658
16.0808919860627
15.7661180419818
16.0830243902439
16.1925246876859
16.1996132404182
16.4450494603552
16.5381951219512
16.6024398742245
16.6031846689895
16.650148041132
16.6388641114983
999.99
999.99
999.99
999.99
999.99
999.99
999.99
999.99
999.99
999.99
999.99
999.99
999.99
999.99
999.99
999.99
999.99
999.99
999.99
999.99
999.99
999.99
999.99
999.99
999.99
999.99
999.99
999.99
999.99
999.99
999.99
999.99
999.99
999.99
999.99
999.99
999.99
999.99
999.99
999.99
999.99
999.99
999.99
999.99
999.99
999.99
999.99
999.99
999.99
999.99
999.99
999.99
999.99
999.99
999.99
999.99
999.99
999.99
999.99
999.99
999.99
999.99
17.5009375088524
17.3708633304601
17.2612047453128
17.1713530575823
16.9399337979094
16.8441903143173
16.7496981914717
16.8625166871031
16.9985392400863
17.1391224489796
17.2239455782313
17.0944586029534
16.6285153476025
16.4587904511001
16.2366665007466
16.3292244614681
16.3870579060893
16.7168703962251
16.7698118466899
16.7986085501422
16.8805772357724
999.99
999.99
999.99
999.99
999.99
999.99
999.99
999.99
999.99
999.99
999.99
999.99
999.99
999.99
999.99
999.99
999.99
999.99
999.99
999.99
999.99
999.99
999.99
999.99
999.99
999.99
999.99
999.99
999.99
999.99
999.99
999.99
999.99
999.99
999.99
999.99
999.99
999.99
999.99
999.99
999.99
999.99
999.99
999.99
999.99
999.99
999.99
999.99
999.99
999.99
999.99
999.99
999.99
999.99
999.99
999.99
999.99
999.99
999.99
999.99
999.99
999.99
999.99
999.99
999.99
999.99
16.8203205574913
16.8539214753123
16.8676097560976
16.9012945525622
16.9675400696864
17.1080918670859
16.7345435540069
16.5229434860202
16.270149825784
16.4499812186624
16.2768954703833
16.1700093481771
16.5290174216028
16.6300384125096
17.2057073170732
17.0300479306536
16.9979860627178
16.9232983768165
16.9730894875499
16.7687177700349
16.6115821364834
999.99
999.99
999.99
999.99
999.99
999.99
999.99
999.99
999.99
999.99
999.99
999.99
999.99
999.99
999.99
999.99
999.99
999.99
999.99
999.99
999.99
999.99
999.99
999.99
999.99
999.99
999.99
999.99
999.99
999.99
999.99
999.99
999.99
999.99
999.99
999.99
999.99
999.99
999.99
999.99
999.99
999.99
999.99
999.99
999.99
999.99
999.99
999.99
999.99
999.99
999.99
999.99
999.99
999.99
999.99
999.99
999.99
999.99
999.99
999.99
999.99
999.99
16.7824738675958
16.8695204385145
16.8448571428572
16.9593458825529
16.7484843205575
16.5815925894451
16.6288501742159
17.0907958698052
16.8955818815331
16.5893574402991
16.6239337979095
16.7618155009773
16.8466898954704
16.7807996090763
16.7637247386761
16.8024838106567
17.2271463414634
17.1813675533271
17.0519603977224
16.9866149825784
16.8158066627007
999.99
999.99
999.99
999.99
999.99
999.99
999.99
999.99
999.99
999.99
999.99
999.99
999.99
999.99
999.99
999.99
999.99
999.99
999.99
999.99
999.99
999.99
999.99
999.99
999.99
999.99
999.99
999.99
999.99
999.99
999.99
999.99
999.99
999.99
999.99
999.99
999.99
999.99
999.99
999.99
999.99
999.99
999.99
999.99
999.99
999.99
999.99
999.99
999.99
999.99
999.99
999.99
999.99
999.99
999.99
999.99
999.99
999.99
999.99
999.99
999.99
999.99
17.056756097561
17.1479547888162
17.3699268292683
17.6116502082094
17.5983170731707
17.963490779298
17.7050731707317
17.500767400357
17.3113658536585
17.4889131469363
16.8841463414634
17.1117328970851
17.2109268292683
16.6220731707317
16.8584634146341
16.807254015467
16.9810243902439
17.1428506841166
17.2127061273052
17.2039024390244
17.0208251041047
999.99
999.99
999.99
999.99
999.99
999.99
999.99
999.99
999.99
999.99
999.99
999.99
999.99
999.99
999.99
999.99
999.99
999.99
999.99
999.99
999.99
999.99
999.99
999.99
999.99
999.99
999.99
999.99
999.99
999.99
999.99
999.99
999.99
999.99
999.99
999.99
999.99
999.99
999.99
999.99
999.99
999.99
999.99
999.99
999.99
999.99
999.99
999.99
999.99
999.99
999.99
999.99
999.99
999.99
999.99
999.99
999.99
999.99
999.99
999.99
999.99
999.99
999.99
21.6739117871965
17.4228954703833
17.3281938471998
17.1143832752613
20.4779733152066
18.4343554006969
18.1406458600149
18.1406458600149
17.0691133678932
17.4045365853659
17.3024884847454
17.1522160278746
16.7895726183394
16.884275261324
17.0069014192232
17.0609442508711
17.2277603467324
17.1309294637546
17.3276027874564
17.1099969405966
16.8139668989546
999.99
999.99
999.99
999.99
999.99
999.99
999.99
999.99
999.99
999.99
999.99
999.99
999.99
999.99
999.99
999.99
999.99
999.99
999.99
999.99
999.99
999.99
999.99
999.99
999.99
999.99
999.99
999.99
999.99
999.99
999.99
999.99
999.99
999.99
999.99
999.99
999.99
999.99
999.99
999.99
999.99
999.99
999.99
999.99
999.99
999.99
999.99
999.99
999.99
999.99
999.99
999.99
999.99
999.99
999.99
999.99
999.99
999.99
999.99
999.99
999.99
999.99
28.3974518224919
18.1406458600149
18.1406458600149
18.1406458600149
18.1406458600149
18.4673469387755
18.4537005406565
17.9386991040319
17.600732077602
17.7212497926
17.7396258503401
17.6567755931641
17.4453336368456
17.3165413140866
17.1769352446511
17.1777697859632
17.2326839891221
17.3859888874051
17.5710316907251
17.4560621977524
17.3198633648581
999.99
999.99
999.99
999.99
999.99
999.99
999.99
999.99
999.99
999.99
999.99
999.99
999.99
999.99
999.99
999.99
999.99
999.99
999.99
999.99
999.99
999.99
999.99
999.99
999.99
999.99
999.99
999.99
999.99
999.99
999.99
999.99
999.99
999.99
999.99
999.99
999.99
999.99
999.99
999.99
999.99
999.99
999.99
999.99
999.99
999.99
999.99
999.99
999.99
999.99
999.99
999.99
999.99
999.99
999.99
999.99
999.99
999.99
999.99
999.99
999.99
999.99
999.99
999.99
18.1406458600149
18.1406458600149
18.3816748534036
18.3382578397212
17.9793987422453
17.776850174216
17.6273418883317
17.9515400696864
17.824407240588
17.5757386759582
17.52800297442
18.1406458600149
17.7691282399932
17.805818815331
17.7343477521884
17.6265721084389
17.6519059233449
17.3684782867341
17.1242177700348
16.9734009518144
16.4553414634146
999.99
999.99
999.99
999.99
999.99
999.99
999.99
999.99
999.99
999.99
999.99
999.99
999.99
999.99
999.99
999.99
999.99
999.99
999.99
999.99
999.99
999.99
999.99
999.99
999.99
999.99
999.99
999.99
999.99
999.99
999.99
999.99
999.99
999.99
999.99
999.99
999.99
999.99
999.99
999.99
999.99
999.99
999.99
999.99
999.99
999.99
999.99
999.99
999.99
999.99
999.99
999.99
999.99
999.99
999.99
999.99
999.99
999.99
999.99
999.99
999.99
999.99
18.1406458600149
18.1406458600149
18.1406458600149
17.7495959017753
17.721470591687
18.2547137049942
18.3305884353742
17.9058000663678
18.0730547981239
17.8207307117969
17.6446748493568
17.3391326530612
16.7827959729996
16.9173172390908
17.5865212195527
17.3676808467587
17.5009119794259
17.4895934696305
17.3998720756595
17.1492789945247
16.7992034179526
999.99
999.99
999.99
999.99
999.99
999.99
999.99
999.99
999.99
999.99
999.99
999.99
999.99
999.99
999.99
999.99
999.99
999.99
999.99
999.99
999.99
999.99
999.99
999.99
999.99
999.99
999.99
999.99
999.99
999.99
999.99
999.99
999.99
999.99
999.99
999.99
999.99
999.99
999.99
999.99
999.99
999.99
999.99
999.99
999.99
999.99
999.99
999.99
999.99
999.99
999.99
999.99
999.99
999.99
999.99
999.99
999.99
999.99
999.99
999.99
999.99
18.1406458600149
18.6647018781338
18.1402299651568
18.1406458600149
18.5682508710778
18.1656734936688
18.0911881533101
17.7645336109459
17.8555191637631
18.0295607206595
18.1406458600149
18.1406458600149
17.2044216027873
17.2430995155946
18.1406458600149
39.6080904223611
17.7657492139033
17.862137630662
17.7178048780488
17.52106271777
17.4576565819665
999.99
999.99
999.99
999.99
999.99
999.99
999.99
999.99
999.99
999.99
999.99
999.99
999.99
999.99
999.99
999.99
999.99
999.99
999.99
999.99
999.99
999.99
999.99
999.99
999.99
999.99
999.99
999.99
999.99
999.99
999.99
999.99
999.99
999.99
999.99
999.99
999.99
999.99
999.99
999.99
999.99
999.99
999.99
999.99
999.99
999.99
999.99
999.99
999.99
999.99
999.99
999.99
999.99
999.99
999.99
999.99
999.99
999.99
999.99
999.99
999.99
999.99
999.99
999.99
999.99
18.2731534497202
18.1406458600149
17.7743537414966
17.8812278081964
17.9239008627841
17.5877222498755
17.1312549604017
18.1406458600149
18.1146866499127
18.1406458600149
18.1406458600149
17.7823662684586
18.1406458600149
17.5896485732901
17.7574293180687
17.67830961891
17.5391266799403
17.541731292517
17.3262354405177
23.2980435438941
18.1406458600149
999.99
999.99
999.99
999.99
999.99
999.99
999.99
999.99
999.99
999.99
999.99
999.99
999.99
999.99
999.99
999.99
999.99
999.99
999.99
999.99
999.99
999.99
999.99
999.99
999.99
999.99
999.99
999.99
999.99
999.99
999.99
999.99
999.99
999.99
999.99
999.99
999.99
999.99
999.99
999.99
999.99
999.99
999.99
999.99
999.99
999.99
999.99
999.99
999.99
999.99
999.99
999.99
999.99
999.99
999.99
999.99
999.99
999.99
999.99
999.99
999.99
18.2053658536585
18.3319678762641
18.4194390243902
17.8388709101726
17.8785853658537
18.2289226650803
28.2695365853638
18.1406458600149
18.1406458600149
27.2215990481835
27.2848780487784
27.3185817965476
17.0971219512195
17.1072914931588
18.1406458600149
17.2993170731707
17.380491374182
17.4085365853658
16.8374657941701
16.8825975609756
999.99
999.99
999.99
999.99
999.99
999.99
999.99
999.99
999.99
999.99
999.99
999.99
999.99
999.99
999.99
999.99
999.99
999.99
999.99
999.99
999.99
999.99
999.99
999.99
999.99
999.99
999.99
999.99
999.99
999.99
999.99
999.99
999.99
999.99
999.99
999.99
999.99
999.99
999.99
999.99
999.99
999.99
999.99
999.99
999.99
999.99
999.99
999.99
999.99
999.99
999.99
999.99
999.99
999.99
999.99
999.99
999.99
999.99
999.99
999.99
999.99
999.99
17.9403074700433
17.9431393728223
17.9361215263024
18.1734006968642
18.3316517379111
18.1712961672474
18.1137530381576
18.1133588850174
18.1894533865896
18.0599547038328
17.8863497068072
17.749574912892
17.4136243732473
17.5471672473868
17.5124296762131
17.4431508455851
17.3533275261324
17.2564243222571
17.1286567944251
16.8466096711142
999.99
999.99
999.99
999.99
999.99
999.99
999.99
999.99
999.99
999.99
999.99
999.99
999.99
999.99
999.99
999.99
999.99
999.99
999.99
999.99
999.99
999.99
999.99
999.99
999.99
999.99
999.99
999.99
999.99
999.99
999.99
999.99
999.99
999.99
999.99
999.99
999.99
999.99
999.99
999.99
999.99
999.99
999.99
999.99
999.99
999.99
999.99
999.99
999.99
999.99
999.99
999.99
999.99
999.99
999.99
999.99
999.99
999.99
999.99
999.99
999.99
999.99
999.99
999.99
17.9868885017422
18.1023878643664
18.0065017421603
18.020278235744
17.9843275261324
18.0892590294893
18.1624355400697
18.1374033313504
18.0599825783972
17.9952473867596
17.6758571428572
35.2016457890794
17.5985226480836
17.5561265403246
17.3566568369168
17.3166236933798
17.2646946545424
17.0419912891986
16.6249796889607
18.1406458600149
999.99
999.99
999.99
999.99
999.99
999.99
999.99
999.99
999.99
999.99
999.99
999.99
999.99
999.99
999.99
999.99
999.99
999.99
999.99
999.99
999.99
999.99
999.99
999.99
999.99
999.99
999.99
999.99
999.99
999.99
999.99
999.99
999.99
999.99
999.99
999.99
999.99
999.99
999.99
999.99
999.99
999.99
999.99
999.99
999.99
999.99
999.99
999.99
999.99
999.99
999.99
999.99
999.99
999.99
999.99
999.99
999.99
999.99
999.99
999.99
999.99
18.6403554006968
18.6088748194102
18.6461428571429
18.6420552392284
18.4493449477352
18.1819785841761
18.0623101045296
18.0862861392029
18.0963101045296
18.1176898954704
18.0792717770035
17.8882470468259
17.8800383275261
17.8163697628962
17.787818815331
17.8418427806578
17.98023276961
17.8652090592335
17.5087532931078
17.1670104529616
999.99
999.99
999.99
999.99
999.99
999.99
999.99
999.99
999.99
999.99
999.99
999.99
999.99
999.99
999.99
999.99
999.99
999.99
999.99
999.99
999.99
999.99
999.99
999.99
999.99
999.99
999.99
999.99
999.99
999.99
999.99
999.99
999.99
999.99
999.99
999.99
999.99
999.99
999.99
999.99
999.99
999.99
999.99
999.99
999.99
999.99
999.99
999.99
999.99
999.99
999.99
999.99
999.99
999.99
999.99
999.99
999.99
999.99
999.99
999.99
999.99
999.99
999.99
999.99
18.6323162233364
18.1406458600149
18.1406458600149
30.7560871079982
17.9031382680377
17.8906898954704
17.8460736806323
17.9135470383275
17.967524517719
17.8745818815331
17.9291150675618
17.9252229965157
17.8458398062378
17.9360174216028
17.9494810062038
17.7783832752613
17.8371846689896
17.6673103594799
17.4169912891986
16.9267907707997
999.99
999.99
999.99
999.99
999.99
999.99
999.99
999.99
999.99
999.99
999.99
999.99
999.99
999.99
999.99
999.99
999.99
999.99
999.99
999.99
999.99
999.99
999.99
999.99
999.99
999.99
999.99
999.99
999.99
999.99
999.99
999.99
999.99
999.99
999.99
999.99
999.99
999.99
999.99
999.99
999.99
999.99
999.99
999.99
999.99
999.99
999.99
999.99
999.99
999.99
999.99
999.99
999.99
999.99
999.99
999.99
999.99
999.99
999.99
999.99
999.99
999.99
27.3282125435541
27.6280836236936
18.1406458600149
18.1406458600149
18.1406458600149
17.7796784227076
17.9948850174216
18.1284318857823
18.0317595818815
18.1936047420753
18.3418954703833
18.1406458600149
17.8176202090592
17.7944076655052
17.8264738675958
17.8618805132999
17.8641251805898
17.9881306620209
17.8507634061358
17.495231707317
999.99
999.99
999.99
999.99
999.99
999.99
999.99
999.99
999.99
999.99
999.99
999.99
999.99
999.99
999.99
999.99
999.99
999.99
999.99
999.99
999.99
999.99
999.99
999.99
999.99
999.99
999.99
999.99
999.99
999.99
999.99
999.99
999.99
999.99
999.99
999.99
999.99
999.99
999.99
999.99
999.99
999.99
999.99
999.99
999.99
999.99
999.99
999.99
999.99
999.99
999.99
999.99
999.99
999.99
999.99
999.99
999.99
999.99
999.99
999.99
999.99
999.99
999.99
999.99
999.99
18.1406458600149
18.1406458600149
18.1406458600149
17.9171732933506
18.1086570433051
17.997727021088
18.1751617720259
18.1401063264092
18.1009656545545
18.0895188481103
17.9068586361374
17.7896841530187
17.8129223494276
17.8648169699766
17.9072857142857
18.079768541563
18.1415093299664
18.0338461921354
17.6740951328777
17.2421632653061
999.99
999.99
999.99
999.99
999.99
999.99
999.99
999.99
999.99
999.99
999.99
999.99
999.99
999.99
999.99
999.99
999.99
999.99
999.99
999.99
999.99
999.99
999.99
999.99
999.99
999.99
999.99
999.99
999.99
999.99
999.99
999.99
999.99
999.99
999.99
999.99
999.99
999.99
999.99
999.99
999.99
999.99
999.99
999.99
999.99
999.99
999.99
999.99
999.99
999.99
999.99
999.99
999.99
999.99
999.99
999.99
999.99
999.99
999.99
999.99
999.99
999.99
999.99
18.1406458600149
20.6881618084505
18.1406458600149
17.7132885187388
18.0929512195122
18.101
18.053512195122
18.0056930398572
17.9211707317073
17.9648709101725
18.0360243902439
18.031750743605
18.0272926829268
17.9915461035098
17.9369708506841
18.1062804878049
18.1525597858418
18.0756463414634
18.006766805473
17.662
999.99
999.99
999.99
999.99
999.99
999.99
999.99
999.99
999.99
999.99
999.99
999.99
999.99
999.99
999.99
999.99
999.99
999.99
999.99
999.99
999.99
999.99
999.99
999.99
999.99
999.99
999.99
999.99
999.99
999.99
999.99
999.99
999.99
999.99
999.99
999.99
999.99
999.99
999.99
999.99
999.99
999.99
999.99
999.99
999.99
999.99
999.99
999.99
999.99
999.99
999.99
999.99
999.99
999.99
999.99
999.99
999.99
999.99
999.99
999.99
999.99
999.99
17.879050917214
18.1406458600149
18.1406458600149
18.1406458600149
18.9492996637186
17.91824987556
18.0365983318967
18.0068845196615
18.042169286989
17.9073280238925
17.8971830664449
17.8753036336485
17.9385926987095
17.899574912892
17.9355217254064
17.9217268754021
17.8856132404181
18.1797629933591
18.0403541562967
17.8557468950698
999.99
999.99
999.99
999.99
999.99
999.99
999.99
999.99
999.99
999.99
999.99
999.99
999.99
999.99
999.99
999.99
999.99
999.99
999.99
999.99
999.99
999.99
999.99
999.99
999.99
999.99
999.99
999.99
999.99
999.99
999.99
999.99
999.99
999.99
999.99
999.99
999.99
999.99
999.99
999.99
999.99
999.99
999.99
999.99
999.99
999.99
999.99
999.99
999.99
999.99
999.99
999.99
999.99
999.99
999.99
999.99
999.99
999.99
999.99
999.99
999.99
999.99
999.99
17.8280192062548
17.8570801393728
17.8617505736381
17.8227979094077
17.8873729072831
18.0201045296167
18.0646278575678
18.1830243902439
18.0017431800798
17.8390836236934
26.0000920370531
18.1406458600149
35.627293277819
18.1892648083624
18.4054813461375
18.0340122376137
17.9394285714286
18.1581642729668
18.0129581881533
17.5404006968641
999.99
999.99
999.99
999.99
999.99
999.99
999.99
999.99
999.99
999.99
999.99
999.99
999.99
999.99
999.99
999.99
999.99
999.99
999.99
999.99
999.99
999.99
999.99
999.99
999.99
999.99
999.99
999.99
999.99
999.99
999.99
999.99
999.99
999.99
999.99
999.99
999.99
999.99
999.99
999.99
999.99
999.99
999.99
999.99
999.99
999.99
999.99
999.99
999.99
999.99
999.99
999.99
999.99
999.99
999.99
999.99
999.99
999.99
999.99
999.99
999.99
17.5186162998215
17.5730069686411
17.6051876434095
17.9333275261324
17.9580763151185
17.7619268292683
17.9085806067816
17.930850174216
17.9144532166228
17.9422229965157
17.5481718364918
18.1406458600149
17.6936714540663
17.6791986062718
17.6037736041473
18.1161951219512
18.2147800628877
18.2083237018781
17.9678048780488
17.6857630662021
999.99
999.99
999.99
999.99
999.99
999.99
999.99
999.99
999.99
999.99
999.99
999.99
999.99
999.99
999.99
999.99
999.99
999.99
999.99
999.99
999.99
999.99
999.99
999.99
999.99
999.99
999.99
999.99
999.99
999.99
999.99
999.99
999.99
999.99
999.99
999.99
999.99
999.99
999.99
999.99
999.99
999.99
999.99
999.99
999.99
999.99
999.99
999.99
999.99
999.99
999.99
999.99
999.99
999.99
999.99
999.99
999.99
999.99
999.99
999.99
999.99
999.99
999.99
999.99
17.7345505226481
17.7196655902099
17.8851602787456
18.0224285714286
17.9981149825784
17.9599064332455
17.638181184669
17.7611674173536
18.1406458600149
18.1406458600149
34.9777282229985
17.9270033143538
17.936031358885
18.2616137503187
18.1749233449477
18.0733613495368
18.0700467408855
18.0513989547038
17.7602239313334
17.4005487804878
999.99
999.99
999.99
999.99
999.99
999.99
999.99
999.99
999.99
999.99
999.99
999.99
999.99
999.99
999.99
999.99
999.99
999.99
999.99
999.99
999.99
999.99
999.99
999.99
999.99
999.99
999.99
999.99
999.99
999.99
999.99
999.99
999.99
999.99
999.99
999.99
999.99
999.99
999.99
999.99
999.99
999.99
999.99
999.99
999.99
999.99
999.99
999.99
999.99
999.99
999.99
999.99
999.99
999.99
999.99
999.99
999.99
999.99
999.99
999.99
999.99
999.99
999.99
17.4848710801394
17.5174862751763
17.5750975609756
17.6828712501062
17.7172787456446
17.9392580096881
17.8147421602787
18.1406458600149
18.1406458600149
17.6591308744795
17.6374738675958
18.1406458600149
18.1406458600149
17.4120383275261
17.5712543554007
18.0945398147361
18.0280464009518
17.921425087108
17.7916225036118
17.4090365853658
999.99
999.99
999.99
999.99
999.99
999.99
999.99
999.99
999.99
999.99
999.99
999.99
999.99
999.99
999.99
999.99
999.99
999.99
999.99
999.99
999.99
999.99
999.99
999.99
999.99
999.99
999.99
999.99
999.99
999.99
999.99
999.99
999.99
999.99
999.99
999.99
999.99
999.99
999.99
999.99
999.99
999.99
999.99
999.99
999.99
999.99
999.99
999.99
999.99
999.99
999.99
999.99
999.99
999.99
999.99
999.99
999.99
999.99
999.99
999.99
999.99
999.99
17.6275130449562
17.5425644599303
17.5915110903374
17.6792334494773
17.8278953004164
17.846
17.8707099515595
17.9128048780488
17.904107758987
17.8404773519164
18.1406458600149
18.1406458600149
18.1406458600149
18.1406458600149
26.1870473357619
18.0610696864111
18.0133622843545
18.058093481771
18.0491463414634
17.9898293532761
999.99
999.99
999.99
999.99
999.99
999.99
999.99
999.99
999.99
999.99
999.99
999.99
999.99
999.99
999.99
999.99
999.99
999.99
999.99
999.99
999.99
999.99
999.99
999.99
999.99
999.99
999.99
999.99
999.99
999.99
999.99
999.99
999.99
999.99
999.99
999.99
999.99
999.99
999.99
999.99
999.99
999.99
999.99
999.99
999.99
999.99
999.99
999.99
999.99
999.99
999.99
999.99
999.99
999.99
999.99
999.99
999.99
999.99
999.99
999.99
999.99
999.99
17.6715853658537
17.7475157644259
17.6964390243902
17.9396430696014
18.1613414634146
18.2493164782867
18.2073414634146
18.0723355145747
18.068756097561
17.7985068411659
17.7151951219512
18.1233414634148
17.7177073170732
18.1760904223676
18.1549512195122
18.0487323022011
18.1611463414634
18.1368780487805
18.1502790005949
18.090256097561
999.99
999.99
999.99
999.99
999.99
999.99
999.99
999.99
999.99
999.99
999.99
999.99
999.99
999.99
999.99
999.99
999.99
999.99
999.99
999.99
999.99
999.99
999.99
999.99
999.99
999.99
999.99
999.99
999.99
999.99
999.99
999.99
999.99
999.99
999.99
999.99
999.99
999.99
999.99
999.99
999.99
999.99
999.99
999.99
999.99
999.99
999.99
999.99
999.99
999.99
999.99
999.99
999.99
999.99
999.99
999.99
999.99
999.99
999.99
999.99
999.99
999.99
999.99
17.5226594491455
17.666040686828
17.779112244898
17.910272560065
18.0073043802887
18.0075487400195
18.0449857308777
18.0024431359695
17.7459467396715
18.4363746271858
18.4537336153974
18.4572485016612
18.3358237099718
18.1078687896336
18.1135904264145
18.208601454026
18.15356255185
18.2222832963048
18.187896737041
17.8995296167248
999.99
999.99
999.99
999.99
999.99
999.99
999.99
999.99
999.99
999.99
999.99
999.99
999.99
999.99
999.99
999.99
999.99
999.99
999.99
999.99
999.99
999.99
999.99
999.99
999.99
999.99
999.99
999.99
999.99
999.99
999.99
999.99
999.99
999.99
999.99
999.99
999.99
999.99
999.99
999.99
999.99
999.99
999.99
999.99
999.99
999.99
999.99
999.99
999.99
999.99
999.99
999.99
999.99
999.99
999.99
999.99
999.99
999.99
999.99
999.99
999.99
999.99
999.99
999.99
17.7447777683352
17.9462020905923
18.1396299821535
18.0063763066202
18.3090345032719
18.2757491289199
18.3805052264808
17.8782717770035
17.7901007903459
17.9555400696865
18.1785829863177
18.2264947735192
18.2509966006629
18.0834703832753
18.1029719554687
18.0277038327526
18.0311014702133
17.8721910427466
17.2002526132405
18.335319792638
999.99
999.99
999.99
999.99
999.99
999.99
999.99
999.99
999.99
999.99
999.99
999.99
999.99
999.99
999.99
999.99
999.99
999.99
999.99
999.99
999.99
999.99
999.99
999.99
999.99
999.99
999.99
999.99
999.99
999.99
999.99
999.99
999.99
999.99
999.99
999.99
999.99
999.99
999.99
999.99
999.99
999.99
999.99
999.99
999.99
999.99
999.99
999.99
999.99
999.99
999.99
999.99
999.99
999.99
999.99
999.99
999.99
999.99
17.5534764494733
36.9495620945591
17.5672115480339
17.6863639455782
17.9286753774681
17.8323272246436
17.7302148664344
18.1406458600149
18.1406458600149
18.1406458600149
18.4368052098888
18.1406458600149
18.2959784303965
18.2294211738235
18.223762817322
18.2245226804583
18.2835306122449
18.2178858227408
18.0280854488137
17.8161048715739
999.99
999.99
999.99
999.99
999.99
999.99
999.99
999.99
999.99
999.99
999.99
999.99
999.99
999.99
999.99
999.99
999.99
999.99
999.99
999.99
999.99
999.99
999.99
999.99
999.99
999.99
999.99
999.99
999.99
999.99
999.99
999.99
999.99
999.99
999.99
999.99
999.99
999.99
999.99
999.99
999.99
999.99
999.99
999.99
999.99
999.99
999.99
999.99
999.99
999.99
999.99
999.99
999.99
999.99
999.99
999.99
999.99
999.99
999.99
999.99
18.1406458600149
18.1406458600149
18.1406458600149
38.6790928019079
25.3127445398173
25.1174599303162
18.0535377751338
17.6809477351915
29.2278405710906
18.1406458600149
18.1406458600149
18.1406458600149
18.1406458600149
18.1406458600149
18.1406458600149
18.1406458600149
22.4374003569262
18.1406458600149
18.1406458600149
17.4395923344948
999.99
999.99
999.99
999.99
999.99
999.99
999.99
999.99
999.99
999.99
999.99
999.99
999.99
999.99
999.99
999.99
999.99
999.99
999.99
999.99
999.99
999.99
999.99
999.99
999.99
999.99
999.99
999.99
999.99
999.99
999.99
999.99
999.99
999.99
999.99
999.99
999.99
999.99
999.99
999.99
999.99
999.99
999.99
999.99
999.99
999.99
999.99
999.99
999.99
999.99
999.99
999.99
999.99
999.99
999.99
999.99
999.99
999.99
999.99
17.453237265638
18.4610046194564
18.4879677285548
18.1844247168231
18.1406458600149
18.1406458600149
24.4446499087528
18.1406458600149
18.1406458600149
18.1406458600149
32.3810001922403
18.1406458600149
18.1406458600149
18.1406458600149
18.1406458600149
18.1406458600149
18.0541461330517
30.2663654388684
18.1406458600149
18.1406458600149
999.99
999.99
999.99
999.99
999.99
999.99
999.99
999.99
999.99
999.99
999.99
999.99
999.99
999.99
999.99
999.99
999.99
999.99
999.99
999.99
999.99
999.99
999.99
999.99
999.99
999.99
999.99
999.99
999.99
999.99
999.99
999.99
999.99
999.99
999.99
999.99
999.99
999.99
999.99
999.99
999.99
999.99
999.99
999.99
999.99
999.99
999.99
999.99
999.99
999.99
999.99
999.99
999.99
999.99
999.99
999.99
999.99
17.5445278745644
17.8331454066457
18.0370801393728
17.9160383275262
17.906181184669
18.1231683521714
17.9936080139373
18.273101810147
18.1406458600149
18.1406458600149
18.1406458600149
18.1406458600149
18.1406458600149
18.1406458600149
18.1406458600149
18.1406458600149
18.1406458600149
18.1406458600149
18.1406458600149
33.8053484320785
999.99
999.99
999.99
999.99
999.99
999.99
999.99
999.99
999.99
999.99
999.99
999.99
999.99
999.99
999.99
999.99
999.99
999.99
999.99
999.99
999.99
999.99
999.99
999.99
999.99
999.99
999.99
999.99
999.99
999.99
999.99
999.99
999.99
999.99
999.99
999.99
999.99
999.99
999.99
999.99
999.99
999.99
999.99
999.99
999.99
999.99
999.99
999.99
999.99
999.99
999.99
999.99
999.99
999.99
999.99
999.99
999.99
999.99
999.99
999.99
17.8269250446163
17.7551463414634
17.7623372992266
17.6497926829268
17.8415466983938
17.9414146341463
17.9310487804878
18.0514146341464
18.0664705532421
17.8762073170731
17.9240481856038
17.6934512195122
17.3029506246283
18.1406458600149
18.1406458600149
18.1406458600149
18.1406458600149
18.1406458600149
18.1406458600149
18.1406458600149
18.1406458600149
17.3725270672219
17.8754390243902
18.0390410469959
999.99
999.99
999.99
999.99
999.99
999.99
999.99
999.99
999.99
999.99
999.99
999.99
999.99
999.99
999.99
999.99
999.99
999.99
999.99
999.99
999.99
999.99
999.99
999.99
999.99
999.99
999.99
999.99
999.99
999.99
999.99
999.99
999.99
999.99
999.99
999.99
999.99
999.99
999.99
999.99
999.99
999.99
999.99
999.99
999.99
999.99
999.99
999.99
999.99
999.99
999.99
17.6963170731707
17.7878303730772
17.6105818815331
37.3938947905167
17.9820111328291
18.1342404181185
18.1056726438345
18.1406458600149
17.8285924194782
17.7475853658537
17.512898189853
17.8541655052265
17.8751626582816
17.6204512195122
18.1406458600149
18.1406458600149
17.7266058468598
17.7037229965157
17.5836733237019
18.1406458600149
17.9836557321322
17.3166324041812
25.4053386589669
18.1406458600149
17.1778972550353
17.4144660491204
17.7817700348432
17.8588183054304
17.565038327526
17.4387692699924
999.99
999.99
999.99
999.99
999.99
999.99
999.99
999.99
999.99
999.99
999.99
999.99
999.99
999.99
999.99
999.99
999.99
999.99
999.99
999.99
999.99
999.99
999.99
999.99
999.99
999.99
999.99
999.99
999.99
999.99
999.99
999.99
999.99
999.99
999.99
999.99
999.99
999.99
999.99
999.99
999.99
999.99
999.99
999.99
999.99
999.99
23.6209203212377
17.2148327526132
999.99
17.2866655052264
17.1556898954704
17.522961672474
17.52251933373
18.1406458600149
17.5739391518654
17.5659860627178
17.4849100025495
17.5870062037903
17.5499808362369
17.6335585110903
17.5739738675958
29.1145479731408
18.1406458600149
18.1406458600149
17.9173466898954
18.0532642134784
18.176637630662
18.1406458600149
18.1406458600149
18.1406458600149
18.1406458600149
18.1406458600149
18.1406458600149
18.1406458600149
18.1406458600149
18.1406458600149
18.1406458600149
999.99
999.99
999.99
999.99
999.99
999.99
999.99
999.99
999.99
999.99
999.99
999.99
999.99
999.99
999.99
999.99
999.99
999.99
999.99
999.99
999.99
999.99
999.99
999.99
999.99
999.99
999.99
999.99
999.99
999.99
999.99
999.99
999.99
999.99
999.99
999.99
999.99
999.99
999.99
999.99
999.99
999.99
999.99
999.99
999.99
999.99
999.99
999.99
24.65246
20.4229800000004
17.5054000412777
17.5003758088601
17.4483265306123
21.0121112327849
24.65246
24.65246
24.65246
18.1406458600149
18.1406458600149
17.7025415629666
17.6362688268645
17.6831639289862
17.6847934012391
17.6307294815606
17.3451999336321
18.1406458600149
18.1406458600149
18.1406458600149
18.1406458600149
18.1406458600149
18.1406458600149
18.1406458600149
18.1406458600149
18.1406458600149
18.1406458600149
18.1406458600149
18.1406458600149
999.99
999.99
999.99
999.99
999.99
999.99
999.99
999.99
999.99
999.99
999.99
999.99
999.99
999.99
999.99
999.99
999.99
999.99
999.99
999.99
999.99
999.99
999.99
999.99
999.99
999.99
999.99
999.99
999.99
999.99
999.99
999.99
999.99
999.99
999.99
999.99
999.99
999.99
999.99
999.99
999.99
999.99
999.99
999.99
999.99
999.99
999.99
999.99
999.99
999.99
999.99
22.0426779094093
24.65246
24.3633498954709
17.5880145831559
17.3459965156794
17.3125853658537
17.3331010452962
17.2965351406476
17.0829324041808
24.0996990192913
21.4708573519159
17.7977123310955
17.9300383275261
17.8964996175746
17.7672717770036
18.1406458600149
18.1406458600149
36.6853626242891
17.353182374437
20.6979198606226
34.3382361689448
18.1406458600149
18.1406458600149
18.1406458600149
18.1406458600149
18.1406458600149
18.1406458600149
18.1406458600149
18.1406458600149
999.99
999.99
999.99
999.99
999.99
999.99
999.99
999.99
999.99
999.99
999.99
999.99
999.99
999.99
999.99
999.99
999.99
999.99
999.99
999.99
999.99
999.99
999.99
999.99
999.99
999.99
999.99
999.99
999.99
999.99
999.99
999.99
999.99
999.99
999.99
999.99
999.99
999.99
999.99
999.99
999.99
999.99
17.6564135900642
999.99
999.99
24.65246
24.65246
24.65246
24.65246
17.3676740501079
17.3996436806727
17.2966598639456
24.65246
20.601990884354
20.8010826381286
24.65246
17.0158511697362
20.5745895238097
20.5409276688237
20.3307229595282
20.8470766185496
17.6320535597939
17.6392339472374
17.6523393347821
17.633050107848
17.7360820656639
17.7362585034014
17.5603700906894
17.6194522979923
17.5508700198699
18.1406458600149
18.1406458600149
18.1406458600149
18.1406458600149
18.1406458600149
18.1406458600149
999.99
999.99
999.99
999.99
999.99
999.99
999.99
999.99
999.99
999.99
999.99
999.99
999.99
999.99
999.99
999.99
999.99
999.99
999.99
999.99
999.99
999.99
999.99
999.99
999.99
999.99
999.99
999.99
999.99
999.99
999.99
999.99
999.99
999.99
999.99
999.99
999.99
999.99
999.99
999.99
999.99
999.99
999.99
999.99
999.99
999.99
999.99
999.99
999.99
17.3747209144217
20.0478026829284
24.65246
17.7235111498256
24.235930808193
24.65246
24.65246
24.65246
24.65246
24.65246
24.65246
24.65246
24.65246
23.4769099821519
17.8702271777002
24.65246
24.65246
18.1074699753546
17.6455540069686
17.5901488909663
17.5712961672474
17.549036712841
17.4983414634146
17.4949501147276
17.5503867595819
17.4226757882213
999.99
999.99
999.99
999.99
999.99
999.99
999.99
999.99
999.99
999.99
999.99
999.99
999.99
999.99
999.99
999.99
999.99
999.99
999.99
999.99
999.99
999.99
999.99
999.99
999.99
999.99
999.99
999.99
999.99
999.99
999.99
999.99
999.99
999.99
999.99
999.99
999.99
999.99
999.99
999.99
999.99
999.99
999.99
999.99
999.99
999.99
999.99
999.99
999.99
999.99
999.99
999.99
999.99
999.99
999.99
999.99
999.99
24.4607626055926
24.65246
21.9020430123794
17.4415005807201
20.9928415563308
24.65246
24.65246
24.65246
24.65246
22.7214886377162
21.891903809524
17.4677931786635
17.3896910569106
17.2848929492082
17.2376736353078
17.3952354890796
17.4998977932636
20.2668419047617
24.65246
999.99
999.99
21.5400744964731
999.99
999.99
999.99
999.99
999.99
999.99
999.99
999.99
999.99
999.99
999.99
999.99
999.99
999.99
999.99
999.99
999.99
999.99
999.99
999.99
999.99
999.99
999.99
999.99
999.99
999.99
999.99
999.99
999.99
999.99
999.99
999.99
999.99
999.99
999.99
999.99
999.99
999.99
999.99
999.99
999.99
999.99
999.99
999.99
999.99
999.99
999.99
999.99
999.99
999.99
999.99
999.99
999.99
999.99
999.99
999.99
999.99
999.99
999.99
999.99
999.99
17.2535685391349
17.4464878048781
18.8122133933882
18.7856951219512
17.528711056344
24.65246
24.65246
18.562900696864
18.6343499617574
17.3571521203365
17.3314599303136
17.0635687091017
16.9058710801394
23.3189303832753
23.281822369338
999.99
999.99
999.99
999.99
999.99
999.99
999.99
999.99
999.99
999.99
999.99
999.99
999.99
999.99
999.99
999.99
999.99
999.99
999.99
999.99
999.99
999.99
999.99
999.99
999.99
999.99
999.99
999.99
999.99
999.99
999.99
999.99
999.99
999.99
999.99
999.99
999.99
999.99
999.99
999.99
999.99
999.99
999.99
999.99
999.99
999.99
999.99
999.99
999.99
999.99
999.99
999.99
999.99
999.99
999.99
999.99
999.99
999.99
999.99
999.99
999.99
999.99
999.99
999.99
999.99
999.99
999.99
999.99
19.0972770034844
17.1063048780488
17.1595200985808
17.3560139372822
17.3872151780403
17.3774756097561
17.3995161893431
17.101681184669
17.1813465624203
19.1219317158154
17.1941846689895
24.65246
999.99
999.99
999.99
999.99
999.99
999.99
999.99
999.99
999.99
999.99
999.99
999.99
999.99
999.99
999.99
999.99
999.99
999.99
999.99
999.99
999.99
999.99
999.99
999.99
999.99
999.99
999.99
999.99
999.99
999.99
999.99
999.99
999.99
999.99
999.99
999.99
999.99
999.99
999.99
999.99
999.99
999.99
999.99
999.99
999.99
999.99
999.99
999.99
999.99
999.99
999.99
999.99
999.99
999.99
999.99
999.99
999.99
999.99
999.99
999.99
999.99
999.99
999.99
999.99
999.99
999.99
999.99
999.99
999.99
999.99
999.99
999.99
24.65246
22.582087874564
999.99
999.99
999.99
999.99
999.99
999.99
999.99
999.99
999.99
999.99
999.99
999.99
999.99
999.99
999.99
999.99
999.99
999.99
999.99
999.99
999.99
999.99
999.99
999.99
999.99
999.99
999.99
999.99
999.99
999.99
999.99
999.99
999.99
999.99
999.99
999.99
999.99
999.99
999.99
999.99
999.99
999.99
999.99
999.99
999.99
999.99
999.99
999.99
999.99
999.99
999.99
999.99
999.99
999.99
999.99
999.99
999.99
999.99
999.99
999.99
999.99
999.99
999.99
999.99
999.99
999.99
999.99
999.99
999.99
999.99
999.99
999.99
999.99
999.99
999.99
999.99
999.99
999.99
999.99
999.99
999.99
999.99
999.99
999.99
999.99
999.99
999.99
999.99
999.99
999.99
999.99
999.99
999.99
999.99
999.99
999.99
999.99
999.99
999.99
999.99
999.99
999.99
999.99
999.99
999.99
999.99
999.99
999.99
999.99
999.99
999.99
999.99
999.99
999.99
999.99
999.99
999.99
999.99
999.99
999.99
999.99
999.99
999.99
999.99
999.99
999.99
999.99
999.99
999.99
999.99
999.99
999.99
999.99
999.99
999.99
999.99
999.99
999.99
999.99
999.99
999.99
999.99
999.99
999.99
999.99
999.99
999.99
999.99
999.99
999.99
999.99
999.99
999.99
999.99
999.99
999.99
999.99
999.99
999.99
999.99
999.99
999.99
999.99
999.99
999.99
999.99
999.99
999.99
999.99
999.99
999.99
999.99
999.99
999.99
999.99
999.99
999.99
999.99
999.99
999.99
999.99
999.99
999.99
999.99
999.99
999.99
999.99
999.99
999.99
999.99
999.99
999.99
999.99
999.99
999.99
999.99
999.99
999.99
999.99
999.99
999.99
999.99
999.99
999.99
999.99
999.99
999.99
999.99
999.99
999.99
999.99
999.99
999.99
999.99
999.99
999.99
999.99
999.99
999.99
999.99
999.99
999.99
999.99
999.99
999.99
999.99
999.99
999.99
999.99
999.99
999.99
999.99
999.99
999.99
999.99
999.99
999.99
999.99
999.99
999.99
999.99
999.99
999.99
999.99
999.99
999.99
999.99
999.99
999.99
999.99
999.99
999.99
999.99
999.99
999.99
999.99
999.99
999.99
999.99
999.99
999.99
999.99
999.99
999.99
999.99
999.99
999.99
999.99
999.99
999.99
999.99
999.99
999.99
999.99
999.99
999.99
999.99
999.99
999.99
999.99
999.99
999.99
999.99
999.99
999.99
999.99
999.99
999.99
999.99
999.99
999.99
999.99
999.99
999.99
999.99
999.99
999.99
999.99
999.99
999.99
999.99
999.99
999.99
999.99
999.99
999.99
999.99
999.99
999.99
999.99
999.99
999.99
999.99
999.99
999.99
999.99
999.99
999.99
999.99
999.99
999.99
999.99
999.99
999.99
999.99
999.99
999.99
999.99
999.99
999.99
999.99
999.99
999.99
999.99
999.99
999.99
999.99
999.99
999.99
999.99
999.99
999.99
999.99
999.99
999.99
999.99
999.99
999.99
999.99
999.99
999.99
999.99
999.99
999.99
999.99
999.99
999.99
999.99
999.99
999.99
999.99
999.99
999.99
999.99
999.99
999.99
999.99
999.99
999.99
999.99
999.99
999.99
999.99
999.99
999.99
999.99
999.99
999.99
999.99
999.99
999.99
999.99
999.99
999.99
999.99
999.99
999.99
999.99
999.99
999.99
999.99
999.99
999.99
999.99
999.99
999.99
999.99
999.99
999.99
999.99
999.99
999.99
999.99
999.99
999.99
999.99
999.99
999.99
999.99
999.99
999.99
