999.99
999.99
999.99
999.99
999.99
999.99
999.99
999.99
999.99
999.99
999.99
999.99
999.99
999.99
999.99
999.99
999.99
999.99
999.99
999.99
999.99
999.99
999.99
999.99
999.99
999.99
999.99
999.99
999.99
999.99
999.99
999.99
999.99
999.99
999.99
999.99
999.99
999.99
999.99
999.99
999.99
999.99
999.99
999.99
999.99
999.99
999.99
999.99
999.99
999.99
999.99
999.99
999.99
999.99
999.99
999.99
999.99
999.99
999.99
999.99
999.99
999.99
999.99
999.99
999.99
999.99
999.99
999.99
999.99
999.99
999.99
999.99
999.99
999.99
999.99
999.99
999.99
999.99
999.99
999.99
999.99
999.99
999.99
999.99
999.99
999.99
999.99
999.99
999.99
999.99
999.99
999.99
999.99
999.99
999.99
999.99
999.99
999.99
999.99
999.99
999.99
999.99
999.99
999.99
999.99
999.99
999.99
999.99
999.99
999.99
999.99
999.99
999.99
999.99
999.99
999.99
999.99
999.99
999.99
999.99
999.99
999.99
999.99
999.99
999.99
999.99
999.99
999.99
999.99
999.99
999.99
999.99
999.99
999.99
20.6107445398147
20.5016582816351
20.4272299651568
20.3991102235064
20.4034041811846
20.1461037647659
19.6196620209061
19.4672907283079
19.8358641114982
19.7995520523498
19.3302404181185
19.2867427551628
19.4084285714286
19.7945047165803
19.9804703832753
20.10165369253
19.9131986062718
19.7170616979689
19.391299651568
19.2692090592335
18.8510034843206
999.99
999.99
999.99
999.99
999.99
999.99
999.99
999.99
999.99
999.99
999.99
999.99
999.99
999.99
999.99
999.99
999.99
999.99
999.99
999.99
999.99
999.99
999.99
999.99
999.99
999.99
999.99
999.99
999.99
999.99
999.99
999.99
999.99
999.99
999.99
999.99
999.99
999.99
999.99
999.99
999.99
999.99
999.99
999.99
999.99
999.99
999.99
999.99
999.99
999.99
999.99
999.99
999.99
999.99
999.99
999.99
999.99
999.99
999.99
999.99
999.99
999.99
20.4056002683048
20.3320694618121
20.2623491786958
20.2983020493147
20.3592152812345
20.370773774114
20.4070574912892
20.3762114326992
20.2733982080637
20.1046675448288
20.1330069686411
20.0975504255242
19.9619335490294
19.9242694642402
19.821100049776
19.7427857142857
19.7228018914883
19.7138809989195
19.560087356894
19.3205391045175
18.8559776007964
999.99
999.99
999.99
999.99
999.99
999.99
999.99
999.99
999.99
999.99
999.99
999.99
999.99
999.99
999.99
999.99
999.99
999.99
999.99
999.99
999.99
999.99
999.99
999.99
999.99
999.99
999.99
999.99
999.99
999.99
999.99
999.99
999.99
999.99
999.99
999.99
999.99
999.99
999.99
999.99
999.99
999.99
999.99
999.99
999.99
999.99
999.99
999.99
999.99
999.99
999.99
999.99
999.99
999.99
999.99
999.99
999.99
999.99
999.99
999.99
999.99
999.99
20.4064839806238
20.4298919010793
20.4452648083624
20.4017906008329
20.4665923344948
20.6050731707317
20.4727909407666
20.4224646044021
20.4149442508711
20.5998834877199
20.5979024390244
20.4668222996516
20.3644634146341
20.2527570323787
20.0787456445993
20.0129789241098
19.8863344947735
19.847934902694
19.6019407665506
19.1593241267953
19.1875505226481
999.99
999.99
999.99
999.99
999.99
999.99
999.99
999.99
999.99
999.99
999.99
999.99
999.99
999.99
999.99
999.99
999.99
999.99
999.99
999.99
999.99
999.99
999.99
999.99
999.99
999.99
999.99
999.99
999.99
999.99
999.99
999.99
999.99
999.99
999.99
999.99
999.99
999.99
999.99
999.99
999.99
999.99
999.99
999.99
999.99
999.99
999.99
999.99
999.99
999.99
999.99
999.99
999.99
999.99
999.99
999.99
999.99
999.99
999.99
999.99
999.99
999.99
20.4552810401972
20.4812200220957
20.4451149825784
20.4883966176596
20.5360487804878
20.5788362369338
20.6896689895471
20.6361171921475
20.7184982578397
20.7262408430356
20.7847944250871
20.7518327526132
20.6870766550523
20.5479375371802
20.4027351916376
20.2432801053794
20.2532404181185
20.2103302456021
19.6688780487805
19.668850174216
21.2945542264305
999.99
999.99
999.99
999.99
999.99
999.99
999.99
999.99
999.99
999.99
999.99
999.99
999.99
999.99
999.99
999.99
999.99
999.99
999.99
999.99
999.99
999.99
999.99
999.99
999.99
999.99
999.99
999.99
999.99
999.99
999.99
999.99
999.99
999.99
999.99
999.99
999.99
999.99
999.99
999.99
999.99
999.99
999.99
999.99
999.99
999.99
999.99
999.99
999.99
999.99
999.99
999.99
999.99
999.99
999.99
999.99
999.99
999.99
999.99
999.99
999.99
999.99
999.99
20.4043989122121
20.4599547038328
20.4938911362284
20.5678327526132
20.6211131979264
20.6548919860627
20.7355071810997
20.7994738675958
20.7807747089318
20.825850174216
20.8336513979774
20.82706271777
20.5717806577717
20.3564529616725
20.144456445993
20.243243902439
19.9760960312739
19.5284773519164
19.1461249256396
21.2945542264305
21.2945542264305
999.99
999.99
999.99
999.99
999.99
999.99
999.99
999.99
999.99
999.99
999.99
999.99
999.99
999.99
999.99
999.99
999.99
999.99
999.99
999.99
999.99
999.99
999.99
999.99
999.99
999.99
999.99
999.99
999.99
999.99
999.99
999.99
999.99
999.99
999.99
999.99
999.99
999.99
999.99
999.99
999.99
999.99
999.99
999.99
999.99
999.99
999.99
999.99
999.99
999.99
999.99
999.99
999.99
999.99
999.99
999.99
999.99
999.99
999.99
999.99
999.99
20.3863784312059
20.3240651822895
20.6135156794425
20.7687075720235
20.8362404181185
20.7344277215943
20.7422543554007
20.7533947480241
20.7155156794425
20.6096378006289
20.5566794425087
20.68278805133
20.7513554006969
20.9369522393133
20.7323101045296
20.2422371887481
20.1772369337979
19.9951556896405
19.5761219512196
19.0680757202346
18.7464808362369
999.99
999.99
999.99
999.99
999.99
999.99
999.99
999.99
999.99
999.99
999.99
999.99
999.99
999.99
999.99
999.99
999.99
999.99
999.99
999.99
999.99
999.99
999.99
999.99
999.99
999.99
999.99
999.99
999.99
999.99
999.99
999.99
999.99
999.99
999.99
999.99
999.99
999.99
999.99
999.99
999.99
999.99
999.99
999.99
999.99
999.99
999.99
999.99
999.99
999.99
999.99
999.99
999.99
999.99
999.99
999.99
999.99
999.99
999.99
999.99
999.99
999.99
999.99
999.99
20.8511707317073
20.9130718393247
20.9477886178862
20.9190388657545
20.9059337979095
20.8722380952381
20.8396933797909
20.6806595847143
20.7616596980256
20.8219332596811
20.5932334494774
20.5370953514065
20.5344715447154
20.246062122886
19.8167142857143
19.5640195745164
19.1162241579559
18.6438084756806
18.7955284552846
28.2259146766425
21.2945542264305
999.99
999.99
999.99
999.99
999.99
999.99
999.99
999.99
999.99
999.99
999.99
999.99
999.99
999.99
999.99
999.99
999.99
999.99
999.99
999.99
999.99
999.99
999.99
999.99
999.99
999.99
999.99
999.99
999.99
999.99
999.99
999.99
999.99
999.99
999.99
999.99
999.99
999.99
999.99
999.99
999.99
999.99
999.99
999.99
999.99
999.99
999.99
999.99
999.99
999.99
999.99
999.99
999.99
999.99
999.99
999.99
999.99
999.99
999.99
999.99
999.99
999.99
999.99
20.5663240418118
20.6193554006969
20.4759071131129
20.4559024390244
20.5459202005609
20.5558292682927
20.4813216622758
20.5586271777003
20.482193082349
20.4015156794425
20.2264052859692
19.664850174216
19.4239833432481
19.7179442508711
19.6821888331776
19.6760766550522
19.5351363984023
18.8259163763066
18.2001324041812
17.9967744539815
18.1563867595819
999.99
999.99
999.99
999.99
999.99
999.99
999.99
999.99
999.99
999.99
999.99
999.99
999.99
999.99
999.99
999.99
999.99
999.99
999.99
999.99
999.99
999.99
999.99
999.99
999.99
999.99
999.99
999.99
999.99
999.99
999.99
999.99
999.99
999.99
999.99
999.99
999.99
999.99
999.99
999.99
999.99
999.99
999.99
999.99
999.99
999.99
999.99
999.99
999.99
999.99
999.99
999.99
999.99
999.99
999.99
999.99
999.99
999.99
20.6224208561473
20.6675709753265
20.7172902143606
20.833599966816
20.9684686229043
21.1008276090924
20.9885811733379
20.7999888833583
20.5726315442298
20.154074829932
19.9263211766563
19.9225983076157
19.8918447433703
19.557268624523
19.5049832097027
19.4758241247719
19.5927217278345
19.5996371329019
19.6407414965986
19.6811008793761
19.8410075756656
999.99
999.99
999.99
999.99
999.99
999.99
999.99
999.99
999.99
999.99
999.99
999.99
999.99
999.99
999.99
999.99
999.99
999.99
999.99
999.99
999.99
999.99
999.99
999.99
999.99
999.99
999.99
999.99
999.99
999.99
999.99
999.99
999.99
999.99
999.99
999.99
999.99
999.99
999.99
999.99
999.99
999.99
999.99
999.99
999.99
999.99
999.99
999.99
999.99
999.99
999.99
999.99
999.99
999.99
999.99
999.99
999.99
999.99
999.99
999.99
999.99
999.99
999.99
20.9774320557491
20.9004006968641
21.135787456446
21.146351661426
21.2007526132404
21.3436762131384
21.3251672473868
21.1993327951049
21.3160696864111
21.2884642644684
20.9754355400697
20.9229279340529
20.6836655052265
20.5451567944251
20.0096236933797
19.7504954533866
19.6847142857143
19.8244295912297
19.885968641115
20.0779912467069
20.2464982578397
999.99
999.99
999.99
999.99
999.99
999.99
999.99
999.99
999.99
999.99
999.99
999.99
999.99
999.99
999.99
999.99
999.99
999.99
999.99
999.99
999.99
999.99
999.99
999.99
999.99
999.99
999.99
999.99
999.99
999.99
999.99
999.99
999.99
999.99
999.99
999.99
999.99
999.99
999.99
999.99
999.99
999.99
999.99
999.99
999.99
999.99
999.99
999.99
999.99
999.99
999.99
999.99
999.99
999.99
999.99
999.99
999.99
999.99
999.99
999.99
999.99
999.99
21.2955037493879
21.4085134982012
21.4162850506056
21.4256097358634
21.523043471047
21.580034143104
21.5295442176871
21.6052733228925
21.6873691720591
21.7151768707483
21.6750741662519
21.6543933356805
21.5273799568608
21.5202010424634
21.3683205574913
21.1767786707782
20.8867725236436
20.6505111146184
20.906668823627
20.8629949050412
20.8151830097893
999.99
999.99
999.99
999.99
999.99
999.99
999.99
999.99
999.99
999.99
999.99
999.99
999.99
999.99
999.99
999.99
999.99
999.99
999.99
999.99
999.99
999.99
999.99
999.99
999.99
999.99
999.99
999.99
999.99
999.99
999.99
999.99
999.99
999.99
999.99
999.99
999.99
999.99
999.99
999.99
999.99
999.99
999.99
999.99
999.99
999.99
999.99
999.99
999.99
999.99
999.99
999.99
999.99
999.99
999.99
999.99
999.99
999.99
999.99
999.99
999.99
999.99
999.99
999.99
999.99
999.99
21.6603344947735
21.699488399762
21.6041114982578
21.6153491969066
21.797362369338
21.8464844055409
21.7630801393728
21.7094690235404
21.5591567944251
21.4621861137078
21.6656341463415
21.7315569813886
21.6720104529617
21.5509916716241
21.297393728223
21.1470801393728
21.0128989547038
21.0317695249426
20.8791558596073
20.1517717770035
19.8571754057959
999.99
999.99
999.99
999.99
999.99
999.99
999.99
999.99
999.99
999.99
999.99
999.99
999.99
999.99
999.99
999.99
999.99
999.99
999.99
999.99
999.99
999.99
999.99
999.99
999.99
999.99
999.99
999.99
999.99
999.99
999.99
999.99
999.99
999.99
999.99
999.99
999.99
999.99
999.99
999.99
999.99
999.99
999.99
999.99
999.99
999.99
999.99
999.99
999.99
999.99
999.99
999.99
999.99
999.99
999.99
999.99
999.99
999.99
999.99
999.99
999.99
999.99
21.4074076655053
21.4203345797569
21.2948885017422
21.3897649358375
21.598637630662
21.5486052519759
21.5252961672474
21.4562879238548
21.4525017421603
21.5619720404521
21.7950383275262
21.94472533356
21.7854634146342
21.5984198181355
21.6071567944251
21.3596778278236
21.2369651567944
21.2190847284779
21.1694476926999
20.9165731707317
20.1993518313928
999.99
999.99
999.99
999.99
999.99
999.99
999.99
999.99
999.99
999.99
999.99
999.99
999.99
999.99
999.99
999.99
999.99
999.99
999.99
999.99
999.99
999.99
999.99
999.99
999.99
999.99
999.99
999.99
999.99
999.99
999.99
999.99
999.99
999.99
999.99
999.99
999.99
999.99
999.99
999.99
999.99
999.99
999.99
999.99
999.99
999.99
999.99
999.99
999.99
999.99
999.99
999.99
999.99
999.99
999.99
999.99
999.99
999.99
999.99
999.99
999.99
999.99
21.2078536585366
21.4528572278406
21.4311707317073
21.4182159428911
21.3772926829268
21.4962641284949
21.6699512195122
21.8013259964307
21.7906585365854
21.9474705532421
21.608487804878
21.5190571088638
21.6076097560976
21.7283902439024
21.6001463414634
21.4587775133849
21.3842926829268
21.3623355145747
21.3510392623438
21.2209756097561
20.3415157644259
999.99
999.99
999.99
999.99
999.99
999.99
999.99
999.99
999.99
999.99
999.99
999.99
999.99
999.99
999.99
999.99
999.99
999.99
999.99
999.99
999.99
999.99
999.99
999.99
999.99
999.99
999.99
999.99
999.99
999.99
999.99
999.99
999.99
999.99
999.99
999.99
999.99
999.99
999.99
999.99
999.99
999.99
999.99
999.99
999.99
999.99
999.99
999.99
999.99
999.99
999.99
999.99
999.99
999.99
999.99
999.99
999.99
999.99
999.99
999.99
999.99
999.99
999.99
21.6569903968726
21.5990383275261
21.6582371037648
21.6572334494773
21.6845800118977
21.9729756097561
22.0757159003994
22.0339094076655
22.0575060763151
21.7706759581881
21.5356261578992
21.5382682926829
21.4607623863347
21.6221114982578
21.5714063907538
21.4781428571429
21.4431649528342
21.0724459080479
20.7295958188153
20.1426679697459
19.5188101045296
999.99
999.99
999.99
999.99
999.99
999.99
999.99
999.99
999.99
999.99
999.99
999.99
999.99
999.99
999.99
999.99
999.99
999.99
999.99
999.99
999.99
999.99
999.99
999.99
999.99
999.99
999.99
999.99
999.99
999.99
999.99
999.99
999.99
999.99
999.99
999.99
999.99
999.99
999.99
999.99
999.99
999.99
999.99
999.99
999.99
999.99
999.99
999.99
999.99
999.99
999.99
999.99
999.99
999.99
999.99
999.99
999.99
999.99
999.99
999.99
999.99
999.99
21.6946476384724
21.6452004313921
21.5432761759076
21.6540133565621
21.8341922891703
21.7409489795918
21.6294096363114
21.9192670482827
22.1183137628639
21.7485392400862
21.5416428571429
21.3286214534594
21.1809546411069
21.1099588518334
21.1858240478821
21.1436977766716
20.7610946310707
20.6165142023496
20.5082254853161
20.3022062831081
20.1147454786793
999.99
999.99
999.99
999.99
999.99
999.99
999.99
999.99
999.99
999.99
999.99
999.99
999.99
999.99
999.99
999.99
999.99
999.99
999.99
999.99
999.99
999.99
999.99
999.99
999.99
999.99
999.99
999.99
999.99
999.99
999.99
999.99
999.99
999.99
999.99
999.99
999.99
999.99
999.99
999.99
999.99
999.99
999.99
999.99
999.99
999.99
999.99
999.99
999.99
999.99
999.99
999.99
999.99
999.99
999.99
999.99
999.99
999.99
999.99
999.99
999.99
999.99
999.99
999.99
21.7189111923175
21.8175958188153
21.9548896915102
21.9579512195122
21.9334037562675
21.9391777003484
21.8732173876094
21.5912473867595
20.9326873459674
20.7876724738676
20.7119602277556
20.822243902439
21.0202022605592
21.1863240418118
21.2040885527322
20.9832680377326
20.7430209059233
20.5782235064162
20.1697613240418
20.0195892750914
19.2760226480836
999.99
999.99
999.99
999.99
999.99
999.99
999.99
999.99
999.99
999.99
999.99
999.99
999.99
999.99
999.99
999.99
999.99
999.99
999.99
999.99
999.99
999.99
999.99
999.99
999.99
999.99
999.99
999.99
999.99
999.99
999.99
999.99
999.99
999.99
999.99
999.99
999.99
999.99
999.99
999.99
999.99
999.99
999.99
999.99
999.99
999.99
999.99
999.99
999.99
999.99
999.99
999.99
999.99
999.99
999.99
999.99
999.99
999.99
999.99
999.99
999.99
999.99
21.6022736547325
21.7224470715115
21.8345171666525
22.0377422432388
22.1714585726022
22.187431475029
22.1610068027211
21.9677726066036
22.0268790706051
21.9705352580056
21.7251612884297
21.4863333333333
21.4083756368698
21.5278305126929
21.5762634202997
21.2273639597421
21.1391539737846
20.9246878174232
20.6951293346607
20.1678128847018
19.4653566450971
999.99
999.99
999.99
999.99
999.99
999.99
999.99
999.99
999.99
999.99
999.99
999.99
999.99
999.99
999.99
999.99
999.99
999.99
999.99
999.99
999.99
999.99
999.99
999.99
999.99
999.99
999.99
999.99
999.99
999.99
999.99
999.99
999.99
999.99
999.99
999.99
999.99
999.99
999.99
999.99
999.99
999.99
999.99
999.99
999.99
999.99
999.99
999.99
999.99
999.99
999.99
999.99
999.99
999.99
999.99
999.99
999.99
999.99
999.99
999.99
999.99
21.7991358885018
21.8254323106994
21.7918466898955
21.8894814311209
21.9842508710801
21.9666672898785
22.0120034843206
22.1073361094587
21.9513344947735
21.9493667884763
21.9580522648084
22.0241395427891
21.7718850174216
21.6025024220277
21.8418466898955
21.6641127730093
21.4836546273476
21.138618466899
20.9086167247387
20.6905121951219
20.0506751083539
999.99
999.99
999.99
999.99
999.99
999.99
999.99
999.99
999.99
999.99
999.99
999.99
999.99
999.99
999.99
999.99
999.99
999.99
999.99
999.99
999.99
999.99
999.99
999.99
999.99
999.99
999.99
999.99
999.99
999.99
999.99
999.99
999.99
999.99
999.99
999.99
999.99
999.99
999.99
999.99
999.99
999.99
999.99
999.99
999.99
999.99
999.99
999.99
999.99
999.99
999.99
999.99
999.99
999.99
999.99
999.99
999.99
999.99
999.99
999.99
999.99
999.99
999.99
999.99
999.99
21.8842329233895
21.8625656213705
21.9171734693878
22.0596915546706
22.2581747785372
22.297975111996
22.1609958317652
22.063737348598
22.0031923417791
21.9911251037
21.9483797747535
22.0254834079973
21.9426292517007
21.8031939686046
21.3539535423926
20.8078496481281
20.323806703169
19.9360238095238
19.5288204745313
25.409302387229
21.2945542264305
999.99
999.99
999.99
999.99
999.99
999.99
999.99
999.99
999.99
999.99
999.99
999.99
999.99
999.99
999.99
999.99
999.99
999.99
999.99
999.99
999.99
999.99
999.99
999.99
999.99
999.99
999.99
999.99
999.99
999.99
999.99
999.99
999.99
999.99
999.99
999.99
999.99
999.99
999.99
999.99
999.99
999.99
999.99
999.99
999.99
999.99
999.99
999.99
999.99
999.99
999.99
999.99
999.99
999.99
999.99
999.99
999.99
999.99
999.99
999.99
999.99
21.6926341463415
21.8321998810232
21.8294390243902
21.764243902439
21.8270731707317
22.0535496728138
22.1472195121952
22.1986240333135
22.0172195121951
21.906753123141
21.8818536585366
21.7609357525283
21.6665365853658
21.4971433670434
21.3649428911362
20.5695609756098
20.2862712671029
19.7797560975609
19.2483146936348
21.2945542264305
999.99
999.99
999.99
999.99
999.99
999.99
999.99
999.99
999.99
999.99
999.99
999.99
999.99
999.99
999.99
999.99
999.99
999.99
999.99
999.99
999.99
999.99
999.99
999.99
999.99
999.99
999.99
999.99
999.99
999.99
999.99
999.99
999.99
999.99
999.99
999.99
999.99
999.99
999.99
999.99
999.99
999.99
999.99
999.99
999.99
999.99
999.99
999.99
999.99
999.99
999.99
999.99
999.99
999.99
999.99
999.99
999.99
999.99
999.99
999.99
999.99
999.99
21.6651526302371
21.7181777003484
22.0083837851619
22.0672648083624
22.0891352936177
21.9579198606272
21.9280497153055
22.0493135888502
22.103061528002
22.0190871080139
21.9221264553412
21.8031986062718
21.6727674003569
21.4840592334495
21.4136329565735
20.9341382680376
20.5592404181185
20.0185592759411
19.3197891986062
18.7704889096627
999.99
999.99
999.99
999.99
999.99
999.99
999.99
999.99
999.99
999.99
999.99
999.99
999.99
999.99
999.99
999.99
999.99
999.99
999.99
999.99
999.99
999.99
999.99
999.99
999.99
999.99
999.99
999.99
999.99
999.99
999.99
999.99
999.99
999.99
999.99
999.99
999.99
999.99
999.99
999.99
999.99
999.99
999.99
999.99
999.99
999.99
999.99
999.99
999.99
999.99
999.99
999.99
999.99
999.99
999.99
999.99
999.99
999.99
999.99
999.99
999.99
999.99
999.99
999.99
21.9100522648084
21.8964082603892
21.9035191637631
21.9993491119232
21.948968641115
21.8301393728223
21.8963588850174
22.0267325571514
21.9973101045296
21.8981428571429
21.9463693379791
21.7196610860882
21.4374425087108
21.0896601512705
20.7680124075805
20.4282229965157
19.5736077164953
18.9628101045296
28.4625581711481
21.2945542264305
999.99
999.99
999.99
999.99
999.99
999.99
999.99
999.99
999.99
999.99
999.99
999.99
999.99
999.99
999.99
999.99
999.99
999.99
999.99
999.99
999.99
999.99
999.99
999.99
999.99
999.99
999.99
999.99
999.99
999.99
999.99
999.99
999.99
999.99
999.99
999.99
999.99
999.99
999.99
999.99
999.99
999.99
999.99
999.99
999.99
999.99
999.99
999.99
999.99
999.99
999.99
999.99
999.99
999.99
999.99
999.99
999.99
999.99
999.99
999.99
999.99
21.8182160278746
21.7031062292853
21.718425087108
21.6522165377751
21.7082264808363
21.7735175490779
21.7417839721254
21.8511394578057
21.8306515679443
22.0609688960653
22.0940383275261
22.0196854763321
21.9129756097561
21.7087648508541
21.6818954703833
21.6717221041897
21.3107039177359
20.5263675958188
19.3252422877538
18.9538885017422
999.99
999.99
999.99
999.99
999.99
999.99
999.99
999.99
999.99
999.99
999.99
999.99
999.99
999.99
999.99
999.99
999.99
999.99
999.99
999.99
999.99
999.99
999.99
999.99
999.99
999.99
999.99
999.99
999.99
999.99
999.99
999.99
999.99
999.99
999.99
999.99
999.99
999.99
999.99
999.99
999.99
999.99
999.99
999.99
999.99
999.99
999.99
999.99
999.99
999.99
999.99
999.99
999.99
999.99
999.99
999.99
999.99
999.99
999.99
999.99
999.99
999.99
999.99
999.99
21.743756692445
21.6578118466899
21.5894527917056
21.7717456445993
22.4371347837171
22.538031358885
22.3365206934648
22.2620383275261
22.4297795529872
22.4367770034843
22.4021958868021
22.2429024390244
22.0803224271267
21.8226411149826
21.6853452026855
21.6105226480836
21.4724843205575
20.7499592079544
19.6186689895469
19.301419138268
999.99
999.99
999.99
999.99
999.99
999.99
999.99
999.99
999.99
999.99
999.99
999.99
999.99
999.99
999.99
999.99
999.99
999.99
999.99
999.99
999.99
999.99
999.99
999.99
999.99
999.99
999.99
999.99
999.99
999.99
999.99
999.99
999.99
999.99
999.99
999.99
999.99
999.99
999.99
999.99
999.99
999.99
999.99
999.99
999.99
999.99
999.99
999.99
999.99
999.99
999.99
999.99
999.99
999.99
999.99
999.99
999.99
999.99
999.99
999.99
999.99
999.99
22.2906620209059
22.190190107929
22.0099094076655
22.0091239908218
22.3778675958188
22.5655917396108
22.4974912891986
22.3432536755333
22.4516097560976
22.6162811251806
22.5894878048781
22.6215435540069
22.5171149825784
22.4093658536585
22.2991533101045
22.2153808957253
21.9982662530806
21.5650818815331
20.9365427041726
19.7059651567943
999.99
999.99
999.99
999.99
999.99
999.99
999.99
999.99
999.99
999.99
999.99
999.99
999.99
999.99
999.99
999.99
999.99
999.99
999.99
999.99
999.99
999.99
999.99
999.99
999.99
999.99
999.99
999.99
999.99
999.99
999.99
999.99
999.99
999.99
999.99
999.99
999.99
999.99
999.99
999.99
999.99
999.99
999.99
999.99
999.99
999.99
999.99
999.99
999.99
999.99
999.99
999.99
999.99
999.99
999.99
999.99
999.99
999.99
999.99
999.99
999.99
999.99
999.99
999.99
999.99
22.475544051767
22.7156288895094
22.5910637132902
22.5138165450594
22.6263036336486
22.7040995641564
22.5624708810354
22.7382457963554
22.8144056744649
22.7667887190569
22.7027546042808
22.6186741856767
22.5776017919363
22.3112014714273
21.7755714285714
21.5323583872574
21.0611820466437
20.1980674464907
19.5756121599146
19.2608979591837
999.99
999.99
999.99
999.99
999.99
999.99
999.99
999.99
999.99
999.99
999.99
999.99
999.99
999.99
999.99
999.99
999.99
999.99
999.99
999.99
999.99
999.99
999.99
999.99
999.99
999.99
999.99
999.99
999.99
999.99
999.99
999.99
999.99
999.99
999.99
999.99
999.99
999.99
999.99
999.99
999.99
999.99
999.99
999.99
999.99
999.99
999.99
999.99
999.99
999.99
999.99
999.99
999.99
999.99
999.99
999.99
999.99
999.99
999.99
999.99
999.99
999.99
999.99
22.523
22.5461397977394
22.3066585365853
22.5581279000594
22.761
22.7661243307555
22.756
22.960247471743
22.9613902439024
22.8986418798335
22.8053414634146
22.7094414039262
22.717
22.4649714455681
22.1103973825104
21.6406707317073
20.9979452706722
20.4106219512195
20.1437846519929
19.9654634146341
999.99
999.99
999.99
999.99
999.99
999.99
999.99
999.99
999.99
999.99
999.99
999.99
999.99
999.99
999.99
999.99
999.99
999.99
999.99
999.99
999.99
999.99
999.99
999.99
999.99
999.99
999.99
999.99
999.99
999.99
999.99
999.99
999.99
999.99
999.99
999.99
999.99
999.99
999.99
999.99
999.99
999.99
999.99
999.99
999.99
999.99
999.99
999.99
999.99
999.99
999.99
999.99
999.99
999.99
999.99
999.99
999.99
999.99
999.99
999.99
999.99
999.99
22.731789860263
22.5179771030363
22.4793160048076
22.6159323046292
22.7886226371572
22.733274763564
22.8105659774915
22.7876077650572
22.7068697689664
22.5759143852663
22.5780287243987
22.4918277750125
22.5105307215093
22.330975111996
22.0188693561898
21.6392129199091
21.211862369338
20.8813276353968
20.6996794425087
20.1914303803616
999.99
999.99
999.99
999.99
999.99
999.99
999.99
999.99
999.99
999.99
999.99
999.99
999.99
999.99
999.99
999.99
999.99
999.99
999.99
999.99
999.99
999.99
999.99
999.99
999.99
999.99
999.99
999.99
999.99
999.99
999.99
999.99
999.99
999.99
999.99
999.99
999.99
999.99
999.99
999.99
999.99
999.99
999.99
999.99
999.99
999.99
999.99
999.99
999.99
999.99
999.99
999.99
999.99
999.99
999.99
999.99
999.99
999.99
999.99
999.99
999.99
999.99
999.99
22.7357733491969
22.4912404181185
22.4102926829268
22.3028013937282
22.5344861052095
22.7328919860627
22.579290133424
22.583724738676
22.4669434010368
22.1761219512195
22.1027708846774
22.2719756097561
21.8456800373927
22.0437839721254
21.7446576017676
21.214054389394
20.8145696864112
20.4825529871675
19.8883188153309
19.3266533525963
999.99
999.99
999.99
999.99
999.99
999.99
999.99
999.99
999.99
999.99
999.99
999.99
999.99
999.99
999.99
999.99
999.99
999.99
999.99
999.99
999.99
999.99
999.99
999.99
999.99
999.99
999.99
999.99
999.99
999.99
999.99
999.99
999.99
999.99
999.99
999.99
999.99
999.99
999.99
999.99
999.99
999.99
999.99
999.99
999.99
999.99
999.99
999.99
999.99
999.99
999.99
999.99
999.99
999.99
999.99
999.99
999.99
999.99
999.99
999.99
999.99
22.841524517719
22.6179581881533
22.4991046146001
22.3885958188153
22.4158781337639
22.2427595818815
22.4301255205235
22.5271324041812
22.3045075210334
22.3235331010453
22.2248571428571
22.2102682926829
21.996758477097
21.8456202090593
21.5199467153905
21.5329442508711
21.1163899889522
20.9895128749894
20.8370923344948
20.3137282229965
999.99
999.99
999.99
999.99
999.99
999.99
999.99
999.99
999.99
999.99
999.99
999.99
999.99
999.99
999.99
999.99
999.99
999.99
999.99
999.99
999.99
999.99
999.99
999.99
999.99
999.99
999.99
999.99
999.99
999.99
999.99
999.99
999.99
999.99
999.99
999.99
999.99
999.99
999.99
999.99
999.99
999.99
999.99
999.99
999.99
999.99
999.99
999.99
999.99
999.99
999.99
999.99
999.99
999.99
999.99
999.99
999.99
999.99
999.99
999.99
999.99
999.99
999.99
999.99
22.861606271777
22.7211911277301
22.6890452961672
22.548968641115
22.5427909407665
22.3799016741735
22.2408885017422
22.2906421347837
22.2354912891986
21.9422055749129
22.1673554006969
21.9660342483216
21.7102926829268
21.5692501062293
21.3860174216028
21.3307577972296
21.314956743435
21.1020993031359
20.9274627347667
20.2612212543553
999.99
999.99
999.99
999.99
999.99
999.99
999.99
999.99
999.99
999.99
999.99
999.99
999.99
999.99
999.99
999.99
999.99
999.99
999.99
999.99
999.99
999.99
999.99
999.99
999.99
999.99
999.99
999.99
999.99
999.99
999.99
999.99
999.99
999.99
999.99
999.99
999.99
999.99
999.99
999.99
999.99
999.99
999.99
999.99
999.99
999.99
999.99
999.99
999.99
999.99
999.99
999.99
999.99
999.99
999.99
999.99
999.99
999.99
999.99
999.99
999.99
999.99
999.99
22.7595365853659
22.6725104104699
22.4323031358885
22.5029298036883
22.2499094076655
22.1765236678848
22.4549059233449
22.1786976289623
21.9603449477352
21.880159938812
21.834724738676
21.8398155009773
21.8618954703833
21.7354181184669
21.5732473867596
21.4422628537435
21.3762763661086
21.2323414634146
20.5483423982323
19.557794425087
999.99
999.99
999.99
999.99
999.99
999.99
999.99
999.99
999.99
999.99
999.99
999.99
999.99
999.99
999.99
999.99
999.99
999.99
999.99
999.99
999.99
999.99
999.99
999.99
999.99
999.99
999.99
999.99
999.99
999.99
999.99
999.99
999.99
999.99
999.99
999.99
999.99
999.99
999.99
999.99
999.99
999.99
999.99
999.99
999.99
999.99
999.99
999.99
999.99
999.99
999.99
999.99
999.99
999.99
999.99
999.99
999.99
999.99
999.99
999.99
999.99
999.99
22.7859014192233
22.7745191637631
22.7753872694825
22.5616167247387
22.7165598708252
22.4860069686411
22.1611727713096
22.1187038327526
22.1271577292428
22.0083693379791
22.1613846349962
22.1268745644599
22.0266830118127
21.9680452961673
21.7940729157814
21.694637630662
21.7409435710037
21.4423799609076
20.777531358885
20.321856123056
999.99
999.99
999.99
999.99
999.99
999.99
999.99
999.99
999.99
999.99
999.99
999.99
999.99
999.99
999.99
999.99
999.99
999.99
999.99
999.99
999.99
999.99
999.99
999.99
999.99
999.99
999.99
999.99
999.99
999.99
999.99
999.99
999.99
999.99
999.99
999.99
999.99
999.99
999.99
999.99
999.99
999.99
999.99
999.99
999.99
999.99
999.99
999.99
999.99
999.99
999.99
999.99
999.99
999.99
999.99
999.99
999.99
999.99
999.99
999.99
999.99
999.99
23.0077560975609
22.9489714455681
23.2030731707316
23.1226734086853
22.7969512195122
22.729263533611
22.9157317073171
22.672757287329
22.3862926829268
22.6062147531232
22.5869268292683
22.5571511005354
22.3449024390244
22.2815681142177
22.4411951219512
22.4382290303391
22.0952195121951
21.6953414634146
21.2953610945865
20.5422926829269
999.99
999.99
999.99
999.99
999.99
999.99
999.99
999.99
999.99
999.99
999.99
999.99
999.99
999.99
999.99
999.99
999.99
999.99
999.99
999.99
999.99
999.99
999.99
999.99
999.99
999.99
999.99
999.99
999.99
999.99
999.99
999.99
999.99
999.99
999.99
999.99
999.99
999.99
999.99
999.99
999.99
999.99
999.99
999.99
999.99
999.99
999.99
999.99
999.99
999.99
999.99
999.99
999.99
999.99
999.99
999.99
999.99
999.99
999.99
999.99
999.99
999.99
999.99
22.5127634810021
22.6379163034637
22.8541360544218
23.2234557742193
23.1090858636137
22.833897736608
22.7597767546043
22.5896135459538
22.6046040318566
22.6782347586268
22.7364450804712
22.750251992052
22.6827007632321
22.7345652328748
22.5666363033019
22.2944809313375
22.0173956363033
21.4511567580036
20.9114375007587
20.144099800896
999.99
999.99
999.99
999.99
999.99
999.99
999.99
999.99
999.99
999.99
999.99
999.99
999.99
999.99
999.99
999.99
999.99
999.99
999.99
999.99
999.99
999.99
999.99
999.99
999.99
999.99
999.99
999.99
999.99
999.99
999.99
999.99
999.99
999.99
999.99
999.99
999.99
999.99
999.99
999.99
999.99
999.99
999.99
999.99
999.99
999.99
999.99
999.99
999.99
999.99
999.99
999.99
999.99
999.99
999.99
999.99
999.99
999.99
999.99
999.99
999.99
999.99
999.99
999.99
22.7105053964477
22.5101986062718
22.5365586810572
22.4951916376307
22.565996430696
22.6636306620209
22.6127770034843
22.6860731707317
22.7698326676298
22.7388292682927
22.7403805557916
22.7695888501742
22.7589048185604
22.6079965156795
22.2940282994816
21.9003554006969
21.1887594119146
20.4133117192147
19.8779860627178
21.2594792215495
999.99
999.99
999.99
999.99
999.99
999.99
999.99
999.99
999.99
999.99
999.99
999.99
999.99
999.99
999.99
999.99
999.99
999.99
999.99
999.99
999.99
999.99
999.99
999.99
999.99
999.99
999.99
999.99
999.99
999.99
999.99
999.99
999.99
999.99
999.99
999.99
999.99
999.99
999.99
999.99
999.99
999.99
999.99
999.99
999.99
999.99
999.99
999.99
999.99
999.99
999.99
999.99
999.99
999.99
999.99
999.99
999.99
999.99
22.4815461055332
22.4929264954048
22.5075959017753
22.3585884353741
22.3781155632985
22.4302265435621
22.409237597478
22.382389968718
22.5610544217687
22.6006575005969
22.719725236436
22.7177915437442
22.8283919860627
22.8255318829495
22.7753531607765
22.7135343616328
22.7052074829932
22.7069916109216
22.3681829268293
21.7683831538565
999.99
999.99
999.99
999.99
999.99
999.99
999.99
999.99
999.99
999.99
999.99
999.99
999.99
999.99
999.99
999.99
999.99
999.99
999.99
999.99
999.99
999.99
999.99
999.99
999.99
999.99
999.99
999.99
999.99
999.99
999.99
999.99
999.99
999.99
999.99
999.99
999.99
999.99
999.99
999.99
999.99
999.99
999.99
999.99
999.99
999.99
999.99
999.99
999.99
999.99
999.99
999.99
999.99
999.99
999.99
999.99
999.99
999.99
999.99
999.99
22.5637822299652
22.4042600492904
22.3674494773519
22.4179620124076
22.468972805303
22.4100975609756
22.5405797569474
22.6404041811847
22.7009762896235
22.6066829268293
22.520637035778
22.6266550522648
22.7568797484491
22.8959651567944
22.8449231749809
22.8598885017422
22.6933518313929
22.6597909407665
22.6617581371633
22.2633170731707
999.99
999.99
999.99
999.99
999.99
999.99
999.99
999.99
999.99
999.99
999.99
999.99
999.99
999.99
999.99
999.99
999.99
999.99
999.99
999.99
999.99
999.99
999.99
999.99
999.99
999.99
999.99
999.99
999.99
999.99
999.99
999.99
999.99
999.99
999.99
999.99
999.99
999.99
999.99
999.99
999.99
999.99
999.99
999.99
999.99
999.99
999.99
999.99
999.99
999.99
999.99
999.99
999.99
999.99
999.99
999.99
999.99
999.99
999.99
22.7396586195454
22.6103843921864
22.759981582877
22.524176366918
22.4203940600631
22.4425442176871
22.4829552015928
22.4915524307284
22.3636767108985
22.3962649742824
22.4557723779578
22.6571516509043
22.8154895591788
22.8338081964493
22.9497003484321
22.5509208561474
22.3615575094999
22.3615593164095
22.518297828471
22.547243902439
999.99
999.99
999.99
999.99
999.99
999.99
999.99
999.99
999.99
999.99
999.99
999.99
999.99
999.99
999.99
999.99
999.99
999.99
999.99
999.99
999.99
999.99
999.99
999.99
999.99
999.99
999.99
999.99
999.99
999.99
999.99
999.99
999.99
999.99
999.99
999.99
999.99
999.99
999.99
999.99
999.99
999.99
999.99
999.99
999.99
999.99
999.99
999.99
999.99
999.99
999.99
999.99
999.99
999.99
999.99
999.99
999.99
22.6876045296167
22.5436947395258
22.6009878048781
22.5704390243902
22.7282386759582
22.6564720829438
22.5431515679443
22.4301081839041
22.3573344947735
22.2880243902439
22.2018641114983
22.2217005183989
22.0674825783972
22.1694856802923
22.3952937877114
22.5169651567944
22.453786691595
22.0516202090592
22.1778243392538
22.3543344947736
999.99
999.99
999.99
999.99
999.99
999.99
999.99
999.99
999.99
999.99
999.99
999.99
999.99
999.99
999.99
999.99
999.99
999.99
999.99
999.99
999.99
999.99
999.99
999.99
999.99
999.99
999.99
999.99
999.99
999.99
999.99
999.99
999.99
999.99
999.99
999.99
999.99
999.99
999.99
999.99
999.99
999.99
999.99
999.99
999.99
999.99
999.99
999.99
999.99
999.99
999.99
999.99
999.99
999.99
999.99
999.99
999.99
999.99
999.99
999.99
22.1693587150506
22.4318292682926
22.395763236169
22.410987804878
22.519262343843
22.351743902439
22.3168780487805
22.2190487804878
22.149243902439
22.1459512195122
22.1015907198096
21.9510731707317
21.9171017251636
21.9588170731707
22.0810315288519
22.0770731707317
22.1273557406306
22.2636609161214
22.1063170731707
21.8356912552052
21.8131463414634
21.9502736466389
21.8482195121951
21.9439428911362
999.99
999.99
999.99
999.99
999.99
999.99
999.99
999.99
999.99
999.99
999.99
999.99
999.99
999.99
999.99
999.99
999.99
999.99
999.99
999.99
999.99
999.99
999.99
999.99
999.99
999.99
999.99
999.99
999.99
999.99
999.99
999.99
999.99
999.99
999.99
999.99
999.99
999.99
999.99
999.99
999.99
999.99
999.99
999.99
999.99
999.99
999.99
999.99
999.99
999.99
999.99
22.5766829268292
22.6860831987762
22.6057108013937
22.3497163253166
22.3988461799949
22.7818170731708
22.7824178635166
22.5308048780488
22.47692835897
22.5308693379791
22.2455504376647
22.2841306620209
22.3400543893941
22.4168519163763
22.2784843205575
22.1525209059233
21.9878545083708
21.82006271777
21.9039234299312
22.0093153310105
21.923826548823
21.8448972125436
21.8288803433331
21.7328606271777
21.7355807767485
21.8012044701283
21.620362369338
21.4681215263024
21.4301358885017
21.4836582816351
999.99
999.99
999.99
999.99
999.99
999.99
999.99
999.99
999.99
999.99
999.99
999.99
999.99
999.99
999.99
999.99
999.99
999.99
999.99
999.99
999.99
999.99
999.99
999.99
999.99
999.99
999.99
999.99
999.99
999.99
999.99
999.99
999.99
999.99
999.99
999.99
999.99
999.99
999.99
999.99
999.99
999.99
999.99
999.99
999.99
999.99
21.9339388119317
22.1723588850174
999.99
22.5657177700349
22.5177215093057
22.4813588850174
22.5385650548143
22.6494390243902
22.8098583326251
22.7545993031359
22.6362263108694
22.511523922835
22.3183641114982
22.4471953769015
22.495724738676
22.4129822384636
22.6617926829269
22.4806306620209
22.4213344947735
22.8236341463414
22.5487473867596
22.5502264808362
22.2279407665505
22.2284076655052
22.0746794425087
21.7845995580862
21.574425087108
21.7687577972295
21.7371463414634
21.7710228605422
21.7535104529617
999.99
999.99
999.99
999.99
999.99
999.99
999.99
999.99
999.99
999.99
999.99
999.99
999.99
999.99
999.99
999.99
999.99
999.99
999.99
999.99
999.99
999.99
999.99
999.99
999.99
999.99
999.99
999.99
999.99
999.99
999.99
999.99
999.99
999.99
999.99
999.99
999.99
999.99
999.99
999.99
999.99
999.99
999.99
999.99
999.99
999.99
999.99
999.99
22.0628965104186
22.0754768541563
22.1524230717867
22.2514630827941
22.3994217687075
22.514468724075
22.4152185652369
22.5726212045794
22.6266808265245
22.5901440185831
22.5992653061225
22.6266182180189
22.6514673602933
22.5840295337647
22.4311335494341
22.3724214328206
22.4342141197943
22.4711024131247
22.3338145843703
22.4047959183673
22.5489261655882
22.7896298445613
22.8430666998507
22.7511179691389
22.8603659366185
22.7341904761905
22.4414390243902
22.3518904685015
22.3424569437531
999.99
999.99
999.99
999.99
999.99
999.99
999.99
999.99
999.99
999.99
999.99
999.99
999.99
999.99
999.99
999.99
999.99
999.99
999.99
999.99
999.99
999.99
999.99
999.99
999.99
999.99
999.99
999.99
999.99
999.99
999.99
999.99
999.99
999.99
999.99
999.99
999.99
999.99
999.99
999.99
999.99
999.99
999.99
999.99
999.99
999.99
999.99
999.99
999.99
999.99
999.99
22.1457073170732
22.040871420073
21.8879930313589
22.1369318432906
22.2944912891986
22.2478362369338
22.3324982578397
22.368753718025
22.3017108013937
22.4014765870655
22.4531324041812
22.4124989377071
22.531094076655
22.4216179994901
22.4630452961672
22.5381284949435
22.5900487804878
22.5312732217218
22.4128743095096
22.3941794425087
22.3731637630662
22.4575975609756
22.3624016316819
22.8457142857143
22.8143866745985
22.8234599303136
23.1150920370528
22.7650592334495
22.4864181184669
999.99
999.99
999.99
999.99
999.99
999.99
999.99
999.99
999.99
999.99
999.99
999.99
999.99
999.99
999.99
999.99
999.99
999.99
999.99
999.99
999.99
999.99
999.99
999.99
999.99
999.99
999.99
999.99
999.99
999.99
999.99
999.99
999.99
999.99
999.99
999.99
999.99
999.99
999.99
999.99
999.99
999.99
21.7695806108285
999.99
999.99
21.6850891820143
21.5826157373122
21.5769133897461
21.511806015208
21.5598991206239
21.6443773304682
21.7252517006803
21.7612029201925
21.8058038987159
21.9011589513854
21.9238005074725
21.8926208727393
21.9128541643903
22.0244805043969
22.0808652162828
22.0835800564128
22.1346892843991
22.0300842873735
22.0719953299583
22.1646271777004
22.5773536160449
22.386
22.3878176093757
22.4248592998175
22.305055437523
22.2389381118301
22.2974595580052
22.2972659010064
22.3059534594325
22.2813082834562
22.1369274099884
999.99
999.99
999.99
999.99
999.99
999.99
999.99
999.99
999.99
999.99
999.99
999.99
999.99
999.99
999.99
999.99
999.99
999.99
999.99
999.99
999.99
999.99
999.99
999.99
999.99
999.99
999.99
999.99
999.99
999.99
999.99
999.99
999.99
999.99
999.99
999.99
999.99
999.99
999.99
999.99
999.99
999.99
999.99
999.99
999.99
999.99
999.99
999.99
999.99
21.601739440809
21.6261916376307
21.6007276281125
21.448043554007
21.2798577377411
21.3190209059233
21.4130693464774
21.4334233449477
21.3126732387185
21.6269273391688
21.9542996515679
21.8913549757797
21.841331010453
21.7985878303731
21.844331010453
21.8969094076655
21.9765888501742
21.8282114387694
21.8669616724739
21.8399537690151
21.9497421602788
21.9273230220107
21.8614146341463
21.9038135463585
22.0800836236934
21.8825256225036
999.99
999.99
999.99
999.99
999.99
999.99
999.99
999.99
999.99
999.99
999.99
999.99
999.99
999.99
999.99
999.99
999.99
999.99
999.99
999.99
999.99
999.99
999.99
999.99
999.99
999.99
999.99
999.99
999.99
999.99
999.99
999.99
999.99
999.99
999.99
999.99
999.99
999.99
999.99
999.99
999.99
999.99
999.99
999.99
999.99
999.99
999.99
999.99
999.99
999.99
999.99
999.99
999.99
999.99
999.99
999.99
999.99
21.6522078411377
21.5474082462253
21.447381830543
21.3750911730546
21.509434746891
21.4878339140534
21.7631779269709
21.8561527293844
21.9143600747854
21.8489736551373
21.8033925667828
21.7420667969746
21.7801881533101
21.7136195858475
21.8415528455285
21.8114061358035
21.8362148664344
21.8170675618254
21.7725272938444
999.99
999.99
21.8437402906433
999.99
999.99
999.99
999.99
999.99
999.99
999.99
999.99
999.99
999.99
999.99
999.99
999.99
999.99
999.99
999.99
999.99
999.99
999.99
999.99
999.99
999.99
999.99
999.99
999.99
999.99
999.99
999.99
999.99
999.99
999.99
999.99
999.99
999.99
999.99
999.99
999.99
999.99
999.99
999.99
999.99
999.99
999.99
999.99
999.99
999.99
999.99
999.99
999.99
999.99
999.99
999.99
999.99
999.99
999.99
999.99
999.99
999.99
999.99
999.99
999.99
21.697896405201
21.6926881533101
21.6572001359735
21.7056637630662
21.7545013172431
21.7926114982579
21.7152099940512
21.7824198606272
21.8811542449222
21.6125419393218
21.5614320557491
21.2891055494179
21.1427282229965
21.2488467748789
21.3887456445993
999.99
999.99
999.99
999.99
999.99
999.99
999.99
999.99
999.99
999.99
999.99
999.99
999.99
999.99
999.99
999.99
999.99
999.99
999.99
999.99
999.99
999.99
999.99
999.99
999.99
999.99
999.99
999.99
999.99
999.99
999.99
999.99
999.99
999.99
999.99
999.99
999.99
999.99
999.99
999.99
999.99
999.99
999.99
999.99
999.99
999.99
999.99
999.99
999.99
999.99
999.99
999.99
999.99
999.99
999.99
999.99
999.99
999.99
999.99
999.99
999.99
999.99
999.99
999.99
999.99
999.99
999.99
999.99
21.7530497153055
21.7107944250871
21.6329332030254
21.4924547038327
21.4300345882553
21.4930487804878
21.2586541174471
21.5289303135889
21.6765059063482
21.6354343503017
21.5188710801394
21.4103094246622
999.99
999.99
999.99
999.99
999.99
999.99
999.99
999.99
999.99
999.99
999.99
999.99
999.99
999.99
999.99
999.99
999.99
999.99
999.99
999.99
999.99
999.99
999.99
999.99
999.99
999.99
999.99
999.99
999.99
999.99
999.99
999.99
999.99
999.99
999.99
999.99
999.99
999.99
999.99
999.99
999.99
999.99
999.99
999.99
999.99
999.99
999.99
999.99
999.99
999.99
999.99
999.99
999.99
999.99
999.99
999.99
999.99
999.99
999.99
999.99
999.99
999.99
999.99
999.99
999.99
999.99
999.99
999.99
999.99
999.99
999.99
999.99
21.7934094076655
21.7395679442508
999.99
999.99
999.99
999.99
999.99
999.99
999.99
999.99
999.99
999.99
999.99
999.99
999.99
999.99
999.99
999.99
999.99
999.99
999.99
999.99
999.99
999.99
999.99
999.99
999.99
999.99
999.99
999.99
999.99
999.99
999.99
999.99
999.99
999.99
999.99
999.99
999.99
999.99
999.99
999.99
999.99
999.99
999.99
999.99
999.99
999.99
999.99
999.99
999.99
999.99
999.99
999.99
999.99
999.99
999.99
999.99
999.99
999.99
999.99
999.99
999.99
999.99
999.99
999.99
999.99
999.99
999.99
999.99
999.99
999.99
999.99
999.99
999.99
999.99
999.99
999.99
999.99
999.99
999.99
999.99
999.99
999.99
999.99
999.99
999.99
999.99
999.99
999.99
999.99
999.99
999.99
999.99
999.99
999.99
999.99
999.99
999.99
999.99
999.99
999.99
999.99
999.99
999.99
999.99
999.99
999.99
999.99
999.99
999.99
999.99
999.99
999.99
999.99
999.99
999.99
999.99
999.99
999.99
999.99
999.99
999.99
999.99
999.99
999.99
999.99
999.99
999.99
999.99
999.99
999.99
999.99
999.99
999.99
999.99
999.99
999.99
999.99
999.99
999.99
999.99
999.99
999.99
999.99
999.99
999.99
999.99
999.99
999.99
999.99
999.99
999.99
999.99
999.99
999.99
999.99
999.99
999.99
999.99
999.99
999.99
999.99
999.99
999.99
999.99
999.99
999.99
999.99
999.99
999.99
999.99
999.99
999.99
999.99
999.99
999.99
999.99
999.99
999.99
999.99
999.99
999.99
999.99
999.99
999.99
999.99
999.99
999.99
999.99
999.99
999.99
999.99
999.99
999.99
999.99
999.99
999.99
999.99
999.99
999.99
999.99
999.99
999.99
999.99
999.99
999.99
999.99
999.99
999.99
999.99
999.99
999.99
999.99
999.99
999.99
999.99
999.99
999.99
999.99
999.99
999.99
999.99
999.99
999.99
999.99
999.99
999.99
999.99
999.99
999.99
999.99
999.99
999.99
999.99
999.99
999.99
999.99
999.99
999.99
999.99
999.99
999.99
999.99
999.99
999.99
999.99
999.99
999.99
999.99
999.99
999.99
999.99
999.99
999.99
999.99
999.99
999.99
999.99
999.99
999.99
999.99
999.99
999.99
999.99
999.99
999.99
999.99
999.99
999.99
999.99
999.99
999.99
999.99
999.99
999.99
999.99
999.99
999.99
999.99
999.99
999.99
999.99
999.99
999.99
999.99
999.99
999.99
999.99
999.99
999.99
999.99
999.99
999.99
999.99
999.99
999.99
999.99
999.99
999.99
999.99
999.99
999.99
999.99
999.99
999.99
999.99
999.99
999.99
999.99
999.99
999.99
999.99
999.99
999.99
999.99
999.99
999.99
999.99
999.99
999.99
999.99
999.99
999.99
999.99
999.99
999.99
999.99
999.99
999.99
999.99
999.99
999.99
999.99
999.99
999.99
999.99
999.99
999.99
999.99
999.99
999.99
999.99
999.99
999.99
999.99
999.99
999.99
999.99
999.99
999.99
999.99
999.99
999.99
999.99
999.99
999.99
999.99
999.99
999.99
999.99
999.99
999.99
999.99
999.99
999.99
999.99
999.99
999.99
999.99
999.99
999.99
999.99
999.99
999.99
999.99
999.99
999.99
999.99
999.99
999.99
999.99
999.99
999.99
999.99
999.99
999.99
999.99
999.99
999.99
999.99
999.99
999.99
999.99
999.99
999.99
999.99
999.99
999.99
999.99
999.99
999.99
999.99
999.99
999.99
999.99
999.99
999.99
999.99
999.99
999.99
999.99
999.99
