999.99
999.99
999.99
999.99
999.99
999.99
999.99
999.99
999.99
999.99
999.99
999.99
999.99
999.99
999.99
999.99
999.99
999.99
999.99
999.99
999.99
999.99
999.99
999.99
999.99
999.99
999.99
999.99
999.99
999.99
999.99
999.99
999.99
999.99
999.99
999.99
999.99
999.99
999.99
999.99
999.99
999.99
999.99
999.99
999.99
999.99
999.99
999.99
999.99
999.99
999.99
999.99
999.99
999.99
999.99
999.99
999.99
999.99
999.99
999.99
999.99
999.99
999.99
999.99
999.99
999.99
999.99
999.99
999.99
999.99
999.99
999.99
999.99
999.99
999.99
999.99
999.99
999.99
999.99
999.99
999.99
999.99
999.99
999.99
999.99
999.99
999.99
999.99
999.99
999.99
999.99
999.99
999.99
999.99
999.99
999.99
999.99
999.99
999.99
999.99
999.99
999.99
999.99
999.99
999.99
999.99
999.99
999.99
999.99
999.99
999.99
999.99
999.99
999.99
999.99
999.99
999.99
999.99
999.99
999.99
999.99
999.99
999.99
999.99
999.99
999.99
999.99
999.99
999.99
999.99
999.99
999.99
999.99
999.99
17.1896317668055
17.4438003739271
17.3471846689895
17.1938116767229
16.7020487804878
16.6580421517804
16.7047456445992
16.677419733152
16.7557317073171
16.7695690490354
16.7566027874565
16.7823359394918
16.9550766550523
17.2134295912297
17.4220487804878
17.6312045551118
17.2892682926829
16.6781902778959
16.8017142857143
16.8306829268293
16.4223379790941
999.99
999.99
999.99
999.99
999.99
999.99
999.99
999.99
999.99
999.99
999.99
999.99
999.99
999.99
999.99
999.99
999.99
999.99
999.99
999.99
999.99
999.99
999.99
999.99
999.99
999.99
999.99
999.99
999.99
999.99
999.99
999.99
999.99
999.99
999.99
999.99
999.99
999.99
999.99
999.99
999.99
999.99
999.99
999.99
999.99
999.99
999.99
999.99
999.99
999.99
999.99
999.99
999.99
999.99
999.99
999.99
999.99
999.99
999.99
999.99
999.99
999.99
17.133600966383
16.9667888101106
16.3871620209059
16.1920176644126
16.1690363364859
16.6210046680183
16.5191020408164
16.4053964234117
16.3039868093579
16.262086191407
16.2877262319562
16.3603090361665
16.6385890990543
16.6829049399653
17.0790968143356
17.4853265306122
17.4025174216028
16.9520698988698
16.3677025883525
16.2848476368537
16.1421085116974
999.99
999.99
999.99
999.99
999.99
999.99
999.99
999.99
999.99
999.99
999.99
999.99
999.99
999.99
999.99
999.99
999.99
999.99
999.99
999.99
999.99
999.99
999.99
999.99
999.99
999.99
999.99
999.99
999.99
999.99
999.99
999.99
999.99
999.99
999.99
999.99
999.99
999.99
999.99
999.99
999.99
999.99
999.99
999.99
999.99
999.99
999.99
999.99
999.99
999.99
999.99
999.99
999.99
999.99
999.99
999.99
999.99
999.99
999.99
999.99
999.99
999.99
16.8049000594884
16.7701824594204
16.6704947735192
16.614429251296
16.7472508710802
16.8578078524688
16.6937108013938
16.5697297526983
16.167512195122
16.0925776323617
16.2759651567945
17.0398292682927
17.0385540069686
17.1070295742331
16.473369337979
25.5816714540472
16.5836724738676
16.8195655647148
16.6744320557492
16.4839141667375
16.1693240418118
999.99
999.99
999.99
999.99
999.99
999.99
999.99
999.99
999.99
999.99
999.99
999.99
999.99
999.99
999.99
999.99
999.99
999.99
999.99
999.99
999.99
999.99
999.99
999.99
999.99
999.99
999.99
999.99
999.99
999.99
999.99
999.99
999.99
999.99
999.99
999.99
999.99
999.99
999.99
999.99
999.99
999.99
999.99
999.99
999.99
999.99
999.99
999.99
999.99
999.99
999.99
999.99
999.99
999.99
999.99
999.99
999.99
999.99
999.99
999.99
999.99
999.99
17.7600025495029
17.9035540069687
17.6368641114983
17.0960783547207
15.9188919860627
15.9763474122546
16.0927909407665
16.0950407920455
16.276306620209
16.3518286734087
16.2434216027875
16.2574285714286
16.9028292682926
17.2885993031359
16.8015261324041
16.4139354125945
16.4822055749129
16.6098396362709
16.4321149825785
16.0630278745645
38.4352125435554
999.99
999.99
999.99
999.99
999.99
999.99
999.99
999.99
999.99
999.99
999.99
999.99
999.99
999.99
999.99
999.99
999.99
999.99
999.99
999.99
999.99
999.99
999.99
999.99
999.99
999.99
999.99
999.99
999.99
999.99
999.99
999.99
999.99
999.99
999.99
999.99
999.99
999.99
999.99
999.99
999.99
999.99
999.99
999.99
999.99
999.99
999.99
999.99
999.99
999.99
999.99
999.99
999.99
999.99
999.99
999.99
999.99
999.99
999.99
999.99
999.99
999.99
999.99
17.8472557151355
16.8056236933797
16.212941276451
16.6547073170734
16.2021719214753
16.1488745644599
16.1397371462565
16.1254390243902
15.9001685221382
15.8962229965157
15.8854177785332
16.2130418118467
16.8290963712077
16.5999756097562
16.862181184669
17.0331707317073
17.1176460440215
16.8253832752613
16.4629260644174
38.8236236933812
19.4308999374472
999.99
999.99
999.99
999.99
999.99
999.99
999.99
999.99
999.99
999.99
999.99
999.99
999.99
999.99
999.99
999.99
999.99
999.99
999.99
999.99
999.99
999.99
999.99
999.99
999.99
999.99
999.99
999.99
999.99
999.99
999.99
999.99
999.99
999.99
999.99
999.99
999.99
999.99
999.99
999.99
999.99
999.99
999.99
999.99
999.99
999.99
999.99
999.99
999.99
999.99
999.99
999.99
999.99
999.99
999.99
999.99
999.99
999.99
999.99
999.99
999.99
18.0590677317923
17.8729066032124
17.6855400696864
17.2191012152628
16.1676027874565
16.3837678252741
16.2892264808362
16.2778036032974
16.4222682926829
16.2021629982153
16.4492229965157
16.1798782187474
16.8895261324042
17.0384590804793
16.9041498257839
17.2104367298378
17.3193449477352
17.4712925979434
17.3229616724739
16.9611885782273
16.3733170731707
999.99
999.99
999.99
999.99
999.99
999.99
999.99
999.99
999.99
999.99
999.99
999.99
999.99
999.99
999.99
999.99
999.99
999.99
999.99
999.99
999.99
999.99
999.99
999.99
999.99
999.99
999.99
999.99
999.99
999.99
999.99
999.99
999.99
999.99
999.99
999.99
999.99
999.99
999.99
999.99
999.99
999.99
999.99
999.99
999.99
999.99
999.99
999.99
999.99
999.99
999.99
999.99
999.99
999.99
999.99
999.99
999.99
999.99
999.99
999.99
999.99
999.99
999.99
999.99
17.82031242741
17.5706895838645
17.5623519163762
17.6971452933345
17.8751184668989
16.748380952381
16.1623844367016
17.210512790006
17.1514773519164
16.879491997394
16.3643658536586
16.2879684144925
16.7439465737514
16.880916772896
17.3471904761905
17.0075721084389
16.8177328687573
16.7187732642135
16.4465400696864
16.4428547066655
19.4308999374472
999.99
999.99
999.99
999.99
999.99
999.99
999.99
999.99
999.99
999.99
999.99
999.99
999.99
999.99
999.99
999.99
999.99
999.99
999.99
999.99
999.99
999.99
999.99
999.99
999.99
999.99
999.99
999.99
999.99
999.99
999.99
999.99
999.99
999.99
999.99
999.99
999.99
999.99
999.99
999.99
999.99
999.99
999.99
999.99
999.99
999.99
999.99
999.99
999.99
999.99
999.99
999.99
999.99
999.99
999.99
999.99
999.99
999.99
999.99
999.99
999.99
999.99
999.99
18.1621567944251
18.2346724738676
18.2840912722019
18.3111393728223
18.211935497578
18.0344912891986
17.8657891561146
17.6159477351916
16.7482601342739
16.844787456446
16.3621951219512
16.4368048780488
16.5800767400357
16.6241219512195
16.9424562760262
16.8476167247387
16.8011290898275
16.8783763066202
16.9670522648084
17.0077210843885
17.0024721254355
999.99
999.99
999.99
999.99
999.99
999.99
999.99
999.99
999.99
999.99
999.99
999.99
999.99
999.99
999.99
999.99
999.99
999.99
999.99
999.99
999.99
999.99
999.99
999.99
999.99
999.99
999.99
999.99
999.99
999.99
999.99
999.99
999.99
999.99
999.99
999.99
999.99
999.99
999.99
999.99
999.99
999.99
999.99
999.99
999.99
999.99
999.99
999.99
999.99
999.99
999.99
999.99
999.99
999.99
999.99
999.99
999.99
999.99
17.9950244732039
18.1318695706718
18.0493294767044
18.0911707317073
18.0086164900225
17.9702984901277
17.8551073502572
17.8662895304463
17.7999968030044
17.677768707483
17.5233386306337
17.5947318732371
17.5114672712631
17.1618592998175
16.8435643992279
16.9808529948564
16.6711464143064
16.6207464741994
16.792925170068
16.9052220009955
17.070306454289
999.99
999.99
999.99
999.99
999.99
999.99
999.99
999.99
999.99
999.99
999.99
999.99
999.99
999.99
999.99
999.99
999.99
999.99
999.99
999.99
999.99
999.99
999.99
999.99
999.99
999.99
999.99
999.99
999.99
999.99
999.99
999.99
999.99
999.99
999.99
999.99
999.99
999.99
999.99
999.99
999.99
999.99
999.99
999.99
999.99
999.99
999.99
999.99
999.99
999.99
999.99
999.99
999.99
999.99
999.99
999.99
999.99
999.99
999.99
999.99
999.99
999.99
999.99
18.2208013937282
18.2045380300841
18.1953414634146
17.9119274241523
17.848637630662
17.7372931928274
17.3339337979094
17.4182969320982
17.3218989547038
17.1843782612391
17.4161358885018
17.3884531316393
17.2199825783972
17.604412764511
17.4012404181185
17.2385768675108
17.5702787456446
17.9616124755672
17.8180104529617
17.5256779977904
17.5572543554007
999.99
999.99
999.99
999.99
999.99
999.99
999.99
999.99
999.99
999.99
999.99
999.99
999.99
999.99
999.99
999.99
999.99
999.99
999.99
999.99
999.99
999.99
999.99
999.99
999.99
999.99
999.99
999.99
999.99
999.99
999.99
999.99
999.99
999.99
999.99
999.99
999.99
999.99
999.99
999.99
999.99
999.99
999.99
999.99
999.99
999.99
999.99
999.99
999.99
999.99
999.99
999.99
999.99
999.99
999.99
999.99
999.99
999.99
999.99
999.99
999.99
999.99
18.0087197044196
18.0770162439753
18.0390723411316
18.1062176870748
17.9662445661191
17.7736083842222
17.6163333333333
17.5544873759141
17.6393396382943
17.6566666666666
17.4381836734694
17.3063960349161
19.4308999374472
19.4308999374472
17.6025160112826
18.0946824938186
18.4118627841381
19.4308999374472
18.4465755765721
18.0357160137106
18.1799844035175
999.99
999.99
999.99
999.99
999.99
999.99
999.99
999.99
999.99
999.99
999.99
999.99
999.99
999.99
999.99
999.99
999.99
999.99
999.99
999.99
999.99
999.99
999.99
999.99
999.99
999.99
999.99
999.99
999.99
999.99
999.99
999.99
999.99
999.99
999.99
999.99
999.99
999.99
999.99
999.99
999.99
999.99
999.99
999.99
999.99
999.99
999.99
999.99
999.99
999.99
999.99
999.99
999.99
999.99
999.99
999.99
999.99
999.99
999.99
999.99
999.99
999.99
999.99
999.99
999.99
999.99
17.9900871080139
17.927466559021
17.831912891986
17.3668302880938
17.3608013937282
29.0094159088934
29.6315156794381
29.3407874564416
19.4308999374472
29.58090243902
18.2998641114983
18.4903884592504
18.4803275261324
18.3909040537095
18.3922299651569
18.2715993881193
18.5615958188153
18.5111156624458
18.0790663720574
18.0600609756098
18.0884934137843
999.99
999.99
999.99
999.99
999.99
999.99
999.99
999.99
999.99
999.99
999.99
999.99
999.99
999.99
999.99
999.99
999.99
999.99
999.99
999.99
999.99
999.99
999.99
999.99
999.99
999.99
999.99
999.99
999.99
999.99
999.99
999.99
999.99
999.99
999.99
999.99
999.99
999.99
999.99
999.99
999.99
999.99
999.99
999.99
999.99
999.99
999.99
999.99
999.99
999.99
999.99
999.99
999.99
999.99
999.99
999.99
999.99
999.99
999.99
999.99
999.99
999.99
18.2518989547038
18.1487626412849
17.8788954703833
24.8364570408653
19.4308999374472
19.4308999374472
19.4308999374472
19.4308999374472
19.4308999374472
22.9179115322469
17.5748048780488
17.7213639840232
18.0075818815331
18.4355805217982
18.2964599303136
18.3279849579332
18.5967108013937
18.8493346647404
18.7243981473613
18.5296637630662
18.4659586130705
999.99
999.99
999.99
999.99
999.99
999.99
999.99
999.99
999.99
999.99
999.99
999.99
999.99
999.99
999.99
999.99
999.99
999.99
999.99
999.99
999.99
999.99
999.99
999.99
999.99
999.99
999.99
999.99
999.99
999.99
999.99
999.99
999.99
999.99
999.99
999.99
999.99
999.99
999.99
999.99
999.99
999.99
999.99
999.99
999.99
999.99
999.99
999.99
999.99
999.99
999.99
999.99
999.99
999.99
999.99
999.99
999.99
999.99
999.99
999.99
999.99
999.99
17.873243902439
19.4308999374472
19.4308999374472
19.4308999374472
18.714
18.8264717430101
18.6614146341463
19.4308999374472
19.4308999374472
17.9146519928614
18.8371951219511
18.0333563355145
18.3459268292683
18.3799268292683
18.3879756097561
18.4990701963117
18.6518780487805
18.9933771564545
19.1084651992861
19.1625487804878
19.2142218917311
999.99
999.99
999.99
999.99
999.99
999.99
999.99
999.99
999.99
999.99
999.99
999.99
999.99
999.99
999.99
999.99
999.99
999.99
999.99
999.99
999.99
999.99
999.99
999.99
999.99
999.99
999.99
999.99
999.99
999.99
999.99
999.99
999.99
999.99
999.99
999.99
999.99
999.99
999.99
999.99
999.99
999.99
999.99
999.99
999.99
999.99
999.99
999.99
999.99
999.99
999.99
999.99
999.99
999.99
999.99
999.99
999.99
999.99
999.99
999.99
999.99
999.99
999.99
19.4308999374472
19.4308999374472
19.4308999374472
19.4308999374472
19.4308999374472
17.0794076655052
16.749388969151
17.0645574912892
18.0337394408091
35.2061881533072
34.7944765020791
19.1510696864112
19.1604920540495
18.9728641114983
18.7093851448968
24.7299477351959
19.4308999374472
19.5035902099091
19.3171114982579
19.0565179739951
18.9670139372822
999.99
999.99
999.99
999.99
999.99
999.99
999.99
999.99
999.99
999.99
999.99
999.99
999.99
999.99
999.99
999.99
999.99
999.99
999.99
999.99
999.99
999.99
999.99
999.99
999.99
999.99
999.99
999.99
999.99
999.99
999.99
999.99
999.99
999.99
999.99
999.99
999.99
999.99
999.99
999.99
999.99
999.99
999.99
999.99
999.99
999.99
999.99
999.99
999.99
999.99
999.99
999.99
999.99
999.99
999.99
999.99
999.99
999.99
999.99
999.99
999.99
999.99
19.4308999374472
19.4308999374472
19.4308999374472
19.4308999374472
18.4366384703793
18.7967176870748
18.3037080009874
18.2051104197777
18.4491847236218
18.5395344284055
19.4308999374472
19.4308999374472
19.4308999374472
18.2880457939273
19.4308999374472
19.4308999374472
19.4308999374472
19.7222728757178
19.471493612079
19.005264519014
18.867662518666
999.99
999.99
999.99
999.99
999.99
999.99
999.99
999.99
999.99
999.99
999.99
999.99
999.99
999.99
999.99
999.99
999.99
999.99
999.99
999.99
999.99
999.99
999.99
999.99
999.99
999.99
999.99
999.99
999.99
999.99
999.99
999.99
999.99
999.99
999.99
999.99
999.99
999.99
999.99
999.99
999.99
999.99
999.99
999.99
999.99
999.99
999.99
999.99
999.99
999.99
999.99
999.99
999.99
999.99
999.99
999.99
999.99
999.99
999.99
999.99
999.99
999.99
999.99
999.99
25.5152837596624
19.4308999374472
19.4308999374472
19.4308999374472
19.4308999374472
25.7342369337934
18.4214810062038
19.4308999374472
19.4308999374472
19.4308999374472
31.471856632975
19.4308999374472
19.4308999374472
19.4308999374472
19.4308999374472
19.4308999374472
25.0954790940721
18.5253865896151
18.756
18.6867487040028
17.8049547038328
999.99
999.99
999.99
999.99
999.99
999.99
999.99
999.99
999.99
999.99
999.99
999.99
999.99
999.99
999.99
999.99
999.99
999.99
999.99
999.99
999.99
999.99
999.99
999.99
999.99
999.99
999.99
999.99
999.99
999.99
999.99
999.99
999.99
999.99
999.99
999.99
999.99
999.99
999.99
999.99
999.99
999.99
999.99
999.99
999.99
999.99
999.99
999.99
999.99
999.99
999.99
999.99
999.99
999.99
999.99
999.99
999.99
999.99
999.99
999.99
999.99
999.99
19.4308999374472
19.4308999374472
19.4308999374472
19.4308999374472
18.4316444252894
18.2863582213373
19.4308999374472
19.4308999374472
27.5474702962493
19.4308999374472
19.4308999374472
19.4308999374472
19.4308999374472
19.4308999374472
19.4308999374472
19.4308999374472
19.4308999374472
19.4308999374472
18.1611271777004
18.4087861088516
18.2104513854322
999.99
999.99
999.99
999.99
999.99
999.99
999.99
999.99
999.99
999.99
999.99
999.99
999.99
999.99
999.99
999.99
999.99
999.99
999.99
999.99
999.99
999.99
999.99
999.99
999.99
999.99
999.99
999.99
999.99
999.99
999.99
999.99
999.99
999.99
999.99
999.99
999.99
999.99
999.99
999.99
999.99
999.99
999.99
999.99
999.99
999.99
999.99
999.99
999.99
999.99
999.99
999.99
999.99
999.99
999.99
999.99
999.99
999.99
999.99
999.99
999.99
19.4308999374472
19.4308999374472
19.4308999374472
19.4308999374472
19.4308999374472
19.4308999374472
20.3293031358862
20.4162829948137
20.7403135888479
19.4308999374472
19.4308999374472
19.4308999374472
19.4308999374472
19.4308999374472
19.4308999374472
19.4308999374472
19.4308999374472
19.4308999374472
19.4308999374472
19.4308999374472
18.8916769779893
999.99
999.99
999.99
999.99
999.99
999.99
999.99
999.99
999.99
999.99
999.99
999.99
999.99
999.99
999.99
999.99
999.99
999.99
999.99
999.99
999.99
999.99
999.99
999.99
999.99
999.99
999.99
999.99
999.99
999.99
999.99
999.99
999.99
999.99
999.99
999.99
999.99
999.99
999.99
999.99
999.99
999.99
999.99
999.99
999.99
999.99
999.99
999.99
999.99
999.99
999.99
999.99
999.99
999.99
999.99
999.99
999.99
999.99
999.99
999.99
999.99
999.99
999.99
999.99
999.99
19.4308999374472
19.4308999374472
19.4308999374472
19.4308999374472
19.4308999374472
19.4308999374472
19.4308999374472
19.4308999374472
19.4308999374472
19.4308999374472
19.4308999374472
19.4308999374472
18.5616292517007
18.8720123205737
18.6805856976937
18.9339337250665
18.8091576240252
18.5661054421769
18.127631159781
17.2544253380115
19.4308999374472
999.99
999.99
999.99
999.99
999.99
999.99
999.99
999.99
999.99
999.99
999.99
999.99
999.99
999.99
999.99
999.99
999.99
999.99
999.99
999.99
999.99
999.99
999.99
999.99
999.99
999.99
999.99
999.99
999.99
999.99
999.99
999.99
999.99
999.99
999.99
999.99
999.99
999.99
999.99
999.99
999.99
999.99
999.99
999.99
999.99
999.99
999.99
999.99
999.99
999.99
999.99
999.99
999.99
999.99
999.99
999.99
999.99
999.99
999.99
999.99
999.99
19.4308999374472
19.4308999374472
19.4308999374472
19.4308999374472
19.4308999374472
19.4308999374472
19.4308999374472
19.4308999374472
19.4308999374472
19.4308999374472
19.4308999374472
36.4204330755584
18.528243902439
18.3658375966686
18.945264723379
18.9998780487805
18.8120892325996
18.3851341463414
17.2454009518144
19.4308999374472
999.99
999.99
999.99
999.99
999.99
999.99
999.99
999.99
999.99
999.99
999.99
999.99
999.99
999.99
999.99
999.99
999.99
999.99
999.99
999.99
999.99
999.99
999.99
999.99
999.99
999.99
999.99
999.99
999.99
999.99
999.99
999.99
999.99
999.99
999.99
999.99
999.99
999.99
999.99
999.99
999.99
999.99
999.99
999.99
999.99
999.99
999.99
999.99
999.99
999.99
999.99
999.99
999.99
999.99
999.99
999.99
999.99
999.99
999.99
999.99
999.99
999.99
19.4308999374472
19.4308999374472
19.4308999374472
19.4308999374472
19.4308999374472
19.4308999374472
19.4308999374472
19.4308999374472
19.4308999374472
19.4308999374472
19.4308999374472
19.4308999374472
18.4689417013681
18.5871010452962
18.5884847454746
19.0010685816267
18.8310087108014
18.6275480581286
17.9675644599303
17.5569296337215
999.99
999.99
999.99
999.99
999.99
999.99
999.99
999.99
999.99
999.99
999.99
999.99
999.99
999.99
999.99
999.99
999.99
999.99
999.99
999.99
999.99
999.99
999.99
999.99
999.99
999.99
999.99
999.99
999.99
999.99
999.99
999.99
999.99
999.99
999.99
999.99
999.99
999.99
999.99
999.99
999.99
999.99
999.99
999.99
999.99
999.99
999.99
999.99
999.99
999.99
999.99
999.99
999.99
999.99
999.99
999.99
999.99
999.99
999.99
999.99
999.99
999.99
999.99
999.99
19.4308999374472
19.4308999374472
19.4308999374472
19.4308999374472
19.4308999374472
19.4308999374472
19.4308999374472
19.4308999374472
19.4308999374472
19.4308999374472
19.4308999374472
37.3178745644651
19.0115714285714
18.6657521883232
18.2779032888587
18.0879825783972
18.0268899464605
17.9006637630661
17.4602744114898
19.4308999374472
999.99
999.99
999.99
999.99
999.99
999.99
999.99
999.99
999.99
999.99
999.99
999.99
999.99
999.99
999.99
999.99
999.99
999.99
999.99
999.99
999.99
999.99
999.99
999.99
999.99
999.99
999.99
999.99
999.99
999.99
999.99
999.99
999.99
999.99
999.99
999.99
999.99
999.99
999.99
999.99
999.99
999.99
999.99
999.99
999.99
999.99
999.99
999.99
999.99
999.99
999.99
999.99
999.99
999.99
999.99
999.99
999.99
999.99
999.99
999.99
999.99
19.4308999374472
19.4308999374472
19.4308999374472
19.4308999374472
19.4308999374472
19.4308999374472
19.4308999374472
19.4308999374472
19.4308999374472
19.4308999374472
19.4308999374472
19.4308999374472
35.240337979089
34.8067314523617
17.6812926829269
18.3302040452111
18.1060506501232
18.0977456445993
17.7751109033738
17.7623275261324
999.99
999.99
999.99
999.99
999.99
999.99
999.99
999.99
999.99
999.99
999.99
999.99
999.99
999.99
999.99
999.99
999.99
999.99
999.99
999.99
999.99
999.99
999.99
999.99
999.99
999.99
999.99
999.99
999.99
999.99
999.99
999.99
999.99
999.99
999.99
999.99
999.99
999.99
999.99
999.99
999.99
999.99
999.99
999.99
999.99
999.99
999.99
999.99
999.99
999.99
999.99
999.99
999.99
999.99
999.99
999.99
999.99
999.99
999.99
999.99
999.99
999.99
999.99
999.99
19.4308999374472
19.4308999374472
19.4308999374472
19.4308999374472
19.4308999374472
19.4308999374472
19.4308999374472
19.4308999374472
27.5855541769165
17.7569965156794
17.8663293957678
19.4308999374472
19.4308999374472
19.4308999374472
17.307507011133
18.4447979094076
18.6410696864112
18.6690293192827
18.5276289198606
17.9139544488825
999.99
999.99
999.99
999.99
999.99
999.99
999.99
999.99
999.99
999.99
999.99
999.99
999.99
999.99
999.99
999.99
999.99
999.99
999.99
999.99
999.99
999.99
999.99
999.99
999.99
999.99
999.99
999.99
999.99
999.99
999.99
999.99
999.99
999.99
999.99
999.99
999.99
999.99
999.99
999.99
999.99
999.99
999.99
999.99
999.99
999.99
999.99
999.99
999.99
999.99
999.99
999.99
999.99
999.99
999.99
999.99
999.99
999.99
999.99
999.99
999.99
999.99
19.4308999374472
19.4308999374472
19.4308999374472
19.4308999374472
19.4308999374472
19.4308999374472
19.4308999374472
19.4308999374472
18.1274390243902
18.5044523667886
18.6246306620209
19.4308999374472
19.4308999374472
25.0939024390246
30.1970034843217
38.7473332200155
18.6550284694485
18.8740958188153
18.7440033143537
18.6680365853658
999.99
999.99
999.99
999.99
999.99
999.99
999.99
999.99
999.99
999.99
999.99
999.99
999.99
999.99
999.99
999.99
999.99
999.99
999.99
999.99
999.99
999.99
999.99
999.99
999.99
999.99
999.99
999.99
999.99
999.99
999.99
999.99
999.99
999.99
999.99
999.99
999.99
999.99
999.99
999.99
999.99
999.99
999.99
999.99
999.99
999.99
999.99
999.99
999.99
999.99
999.99
999.99
999.99
999.99
999.99
999.99
999.99
999.99
999.99
999.99
999.99
999.99
999.99
999.99
999.99
19.4308999374472
19.4308999374472
19.4308999374472
19.4308999374472
19.4308999374472
19.4308999374472
18.7330622200099
19.4308999374472
19.4308999374472
19.4308999374472
19.4308999374472
19.4308999374472
18.5859263315082
19.0197014046547
19.0984489795918
19.1124576903932
19.3312407337712
19.1998198108511
18.6526561449089
17.8716326530612
999.99
999.99
999.99
999.99
999.99
999.99
999.99
999.99
999.99
999.99
999.99
999.99
999.99
999.99
999.99
999.99
999.99
999.99
999.99
999.99
999.99
999.99
999.99
999.99
999.99
999.99
999.99
999.99
999.99
999.99
999.99
999.99
999.99
999.99
999.99
999.99
999.99
999.99
999.99
999.99
999.99
999.99
999.99
999.99
999.99
999.99
999.99
999.99
999.99
999.99
999.99
999.99
999.99
999.99
999.99
999.99
999.99
999.99
999.99
999.99
999.99
999.99
999.99
19.4308999374472
19.4308999374472
19.4308999374472
19.4308999374472
19.4308999374472
18.7184318857823
19.4308999374472
19.4308999374472
19.4691463414634
19.1662647233789
19.4308999374472
19.4308999374472
19.4308999374472
19.4308999374472
20.3003045806067
19.349768292683
18.7106710291493
18.5937682926829
18.8168798334325
18.6930731707317
999.99
999.99
999.99
999.99
999.99
999.99
999.99
999.99
999.99
999.99
999.99
999.99
999.99
999.99
999.99
999.99
999.99
999.99
999.99
999.99
999.99
999.99
999.99
999.99
999.99
999.99
999.99
999.99
999.99
999.99
999.99
999.99
999.99
999.99
999.99
999.99
999.99
999.99
999.99
999.99
999.99
999.99
999.99
999.99
999.99
999.99
999.99
999.99
999.99
999.99
999.99
999.99
999.99
999.99
999.99
999.99
999.99
999.99
999.99
999.99
999.99
999.99
19.4308999374472
19.4308999374472
19.4308999374472
19.4308999374472
19.5910589906498
18.5160119462419
19.4308999374472
19.4308999374472
19.4308999374472
19.4308999374472
19.4308999374472
19.4308999374472
19.4308999374472
19.4308999374472
19.4308999374472
19.4308999374472
18.5750353409655
19.6257735070233
19.1335624688899
18.6656981510034
999.99
999.99
999.99
999.99
999.99
999.99
999.99
999.99
999.99
999.99
999.99
999.99
999.99
999.99
999.99
999.99
999.99
999.99
999.99
999.99
999.99
999.99
999.99
999.99
999.99
999.99
999.99
999.99
999.99
999.99
999.99
999.99
999.99
999.99
999.99
999.99
999.99
999.99
999.99
999.99
999.99
999.99
999.99
999.99
999.99
999.99
999.99
999.99
999.99
999.99
999.99
999.99
999.99
999.99
999.99
999.99
999.99
999.99
999.99
999.99
999.99
999.99
999.99
19.4308999374472
19.4308999374472
19.4308999374472
27.396348432056
26.1866065267175
19.4308999374472
18.3607613665335
18.1667979094078
18.5553059403417
19.4308999374472
19.4308999374472
19.4308999374472
28.5539139117875
27.791954703833
19.1198751593439
18.8432265658197
18.3597264808363
18.9345584261069
18.4337944250871
18.2652087192997
999.99
999.99
999.99
999.99
999.99
999.99
999.99
999.99
999.99
999.99
999.99
999.99
999.99
999.99
999.99
999.99
999.99
999.99
999.99
999.99
999.99
999.99
999.99
999.99
999.99
999.99
999.99
999.99
999.99
999.99
999.99
999.99
999.99
999.99
999.99
999.99
999.99
999.99
999.99
999.99
999.99
999.99
999.99
999.99
999.99
999.99
999.99
999.99
999.99
999.99
999.99
999.99
999.99
999.99
999.99
999.99
999.99
999.99
999.99
999.99
999.99
19.4308999374472
19.4308999374472
19.4308999374472
19.4308999374472
19.4308999374472
19.2698571428569
19.4308999374472
17.699519163763
18.6293915186539
19.4308999374472
19.4308999374472
19.4308999374472
19.4308999374472
19.4308999374472
35.6137011132911
18.404487804878
18.651030169117
18.4185183989123
18.6169494773519
18.5493658536585
999.99
999.99
999.99
999.99
999.99
999.99
999.99
999.99
999.99
999.99
999.99
999.99
999.99
999.99
999.99
999.99
999.99
999.99
999.99
999.99
999.99
999.99
999.99
999.99
999.99
999.99
999.99
999.99
999.99
999.99
999.99
999.99
999.99
999.99
999.99
999.99
999.99
999.99
999.99
999.99
999.99
999.99
999.99
999.99
999.99
999.99
999.99
999.99
999.99
999.99
999.99
999.99
999.99
999.99
999.99
999.99
999.99
999.99
999.99
999.99
999.99
999.99
999.99
999.99
19.4308999374472
19.4308999374472
19.4308999374472
19.4308999374472
19.4308999374472
19.4308999374472
19.987700348432
32.4320427466704
19.4308999374472
19.4308999374472
19.4308999374472
19.4308999374472
19.4308999374472
17.92
18.0009198606272
18.2223637290728
18.5445387949351
18.9820261324042
19.2980568539135
18.5410749128918
999.99
999.99
999.99
999.99
999.99
999.99
999.99
999.99
999.99
999.99
999.99
999.99
999.99
999.99
999.99
999.99
999.99
999.99
999.99
999.99
999.99
999.99
999.99
999.99
999.99
999.99
999.99
999.99
999.99
999.99
999.99
999.99
999.99
999.99
999.99
999.99
999.99
999.99
999.99
999.99
999.99
999.99
999.99
999.99
999.99
999.99
999.99
999.99
999.99
999.99
999.99
999.99
999.99
999.99
999.99
999.99
999.99
999.99
999.99
999.99
999.99
999.99
999.99
19.4308999374472
19.4308999374472
19.4308999374472
19.4308999374472
19.4308999374472
19.4308999374472
19.4308999374472
19.4308999374472
19.4308999374472
19.4308999374472
19.4308999374472
19.4308999374472
21.2145888501743
21.1038466898955
19.4308999374472
19.4308999374472
20.5769224951134
19.8611219512195
19.0094295062463
18.3447770034843
999.99
999.99
999.99
999.99
999.99
999.99
999.99
999.99
999.99
999.99
999.99
999.99
999.99
999.99
999.99
999.99
999.99
999.99
999.99
999.99
999.99
999.99
999.99
999.99
999.99
999.99
999.99
999.99
999.99
999.99
999.99
999.99
999.99
999.99
999.99
999.99
999.99
999.99
999.99
999.99
999.99
999.99
999.99
999.99
999.99
999.99
999.99
999.99
999.99
999.99
999.99
999.99
999.99
999.99
999.99
999.99
999.99
999.99
999.99
999.99
999.99
999.99
19.4308999374472
19.2849756097561
26.2485008923145
19.4308999374472
20.5279335429591
20.5653240418119
21.0502106739186
21.085574912892
19.4308999374472
19.4308999374472
19.4308999374472
19.4308999374472
19.4308999374472
19.4308999374472
21.530870400272
21.4973240418118
21.2925030169117
20.5451104784566
19.555893728223
19.0569186708592
999.99
999.99
999.99
999.99
999.99
999.99
999.99
999.99
999.99
999.99
999.99
999.99
999.99
999.99
999.99
999.99
999.99
999.99
999.99
999.99
999.99
999.99
999.99
999.99
999.99
999.99
999.99
999.99
999.99
999.99
999.99
999.99
999.99
999.99
999.99
999.99
999.99
999.99
999.99
999.99
999.99
999.99
999.99
999.99
999.99
999.99
999.99
999.99
999.99
999.99
999.99
999.99
999.99
999.99
999.99
999.99
999.99
999.99
999.99
999.99
999.99
999.99
19.4308999374472
19.4308999374472
19.4308999374472
19.4308999374472
20.5780487804878
20.7525544318858
20.8504634146342
21.0875425342058
21.1275609756098
21.1513676383105
21.1670975609756
21.009232599643
19.4308999374472
19.4308999374472
19.4308999374472
20.3155901249257
18.9909024390244
19.8562682926829
19.8174396192743
19.8186341463415
999.99
999.99
999.99
999.99
999.99
999.99
999.99
999.99
999.99
999.99
999.99
999.99
999.99
999.99
999.99
999.99
999.99
999.99
999.99
999.99
999.99
999.99
999.99
999.99
999.99
999.99
999.99
999.99
999.99
999.99
999.99
999.99
999.99
999.99
999.99
999.99
999.99
999.99
999.99
999.99
999.99
999.99
999.99
999.99
999.99
999.99
999.99
999.99
999.99
999.99
999.99
999.99
999.99
999.99
999.99
999.99
999.99
999.99
999.99
999.99
999.99
999.99
999.99
19.4308999374472
19.4308999374472
21.1493299319728
21.1607630014528
21.2114855649577
21.1398232405395
20.8981323212211
20.6957384776636
21.2087011780322
21.1794463896207
21.1067343620375
19.4308999374472
19.4308999374472
19.4308999374472
19.4308999374472
19.4308999374472
19.6929066699851
20.0486014358153
20.3263080952785
19.8541105027377
999.99
999.99
999.99
999.99
999.99
999.99
999.99
999.99
999.99
999.99
999.99
999.99
999.99
999.99
999.99
999.99
999.99
999.99
999.99
999.99
999.99
999.99
999.99
999.99
999.99
999.99
999.99
999.99
999.99
999.99
999.99
999.99
999.99
999.99
999.99
999.99
999.99
999.99
999.99
999.99
999.99
999.99
999.99
999.99
999.99
999.99
999.99
999.99
999.99
999.99
999.99
999.99
999.99
999.99
999.99
999.99
999.99
999.99
999.99
999.99
999.99
999.99
999.99
999.99
21.0085475482281
21.0890731707317
21.0849073680632
21.0268048780488
21.0073863346647
21.0290243902439
21.0301219512195
21.0378780487805
21.0704306960143
20.9757073170732
20.9302878388714
19.4308999374472
19.4308999374472
19.4308999374472
19.4308999374472
19.721700348432
19.8714802413529
19.8805150845585
19.0131393728223
19.9941631681798
999.99
999.99
999.99
999.99
999.99
999.99
999.99
999.99
999.99
999.99
999.99
999.99
999.99
999.99
999.99
999.99
999.99
999.99
999.99
999.99
999.99
999.99
999.99
999.99
999.99
999.99
999.99
999.99
999.99
999.99
999.99
999.99
999.99
999.99
999.99
999.99
999.99
999.99
999.99
999.99
999.99
999.99
999.99
999.99
999.99
999.99
999.99
999.99
999.99
999.99
999.99
999.99
999.99
999.99
999.99
999.99
999.99
999.99
19.460010386189
20.5814872160643
20.8632069852332
19.4308999374472
19.4308999374472
19.4308999374472
19.4308999374472
19.4308999374472
20.7782517006803
23.9909832097057
19.4308999374472
19.4308999374472
19.4308999374472
21.4034179950386
21.4421549693048
21.4165649738777
19.4308999374472
19.4308999374472
19.7642491289199
19.4308999374472
999.99
999.99
999.99
999.99
999.99
999.99
999.99
999.99
999.99
999.99
999.99
999.99
999.99
999.99
999.99
999.99
999.99
999.99
999.99
999.99
999.99
999.99
999.99
999.99
999.99
999.99
999.99
999.99
999.99
999.99
999.99
999.99
999.99
999.99
999.99
999.99
999.99
999.99
999.99
999.99
999.99
999.99
999.99
999.99
999.99
999.99
999.99
999.99
999.99
999.99
999.99
999.99
999.99
999.99
999.99
999.99
999.99
999.99
999.99
999.99
19.3827891986063
19.2282347242288
19.2340400696864
19.4308999374472
19.4308999374472
19.4308999374472
19.4308999374472
19.4308999374472
19.4308999374472
19.4308999374472
19.4308999374472
19.4308999374472
19.4308999374472
19.4308999374472
19.4308999374472
19.4308999374472
19.4308999374472
19.4308999374472
19.4308999374472
28.4962891986087
999.99
999.99
999.99
999.99
999.99
999.99
999.99
999.99
999.99
999.99
999.99
999.99
999.99
999.99
999.99
999.99
999.99
999.99
999.99
999.99
999.99
999.99
999.99
999.99
999.99
999.99
999.99
999.99
999.99
999.99
999.99
999.99
999.99
999.99
999.99
999.99
999.99
999.99
999.99
999.99
999.99
999.99
999.99
999.99
999.99
999.99
999.99
999.99
999.99
999.99
999.99
999.99
999.99
999.99
999.99
999.99
999.99
999.99
999.99
19.4308999374472
19.8924334599991
19.8656532271445
19.9311757841745
19.9285726729716
19.8853503401361
19.6282317902771
19.3575496363923
19.4308999374472
19.4308999374472
19.4308999374472
19.4308999374472
19.4308999374472
19.4308999374472
19.4308999374472
19.4308999374472
19.4308999374472
19.4308999374472
19.4308999374472
19.4308999374472
999.99
999.99
999.99
999.99
999.99
999.99
999.99
999.99
999.99
999.99
999.99
999.99
999.99
999.99
999.99
999.99
999.99
999.99
999.99
999.99
999.99
999.99
999.99
999.99
999.99
999.99
999.99
999.99
999.99
999.99
999.99
999.99
999.99
999.99
999.99
999.99
999.99
999.99
999.99
999.99
999.99
999.99
999.99
999.99
999.99
999.99
999.99
999.99
999.99
999.99
999.99
999.99
999.99
999.99
999.99
999.99
999.99
19.4308999374472
19.4308999374472
19.4308999374472
19.4308999374472
19.4308999374472
20.0240229455256
19.9972822299652
19.8377490439364
19.5588292682927
19.4946236933798
19.2672160278746
19.2018246791875
19.5345348432056
19.4308999374472
19.4308999374472
19.4308999374472
19.4308999374472
19.4308999374472
19.4308999374472
19.4308999374472
999.99
999.99
999.99
999.99
999.99
999.99
999.99
999.99
999.99
999.99
999.99
999.99
999.99
999.99
999.99
999.99
999.99
999.99
999.99
999.99
999.99
999.99
999.99
999.99
999.99
999.99
999.99
999.99
999.99
999.99
999.99
999.99
999.99
999.99
999.99
999.99
999.99
999.99
999.99
999.99
999.99
999.99
999.99
999.99
999.99
999.99
999.99
999.99
999.99
999.99
999.99
999.99
999.99
999.99
999.99
999.99
999.99
999.99
999.99
999.99
19.4308999374472
19.4308999374472
19.4308999374472
19.4308999374472
19.4308999374472
19.4308999374472
19.8780487804878
19.8071341463414
19.6654437834622
19.6908170731707
19.3530428316478
19.6018902439024
19.647748958953
19.6054024390244
19.5643152885187
19.4371341463414
19.7444336704343
19.9286876859013
19.4308999374472
20.6994973230219
19.7781463414634
19.482009518144
19.2921463414635
19.3105681142177
999.99
999.99
999.99
999.99
999.99
999.99
999.99
999.99
999.99
999.99
999.99
999.99
999.99
999.99
999.99
999.99
999.99
999.99
999.99
999.99
999.99
999.99
999.99
999.99
999.99
999.99
999.99
999.99
999.99
999.99
999.99
999.99
999.99
999.99
999.99
999.99
999.99
999.99
999.99
999.99
999.99
999.99
999.99
999.99
999.99
999.99
999.99
999.99
999.99
999.99
999.99
19.4308999374472
19.4308999374472
19.4308999374472
19.4308999374472
19.4308999374472
19.4308999374472
19.4308999374472
19.4308999374472
19.4308999374472
19.4308999374472
19.4308999374472
19.4308999374472
20.0360608481346
20.0194059233449
19.9094982578397
19.6545905923345
19.8295149145917
19.8647386759582
19.9508706552223
20.3966463414635
20.5198800033994
20.0216602787456
20.2261858587575
20.1105209059233
20.0944372397382
20.1822529956658
19.967818815331
19.4592081244156
19.0372264808362
18.9715420243053
999.99
999.99
999.99
999.99
999.99
999.99
999.99
999.99
999.99
999.99
999.99
999.99
999.99
999.99
999.99
999.99
999.99
999.99
999.99
999.99
999.99
999.99
999.99
999.99
999.99
999.99
999.99
999.99
999.99
999.99
999.99
999.99
999.99
999.99
999.99
999.99
999.99
999.99
999.99
999.99
999.99
999.99
999.99
999.99
999.99
999.99
19.6994708081924
19.6967979094077
999.99
19.9123379790941
19.7555777173451
19.4308999374472
18.3979395767825
18.3867665505227
29.9201437069727
19.4308999374472
19.4308999374472
19.4308999374472
19.4308999374472
19.4308999374472
19.4308999374472
19.4308999374472
19.4308999374472
19.4308999374472
19.4308999374472
20.0022893685731
20.0915017421603
19.7592857142857
19.5397961672474
19.5366620209059
20.1743641114983
20.6875958188154
20.6144285714285
20.445705107504
20.8203031358885
21.2253277810828
21.1844059233451
999.99
999.99
999.99
999.99
999.99
999.99
999.99
999.99
999.99
999.99
999.99
999.99
999.99
999.99
999.99
999.99
999.99
999.99
999.99
999.99
999.99
999.99
999.99
999.99
999.99
999.99
999.99
999.99
999.99
999.99
999.99
999.99
999.99
999.99
999.99
999.99
999.99
999.99
999.99
999.99
999.99
999.99
999.99
999.99
999.99
999.99
999.99
999.99
19.7527384857573
19.5559834079974
19.6457366404027
19.8582882030861
19.7629387755102
19.7179105691057
19.8402484672632
19.7512344449975
19.3121674497282
19.3881206238594
19.4783537414966
19.4308999374472
19.4308999374472
19.4308999374472
19.4308999374472
19.4308999374472
19.4308999374472
19.4308999374472
19.4308999374472
19.4308999374472
19.4308999374472
19.4308999374472
19.9774951053592
20.0105050929354
20.0885691886511
20.4355510204082
20.3732176041148
20.4819193345393
20.4204194458271
999.99
999.99
999.99
999.99
999.99
999.99
999.99
999.99
999.99
999.99
999.99
999.99
999.99
999.99
999.99
999.99
999.99
999.99
999.99
999.99
999.99
999.99
999.99
999.99
999.99
999.99
999.99
999.99
999.99
999.99
999.99
999.99
999.99
999.99
999.99
999.99
999.99
999.99
999.99
999.99
999.99
999.99
999.99
999.99
999.99
999.99
999.99
999.99
999.99
999.99
999.99
19.1012891986064
19.3084103849749
19.2010975609756
19.2600928019036
19.418850174216
19.9076027874564
20.0144738675958
20.0204141242459
20.0788536585366
19.7351271352086
19.3963902439024
19.2527317073171
22.1032090592289
19.1976957593269
22.3872299651521
19.4308999374472
19.4308999374472
19.4308999374472
19.4308999374472
19.4308999374472
19.4308999374472
19.4308999374472
20.0270294042661
19.8079337979093
19.9099652417779
19.9021236933798
20.0058378516189
20.2741707317073
20.2983135888502
999.99
999.99
999.99
999.99
999.99
999.99
999.99
999.99
999.99
999.99
999.99
999.99
999.99
999.99
999.99
999.99
999.99
999.99
999.99
999.99
999.99
999.99
999.99
999.99
999.99
999.99
999.99
999.99
999.99
999.99
999.99
999.99
999.99
999.99
999.99
999.99
999.99
999.99
999.99
999.99
999.99
999.99
17.6637662631977
999.99
999.99
18.1592778330845
18.2437155928403
18.0568743985399
17.9587667285832
18.0690922515348
18.290113707827
18.2053537414966
18.1950139372822
21.3738820408165
18.8125661191306
19.1416320500836
19.3238491786959
19.3939562052066
19.5503091090094
19.6249734649362
20.2552760909242
20.6378445572161
20.4318959681434
20.3855517447907
22.214794634146
19.5432797573521
19.8308911564626
19.8631479723359
30.9648767214431
19.4308999374472
34.1373200597395
19.4308999374472
19.4308999374472
19.4308999374472
18.7004922928124
19.2233179027708
999.99
999.99
999.99
999.99
999.99
999.99
999.99
999.99
999.99
999.99
999.99
999.99
999.99
999.99
999.99
999.99
999.99
999.99
999.99
999.99
999.99
999.99
999.99
999.99
999.99
999.99
999.99
999.99
999.99
999.99
999.99
999.99
999.99
999.99
999.99
999.99
999.99
999.99
999.99
999.99
999.99
999.99
999.99
999.99
999.99
999.99
999.99
999.99
999.99
17.7765766125605
17.958587108014
18.4305699838531
17.9011045296167
18.3233010113028
18.2694425087108
18.3308311379281
18.3149128919861
18.3590817540579
18.3514839806238
18.3151289198606
18.5454119146766
18.4621951219512
18.6632234214328
18.7729477351916
19.0361133678932
19.3221254355401
19.3961809297187
19.8601777003484
20.0202056598962
19.3567944250871
19.1238547633211
19.1730104529617
19.3778601172772
18.9804250871079
19.2941299396617
999.99
999.99
999.99
999.99
999.99
999.99
999.99
999.99
999.99
999.99
999.99
999.99
999.99
999.99
999.99
999.99
999.99
999.99
999.99
999.99
999.99
999.99
999.99
999.99
999.99
999.99
999.99
999.99
999.99
999.99
999.99
999.99
999.99
999.99
999.99
999.99
999.99
999.99
999.99
999.99
999.99
999.99
999.99
999.99
999.99
999.99
999.99
999.99
999.99
999.99
999.99
999.99
999.99
999.99
999.99
999.99
999.99
17.6868756975723
17.7961777003484
18.1956994419421
18.7875818815331
18.8067096682814
18.8546265969803
18.4333263363644
18.3681120789779
18.1990132007592
18.0969138834594
18.3055261324042
18.3199575649415
18.3562984901278
18.4320381858871
18.588706155633
18.9240024928472
18.896806039489
22.5323775921363
21.7876417421601
999.99
999.99
22.8213240078184
999.99
999.99
999.99
999.99
999.99
999.99
999.99
999.99
999.99
999.99
999.99
999.99
999.99
999.99
999.99
999.99
999.99
999.99
999.99
999.99
999.99
999.99
999.99
999.99
999.99
999.99
999.99
999.99
999.99
999.99
999.99
999.99
999.99
999.99
999.99
999.99
999.99
999.99
999.99
999.99
999.99
999.99
999.99
999.99
999.99
999.99
999.99
999.99
999.99
999.99
999.99
999.99
999.99
999.99
999.99
999.99
999.99
999.99
999.99
999.99
999.99
17.9174205829863
17.9018850174216
17.9727297526982
17.983181184669
18.2496831817795
18.2857770034843
18.4830334834707
18.4266271777003
18.3523329650718
18.4011346137503
18.1870069686411
18.4442222316648
18.5023658536585
18.399383020311
18.4249965156794
999.99
999.99
999.99
999.99
999.99
999.99
999.99
999.99
999.99
999.99
999.99
999.99
999.99
999.99
999.99
999.99
999.99
999.99
999.99
999.99
999.99
999.99
999.99
999.99
999.99
999.99
999.99
999.99
999.99
999.99
999.99
999.99
999.99
999.99
999.99
999.99
999.99
999.99
999.99
999.99
999.99
999.99
999.99
999.99
999.99
999.99
999.99
999.99
999.99
999.99
999.99
999.99
999.99
999.99
999.99
999.99
999.99
999.99
999.99
999.99
999.99
999.99
999.99
999.99
999.99
999.99
999.99
999.99
17.7053556556472
17.8049982578398
17.9686314268718
18.3763571428571
18.4687272881788
18.1911881533101
18.267451092037
18.3980017421603
18.2778282484916
18.2247721594289
18.1741777003484
18.2391640180165
999.99
999.99
999.99
999.99
999.99
999.99
999.99
999.99
999.99
999.99
999.99
999.99
999.99
999.99
999.99
999.99
999.99
999.99
999.99
999.99
999.99
999.99
999.99
999.99
999.99
999.99
999.99
999.99
999.99
999.99
999.99
999.99
999.99
999.99
999.99
999.99
999.99
999.99
999.99
999.99
999.99
999.99
999.99
999.99
999.99
999.99
999.99
999.99
999.99
999.99
999.99
999.99
999.99
999.99
999.99
999.99
999.99
999.99
999.99
999.99
999.99
999.99
999.99
999.99
999.99
999.99
999.99
999.99
999.99
999.99
999.99
999.99
18.3195783972125
18.1750836236934
999.99
999.99
999.99
999.99
999.99
999.99
999.99
999.99
999.99
999.99
999.99
999.99
999.99
999.99
999.99
999.99
999.99
999.99
999.99
999.99
999.99
999.99
999.99
999.99
999.99
999.99
999.99
999.99
999.99
999.99
999.99
999.99
999.99
999.99
999.99
999.99
999.99
999.99
999.99
999.99
999.99
999.99
999.99
999.99
999.99
999.99
999.99
999.99
999.99
999.99
999.99
999.99
999.99
999.99
999.99
999.99
999.99
999.99
999.99
999.99
999.99
999.99
999.99
999.99
999.99
999.99
999.99
999.99
999.99
999.99
999.99
999.99
999.99
999.99
999.99
999.99
999.99
999.99
999.99
999.99
999.99
999.99
999.99
999.99
999.99
999.99
999.99
999.99
999.99
999.99
999.99
999.99
999.99
999.99
999.99
999.99
999.99
999.99
999.99
999.99
999.99
999.99
999.99
999.99
999.99
999.99
999.99
999.99
999.99
999.99
999.99
999.99
999.99
999.99
999.99
999.99
999.99
999.99
999.99
999.99
999.99
999.99
999.99
999.99
999.99
999.99
999.99
999.99
999.99
999.99
999.99
999.99
999.99
999.99
999.99
999.99
999.99
999.99
999.99
999.99
999.99
999.99
999.99
999.99
999.99
999.99
999.99
999.99
999.99
999.99
999.99
999.99
999.99
999.99
999.99
999.99
999.99
999.99
999.99
999.99
999.99
999.99
999.99
999.99
999.99
999.99
999.99
999.99
999.99
999.99
999.99
999.99
999.99
999.99
999.99
999.99
999.99
999.99
999.99
999.99
999.99
999.99
999.99
999.99
999.99
999.99
999.99
999.99
999.99
999.99
999.99
999.99
999.99
999.99
999.99
999.99
999.99
999.99
999.99
999.99
999.99
999.99
999.99
999.99
999.99
999.99
999.99
999.99
999.99
999.99
999.99
999.99
999.99
999.99
999.99
999.99
999.99
999.99
999.99
999.99
999.99
999.99
999.99
999.99
999.99
999.99
999.99
999.99
999.99
999.99
999.99
999.99
999.99
999.99
999.99
999.99
999.99
999.99
999.99
999.99
999.99
999.99
999.99
999.99
999.99
999.99
999.99
999.99
999.99
999.99
999.99
999.99
999.99
999.99
999.99
999.99
999.99
999.99
999.99
999.99
999.99
999.99
999.99
999.99
999.99
999.99
999.99
999.99
999.99
999.99
999.99
999.99
999.99
999.99
999.99
999.99
999.99
999.99
999.99
999.99
999.99
999.99
999.99
999.99
999.99
999.99
999.99
999.99
999.99
999.99
999.99
999.99
999.99
999.99
999.99
999.99
999.99
999.99
999.99
999.99
999.99
999.99
999.99
999.99
999.99
999.99
999.99
999.99
999.99
999.99
999.99
999.99
999.99
999.99
999.99
999.99
999.99
999.99
999.99
999.99
999.99
999.99
999.99
999.99
999.99
999.99
999.99
999.99
999.99
999.99
999.99
999.99
999.99
999.99
999.99
999.99
999.99
999.99
999.99
999.99
999.99
999.99
999.99
999.99
999.99
999.99
999.99
999.99
999.99
999.99
999.99
999.99
999.99
999.99
999.99
999.99
999.99
999.99
999.99
999.99
999.99
999.99
999.99
999.99
999.99
999.99
999.99
999.99
999.99
999.99
999.99
999.99
999.99
999.99
999.99
999.99
999.99
999.99
999.99
999.99
999.99
999.99
999.99
999.99
999.99
999.99
999.99
999.99
999.99
999.99
999.99
999.99
999.99
999.99
999.99
999.99
999.99
999.99
999.99
999.99
999.99
999.99
999.99
999.99
999.99
999.99
999.99
999.99
999.99
999.99
999.99
