999.99
999.99
999.99
999.99
999.99
999.99
999.99
999.99
999.99
999.99
999.99
999.99
999.99
999.99
999.99
999.99
999.99
999.99
999.99
999.99
999.99
999.99
999.99
999.99
999.99
999.99
999.99
999.99
999.99
999.99
999.99
999.99
999.99
999.99
999.99
999.99
999.99
999.99
999.99
999.99
999.99
999.99
999.99
999.99
999.99
999.99
999.99
999.99
999.99
999.99
999.99
999.99
999.99
999.99
999.99
999.99
999.99
999.99
999.99
999.99
999.99
999.99
999.99
999.99
999.99
999.99
999.99
999.99
999.99
999.99
999.99
999.99
999.99
999.99
999.99
999.99
999.99
999.99
999.99
999.99
999.99
999.99
999.99
999.99
999.99
999.99
999.99
999.99
999.99
999.99
999.99
999.99
999.99
999.99
999.99
999.99
999.99
999.99
999.99
999.99
999.99
999.99
999.99
999.99
999.99
999.99
999.99
999.99
999.99
999.99
999.99
999.99
999.99
999.99
999.99
999.99
999.99
999.99
999.99
999.99
999.99
999.99
999.99
999.99
999.99
999.99
999.99
999.99
999.99
999.99
999.99
999.99
999.99
999.99
18.4165001274751
18.0074106399252
18.2620313588851
18.4669397467494
18.7265156794425
18.6444106399252
18.3297038327527
18.1345270672219
18.4595191637631
18.4640871929974
18.2380522648083
17.971027194697
18.133
18.4357131809297
18.4781533101045
18.4374662190873
18.293212543554
17.9750597433501
17.8137909407666
17.7625156794425
17.662275261324
999.99
999.99
999.99
999.99
999.99
999.99
999.99
999.99
999.99
999.99
999.99
999.99
999.99
999.99
999.99
999.99
999.99
999.99
999.99
999.99
999.99
999.99
999.99
999.99
999.99
999.99
999.99
999.99
999.99
999.99
999.99
999.99
999.99
999.99
999.99
999.99
999.99
999.99
999.99
999.99
999.99
999.99
999.99
999.99
999.99
999.99
999.99
999.99
999.99
999.99
999.99
999.99
999.99
999.99
999.99
999.99
999.99
999.99
999.99
999.99
999.99
999.99
18.7866004625527
18.1079444390487
18.1974121453459
18.4185649880416
18.4269678944749
18.5837065097306
19.0849601791936
19.1522339229565
19.1258631159781
18.751429275577
18.6473725734196
18.4837279073438
18.4054977600796
18.4785645934757
18.4126483325037
18.3161734693878
18.3840639621702
18.0640880671127
17.9601732205077
17.8731065995702
17.6628733200597
999.99
999.99
999.99
999.99
999.99
999.99
999.99
999.99
999.99
999.99
999.99
999.99
999.99
999.99
999.99
999.99
999.99
999.99
999.99
999.99
999.99
999.99
999.99
999.99
999.99
999.99
999.99
999.99
999.99
999.99
999.99
999.99
999.99
999.99
999.99
999.99
999.99
999.99
999.99
999.99
999.99
999.99
999.99
999.99
999.99
999.99
999.99
999.99
999.99
999.99
999.99
999.99
999.99
999.99
999.99
999.99
999.99
999.99
999.99
999.99
999.99
999.99
18.4512195971785
18.3505055664145
18.0824982578397
17.9096977989291
17.3460313588849
18.4288601172771
18.2919756097561
25.5991997960282
19.5986668032664
18.2701870485255
17.8397735191638
17.9382369337979
18.0416933797909
18.2465373502167
18.3728954703833
18.3866625308064
18.3973554006969
18.0548272286905
17.8582020905924
17.6084905243478
17.6397665505227
999.99
999.99
999.99
999.99
999.99
999.99
999.99
999.99
999.99
999.99
999.99
999.99
999.99
999.99
999.99
999.99
999.99
999.99
999.99
999.99
999.99
999.99
999.99
999.99
999.99
999.99
999.99
999.99
999.99
999.99
999.99
999.99
999.99
999.99
999.99
999.99
999.99
999.99
999.99
999.99
999.99
999.99
999.99
999.99
999.99
999.99
999.99
999.99
999.99
999.99
999.99
999.99
999.99
999.99
999.99
999.99
999.99
999.99
999.99
999.99
999.99
999.99
18.7713028809382
18.8734023965327
18.3015783972125
18.092837681652
17.6488710801393
17.9986264978329
17.8587142857144
17.6612096541175
17.5909721254355
17.7006968641115
18.0143240418119
18.1304216027874
18.3744181184669
18.6052485765276
18.5980696864111
18.5157431800799
18.2362578397213
18.0887002634487
17.8802682926829
17.7514181184669
39.9629442508724
999.99
999.99
999.99
999.99
999.99
999.99
999.99
999.99
999.99
999.99
999.99
999.99
999.99
999.99
999.99
999.99
999.99
999.99
999.99
999.99
999.99
999.99
999.99
999.99
999.99
999.99
999.99
999.99
999.99
999.99
999.99
999.99
999.99
999.99
999.99
999.99
999.99
999.99
999.99
999.99
999.99
999.99
999.99
999.99
999.99
999.99
999.99
999.99
999.99
999.99
999.99
999.99
999.99
999.99
999.99
999.99
999.99
999.99
999.99
999.99
999.99
999.99
999.99
18.5712722019206
18.7246236933798
18.6500933118042
18.2576306620208
17.9402490014447
17.9248606271777
17.840123650888
18.0155888501742
18.088371292598
18.3296968641115
18.542385399847
18.3281149825784
18.6275330160619
18.7956271777004
18.8450801393728
18.9374808362369
18.7310985807768
18.1359128919861
17.647551287499
39.6522299651582
19.5986668032664
999.99
999.99
999.99
999.99
999.99
999.99
999.99
999.99
999.99
999.99
999.99
999.99
999.99
999.99
999.99
999.99
999.99
999.99
999.99
999.99
999.99
999.99
999.99
999.99
999.99
999.99
999.99
999.99
999.99
999.99
999.99
999.99
999.99
999.99
999.99
999.99
999.99
999.99
999.99
999.99
999.99
999.99
999.99
999.99
999.99
999.99
999.99
999.99
999.99
999.99
999.99
999.99
999.99
999.99
999.99
999.99
999.99
999.99
999.99
999.99
999.99
18.5151779552987
18.5914562760262
18.6285470383275
18.7037966346562
18.486975609756
18.1687587320473
17.9677108013938
17.8210707062124
17.7023240418119
17.6642583496218
18.5543240418119
18.4923048355571
18.1700209059233
18.278039092377
18.6470766550523
18.8039752698224
18.8220522648084
18.7819475652248
18.6597944250871
18.2864632446673
17.7019616724739
999.99
999.99
999.99
999.99
999.99
999.99
999.99
999.99
999.99
999.99
999.99
999.99
999.99
999.99
999.99
999.99
999.99
999.99
999.99
999.99
999.99
999.99
999.99
999.99
999.99
999.99
999.99
999.99
999.99
999.99
999.99
999.99
999.99
999.99
999.99
999.99
999.99
999.99
999.99
999.99
999.99
999.99
999.99
999.99
999.99
999.99
999.99
999.99
999.99
999.99
999.99
999.99
999.99
999.99
999.99
999.99
999.99
999.99
999.99
999.99
999.99
999.99
999.99
999.99
18.6713344947735
18.5790371377581
18.3474459930312
18.2024559927481
18.2084889663182
18.1122857142857
18.0900766550523
18.4361608736297
18.6262659698025
18.4380984674655
18.4767816492451
18.6686367524999
18.6146655052265
18.8442091442169
19.065
19.0412701056627
18.8809605110337
18.5161461998244
17.9639663182346
17.3186791875584
19.5986668032664
999.99
999.99
999.99
999.99
999.99
999.99
999.99
999.99
999.99
999.99
999.99
999.99
999.99
999.99
999.99
999.99
999.99
999.99
999.99
999.99
999.99
999.99
999.99
999.99
999.99
999.99
999.99
999.99
999.99
999.99
999.99
999.99
999.99
999.99
999.99
999.99
999.99
999.99
999.99
999.99
999.99
999.99
999.99
999.99
999.99
999.99
999.99
999.99
999.99
999.99
999.99
999.99
999.99
999.99
999.99
999.99
999.99
999.99
999.99
999.99
999.99
999.99
999.99
17.9729024390244
17.9350139372822
17.7761541599388
17.9932090592334
18.2682306450242
18.5454843205575
18.7150173366194
18.7553728222997
18.8267062122886
18.9302822299652
18.8225365003824
18.6972473867596
18.8783440129175
18.9480522648084
18.9290146171497
18.9890452961672
18.8908748194102
18.6319930313589
18.4585087108014
17.8214240673068
17.4588153310105
999.99
999.99
999.99
999.99
999.99
999.99
999.99
999.99
999.99
999.99
999.99
999.99
999.99
999.99
999.99
999.99
999.99
999.99
999.99
999.99
999.99
999.99
999.99
999.99
999.99
999.99
999.99
999.99
999.99
999.99
999.99
999.99
999.99
999.99
999.99
999.99
999.99
999.99
999.99
999.99
999.99
999.99
999.99
999.99
999.99
999.99
999.99
999.99
999.99
999.99
999.99
999.99
999.99
999.99
999.99
999.99
999.99
999.99
18.4763653558985
18.2740881520961
18.0248742407136
18.0543953874233
18.2257716050132
18.3521514849843
18.5764914025098
18.485025219844
18.6773309092822
18.6966870748299
19.2155431574176
19.3905004148001
19.4198562039926
18.9402279741165
18.836362939941
19.0107911066866
19.0218024013889
18.8970570764891
18.9435646258503
19.0503857640617
19.1732295645206
999.99
999.99
999.99
999.99
999.99
999.99
999.99
999.99
999.99
999.99
999.99
999.99
999.99
999.99
999.99
999.99
999.99
999.99
999.99
999.99
999.99
999.99
999.99
999.99
999.99
999.99
999.99
999.99
999.99
999.99
999.99
999.99
999.99
999.99
999.99
999.99
999.99
999.99
999.99
999.99
999.99
999.99
999.99
999.99
999.99
999.99
999.99
999.99
999.99
999.99
999.99
999.99
999.99
999.99
999.99
999.99
999.99
999.99
999.99
999.99
999.99
999.99
999.99
18.4236236933798
18.7624317158154
18.7615017421603
18.5169883572704
18.8260069686411
18.8170815840911
19.1334634146341
19.1379542789156
19.1189303135888
19.1458312229115
18.9735121951219
18.6291579841931
18.6291567944251
18.2916199541089
18.9135017421603
19.0885349706807
19.0652543554007
19.125031358885
19.1332822299652
19.2022721169372
19.3057839721254
999.99
999.99
999.99
999.99
999.99
999.99
999.99
999.99
999.99
999.99
999.99
999.99
999.99
999.99
999.99
999.99
999.99
999.99
999.99
999.99
999.99
999.99
999.99
999.99
999.99
999.99
999.99
999.99
999.99
999.99
999.99
999.99
999.99
999.99
999.99
999.99
999.99
999.99
999.99
999.99
999.99
999.99
999.99
999.99
999.99
999.99
999.99
999.99
999.99
999.99
999.99
999.99
999.99
999.99
999.99
999.99
999.99
999.99
999.99
999.99
999.99
999.99
18.7819482693732
18.9654703347133
19.1275367512859
19.2814209512479
19.0101700680271
18.8634044604159
18.7713631989381
18.5960759347165
18.6851043636967
18.5930544217687
18.6454071677451
18.4366730161428
18.1637380122781
18.2481366938209
18.8805019080803
18.7805513401077
18.8862367678779
19.1125245055785
19.3639452463912
19.3867768699389
19.3054781815165
999.99
999.99
999.99
999.99
999.99
999.99
999.99
999.99
999.99
999.99
999.99
999.99
999.99
999.99
999.99
999.99
999.99
999.99
999.99
999.99
999.99
999.99
999.99
999.99
999.99
999.99
999.99
999.99
999.99
999.99
999.99
999.99
999.99
999.99
999.99
999.99
999.99
999.99
999.99
999.99
999.99
999.99
999.99
999.99
999.99
999.99
999.99
999.99
999.99
999.99
999.99
999.99
999.99
999.99
999.99
999.99
999.99
999.99
999.99
999.99
999.99
999.99
999.99
999.99
999.99
999.99
18.6848710801394
18.94378805133
18.8432543554007
18.8537793830203
18.8663588850174
18.9516234384295
18.771724738676
18.4023875244328
18.4197142857143
18.5155291068242
18.6304947735192
18.7103247216793
18.8427386759582
19.0950497153054
19.3650139372822
19.3382186623608
19.1673972125435
19.0101387779383
18.6298313078949
18.0746289198606
17.7688807682502
999.99
999.99
999.99
999.99
999.99
999.99
999.99
999.99
999.99
999.99
999.99
999.99
999.99
999.99
999.99
999.99
999.99
999.99
999.99
999.99
999.99
999.99
999.99
999.99
999.99
999.99
999.99
999.99
999.99
999.99
999.99
999.99
999.99
999.99
999.99
999.99
999.99
999.99
999.99
999.99
999.99
999.99
999.99
999.99
999.99
999.99
999.99
999.99
999.99
999.99
999.99
999.99
999.99
999.99
999.99
999.99
999.99
999.99
999.99
999.99
999.99
999.99
19.4287595818814
19.0742772159429
18.8338118466899
18.8290676468089
18.9471149825784
18.9578075125351
18.948850174216
18.6898117617065
18.6447491289199
18.6430490354381
18.6714494773519
18.8971331690321
18.9613554006969
19.2436066966941
19.258362369338
19.264427466644
19.0666794425087
18.9449349876774
18.7278540834537
18.2476951219512
17.8454927339168
999.99
999.99
999.99
999.99
999.99
999.99
999.99
999.99
999.99
999.99
999.99
999.99
999.99
999.99
999.99
999.99
999.99
999.99
999.99
999.99
999.99
999.99
999.99
999.99
999.99
999.99
999.99
999.99
999.99
999.99
999.99
999.99
999.99
999.99
999.99
999.99
999.99
999.99
999.99
999.99
999.99
999.99
999.99
999.99
999.99
999.99
999.99
999.99
999.99
999.99
999.99
999.99
999.99
999.99
999.99
999.99
999.99
999.99
999.99
999.99
999.99
999.99
19.2837073170731
19.3368155859607
19.1774878048781
19.1113224271267
19.0001219512195
19.0429500297442
18.8511707317073
18.8442099940512
18.637487804878
18.5685942891136
18.8442926829269
18.841506246282
18.9527804878049
19.0302195121951
18.9149024390244
18.9476258179655
18.7484634146341
18.6136924449732
18.429992266508
18.0425853658537
18.0243349196906
999.99
999.99
999.99
999.99
999.99
999.99
999.99
999.99
999.99
999.99
999.99
999.99
999.99
999.99
999.99
999.99
999.99
999.99
999.99
999.99
999.99
999.99
999.99
999.99
999.99
999.99
999.99
999.99
999.99
999.99
999.99
999.99
999.99
999.99
999.99
999.99
999.99
999.99
999.99
999.99
999.99
999.99
999.99
999.99
999.99
999.99
999.99
999.99
999.99
999.99
999.99
999.99
999.99
999.99
999.99
999.99
999.99
999.99
999.99
999.99
999.99
999.99
999.99
19.960025410045
20.0369895470383
19.665021245857
19.7665087108014
19.796885102405
19.3554390243902
18.8704921390329
18.5703797909408
18.8029707657007
18.9992578397213
19.0380505651398
18.9460278745645
18.8805522223167
18.8986794425087
18.905666610011
18.8802857142857
18.8084339253845
18.7518239993202
18.9337909407665
18.6194329905668
17.7763013937281
999.99
999.99
999.99
999.99
999.99
999.99
999.99
999.99
999.99
999.99
999.99
999.99
999.99
999.99
999.99
999.99
999.99
999.99
999.99
999.99
999.99
999.99
999.99
999.99
999.99
999.99
999.99
999.99
999.99
999.99
999.99
999.99
999.99
999.99
999.99
999.99
999.99
999.99
999.99
999.99
999.99
999.99
999.99
999.99
999.99
999.99
999.99
999.99
999.99
999.99
999.99
999.99
999.99
999.99
999.99
999.99
999.99
999.99
999.99
999.99
999.99
999.99
20.0246229507865
20.1147164426746
20.0915506723808
20.2504114816658
19.9224678337724
19.4926734693878
19.4649408596276
19.70806230297
19.8967221911965
19.8395410652066
19.7161088435374
19.5502833914053
18.9113677212706
18.9984426746308
19.2393876680952
19.3615540899287
19.1706631782993
18.9994082765765
19.0382714451634
18.9569802555168
18.9073155798905
999.99
999.99
999.99
999.99
999.99
999.99
999.99
999.99
999.99
999.99
999.99
999.99
999.99
999.99
999.99
999.99
999.99
999.99
999.99
999.99
999.99
999.99
999.99
999.99
999.99
999.99
999.99
999.99
999.99
999.99
999.99
999.99
999.99
999.99
999.99
999.99
999.99
999.99
999.99
999.99
999.99
999.99
999.99
999.99
999.99
999.99
999.99
999.99
999.99
999.99
999.99
999.99
999.99
999.99
999.99
999.99
999.99
999.99
999.99
999.99
999.99
999.99
999.99
999.99
20.2945212033653
20.404905923345
19.9729383870145
19.6908850174216
19.451921815246
19.2463972125436
19.2351204215178
19.465630662021
19.1776717090166
18.9508954703833
18.8737026429847
19.1771707317072
19.6786833517464
19.7985087108014
19.6104998725248
19.2630113027959
19.0502595818815
19.0639693209824
18.9365452961672
18.8165631001955
18.0502473867596
999.99
999.99
999.99
999.99
999.99
999.99
999.99
999.99
999.99
999.99
999.99
999.99
999.99
999.99
999.99
999.99
999.99
999.99
999.99
999.99
999.99
999.99
999.99
999.99
999.99
999.99
999.99
999.99
999.99
999.99
999.99
999.99
999.99
999.99
999.99
999.99
999.99
999.99
999.99
999.99
999.99
999.99
999.99
999.99
999.99
999.99
999.99
999.99
999.99
999.99
999.99
999.99
999.99
999.99
999.99
999.99
999.99
999.99
999.99
999.99
999.99
999.99
19.9472965860943
19.9586144018583
19.9419341965222
19.6651975277916
19.3706578607648
19.0815031524805
19.1409591836735
19.4477742658039
19.4929725827274
19.4388739007799
19.6041251320279
19.1044285714285
19.9561061786999
20.154593827775
19.8989132966691
19.5637882840227
19.3097887838062
19.1324975759489
19.1234202754272
18.9416676095781
18.3526555500249
999.99
999.99
999.99
999.99
999.99
999.99
999.99
999.99
999.99
999.99
999.99
999.99
999.99
999.99
999.99
999.99
999.99
999.99
999.99
999.99
999.99
999.99
999.99
999.99
999.99
999.99
999.99
999.99
999.99
999.99
999.99
999.99
999.99
999.99
999.99
999.99
999.99
999.99
999.99
999.99
999.99
999.99
999.99
999.99
999.99
999.99
999.99
999.99
999.99
999.99
999.99
999.99
999.99
999.99
999.99
999.99
999.99
999.99
999.99
999.99
999.99
20.2951358885017
19.8314457380811
19.7765714285714
19.6363922835047
19.6917839721255
19.7811017251636
19.8635226480836
19.3728628367468
19.3868675958188
19.5594242372738
19.1207282229965
19.6160109628621
19.7007526132404
19.7674790515849
19.8478222996516
19.802567774284
19.6175261324041
19.3217770034843
19.2008780487805
19.0770801393728
18.7425105804369
999.99
999.99
999.99
999.99
999.99
999.99
999.99
999.99
999.99
999.99
999.99
999.99
999.99
999.99
999.99
999.99
999.99
999.99
999.99
999.99
999.99
999.99
999.99
999.99
999.99
999.99
999.99
999.99
999.99
999.99
999.99
999.99
999.99
999.99
999.99
999.99
999.99
999.99
999.99
999.99
999.99
999.99
999.99
999.99
999.99
999.99
999.99
999.99
999.99
999.99
999.99
999.99
999.99
999.99
999.99
999.99
999.99
999.99
999.99
999.99
999.99
999.99
999.99
999.99
999.99
19.8270234878008
19.9518072009291
19.8837142857143
19.8036021237763
19.6921171759602
19.389218848515
19.5020582844679
19.2720304463249
19.233553604309
19.3046921353907
19.6144284985856
19.9251994358719
19.9864285714286
19.6696539980656
19.3365457939273
18.8009314082563
18.590700182512
18.2357993197279
17.9412448979592
17.7499604240268
19.5986668032664
999.99
999.99
999.99
999.99
999.99
999.99
999.99
999.99
999.99
999.99
999.99
999.99
999.99
999.99
999.99
999.99
999.99
999.99
999.99
999.99
999.99
999.99
999.99
999.99
999.99
999.99
999.99
999.99
999.99
999.99
999.99
999.99
999.99
999.99
999.99
999.99
999.99
999.99
999.99
999.99
999.99
999.99
999.99
999.99
999.99
999.99
999.99
999.99
999.99
999.99
999.99
999.99
999.99
999.99
999.99
999.99
999.99
999.99
999.99
999.99
999.99
19.624512195122
19.9844836406901
19.8300731707317
19.9456960142772
19.804243902439
19.6987037477692
19.5571463414634
19.4286276026175
19.2838048780488
19.2976341463415
19.1277317073171
19.2680392623438
19.2960487804878
19.2905550267698
19.1626276026174
18.6799024390244
18.4817257584771
18.1138292682926
17.645523497918
19.5986668032664
999.99
999.99
999.99
999.99
999.99
999.99
999.99
999.99
999.99
999.99
999.99
999.99
999.99
999.99
999.99
999.99
999.99
999.99
999.99
999.99
999.99
999.99
999.99
999.99
999.99
999.99
999.99
999.99
999.99
999.99
999.99
999.99
999.99
999.99
999.99
999.99
999.99
999.99
999.99
999.99
999.99
999.99
999.99
999.99
999.99
999.99
999.99
999.99
999.99
999.99
999.99
999.99
999.99
999.99
999.99
999.99
999.99
999.99
999.99
999.99
999.99
999.99
20.1593716325317
20.0294041811847
20.0452731367383
19.9986167247387
19.9256508030934
19.5617735191638
19.2549721254355
19.0081846689896
19.336302625988
19.5094355400697
19.7021461714965
19.8143902439024
19.689753718025
19.5356550522648
19.3935466983938
19.2290658621569
19.0102770034843
18.5236331265403
18.1105905923345
17.8728256989887
999.99
999.99
999.99
999.99
999.99
999.99
999.99
999.99
999.99
999.99
999.99
999.99
999.99
999.99
999.99
999.99
999.99
999.99
999.99
999.99
999.99
999.99
999.99
999.99
999.99
999.99
999.99
999.99
999.99
999.99
999.99
999.99
999.99
999.99
999.99
999.99
999.99
999.99
999.99
999.99
999.99
999.99
999.99
999.99
999.99
999.99
999.99
999.99
999.99
999.99
999.99
999.99
999.99
999.99
999.99
999.99
999.99
999.99
999.99
999.99
999.99
999.99
999.99
999.99
20.0776515679443
19.986738845925
19.8772717770035
19.6840985807768
19.6209442508711
19.5451177870315
19.4395331010453
19.4241184668989
19.4514355400697
19.2878153310104
19.508094076655
19.6604226225886
19.6325679442509
19.0732796804623
18.8994344352851
18.8424599303136
18.6075473782612
18.086944250871
17.601396702643
19.5986668032664
999.99
999.99
999.99
999.99
999.99
999.99
999.99
999.99
999.99
999.99
999.99
999.99
999.99
999.99
999.99
999.99
999.99
999.99
999.99
999.99
999.99
999.99
999.99
999.99
999.99
999.99
999.99
999.99
999.99
999.99
999.99
999.99
999.99
999.99
999.99
999.99
999.99
999.99
999.99
999.99
999.99
999.99
999.99
999.99
999.99
999.99
999.99
999.99
999.99
999.99
999.99
999.99
999.99
999.99
999.99
999.99
999.99
999.99
999.99
999.99
999.99
20.2885853658537
20.2343108693805
20.0849094076655
20.0879484150591
19.8955400696864
19.680749553837
19.8982857142857
19.821774963882
19.674118466899
19.6037392708421
19.6660905923345
20.1217861816945
20.1920487804878
19.8329655817116
19.7478641114983
19.6181921475312
19.3442967621314
19.0641271777004
18.6316215687941
17.9700139372822
999.99
999.99
999.99
999.99
999.99
999.99
999.99
999.99
999.99
999.99
999.99
999.99
999.99
999.99
999.99
999.99
999.99
999.99
999.99
999.99
999.99
999.99
999.99
999.99
999.99
999.99
999.99
999.99
999.99
999.99
999.99
999.99
999.99
999.99
999.99
999.99
999.99
999.99
999.99
999.99
999.99
999.99
999.99
999.99
999.99
999.99
999.99
999.99
999.99
999.99
999.99
999.99
999.99
999.99
999.99
999.99
999.99
999.99
999.99
999.99
999.99
999.99
999.99
999.99
20.2078669159514
20.2072648083624
20.195499702558
19.7556585365853
19.4018672558851
19.6823101045296
19.8628597773434
19.2811986062719
19.3015819665166
19.6599442508711
20.1167548228095
20.1537317073171
19.9282363389139
19.7425679442509
19.6037245687091
19.3609477351917
19.1962682926829
18.7419713605847
18.0217682926828
17.32456123056
999.99
999.99
999.99
999.99
999.99
999.99
999.99
999.99
999.99
999.99
999.99
999.99
999.99
999.99
999.99
999.99
999.99
999.99
999.99
999.99
999.99
999.99
999.99
999.99
999.99
999.99
999.99
999.99
999.99
999.99
999.99
999.99
999.99
999.99
999.99
999.99
999.99
999.99
999.99
999.99
999.99
999.99
999.99
999.99
999.99
999.99
999.99
999.99
999.99
999.99
999.99
999.99
999.99
999.99
999.99
999.99
999.99
999.99
999.99
999.99
999.99
999.99
20.2609163763066
20.2121878983598
20.1919128919861
20.1598061528002
19.9969581881533
19.6602648933458
19.8124041811847
19.3933916886207
20.112787456446
20.068960312739
19.9535644599303
19.9456496133254
20.0245191637631
19.9816132404181
19.9659442508711
19.9866810571939
20.0084254270417
19.6378466898955
18.9742649783292
18.1858972125435
999.99
999.99
999.99
999.99
999.99
999.99
999.99
999.99
999.99
999.99
999.99
999.99
999.99
999.99
999.99
999.99
999.99
999.99
999.99
999.99
999.99
999.99
999.99
999.99
999.99
999.99
999.99
999.99
999.99
999.99
999.99
999.99
999.99
999.99
999.99
999.99
999.99
999.99
999.99
999.99
999.99
999.99
999.99
999.99
999.99
999.99
999.99
999.99
999.99
999.99
999.99
999.99
999.99
999.99
999.99
999.99
999.99
999.99
999.99
999.99
999.99
999.99
999.99
999.99
999.99
20.1920637132902
20.1211493887263
20.0912916874067
20.1689209532713
19.9962553509209
19.7285637436414
19.8533349925336
19.7012914445969
19.6558954703833
19.671623426289
19.7105395719263
19.7522455049837
19.9054738675958
19.9657224926854
19.873
19.9028504230961
19.6234842719955
19.0922767546042
18.2382740472751
17.7081836734694
999.99
999.99
999.99
999.99
999.99
999.99
999.99
999.99
999.99
999.99
999.99
999.99
999.99
999.99
999.99
999.99
999.99
999.99
999.99
999.99
999.99
999.99
999.99
999.99
999.99
999.99
999.99
999.99
999.99
999.99
999.99
999.99
999.99
999.99
999.99
999.99
999.99
999.99
999.99
999.99
999.99
999.99
999.99
999.99
999.99
999.99
999.99
999.99
999.99
999.99
999.99
999.99
999.99
999.99
999.99
999.99
999.99
999.99
999.99
999.99
999.99
999.99
999.99
20.424
20.3685484830458
20.4370731707317
20.3521118381916
20.6150975609756
20.2577233789411
19.9168292682927
19.7502141582391
19.8450243902439
19.6132159428912
19.4966097560975
19.6627275431291
19.6590243902439
19.6522903033908
19.6896454491374
19.6645609756098
19.5174467578822
19.1155487804878
18.7020255800119
18.3920365853659
999.99
999.99
999.99
999.99
999.99
999.99
999.99
999.99
999.99
999.99
999.99
999.99
999.99
999.99
999.99
999.99
999.99
999.99
999.99
999.99
999.99
999.99
999.99
999.99
999.99
999.99
999.99
999.99
999.99
999.99
999.99
999.99
999.99
999.99
999.99
999.99
999.99
999.99
999.99
999.99
999.99
999.99
999.99
999.99
999.99
999.99
999.99
999.99
999.99
999.99
999.99
999.99
999.99
999.99
999.99
999.99
999.99
999.99
999.99
999.99
999.99
999.99
20.2529514987435
20.2676147336984
20.125899331059
20.1292867098059
20.0682264808362
20.2834400199104
20.425555378844
19.7843852663016
19.8128048052058
19.8863862618218
19.8275596644369
19.7074255848681
19.6166265099734
19.5167511199602
19.441490779298
19.3827023273319
19.2724009457442
19.2736379098933
19.096037580886
18.5286457647902
999.99
999.99
999.99
999.99
999.99
999.99
999.99
999.99
999.99
999.99
999.99
999.99
999.99
999.99
999.99
999.99
999.99
999.99
999.99
999.99
999.99
999.99
999.99
999.99
999.99
999.99
999.99
999.99
999.99
999.99
999.99
999.99
999.99
999.99
999.99
999.99
999.99
999.99
999.99
999.99
999.99
999.99
999.99
999.99
999.99
999.99
999.99
999.99
999.99
999.99
999.99
999.99
999.99
999.99
999.99
999.99
999.99
999.99
999.99
999.99
999.99
999.99
999.99
20.7281171921475
20.4355714285715
20.1709070281295
19.9838885017421
20.2232285204385
20.086243902439
19.9357935752528
19.809787456446
19.5725786521628
19.62293728223
19.4562672728818
19.414543554007
19.1611788901164
18.8546864111498
18.9425864706382
18.6367860967111
18.7042334494773
18.6190922920031
18.3421602787456
18.1030656072066
999.99
999.99
999.99
999.99
999.99
999.99
999.99
999.99
999.99
999.99
999.99
999.99
999.99
999.99
999.99
999.99
999.99
999.99
999.99
999.99
999.99
999.99
999.99
999.99
999.99
999.99
999.99
999.99
999.99
999.99
999.99
999.99
999.99
999.99
999.99
999.99
999.99
999.99
999.99
999.99
999.99
999.99
999.99
999.99
999.99
999.99
999.99
999.99
999.99
999.99
999.99
999.99
999.99
999.99
999.99
999.99
999.99
999.99
999.99
999.99
999.99
20.8641806747684
20.8465783972125
20.9401695419393
20.9781080139373
21.0741890031444
21.0006097560976
20.8707661256055
20.9505470383275
20.6318974250021
20.0363031358885
19.7926723888841
20.0573275261324
19.9729718704852
19.7740766550523
19.4630920370527
19.6734634146342
19.17742984618
18.7330544743775
18.604756097561
18.3101219512195
999.99
999.99
999.99
999.99
999.99
999.99
999.99
999.99
999.99
999.99
999.99
999.99
999.99
999.99
999.99
999.99
999.99
999.99
999.99
999.99
999.99
999.99
999.99
999.99
999.99
999.99
999.99
999.99
999.99
999.99
999.99
999.99
999.99
999.99
999.99
999.99
999.99
999.99
999.99
999.99
999.99
999.99
999.99
999.99
999.99
999.99
999.99
999.99
999.99
999.99
999.99
999.99
999.99
999.99
999.99
999.99
999.99
999.99
999.99
999.99
999.99
999.99
999.99
999.99
20.8279233449478
20.8972246112008
21.0747177700348
21.2053379790941
21.2294634146342
21.0026365258774
21.2405365853659
21.1082124585706
20.6851254355399
20.31406271777
20.0215818815331
20.0714608651313
19.8494076655053
19.7702568199201
19.302756097561
18.9074896745134
18.7292536755332
18.779818815331
18.2088668309679
17.6486202090592
999.99
999.99
999.99
999.99
999.99
999.99
999.99
999.99
999.99
999.99
999.99
999.99
999.99
999.99
999.99
999.99
999.99
999.99
999.99
999.99
999.99
999.99
999.99
999.99
999.99
999.99
999.99
999.99
999.99
999.99
999.99
999.99
999.99
999.99
999.99
999.99
999.99
999.99
999.99
999.99
999.99
999.99
999.99
999.99
999.99
999.99
999.99
999.99
999.99
999.99
999.99
999.99
999.99
999.99
999.99
999.99
999.99
999.99
999.99
999.99
999.99
999.99
999.99
21.0989825783972
21.0543195376902
20.8185296167247
21.2137669754398
21.2708397212543
21.0852601342738
20.9375296167247
21.3011919775644
21.104637630662
20.6346046570919
20.4658118466899
20.2035375201836
20.2252334494774
20.2305888501742
19.8946132404181
19.7737043426532
19.4074246621908
19.2412473867596
18.5060413019461
17.6026655052264
999.99
999.99
999.99
999.99
999.99
999.99
999.99
999.99
999.99
999.99
999.99
999.99
999.99
999.99
999.99
999.99
999.99
999.99
999.99
999.99
999.99
999.99
999.99
999.99
999.99
999.99
999.99
999.99
999.99
999.99
999.99
999.99
999.99
999.99
999.99
999.99
999.99
999.99
999.99
999.99
999.99
999.99
999.99
999.99
999.99
999.99
999.99
999.99
999.99
999.99
999.99
999.99
999.99
999.99
999.99
999.99
999.99
999.99
999.99
999.99
999.99
999.99
20.9377238038582
20.9201254355401
27.7283224271154
30.9231602787495
20.8176184244072
20.8777351916377
20.6619324381747
20.9423902439024
20.9370464859352
20.8716898954704
21.0914442933627
20.7721289198606
20.5901769354977
20.2765261324042
20.2298236593864
19.9272160278746
19.8159615874904
19.5083174980878
19.182331010453
18.872463584601
999.99
999.99
999.99
999.99
999.99
999.99
999.99
999.99
999.99
999.99
999.99
999.99
999.99
999.99
999.99
999.99
999.99
999.99
999.99
999.99
999.99
999.99
999.99
999.99
999.99
999.99
999.99
999.99
999.99
999.99
999.99
999.99
999.99
999.99
999.99
999.99
999.99
999.99
999.99
999.99
999.99
999.99
999.99
999.99
999.99
999.99
999.99
999.99
999.99
999.99
999.99
999.99
999.99
999.99
999.99
999.99
999.99
999.99
999.99
999.99
999.99
999.99
20.4807804878048
20.5215823914337
20.4784146341463
20.5684782867341
20.5013170731707
20.5346466389054
20.5289024390244
20.5852825698989
20.382756097561
20.2353135038667
20.539512195122
20.514753718025
20.6637073170732
20.3587085068412
20.1643658536585
20.219259369423
20.0086341463415
19.8852195121951
19.7620309339678
19.3281585365854
999.99
999.99
999.99
999.99
999.99
999.99
999.99
999.99
999.99
999.99
999.99
999.99
999.99
999.99
999.99
999.99
999.99
999.99
999.99
999.99
999.99
999.99
999.99
999.99
999.99
999.99
999.99
999.99
999.99
999.99
999.99
999.99
999.99
999.99
999.99
999.99
999.99
999.99
999.99
999.99
999.99
999.99
999.99
999.99
999.99
999.99
999.99
999.99
999.99
999.99
999.99
999.99
999.99
999.99
999.99
999.99
999.99
999.99
999.99
999.99
999.99
999.99
999.99
20.7727887008462
20.7442335020861
20.9399387755102
20.6881171921475
20.7835771528123
20.3831102842089
20.2956899784304
20.5522680438028
20.4430401526464
20.3155797023152
20.54381209557
20.4785846859862
20.3766393728223
20.3959913600182
20.3281042807367
20.39333085465
20.3188344118135
19.8668997579996
19.3804999979765
18.7159476522317
999.99
999.99
999.99
999.99
999.99
999.99
999.99
999.99
999.99
999.99
999.99
999.99
999.99
999.99
999.99
999.99
999.99
999.99
999.99
999.99
999.99
999.99
999.99
999.99
999.99
999.99
999.99
999.99
999.99
999.99
999.99
999.99
999.99
999.99
999.99
999.99
999.99
999.99
999.99
999.99
999.99
999.99
999.99
999.99
999.99
999.99
999.99
999.99
999.99
999.99
999.99
999.99
999.99
999.99
999.99
999.99
999.99
999.99
999.99
999.99
999.99
999.99
999.99
999.99
20.606353446078
20.680543554007
20.6369513894791
20.6899965156794
20.4587978244242
19.991787456446
19.9269965156794
20.4915365853658
20.6607343418034
20.6361324041812
20.6891448967452
20.6959756097561
20.5143161383531
20.2139268292683
19.9928035183139
19.6241533101045
19.3266883657687
18.9067895810316
17.8585905923345
18.9864327356142
999.99
999.99
999.99
999.99
999.99
999.99
999.99
999.99
999.99
999.99
999.99
999.99
999.99
999.99
999.99
999.99
999.99
999.99
999.99
999.99
999.99
999.99
999.99
999.99
999.99
999.99
999.99
999.99
999.99
999.99
999.99
999.99
999.99
999.99
999.99
999.99
999.99
999.99
999.99
999.99
999.99
999.99
999.99
999.99
999.99
999.99
999.99
999.99
999.99
999.99
999.99
999.99
999.99
999.99
999.99
999.99
999.99
999.99
20.7001642223814
20.6743239183835
20.6339943587191
20.6474353741497
20.5852551020408
20.4110255719182
20.4643715778995
20.1978206060533
20.3472448979592
20.5368169679532
20.4197982412477
20.7068098192281
20.8068338310934
20.7223803352394
20.2891198772192
20.1788558539418
20.0580136054422
19.8443092000632
19.3837706155634
19.0678377261672
999.99
999.99
999.99
999.99
999.99
999.99
999.99
999.99
999.99
999.99
999.99
999.99
999.99
999.99
999.99
999.99
999.99
999.99
999.99
999.99
999.99
999.99
999.99
999.99
999.99
999.99
999.99
999.99
999.99
999.99
999.99
999.99
999.99
999.99
999.99
999.99
999.99
999.99
999.99
999.99
999.99
999.99
999.99
999.99
999.99
999.99
999.99
999.99
999.99
999.99
999.99
999.99
999.99
999.99
999.99
999.99
999.99
999.99
999.99
999.99
20.9914390243902
20.9537008583326
21.0954860627178
21.0077036627858
21.0101885782272
21.0615888501742
20.867179400017
20.8000592334495
20.6438077674853
20.1660139372823
20.0331753208124
20.2690905923345
20.0206904053709
19.7926585365854
19.8697700348432
19.4129512195122
19.3659345627603
19.2233449477351
19.1636827568624
19.3584285714286
999.99
999.99
999.99
999.99
999.99
999.99
999.99
999.99
999.99
999.99
999.99
999.99
999.99
999.99
999.99
999.99
999.99
999.99
999.99
999.99
999.99
999.99
999.99
999.99
999.99
999.99
999.99
999.99
999.99
999.99
999.99
999.99
999.99
999.99
999.99
999.99
999.99
999.99
999.99
999.99
999.99
999.99
999.99
999.99
999.99
999.99
999.99
999.99
999.99
999.99
999.99
999.99
999.99
999.99
999.99
999.99
999.99
999.99
999.99
20.7136020408163
20.8713391364874
20.4069469055916
20.7941538139349
20.9583554836569
20.9760136054422
20.9780349261656
21.2041027368711
20.9541357326988
21.082512195122
21.3024245913713
21.3134648249544
21.2299821089649
21.1539094906255
20.9397798828038
20.3607142027543
20.3557806193269
20.1435643769703
19.7741189080034
19.7592632321221
999.99
999.99
999.99
999.99
999.99
999.99
999.99
999.99
999.99
999.99
999.99
999.99
999.99
999.99
999.99
999.99
999.99
999.99
999.99
999.99
999.99
999.99
999.99
999.99
999.99
999.99
999.99
999.99
999.99
999.99
999.99
999.99
999.99
999.99
999.99
999.99
999.99
999.99
999.99
999.99
999.99
999.99
999.99
999.99
999.99
999.99
999.99
999.99
999.99
999.99
999.99
999.99
999.99
999.99
999.99
999.99
999.99
20.9859843205575
20.9355311464265
20.8655452961672
20.9233449477352
20.8732212543554
20.744374691935
20.9613414634146
20.8052300501402
20.9522543554007
20.9626097560976
20.9302526132404
21.0900365428741
21.1867282229965
21.0537373162234
21.2342512110139
21.4908710801394
21.374097645959
21.2443379790941
20.9510232854593
20.7163972125436
999.99
999.99
999.99
999.99
999.99
999.99
999.99
999.99
999.99
999.99
999.99
999.99
999.99
999.99
999.99
999.99
999.99
999.99
999.99
999.99
999.99
999.99
999.99
999.99
999.99
999.99
999.99
999.99
999.99
999.99
999.99
999.99
999.99
999.99
999.99
999.99
999.99
999.99
999.99
999.99
999.99
999.99
999.99
999.99
999.99
999.99
999.99
999.99
999.99
999.99
999.99
999.99
999.99
999.99
999.99
999.99
999.99
999.99
999.99
999.99
20.5938964901844
20.5780975609756
20.7136079714456
20.7906097560976
20.8111820345033
20.7381829268293
20.6282682926829
20.8063414634147
21.0889875074361
21.0725975609756
21.1486270077335
21.1453170731707
21.248484235574
21.3300609756098
21.1588310529447
21.1029146341463
21.2326698393813
21.3050565139798
21.3402926829268
21.2688732897085
20.9005609756098
20.7882284354551
20.6199756097561
20.4259095776324
999.99
999.99
999.99
999.99
999.99
999.99
999.99
999.99
999.99
999.99
999.99
999.99
999.99
999.99
999.99
999.99
999.99
999.99
999.99
999.99
999.99
999.99
999.99
999.99
999.99
999.99
999.99
999.99
999.99
999.99
999.99
999.99
999.99
999.99
999.99
999.99
999.99
999.99
999.99
999.99
999.99
999.99
999.99
999.99
999.99
999.99
999.99
999.99
999.99
999.99
999.99
20.6431114982578
20.788157984193
20.8385365853659
20.7971533950879
20.8084860202261
20.7886829268293
20.6065615704938
20.1837020905923
20.3878358970001
20.4139425087108
20.7068081074191
20.7706202090592
20.7285973485171
20.4563222996516
20.4511986062718
20.8596864111498
20.9230671369084
21.0090574912892
21.0393361944421
21.2498066202091
21.1996244582307
21.142256097561
21.0622051499958
20.9016184668989
20.6074477776834
20.690240333135
20.9510418118467
20.8272104189683
20.7440348432056
20.6437576272627
999.99
999.99
999.99
999.99
999.99
999.99
999.99
999.99
999.99
999.99
999.99
999.99
999.99
999.99
999.99
999.99
999.99
999.99
999.99
999.99
999.99
999.99
999.99
999.99
999.99
999.99
999.99
999.99
999.99
999.99
999.99
999.99
999.99
999.99
999.99
999.99
999.99
999.99
999.99
999.99
999.99
999.99
999.99
999.99
999.99
999.99
19.8482998215348
19.7970801393728
999.99
19.8855783972126
20.1733000764851
20.6366655052264
20.5879738251041
20.8830139372822
20.9047662105889
20.8589895470383
20.7342282654882
20.6880759751848
20.6995958188153
20.5879027789581
20.6510087108014
20.6894434435285
20.5043397212544
20.7415958188153
20.5207177700348
20.4194138692955
20.7236010452961
20.7069268292683
20.7443327526132
20.5758327526133
20.33
20.6304234724229
20.9105348432056
21.2571123480921
21.0507613240418
20.6397833772414
20.7040348432056
999.99
999.99
999.99
999.99
999.99
999.99
999.99
999.99
999.99
999.99
999.99
999.99
999.99
999.99
999.99
999.99
999.99
999.99
999.99
999.99
999.99
999.99
999.99
999.99
999.99
999.99
999.99
999.99
999.99
999.99
999.99
999.99
999.99
999.99
999.99
999.99
999.99
999.99
999.99
999.99
999.99
999.99
999.99
999.99
999.99
999.99
999.99
999.99
19.8895405107909
19.8519089099054
19.8403851327563
19.8102495437199
19.6599047619048
19.7294732039157
19.9809323289101
19.9997446490791
20.5287593633528
20.3952755931641
20.4884489795918
20.5558304297328
20.5177701562481
20.5198904927825
20.3798012480424
20.4714024086732
20.4635331840053
20.491239026009
20.4752514518002
20.5198707482993
20.4720479508877
20.7259746101891
20.8062483822797
20.9037031893067
20.8305971461755
20.7628911564626
20.6320404844864
20.8116935699919
20.8341138211382
999.99
999.99
999.99
999.99
999.99
999.99
999.99
999.99
999.99
999.99
999.99
999.99
999.99
999.99
999.99
999.99
999.99
999.99
999.99
999.99
999.99
999.99
999.99
999.99
999.99
999.99
999.99
999.99
999.99
999.99
999.99
999.99
999.99
999.99
999.99
999.99
999.99
999.99
999.99
999.99
999.99
999.99
999.99
999.99
999.99
999.99
999.99
999.99
999.99
999.99
999.99
19.9939721254355
19.894109543639
19.869724738676
19.7791981813546
20.2212020905923
20.2216759581882
20.1798850174216
19.9742172176425
19.830181184669
20.0323702727968
20.0017979094077
20.2132879238549
20.2027351916376
20.2343133338999
20.4839721254355
20.6581150675618
20.3541219512195
20.4092288603722
20.3526010028044
20.0316184668989
19.9491886632107
19.892031358885
19.8141328290984
20.2270679442509
20.67542687176
20.7784076655052
20.8363129939662
20.861768292683
20.3081114982578
999.99
999.99
999.99
999.99
999.99
999.99
999.99
999.99
999.99
999.99
999.99
999.99
999.99
999.99
999.99
999.99
999.99
999.99
999.99
999.99
999.99
999.99
999.99
999.99
999.99
999.99
999.99
999.99
999.99
999.99
999.99
999.99
999.99
999.99
999.99
999.99
999.99
999.99
999.99
999.99
999.99
999.99
18.8088802502559
999.99
999.99
19.2258756429401
19.410362179137
19.4180262983242
19.660834731513
19.7978945578231
19.8787898966844
19.827768707483
19.8314902936784
19.9220614430186
19.9614914551187
20.0935812583213
20.0571645926663
20.0920068917513
20.1125335988054
20.3754487529694
19.7812329517173
19.716212187433
19.7503900779824
20.0721222830596
20.431487141198
20.4050592536836
20.4684761904762
20.3523427988685
20.5078405508545
20.3862296575978
20.4824951053592
20.4300052487384
20.4155315308753
20.5633709142194
20.73710047874
20.6042336153974
999.99
999.99
999.99
999.99
999.99
999.99
999.99
999.99
999.99
999.99
999.99
999.99
999.99
999.99
999.99
999.99
999.99
999.99
999.99
999.99
999.99
999.99
999.99
999.99
999.99
999.99
999.99
999.99
999.99
999.99
999.99
999.99
999.99
999.99
999.99
999.99
999.99
999.99
999.99
999.99
999.99
999.99
999.99
999.99
999.99
999.99
999.99
999.99
999.99
18.6559223251466
18.6738554006969
18.8944543214073
19.154818815331
19.6100846434946
19.6551010452962
19.917448712501
19.9667264808362
20.0509308234894
20.0321130279596
19.7672613240418
19.8970626327866
19.9693379790941
19.9725415144047
20.0244738675958
19.8204989377072
19.8431324041811
19.9046403501317
19.9444843205575
20.0077618764341
20.3979581881533
20.544745389649
20.4545574912892
20.6344963032209
20.8770592334495
20.8673201325742
999.99
999.99
999.99
999.99
999.99
999.99
999.99
999.99
999.99
999.99
999.99
999.99
999.99
999.99
999.99
999.99
999.99
999.99
999.99
999.99
999.99
999.99
999.99
999.99
999.99
999.99
999.99
999.99
999.99
999.99
999.99
999.99
999.99
999.99
999.99
999.99
999.99
999.99
999.99
999.99
999.99
999.99
999.99
999.99
999.99
999.99
999.99
999.99
999.99
999.99
999.99
999.99
999.99
999.99
999.99
999.99
999.99
18.604496133254
18.4632781649245
18.5418157275998
18.6193228803717
19.2314359933147
19.5580180023228
19.8341533667601
19.9500789779326
19.8520897991558
19.9091939888388
20.0871405342625
20.2246555055098
20.3134274099884
20.2476400385258
20.3749639953542
20.5964776068667
20.0443240418119
19.8844296195575
20.2822044134727
999.99
999.99
20.000343049772
999.99
999.99
999.99
999.99
999.99
999.99
999.99
999.99
999.99
999.99
999.99
999.99
999.99
999.99
999.99
999.99
999.99
999.99
999.99
999.99
999.99
999.99
999.99
999.99
999.99
999.99
999.99
999.99
999.99
999.99
999.99
999.99
999.99
999.99
999.99
999.99
999.99
999.99
999.99
999.99
999.99
999.99
999.99
999.99
999.99
999.99
999.99
999.99
999.99
999.99
999.99
999.99
999.99
999.99
999.99
999.99
999.99
999.99
999.99
999.99
999.99
18.6156220786946
18.551181184669
18.6406088212798
18.6950818815331
18.8371392028555
19.0661672473868
19.2650294892496
19.3980191637631
19.5284838106569
19.912307215093
20.069543554007
20.2456075465284
20.3270522648084
20.274185348857
20.3129442508711
999.99
999.99
999.99
999.99
999.99
999.99
999.99
999.99
999.99
999.99
999.99
999.99
999.99
999.99
999.99
999.99
999.99
999.99
999.99
999.99
999.99
999.99
999.99
999.99
999.99
999.99
999.99
999.99
999.99
999.99
999.99
999.99
999.99
999.99
999.99
999.99
999.99
999.99
999.99
999.99
999.99
999.99
999.99
999.99
999.99
999.99
999.99
999.99
999.99
999.99
999.99
999.99
999.99
999.99
999.99
999.99
999.99
999.99
999.99
999.99
999.99
999.99
999.99
999.99
999.99
999.99
999.99
999.99
19.0281679272542
19.0194407665505
19.1314193082349
18.8871306620209
18.4910318687856
18.2764181184669
18.6250181864536
18.773743902439
19.1076271777003
19.3997442848644
19.5649163763066
19.5362845245177
999.99
999.99
999.99
999.99
999.99
999.99
999.99
999.99
999.99
999.99
999.99
999.99
999.99
999.99
999.99
999.99
999.99
999.99
999.99
999.99
999.99
999.99
999.99
999.99
999.99
999.99
999.99
999.99
999.99
999.99
999.99
999.99
999.99
999.99
999.99
999.99
999.99
999.99
999.99
999.99
999.99
999.99
999.99
999.99
999.99
999.99
999.99
999.99
999.99
999.99
999.99
999.99
999.99
999.99
999.99
999.99
999.99
999.99
999.99
999.99
999.99
999.99
999.99
999.99
999.99
999.99
999.99
999.99
999.99
999.99
999.99
999.99
18.9737038327526
18.8334773519164
999.99
999.99
999.99
999.99
999.99
999.99
999.99
999.99
999.99
999.99
999.99
999.99
999.99
999.99
999.99
999.99
999.99
999.99
999.99
999.99
999.99
999.99
999.99
999.99
999.99
999.99
999.99
999.99
999.99
999.99
999.99
999.99
999.99
999.99
999.99
999.99
999.99
999.99
999.99
999.99
999.99
999.99
999.99
999.99
999.99
999.99
999.99
999.99
999.99
999.99
999.99
999.99
999.99
999.99
999.99
999.99
999.99
999.99
999.99
999.99
999.99
999.99
999.99
999.99
999.99
999.99
999.99
999.99
999.99
999.99
999.99
999.99
999.99
999.99
999.99
999.99
999.99
999.99
999.99
999.99
999.99
999.99
999.99
999.99
999.99
999.99
999.99
999.99
999.99
999.99
999.99
999.99
999.99
999.99
999.99
999.99
999.99
999.99
999.99
999.99
999.99
999.99
999.99
999.99
999.99
999.99
999.99
999.99
999.99
999.99
999.99
999.99
999.99
999.99
999.99
999.99
999.99
999.99
999.99
999.99
999.99
999.99
999.99
999.99
999.99
999.99
999.99
999.99
999.99
999.99
999.99
999.99
999.99
999.99
999.99
999.99
999.99
999.99
999.99
999.99
999.99
999.99
999.99
999.99
999.99
999.99
999.99
999.99
999.99
999.99
999.99
999.99
999.99
999.99
999.99
999.99
999.99
999.99
999.99
999.99
999.99
999.99
999.99
999.99
999.99
999.99
999.99
999.99
999.99
999.99
999.99
999.99
999.99
999.99
999.99
999.99
999.99
999.99
999.99
999.99
999.99
999.99
999.99
999.99
999.99
999.99
999.99
999.99
999.99
999.99
999.99
999.99
999.99
999.99
999.99
999.99
999.99
999.99
999.99
999.99
999.99
999.99
999.99
999.99
999.99
999.99
999.99
999.99
999.99
999.99
999.99
999.99
999.99
999.99
999.99
999.99
999.99
999.99
999.99
999.99
999.99
999.99
999.99
999.99
999.99
999.99
999.99
999.99
999.99
999.99
999.99
999.99
999.99
999.99
999.99
999.99
999.99
999.99
999.99
999.99
999.99
999.99
999.99
999.99
999.99
999.99
999.99
999.99
999.99
999.99
999.99
999.99
999.99
999.99
999.99
999.99
999.99
999.99
999.99
999.99
999.99
999.99
999.99
999.99
999.99
999.99
999.99
999.99
999.99
999.99
999.99
999.99
999.99
999.99
999.99
999.99
999.99
999.99
999.99
999.99
999.99
999.99
999.99
999.99
999.99
999.99
999.99
999.99
999.99
999.99
999.99
999.99
999.99
999.99
999.99
999.99
999.99
999.99
999.99
999.99
999.99
999.99
999.99
999.99
999.99
999.99
999.99
999.99
999.99
999.99
999.99
999.99
999.99
999.99
999.99
999.99
999.99
999.99
999.99
999.99
999.99
999.99
999.99
999.99
999.99
999.99
999.99
999.99
999.99
999.99
999.99
999.99
999.99
999.99
999.99
999.99
999.99
999.99
999.99
999.99
999.99
999.99
999.99
999.99
999.99
999.99
999.99
999.99
999.99
999.99
999.99
999.99
999.99
999.99
999.99
999.99
999.99
999.99
999.99
999.99
999.99
999.99
999.99
999.99
999.99
999.99
999.99
999.99
999.99
999.99
999.99
999.99
999.99
999.99
999.99
999.99
999.99
999.99
999.99
999.99
999.99
999.99
999.99
999.99
999.99
999.99
999.99
999.99
999.99
999.99
999.99
999.99
999.99
999.99
999.99
999.99
999.99
999.99
999.99
999.99
999.99
999.99
999.99
999.99
999.99
999.99
999.99
999.99
999.99
999.99
999.99
