999.99
999.99
999.99
999.99
999.99
999.99
999.99
999.99
999.99
999.99
999.99
999.99
999.99
999.99
999.99
999.99
999.99
999.99
999.99
999.99
999.99
999.99
999.99
999.99
999.99
999.99
999.99
999.99
999.99
999.99
999.99
999.99
999.99
999.99
999.99
999.99
999.99
999.99
999.99
999.99
999.99
999.99
999.99
999.99
999.99
999.99
999.99
999.99
999.99
999.99
999.99
15.7777411019101
16.9786755961808
16.5807718566116
16.4865085825905
17.1199299817488
16.510024510913
16.1201887692254
15.8183037442619
15.7979176734996
16.1031405191788
16.4169087138181
16.2182663318099
16.074552739943
16.2781414141414
16.2722053034074
16.2264412919639
16.3126605728766
16.7456176347849
16.891997827956
16.9638174427199
17.2792150776053
17.6703786068751
17.3674669492335
17.960015658493
18.4082877556048
16.4696388272974
17.8579787253655
17.8059073889718
17.7155147502158
17.8537052707262
18.3136811620435
18.157020669613
17.9901250601251
18.054702394779
17.841887840576
18.1324333663497
18.1044378679779
18.1067724130303
18.0444241720339
999.99
999.99
999.99
999.99
999.99
999.99
999.99
999.99
999.99
999.99
999.99
15.9348211482671
16.355429006198
16.43948779861
16.5378557976071
16.4653783712285
16.3862369117007
16.275301943848
16.1532602518338
16.0939568641464
16.0771218492836
16.1120290375452
16.1912961895591
16.2609673857084
16.31088839266
16.4162447139375
16.5444269776015
16.7339311186385
16.9859786146214
17.2969243392694
17.6038941902419
17.915329874079
18.1281040487637
18.310892955415
18.3210876662174
18.3496151256662
18.2825928300214
18.2436131475792
18.1216185122987
18.1440359989548
18.1012002083489
18.0971086085229
18.0703396399202
18.0675057619287
18.0573439558581
18.0408784380051
18.0980058937347
18.1487372037698
18.217498069275
18.2489003207117
999.99
999.99
999.99
999.99
999.99
999.99
999.99
999.99
999.99
999.99
999.99
15.8590215997707
16.2750468082772
16.3577883352376
16.461429696066
16.4229991730881
16.3559747066229
16.2711322008832
16.1761689659683
16.1297304734687
16.1233373143092
16.1621448958341
16.2281928409698
16.2967115642464
16.3689906523701
16.4780810190118
16.606434945659
16.8078395515189
17.0811261161928
17.4461391455569
17.8313136991903
18.22786438637
18.5211209816162
18.7808185429892
18.7962147966441
18.7778834368991
18.6751712272955
18.5753852539459
18.3527303678308
18.2900480432971
18.2016185911051
18.1414275309003
18.0821577302012
18.0749226967128
18.0735580195072
18.0563284351675
18.1207873046442
18.1887479791398
18.2812913537454
18.3139434663461
999.99
999.99
999.99
999.99
999.99
999.99
999.99
999.99
999.99
999.99
999.99
15.8653939393939
16.2842001761823
16.3272904870413
16.4090232973116
16.4031510851565
16.3592762611105
16.2903498149291
16.2245652855725
16.1736276543822
16.1615579987377
16.1973056710996
16.2569197948558
16.3346691882582
16.4338695855009
16.5671408273986
16.6949563866667
16.9006946373849
17.1940923642913
17.6000703550808
18.0343114605761
18.5205016698997
18.8910310035538
19.1978193480078
19.2822098495392
19.2359855089968
19.0696139090835
18.9123737283636
18.6162831212086
18.415226105321
18.2789528581194
18.1871879627331
18.0986708666103
18.0940511041221
18.1283802156165
18.134345144327
18.2110571714784
18.2958629675186
18.399900776045
18.3915329635583
999.99
999.99
999.99
999.99
999.99
999.99
999.99
999.99
999.99
999.99
999.99
16.025724944819
16.3223073233842
16.3664397408792
16.423914144097
16.4180492102146
16.3825222913053
16.3244245142033
16.2674841703244
16.2246137468744
16.215553744819
16.2511878393103
16.3115931556789
16.3888564747927
16.4855701558515
16.62105477139
16.7491273847659
16.9362494543598
17.2218742767809
17.6524957503836
18.13397813362
18.6792943068002
19.1631385586132
19.5430006357959
19.6411461177687
19.5596997691024
19.3361384459723
19.0587805335229
18.6883227012214
18.4406957724387
18.2831076081277
18.184758729292
18.1184873832542
18.1193336320603
18.1895473110967
18.2285149080433
18.3123742088474
18.4002644276409
18.5091557365588
18.4431921132701
999.99
999.99
999.99
999.99
999.99
999.99
999.99
999.99
999.99
999.99
999.99
16.2827881150982
16.4011189038297
16.4165646715517
16.4469312010337
16.4366060308128
16.406582812813
16.3582995377287
16.3090967959053
16.2737116748329
16.2679252547053
16.3031322563387
16.3633799481431
16.4396177618535
16.5324008016022
16.6647407817454
16.7892687807466
16.9545407042565
17.2001296394288
17.621624582663
18.1212793895527
18.6702086395887
19.2124518354696
19.6702380721307
19.7941928615464
19.6874035300043
19.4912028382182
19.1780975689374
18.7868553350677
18.5352312346552
18.3997585222005
18.2684192275586
18.1989833078708
18.1822229468825
18.2745456961087
18.3339681305085
18.4327869037029
18.5293546987252
18.6465594315821
18.5212362887115
999.99
999.99
999.99
999.99
999.99
999.99
999.99
999.99
999.99
999.99
999.99
16.6410394713687
16.4979592131842
16.4643217175737
16.4682706737476
16.4531845613224
16.4284653365586
16.3911638546198
16.3511973773492
16.324500587698
16.3244793381158
16.3599233040813
16.4179296234575
16.490487497733
16.5758261110454
16.6972878321508
16.8122858860973
16.9524540308561
17.1544606183901
17.5016024204449
17.958985389394
18.4524514966621
18.9726304180231
19.4281998848092
19.6208765641347
19.5291948643977
19.4197441309877
19.1721778010141
18.8642363895279
18.6511829841821
18.5807654228681
18.4181025353522
18.3259873904043
18.2730744067851
18.3456694373064
18.3859694101449
18.48110807494
18.5675592384431
18.6708455888289
18.5138385355134
999.99
999.99
999.99
999.99
999.99
999.99
999.99
999.99
999.99
999.99
999.99
16.6387747333967
16.5481283794394
16.490676798786
16.4757507329577
16.4571274052432
16.4396407313113
16.4156607889318
16.3894435863995
16.3743504441097
16.3848762515547
16.4249345157757
16.4841640030987
16.5538224313541
16.6303455304389
16.734413388155
16.8325949250183
16.9406996710989
17.0919700050525
17.3918915899631
17.7802023268564
18.1935060237996
18.666629078307
19.0951933365562
19.2668466299652
19.2149740227962
19.2152397126671
19.0582912205581
18.8632332078501
18.7503935720619
18.7477881555804
18.5540070117403
18.4383363338955
18.3455614696908
18.3972429479874
18.4210376003964
18.5456524596879
18.6679751056914
18.8024859972859
18.6551776072214
999.99
999.99
999.99
999.99
999.99
999.99
999.99
999.99
999.99
999.99
999.99
16.6182838791097
16.5581686932649
16.4827478534338
16.4568235681078
16.4366969672907
16.4287558670077
16.4207322603901
16.4126985811404
16.4125246005027
16.4356941415268
16.483672421297
16.5476423082269
16.617311947345
16.6876346386937
16.7739385261661
16.8514069606007
16.9371821140385
17.0474312266091
17.3161470507636
17.6535427921415
18.0071729299623
18.4230524057822
18.8144344521742
18.9423906565803
18.9079135713251
18.9957419119604
18.9277072215684
18.8434934080277
18.8348088766481
18.9047865358773
18.6817685110952
18.5370058070716
18.3990811619838
18.3876289475383
18.3492791967103
18.4804598398808
18.628043520664
18.7822882120329
18.7092575967514
999.99
999.99
999.99
999.99
999.99
999.99
999.99
999.99
999.99
999.99
999.99
16.5473501465627
16.5583986112198
16.4732414591242
16.4339337788563
16.4151452034353
16.4149320444593
16.4201206699744
16.4282169198127
16.4422182950093
16.478529614144
16.5366996729789
16.6090797399629
16.6829903266604
16.750883262639
16.8203527066134
16.8750143119504
16.9358024310928
17.0015929334897
17.2351144038126
17.5478811884192
17.8682253862784
18.2316247047144
18.6148437340895
18.7291122889624
18.685504781402
18.8379811427359
18.8792679266189
18.8780692074817
18.9461447987735
19.089254727
18.8351952462074
18.6351442588164
18.4493305995259
18.3695124805584
18.2616311664858
18.3939496704815
18.5645545103283
18.7364308958095
18.7392175119385
999.99
999.99
999.99
999.99
999.99
999.99
999.99
999.99
999.99
999.99
999.99
16.4819633654328
16.5619671736338
16.4733101324538
16.4225060187216
16.4117795970485
16.420104178407
16.436383304921
16.458607503202
16.4830389965565
16.5296187635295
16.5969179888127
16.6779438766833
16.7569215085273
16.8253192557476
16.8797697356388
16.9121452943852
16.9469782661154
16.9818679229982
17.1928844477699
17.4924682087812
17.8047420492153
18.1431967025276
18.5139692827984
18.5978629836628
18.5302855052562
18.6620920334888
18.7252531983859
18.7376867608827
18.8478916838181
19.0299118596183
18.8113490452079
18.621872380868
18.4514989625146
18.3332309340109
18.1841431118814
18.3221583020906
18.5233768095083
18.7207540118559
18.8204173451146
999.99
999.99
999.99
999.99
999.99
999.99
999.99
999.99
999.99
999.99
999.99
16.8771327561328
16.5291147163827
16.4763482030882
16.4237176077774
16.4260037080622
16.4433748455544
16.4681841784769
16.5012919854126
16.534760066555
16.5884221853733
16.6635311971733
16.7542331914812
16.8383446432365
16.9093819114129
16.9521133810771
16.963976961551
16.9696812110351
16.9742756752845
17.1918038622812
17.5053059173017
17.8381652518838
18.1959796580177
18.593437008788
18.626281899494
18.5161195256356
18.563915429562
18.5645299790937
18.5088520384744
18.6097688272832
18.7793694599487
18.6321197123055
18.5153071983654
18.433573137765
18.3596702038604
18.2497336747204
18.4308983653862
18.6653392866299
18.8634500718239
19.0138279258103
999.99
999.99
999.99
999.99
999.99
999.99
999.99
999.99
999.99
999.99
999.99
16.9335125158288
16.4937312082961
16.4673615332219
16.4346381770512
16.4544832594943
16.4838261994981
16.5192075003125
16.5599433142679
16.5992573402979
16.6543230221188
16.7322252490954
16.8283726249446
16.9173130473793
16.9932832920883
17.0303994428701
17.0279350891668
17.0088552477884
16.9876062606536
17.1488282940724
17.4413725546975
17.7596933218681
18.1085604075841
18.50273213053
18.584621374766
18.4707917825245
18.4715013706617
18.4343276072974
18.334127459922
18.3875329042507
18.5400195207216
18.4628311675389
18.421846685928
18.4493198034504
18.434883240625
18.374164379065
18.5683248517109
18.7808803759511
18.8923716782702
19.0108776927835
999.99
999.99
999.99
999.99
999.99
999.99
999.99
999.99
999.99
999.99
999.99
16.7414151092809
16.472210561696
16.4843916333186
16.4657832421298
16.5076196726419
16.5518551894277
16.5998381978358
16.6437649076843
16.6825060799367
16.7325479312759
16.8072467055415
16.9027203653803
16.9954529102837
17.07781285382
17.1132961921146
17.1014597895399
17.0626670408043
17.0196865680223
17.1456363414657
17.4392761391344
17.764898541847
18.1275958685517
18.5388445122215
18.6542333662088
18.515879688063
18.4466185440823
18.3450131313361
18.176073825153
18.1764949601047
18.3088043304113
18.3004702693354
18.3384178372003
18.4771954081256
18.5406261647508
18.5490605809841
18.775296134089
18.9702299765006
19.000893140769
19.057657852184
999.99
999.99
999.99
999.99
999.99
999.99
999.99
999.99
999.99
999.99
999.99
16.2099422698865
16.4424727702761
16.4877545845979
16.495932077504
16.5622501448846
16.624232738869
16.6873756461106
16.7345283946847
16.7703188484664
16.8131903000412
16.8834297801697
16.9769521309407
17.0734175989603
17.1630224727702
17.2004620498282
17.1841141310236
17.1299350354248
17.0702499509169
17.1967046790955
17.470434243803
17.7815048692962
18.1453256897526
18.5489458810823
18.6103531935358
18.4688865840737
18.3493146352878
18.1825542936303
17.9646627350484
17.9624992926047
18.070146584008
18.1236620316739
18.2458759657129
18.5250058788746
18.6954935892882
18.8353764131097
19.1669263173148
19.4161145567509
19.3708296323943
19.372179968099
999.99
999.99
999.99
999.99
999.99
999.99
999.99
999.99
999.99
999.99
999.99
16.4635215670895
16.4200923557689
16.4826243198787
16.5114256754105
16.5961017333447
16.6752591676637
16.7537780880675
16.8061524058382
16.841458125192
16.8789959475605
16.9455164698514
17.0385988905029
17.1404884354506
17.2381355299936
17.2811125901549
17.2650521693141
17.2001191471883
17.1275465920072
17.26059230523
17.5201387011422
17.8207381716936
18.1881373341192
18.58760957162
18.6012226700387
18.4600483329998
18.3151774681686
18.1102673069535
17.8675183937818
17.8753802367351
17.9696185316802
18.0532010689678
18.2279612662639
18.6333469008102
18.9029792602707
19.1708357268518
19.6138191104859
19.9218592830936
19.7745084421316
19.6943241865342
999.99
999.99
999.99
999.99
999.99
999.99
999.99
999.99
999.99
999.99
999.99
16.6090691609977
16.4103487099669
16.4677810889246
16.5101157985793
16.6028654284997
16.6947606552268
16.7869011769588
16.8459360911232
16.8825187541738
16.9193296938641
16.9847260851666
17.0793272547759
17.1893809365813
17.2965576340561
17.3469691298429
17.3355068068167
17.2672036057666
17.1859630417846
17.3309006988291
17.5820847065835
17.8753210677068
18.2451128061691
18.6414142498861
18.6071042258304
18.4632181226692
18.3131198597211
18.0905587988795
17.8414679301101
17.8947893890483
18.0336152146495
18.1608181759503
18.3684954522718
18.8510753581257
19.1376806635595
19.408994535069
19.860649187379
20.1941540977241
19.9749108729547
19.8589946765182
999.99
999.99
999.99
999.99
999.99
999.99
999.99
999.99
999.99
999.99
999.99
16.7064764142168
16.4379848978211
16.4739019638375
16.4995903175428
16.5921278413912
16.6898010652669
16.7890781139847
16.8526997901819
16.8920214479382
16.9312063533788
16.9978261868394
17.0950255273036
17.2128010899598
17.3274129815802
17.3848524347574
17.3799454698275
17.3141610001177
17.2307725433636
17.4270680048924
17.7059127977166
18.0270765724528
18.4215250586947
18.8360724462528
18.7114127244496
18.5261896332076
18.3327779455746
18.0739489719942
17.7984427478747
17.9025524139947
18.0849887763943
18.254014400395
18.487433646776
19.0101925310412
19.2852411040418
19.539324169723
19.9794459829535
20.3259868073085
20.0861697351009
19.9824363466217
999.99
999.99
999.99
999.99
999.99
999.99
999.99
999.99
999.99
999.99
999.99
16.5409321010001
16.4707463524953
16.4696994102096
16.4693282068631
16.5539571859548
16.6520286436893
16.7550778039455
16.82577167839
16.8756069047844
16.9264361104618
16.9996831612237
17.1028673437384
17.2275593245064
17.346621738752
17.409348414906
17.4138929667835
17.3553459739817
17.2752377965512
17.4736316891269
17.7256241617113
18.0170344895458
18.3767746660983
18.751146370186
18.5856745670341
18.4137781955539
18.2339602768464
17.9973137317597
17.7522559116471
17.9085394879268
18.1314220404851
18.3663339313447
18.6484927020254
19.2358015833763
19.527050961111
19.797108477086
20.2017032484238
20.5433959216372
20.2640907145783
20.1529267887221
999.99
999.99
999.99
999.99
999.99
999.99
999.99
999.99
999.99
999.99
999.99
16.6293148785014
16.464795970243
16.4325266148581
16.4274582410439
16.4991827595054
16.59462032715
16.7006654653065
16.7821114914347
16.8492628775038
16.9179794725835
17.000858057883
17.1089719533225
17.2363271437427
17.3543056787527
17.4192379707237
17.4343433821809
17.3895995325252
17.3198274993238
17.4665992512187
17.6606875483838
17.8874650498051
18.1744039328772
18.4754743820233
18.3578630566376
18.2360518428322
18.1091723363599
17.9353422930459
17.7518485163178
17.9307281177584
18.1920433299469
18.4918559611495
18.8203029240622
19.422095008212
19.6813106774255
19.854878306431
20.1204668473455
20.3543107687272
20.0459961677842
19.9658195461186
999.99
999.99
999.99
999.99
999.99
999.99
999.99
999.99
999.99
999.99
999.99
16.9109863266814
16.4339529420182
16.3950104164794
16.3929878125687
16.4556210010575
16.5479159545962
16.6574489530272
16.7498032825873
16.8349909667399
16.9211560811768
17.012655725636
17.1209613528147
17.2441299006283
17.355357914815
17.4207072748135
17.4469330214023
17.4209971352094
17.3691669187351
17.4683581494936
17.6032306458485
17.7626298458418
17.9710502348683
18.1921398036109
18.1188955436333
18.0464789132673
17.9728959687613
17.8632181490605
17.7443504677516
17.9215540294023
18.1986138933369
18.539686627635
18.8899402702559
19.4487039857909
19.6729016104674
19.7443428449636
19.8593374859172
19.9744848261412
19.6893451802133
19.6622654927572
999.99
999.99
999.99
999.99
999.99
999.99
999.99
999.99
999.99
999.99
999.99
16.3810781332488
16.3992069592423
16.3651105094576
16.3691349162788
16.4310883216207
16.5246855341938
16.6411345008123
16.7472014396629
16.84958699933
16.9493947348259
17.0463411325989
17.148222613103
17.2599925245164
17.3605327982288
17.427168245752
17.465772198254
17.4637727823984
17.4354548567178
17.4900430775879
17.5633262596283
17.6520585902442
17.7750791447214
17.9100261755983
17.87605011807
17.850110875097
17.8278319438084
17.7835523584932
17.7313921652389
17.8742753285139
18.0894036071799
18.393712949278
18.702507016637
19.1705259557164
19.3835555002543
19.4679647069561
19.5484743844484
19.6267955962716
19.4128280211423
19.4481152371192
999.99
999.99
999.99
999.99
999.99
999.99
999.99
999.99
999.99
999.99
999.99
16.339073366819
16.3508944457658
16.340405591281
16.3601475148713
16.4262540288661
16.5251789886708
16.6512124795162
16.7743843316711
16.8923322162149
17.0014802880667
17.0994980148188
17.1918833763016
17.2880820720026
17.3773180798394
17.4478219606853
17.5015321830229
17.5251740498732
17.5220679724124
17.5319725589353
17.5410320226201
17.5550787122809
17.5937914140147
17.6442886544529
17.6511626404815
17.6740416019012
17.706015383539
17.7212351712244
17.7312640399334
17.8383266339667
17.9933295160563
18.2627859063007
18.5334485285376
18.9279340810335
19.1441894710979
19.2503514452583
19.3171357651711
19.3831738523195
19.2422203460884
19.340448654479
999.99
999.99
999.99
999.99
999.99
999.99
999.99
999.99
999.99
999.99
999.99
16.2290717176745
16.3109284623008
16.3207062970035
16.3766441340433
16.4511942422707
16.5567998224743
16.690694782812
16.8282077791836
16.954593362546
17.0629186457091
17.1562852496332
17.2363332724987
17.3144854002779
17.3926206136507
17.4692912921671
17.5369025089656
17.5844555977964
17.6061462319562
17.6027024794941
17.5811451237365
17.5552770110731
17.54477948206
17.5445172559187
17.5635145861495
17.6035172115634
17.6575125643949
17.6985007692227
17.7374515225472
17.8070761604014
17.903791250657
18.084666927541
18.264246884413
18.5318505638624
18.6970257595247
18.765471974144
18.8713434160521
18.9777731949439
18.9626709648583
19.1736122942782
999.99
999.99
999.99
999.99
999.99
999.99
999.99
999.99
999.99
999.99
999.99
16.2065994464305
16.3343466033181
16.3543714651342
16.4202831099151
16.5044375946731
16.6146869308462
16.7511062998902
16.8948591322926
17.0201441893875
17.1174560119409
17.2009617787847
17.2688976883486
17.331913580524
17.404683314456
17.4924791432037
17.5747232564061
17.6426626166976
17.6859596734801
17.695874588036
17.6743135591468
17.6416891869041
17.6170642921641
17.6008164561695
17.6060860980859
17.6350279678068
17.6805707244055
17.7164760201397
17.7517926300456
17.7821776092138
17.8187716894728
17.9118969362707
18.0010159905378
18.1627199545435
18.2942726467396
18.3739759649247
18.5217694870253
18.6714834557952
18.7301165961738
18.9409785021976
999.99
999.99
999.99
999.99
999.99
999.99
999.99
999.99
999.99
999.99
999.99
16.1555895591052
16.3860376537152
16.4041648792917
16.4738641694395
16.5615856289458
16.6736997801972
16.8081383226927
16.9526518717475
17.0733038430846
17.1594385246137
17.233666929669
17.2930155547833
17.3476030912852
17.4200136182613
17.5185305687075
17.6135110673042
17.6978054193785
17.7562719900448
17.7764022989235
17.7568034379608
17.7194892374725
17.6836420363476
17.6550220308491
17.6484017451971
17.6669076423059
17.7042190454175
17.7350744379665
17.765793805958
17.774085492209
17.766864832519
17.7901560897846
17.8081081719171
17.9003421867831
17.9981803726162
18.0887527864717
18.2506135793934
18.4142494619858
18.4843035807598
18.6530394637667
999.99
999.99
999.99
999.99
999.99
999.99
999.99
999.99
999.99
999.99
999.99
16.4242939901754
16.4450414191626
16.4675928626836
16.5309802976143
16.6157230770878
16.7236005231569
16.8491669896711
16.9868699393845
17.1010350419181
17.1783781976634
17.2463725515852
17.3037198584136
17.3569782910546
17.4307787338378
17.5361866897882
17.6406596553905
17.7349165830302
17.8042261334232
17.8351011181213
17.8223615289138
17.7847533965519
17.7445428820409
17.7087365084245
17.6928300903698
17.7027198185458
17.7323973762446
17.7565083112284
17.779160689746
17.7809512942278
17.768378211838
17.7626819428196
17.7522435613575
17.8190564333616
17.8898050276863
17.9511948291862
18.0847458280604
18.2206444642574
18.2607232772015
18.366380159131
999.99
999.99
999.99
999.99
999.99
999.99
999.99
999.99
999.99
999.99
999.99
16.5324696089818
16.5028793331436
16.5199644896672
16.5780406733055
16.6570420267879
16.7577106047875
16.8730602108223
17.0006032099257
17.1099259399316
17.185080318899
17.2532437806839
17.3134931050877
17.3703449428481
17.4458932300848
17.5516474675395
17.6589428452248
17.757114841303
17.8331578377785
17.8738255751341
17.8728605926851
17.8405734716899
17.801405009743
17.7632990690392
17.7410565388868
17.7407722592763
17.7602243126402
17.7751636080815
17.7859611246294
17.7794930293276
17.7621925196548
17.7301120004009
17.6945103008222
17.7401339331762
17.786058342158
17.8209451703106
17.9272566723439
18.0360336523682
18.0284400300813
18.0551627284574
999.99
999.99
999.99
999.99
999.99
999.99
999.99
999.99
999.99
999.99
999.99
16.6174121528877
16.5378681034188
16.5544755450426
16.6041227613852
16.6744457652617
16.766757626027
16.8723992347393
16.9894967472059
17.0973821142904
17.1786160143435
17.2518056037528
17.3187425850407
17.383527705625
17.4619250251082
17.5639326230227
17.6718678806636
17.7715176712859
17.8523895012524
17.9009608869233
17.9115992152553
17.8851171099761
17.8483310355521
17.8091940197475
17.7832052073789
17.7753059036906
17.785358295707
17.7916064103333
17.7905519734608
17.7755721687973
17.7526803534814
17.7225398416754
17.6910237286943
17.7450685846853
17.7962624654898
17.8363475037296
17.8912528828491
17.9488058377067
17.8690198239574
17.7922990658329
999.99
999.99
999.99
999.99
999.99
999.99
999.99
999.99
999.99
999.99
999.99
16.4871573298943
16.5360808495199
16.5545283647747
16.6040578118507
16.6660895687722
16.7524730722054
16.8517441390242
16.9610866157953
17.0707904299367
17.1632150493473
17.2434276898656
17.3171358126961
17.3900955686401
17.468628857464
17.5625771910309
17.6677730875237
17.7671841731602
17.8512861527034
17.9084566593736
17.9319274810048
17.914790427888
17.8847609652764
17.8489543529994
17.8221596630516
17.8084584127252
17.8095814102693
17.8047265874554
17.7909525240297
17.7664115126376
17.7384142770931
17.7096878105522
17.6839759382134
17.7301270067746
17.7723807573144
17.802969969801
17.8196954510839
17.839469084964
17.7506048886974
17.6647096772551
999.99
999.99
999.99
999.99
999.99
999.99
999.99
999.99
999.99
999.99
999.99
16.3805809915984
16.5111600783129
16.5351937710123
16.5846670003168
16.6419684470375
16.7243995992579
16.8192899479682
16.9230358651013
17.0340544811352
17.1337483577477
17.2182724737737
17.297085379504
17.375311091312
17.4520663500497
17.5387113532712
17.6411025440199
17.7404344277995
17.8296559266426
17.8974713156426
17.936011437395
17.9322879582136
17.9142397497926
17.8865773676664
17.8636822408911
17.847313936935
17.8421385518661
17.8262797271645
17.7991666728436
17.7629303344539
17.7276654363432
17.6968167971535
17.6726727610949
17.7064187201733
17.7363571942209
17.7562496831343
17.7620163175572
17.7730660081581
17.7065795845903
17.643665652766
999.99
999.99
999.99
999.99
999.99
999.99
999.99
999.99
999.99
999.99
999.99
16.3339431045145
16.4933515843955
16.512020066134
16.5631702693368
16.6156940232584
16.6941067167369
16.7855413070024
16.883983004937
16.9929381440488
17.0933495248279
17.177012146006
17.2559571890937
17.3351785906802
17.410159669432
17.4924512830263
17.5928718831553
17.6933924863557
17.7880149943208
17.8653908483493
17.9185990886063
17.9306522092178
17.9268154034073
17.9114898563797
17.8966085064915
17.8804876957127
17.8714735755494
17.8481875004645
17.8101285251029
17.7640178003812
17.722725833895
17.6888631008594
17.6634569503418
17.6823979114924
17.6982575980721
17.705939783615
17.7023090444208
17.7062078720508
17.6729019109473
17.644769822446
999.99
999.99
999.99
999.99
999.99
999.99
999.99
999.99
999.99
999.99
999.99
16.3839469231891
16.506579874484
16.5160909223067
16.5576098266153
16.6000961020165
16.6691757383704
16.7520197893983
16.8411909962998
16.9417064025944
17.0342489821784
17.1095203543094
17.1826085862686
17.2584116205121
17.3310345561558
17.4130669369009
17.5162378274544
17.6221931014667
17.7248928524254
17.8141747561761
17.8820414728483
17.9094699882268
17.919845640427
17.9177366169639
17.9116043016802
17.8986613363313
17.8897038404988
17.8634041132583
17.8189090391995
17.7662182661916
17.7190047380862
17.6794699069228
17.6492787872316
17.6494514976174
17.64801371795
17.6418333510008
17.630791181053
17.6311218710733
17.6448683818836
17.6664232182112
999.99
999.99
999.99
999.99
999.99
999.99
999.99
999.99
999.99
999.99
999.99
16.4190899588217
16.551615814358
16.5512303716265
16.5814654066431
16.6113692616593
16.6660667363355
16.7348360217685
16.8093933868438
16.8936538690973
16.968606460081
17.0284469765892
17.0893874222899
17.1564405034446
17.225007692107
17.3093677749923
17.41775734302
17.5329971393258
17.6469004677445
17.7498788323911
17.8326286423316
17.876214068635
17.9000458703936
17.9115028728643
17.9159934922132
17.9074615564582
17.8995755162649
17.8727399472636
17.8237857541123
17.7653087395747
17.7146067038456
17.6709094913444
17.6354583701509
17.6159147660599
17.5950695932637
17.5718936773697
17.5509373525198
17.5455249529131
17.605896441345
17.6801347144333
999.99
999.99
999.99
999.99
999.99
999.99
999.99
999.99
999.99
999.99
999.99
16.5963338260655
16.6339131484029
16.6297869556416
16.6416926488953
16.6577581613581
16.6947159965741
16.7445083423344
16.7994122992092
16.8609716250418
16.9116078863573
16.9502921639095
16.99457583355
17.048893584993
17.1124873858143
17.2000003158342
17.3165780797289
17.4445861205008
17.5741497703222
17.6940175237793
17.7938770850243
17.853187849708
17.8885634942171
17.9112474742893
17.9234305846958
17.917011874616
17.9087554580434
17.88218880234
17.8278659028482
17.7637869228746
17.7086597487401
17.6597931568555
17.6168930230358
17.5929574954801
17.5680789041255
17.5450368180372
17.5304052986655
17.5346346766225
17.6089971693319
17.7017451540837
999.99
999.99
999.99
999.99
999.99
999.99
999.99
999.99
999.99
999.99
999.99
16.6530954147893
16.7282962520073
16.7345530234711
16.7375772109283
16.7367600755569
16.7504355948466
16.7766187002428
16.8067573743325
16.8429753365674
16.8694311741142
16.8879443882607
16.9155130024632
16.9578954395933
17.0173513727825
17.1076337282623
17.2322926872393
17.3726891071148
17.5171837032524
17.6533368292243
17.7696273615629
17.8442014045492
17.8906711726495
17.924396235558
17.943357724075
17.9384391889268
17.9277404158357
17.9003384733193
17.8395632955956
17.7690534173185
17.7101900755079
17.6581112246138
17.6103196765871
17.5845716580894
17.5588444439171
17.5351536884284
17.5236607387967
17.5334304085779
17.6166870736006
17.7210905302611
999.99
999.99
999.99
999.99
999.99
999.99
999.99
999.99
999.99
999.99
999.99
16.9488120729445
16.8302624277876
16.8524238917742
16.8522135253537
16.837796763406
16.8278560593223
16.8280841531642
16.8318619132666
16.8426139989622
16.8460738468714
16.84669931969
16.8609218279759
16.8940499131118
16.949681904451
17.0413873984639
17.1730477081315
17.323784054236
17.4812374341518
17.6322696792557
17.7634895285072
17.8518616772803
17.9091334181413
17.9531491208046
17.9794523858291
17.9776936912565
17.9649122086476
17.9346534825637
17.8670856016675
17.7869762800992
17.7205906684334
17.6629247321192
17.610800544463
17.5825183957687
17.5570585650736
17.5334092168109
17.5239877634142
17.5364713511354
17.6083575386312
17.702530547234
999.99
999.99
999.99
999.99
999.99
999.99
999.99
999.99
999.99
999.99
999.99
16.8945976087405
16.9384439996231
16.9782198690585
16.9649013804079
16.9454081547058
16.9182537705874
16.8948426432044
16.8727807725229
16.8587072477264
16.8402643783908
16.8264743858329
16.8330136196681
16.8616488109807
16.9152599189466
17.0075810484749
17.1425150132356
17.2981912809542
17.4647079143232
17.6280337423957
17.7728530460646
17.8753653431705
17.945136396336
17.9992861551767
18.0321300883858
18.0336923132497
18.0187960922094
17.9843994726823
17.9102216207327
17.8208689177215
17.7457616256543
17.6814806157858
17.6248682034705
17.593405431065
17.5680631595634
17.5448427481922
17.5356356574248
17.5470312250008
17.6040696664411
17.6832270894612
999.99
999.99
999.99
999.99
999.99
999.99
999.99
999.99
999.99
999.99
999.99
16.9043387961245
17.0285640233874
17.08658522947
17.0593541720637
17.0381509869581
16.9990864070714
16.9563309651988
16.9125361603453
16.8786617283845
16.8443052657998
16.8229214350254
16.8296216058385
16.8599944366639
16.9155341660745
17.0090583935532
17.1455120601543
17.3019042269493
17.4737332283252
17.6470387864016
17.803848070221
17.9170018464027
17.9964519675469
18.0561550486329
18.0885555899191
18.0893678474848
18.0720574294578
18.0340595512469
17.9567942062602
17.8640567712827
17.7822399506082
17.7117124880341
17.6513619822646
17.6156945005227
17.5887453510041
17.5651693196669
17.5549550766942
17.5631715876148
17.603230407547
17.6638817438304
999.99
999.99
999.99
999.99
999.99
999.99
999.99
999.99
999.99
999.99
999.99
17.4153326118326
17.0872118009785
17.14942224433
17.1263978410343
17.102100907023
17.0512715343046
16.9929784736206
16.9337089367488
16.8880396657956
16.8467425420999
16.8284557418643
16.8440506447101
16.8815307869684
16.9433598838981
17.0401379290547
17.1769416628548
17.3317271878919
17.505467707622
17.6828418839907
17.8461081076278
17.9634151069139
18.044932735369
18.1023080056964
18.1298351459981
18.1273443844439
18.1092048824446
18.0718868286544
17.9999745180525
17.9111066083611
17.8285048471081
17.754545792354
17.6920526476146
17.6508511845875
17.620536042633
17.5942545386593
17.5818248813078
17.5856822801246
17.6155383244594
17.6655399830427
999.99
999.99
999.99
999.99
999.99
999.99
999.99
999.99
999.99
999.99
999.99
17.4438151273813
17.1294394718439
17.1829071209353
17.1628425943495
17.1382980105065
17.0817854752136
17.0122445711014
16.943242237316
16.8893467807536
16.8448798772799
16.832600250846
16.8602802505455
16.9066168831498
16.9770652060598
17.0792672708038
17.2169843508211
17.3706775026917
17.5461059948981
17.7244439616362
17.8894636714956
18.0055104181578
18.0813681392642
18.1273990779647
18.1429302684486
18.1326261213273
18.1138196659766
18.0815818999993
18.0231637289584
17.9485947000667
17.8736050916944
17.8006137068286
17.7367785389555
17.6884023670512
17.6507264677775
17.6208275630621
17.6069181434347
17.6085493144283
17.6305075814628
17.6723553815397
999.99
999.99
999.99
999.99
999.99
999.99
999.99
999.99
999.99
999.99
999.99
17.1389044979411
17.1631270840786
17.1961132650661
17.1780026837316
17.1444177106118
17.0873478046268
17.0134579631309
16.938843418807
16.880136694354
16.8379054174158
16.8339303477009
16.8741389956865
16.9319709999726
17.0159139175724
17.1266466381428
17.2669913296796
17.4220018280951
17.5990497424125
17.7743876684628
17.936756945258
18.0467346423283
18.1099630949374
18.1373798467851
18.1347185979809
18.1109130923433
18.0893919649903
18.0638977184467
18.0224324986316
17.9696688427431
17.9108735030502
17.8445547598468
17.7819531643723
17.7277906987991
17.6814613505316
17.6469750242184
17.6315638782623
17.6329669566874
17.6577300228981
17.7013173590101
999.99
999.99
999.99
999.99
999.99
999.99
999.99
999.99
999.99
999.99
999.99
17.0272178932179
17.1544864552212
17.1674938399602
17.1714536837675
17.1211529699342
17.0674317798835
16.9962652899783
16.9227849888458
16.8654258114337
16.8317867734025
16.8397627704528
16.8939683236439
16.9663471959334
17.0698468400226
17.1937145327012
17.340333407632
17.4992139442851
17.675574915548
17.8392516555849
17.9901695890473
18.0861931365663
18.1294090455415
18.1340822109236
18.1132691755987
18.0749094288228
18.0498004625368
18.0302992841788
18.0055524258292
17.9746943726537
17.9351127457378
17.8774243384983
17.8186226454195
17.7598836833039
17.7058884240058
17.666860455841
17.6521457155782
17.6556355110447
17.685015909344
17.7307357246237
999.99
999.99
999.99
999.99
999.99
999.99
999.99
999.99
999.99
999.99
999.99
16.9403074372395
17.3255483771499
17.1518324009633
17.1454216296859
17.084487988292
17.0393454321318
16.9754067191028
16.9065702748098
16.8532967799394
16.8300825469415
16.8505328788144
16.9180601397402
17.0074385844159
17.1343529402229
17.274801911148
17.4295203894703
17.592863773004
17.7641115056616
17.9077904968276
18.0387170850687
18.1167096574345
18.1395322235918
18.1245808168079
18.0919300275642
18.0440272856027
18.0167232046404
18.0009449999983
17.9891941142059
17.974733867868
17.9505486427628
17.8977648143301
17.8397992429032
17.7740245091057
17.711730167783
17.6683909748301
17.655733061557
17.6645446762511
17.7017045382325
17.7515375648062
999.99
999.99
999.99
999.99
999.99
999.99
999.99
999.99
999.99
999.99
999.99
16.8065272360238
17.4767005059618
17.1058502332852
17.1090480525992
17.0413001622014
17.0112918608229
16.9583930103316
16.8959675060812
16.8484855432654
16.8360011129741
16.8659121707387
16.9445226077413
17.0526501859437
17.2032051580534
17.3610193192975
17.5237727725263
17.6896765220119
17.8507092848324
17.9700802115759
18.0755070295509
18.1349677643131
18.1431527484582
18.1180127924716
18.0823304780595
18.0330996900815
18.0065825287151
17.9909183714805
17.9833706194421
17.9768348019327
17.9603091634902
17.9062477382352
17.8444058565036
17.7695565402007
17.6972016230934
17.6490043774744
17.6391539570787
17.655880208724
17.704099833907
17.76149402285
999.99
999.99
999.99
999.99
999.99
999.99
999.99
999.99
999.99
999.99
999.99
17.5992971602537
17.3827081793926
17.0397253155835
17.0539759525387
16.9777094383454
16.9604060884257
16.9172452801263
16.8591779408487
16.817401329673
16.8146371561777
16.8521334998044
16.9383559289433
17.0615994686202
17.23054609294
17.4002345055332
17.5669882731439
17.7325451468218
17.8829705212202
17.9816104451356
18.0673224109031
18.1166487244826
18.1222454872066
18.1000792816286
18.1060611164869
18.1203995396058
18.1537419428665
18.1928459197369
18.2412295366661
18.2260682812274
18.1561972915912
18.0446723351866
17.9258994023286
17.7899802704718
17.6900244010022
17.6399405988258
17.6329565206001
17.6548983271708
17.7117068528618
17.7737807537958
999.99
999.99
999.99
999.99
999.99
999.99
999.99
999.99
999.99
999.99
999.99
16.7747205813739
17.3045979753554
16.9605729769619
16.9669159645575
16.8993050348799
16.8913438833827
16.8519595784907
16.7969111431836
16.7606787899436
16.7641782057656
16.8085172442661
16.9008757306518
17.0325499082211
17.2090812146874
17.3833535298014
17.5484050638175
17.7091792774977
17.8502019877595
17.9360742539488
18.0104509879602
18.0598676557592
18.0756647273813
18.0686590283576
18.1262312580445
18.2352800385953
18.3546378316659
18.4725945202118
18.5988823463075
18.5946822956506
18.4457270384427
18.2547504176324
18.0582431339846
17.8414701634952
17.6949369826635
17.6446312724444
17.6401120353815
17.6636102285801
17.7248110730789
17.7883704382146
999.99
999.99
999.99
999.99
999.99
999.99
999.99
999.99
999.99
999.99
999.99
16.4812987196507
17.193967318098
16.858124066571
16.8637345686865
16.8168616092219
16.8115370069489
16.7696592249168
16.7132760800438
16.678983479286
16.684278679353
16.7313240793024
16.8226159578181
16.9522627320385
17.1228548094799
17.2916826437221
17.4487270986648
17.6031197052295
17.7396541438248
17.8259490811014
17.9014574201293
17.9630317959338
18.0005819909196
18.0183258893699
18.1336309899137
18.3444155648068
18.5535934831802
18.7544350434197
18.9599991288882
18.9663950665706
18.7371744201382
18.4701741845318
18.1977111083544
17.9041259814203
17.7144991616259
17.6655604891309
17.6609468175057
17.6829482784949
17.7434352647028
17.8054358042425
999.99
999.99
999.99
999.99
999.99
999.99
999.99
999.99
999.99
999.99
999.99
16.7658641818886
16.8543231918718
16.7121536678571
16.7572607390107
16.723669696655
16.7130280702643
16.664474793636
16.6042634756605
16.5677598254897
16.5695160490372
16.6141402794482
16.6974109785896
16.8134244109065
16.9651701560526
17.1199523579944
17.2639709744064
17.4118265389748
17.5529444694219
17.6564701384796
17.752264083092
17.8431539638436
17.9151735346998
17.9653132866685
18.1566575367874
18.4821680316105
18.7934528751719
19.0930638457975
19.3938883007748
19.3954273683993
19.0740724169816
18.7233135866298
18.3654265841557
17.9866905606373
17.7611911116715
17.7354434975915
17.7483559385312
17.7843069910709
17.8569985063109
17.9301141638144
999.99
999.99
999.99
999.99
999.99
999.99
999.99
999.99
999.99
999.99
999.99
16.400772967773
16.5383991504163
16.5882144865981
16.6383582304544
16.6172306166285
16.5951283091784
16.5352139807419
16.466410431142
16.4206883177928
16.4113105534563
16.4487394800743
16.5192866667082
16.6148566403159
16.7419885666407
16.879494253863
17.0095994969211
17.1520399362188
17.3054828171634
17.4395101476849
17.5731339026708
17.7081648351183
17.8240471474116
17.9087075461052
18.2075783932273
18.6732727966517
19.1133567049512
19.5456897316498
19.982051428533
19.9514151003366
19.5140546926903
19.0584232950271
18.59107205927
18.100351218
17.8453131870412
17.8440098715344
17.8698664198713
17.9126472644801
17.9887268156006
18.0632989338498
999.99
999.99
999.99
999.99
999.99
999.99
999.99
999.99
999.99
999.99
999.99
16.1148535127281
16.4580202134425
16.4964915139075
16.5326976381961
16.528224878515
16.4980849096976
16.4320253330585
16.3590100855484
16.3056035725619
16.2859123020629
16.3178004712611
16.3784818747864
16.458092260349
16.5659035092347
16.6929062025961
16.8153878725064
16.9565930895677
17.1233693365661
17.3007541115119
17.4830839527489
17.6688768376806
17.8319687215093
17.965322114448
18.2918986533567
18.7730370785836
19.2228368814146
19.6711910332242
20.1029767620215
20.048769369069
19.5955277041051
19.1317145295887
18.6511071349289
18.158527205714
17.9158329405491
17.9346307690681
17.9713396107124
18.0208296549259
18.0991750135105
18.1761774265954
999.99
999.99
999.99
999.99
999.99
999.99
999.99
999.99
999.99
999.99
999.99
16.0870099736372
16.3442480740141
16.4024092794194
16.45522139723
16.4603443417093
16.426461467803
16.3616746488599
16.2889745576823
16.2284991304597
16.1988919535907
16.2231796811962
16.2739068197998
16.3417251970818
16.4380987524986
16.561377259264
16.6832860708777
16.8260161910095
17.0033785429643
17.2170902338167
17.4416703039884
17.6677192346678
17.8874938403508
18.0806068122996
18.4482042378436
18.9113947405363
19.3433112365296
19.7411419845479
20.1020027826906
19.9561323039922
19.511637173745
19.0622567494358
18.6102979868032
18.1585424032254
17.9722603122313
18.0087220322596
18.052851717781
18.1099396595133
18.1921753140268
18.2740805215389
999.99
999.99
999.99
999.99
999.99
999.99
999.99
999.99
999.99
999.99
999.99
16.4037785721827
16.3065382128395
16.3689379351491
16.4122896692533
16.4211203400804
16.3864459269959
16.3252562714706
16.2544232296926
16.1876828414733
16.148207388284
16.1648324924158
16.2096240534953
16.2718470850466
16.3640853271524
16.4899505068284
16.6163277676691
16.7615022778815
16.9455578325283
17.1882954452516
17.4481092863962
17.7050585951545
17.9831314309455
18.240336080942
18.6621086249824
19.120108598554
19.5523375971297
19.8961177911014
20.1818122553213
19.9243644861622
19.4691491782354
19.0109019013291
18.578017018882
18.1574524861083
18.0268669968214
18.079537968209
18.1312061665556
18.1930031070008
18.2785807088142
18.3650736846923
999.99
999.99
999.99
999.99
999.99
999.99
999.99
999.99
999.99
999.99
999.99
16.0643067928329
16.3274346823148
16.3707753929593
16.3988039175575
16.4115775706466
16.3804650881645
16.3246977878134
16.2567252326725
16.1866318173257
16.14174672497
16.1533664448889
16.1963801888418
16.2593667381363
16.3538142425469
16.484115829992
16.6162769287794
16.7616623091643
16.9431733912456
17.2005658142993
17.4781146068061
17.7465804561594
18.0684498264892
18.3814712579201
18.8569140786228
19.3194733100809
19.76570233477
20.0630400180053
20.2791986664507
19.9102971882147
19.4389276632065
18.9630615655519
18.5460027215278
18.1534218014098
18.0763520444777
18.1088624088698
18.13231010279
18.1604706744188
18.212827956582
18.2695855319506
999.99
999.99
999.99
999.99
999.99
999.99
999.99
999.99
999.99
999.99
999.99
16.5052504839334
16.3624390293042
16.4068269200021
16.4184466890964
16.4324707407602
16.4089527036779
16.3616870686262
16.3010583784096
16.2335107287911
16.1897392659041
16.1999697657243
16.2444512621955
16.3105930763041
16.4080304567239
16.5388851961513
16.6722052624751
16.8131098564296
16.9829754778327
17.2420658899954
17.5204584139527
17.7836715363862
18.1363891488983
18.499219816555
18.9941751393826
19.4385354146618
19.8772804553421
20.0990062710786
20.2112343274522
19.762377845175
19.2997077758545
18.8303398717911
18.4599100409933
18.1290982131619
18.1058223275261
18.123075161629
18.1239586922821
18.1220336402672
18.1451183834439
18.1777383259675
999.99
999.99
999.99
999.99
999.99
999.99
999.99
999.99
999.99
999.99
999.99
16.5107367117332
16.4207296263018
16.4370858682836
16.447951373856
16.4586724857213
16.4424006434613
16.4036187856343
16.3519701730402
16.2902007123098
16.2508708523174
16.2597674407389
16.3045260862697
16.3702371837707
16.465205286436
16.5877615471335
16.7142538480032
16.8417792659773
16.991006890493
17.2162524528803
17.4617827580613
17.6892055143283
18.0480351275427
18.4169237978556
18.9776696663073
19.4748275579017
19.988791655338
20.2135920036856
20.3465235692961
19.8456711222035
19.3718854890411
18.8611975460714
18.4915678547344
18.1522647222064
18.1479714540475
18.1416956064373
18.1246870676205
18.0948292681006
18.0905102559624
18.1002492963502
999.99
999.99
999.99
999.99
999.99
999.99
999.99
999.99
999.99
999.99
999.99
16.6510424805547
16.514974327039
16.4820765484401
16.472002323537
16.4751601955663
16.4633813013733
16.4328250296224
16.3922124990857
16.3425205411609
16.3147638874994
16.3288576597571
16.3772428042272
16.4428941218617
16.5327159937432
16.6410678707414
16.7526694732239
16.8618555931105
16.9875950343367
17.175349881331
17.3843774902135
17.5764880325941
17.9020691821713
18.238418880573
18.8274857373846
19.3656392227017
19.9395058422864
20.2311546086008
20.447035430352
19.9597987651733
19.4924889658563
18.9594035658427
18.5668101941904
18.1961987733295
18.1860614379611
18.1586685760577
18.1275849893954
18.072094258417
18.0413600320136
18.0279749187511
999.99
999.99
999.99
999.99
999.99
999.99
999.99
999.99
999.99
999.99
999.99
16.5678042328042
16.5645695458094
16.5072982870102
16.4807824200544
16.4740043787506
16.4666267421569
16.4456752811912
16.4199954293
16.3885393435846
16.3786925924717
16.4037806834063
16.4595568601449
16.5270642234698
16.6115838937869
16.7023383772876
16.7927497534271
16.8778979576345
16.9754604240044
17.1196850825473
17.289093442343
17.4457182152558
17.7167592424044
17.9977173437368
18.5787469350449
19.1187963764907
19.7122867006897
20.0731992609451
20.3776893126959
19.9433167864195
19.5225338904942
19.0067720746206
18.6058007533698
18.2171586323724
18.1966359336586
18.147673812661
18.1025809106922
18.0291156377445
17.9986524116179
17.9878756576781
999.99
999.99
999.99
999.99
999.99
999.99
999.99
999.99
999.99
999.99
999.99
16.6345018728851
16.582911467769
16.5081692030672
16.4709646481864
16.4544359630894
16.4502093925798
16.4404149829209
16.4334314211909
16.4252805934737
16.436303838549
16.4755950503381
16.5412341505473
16.6124506291596
16.6914905710822
16.764524462513
16.8314767883656
16.8901403760971
16.9580809776428
17.0576937324744
17.1882622917918
17.3109877365228
17.5243561532927
17.7457072508507
18.2964592057428
18.8118955818715
19.3999126961911
19.8143599931834
20.1909158496708
19.8291736298319
19.4765025334317
18.9983289982797
18.6014439733315
18.2097033719019
18.1762779548576
18.1209394580932
18.0803859224532
18.0131237929506
18.0044338772071
18.0164871562732
999.99
999.99
999.99
999.99
999.99
999.99
999.99
999.99
999.99
999.99
999.99
16.8425580544117
16.578027596728
16.4893053468577
16.4381061578276
16.4144046810649
16.4124027292043
16.414967536368
16.4288997641471
16.446438627885
16.4797093367797
16.5346093860502
16.6109316408635
16.6878701749326
16.764761132743
16.8249028296295
16.872053811821
16.9063307450118
16.9451999724696
16.9986485766508
17.0897513852431
17.1969671303295
17.3690100319612
17.5480781841079
18.0518003464837
18.5201085671208
19.0433396819358
19.4588838003563
19.854155639814
19.5817465593256
19.3183116542915
18.9452725691433
18.6122530099541
18.2774056517483
18.2575743949538
18.2217002873001
18.1578555822134
18.0766155832869
18.0678140234759
18.0766543267836
999.99
999.99
999.99
999.99
999.99
999.99
999.99
999.99
999.99
999.99
999.99
16.5818080317264
16.5810658691534
16.482873973107
16.4042508470838
16.3801866827505
16.3829320634664
16.3961113350232
16.4281593531707
16.467826570701
16.5186163525063
16.5871447531319
16.6742729249682
16.7587094007004
16.8376968759702
16.8921481727842
16.9238268611935
16.9382963143796
16.951744528099
16.9733591717042
17.0372722232879
17.1413938521484
17.2804536789704
17.4363551288732
17.8865474660433
18.3155027391894
18.7522528784487
19.1514577643946
19.5245205215867
19.3147943114098
19.087595105704
18.835539651258
18.5787140508744
18.3252408061401
18.342598104843
18.3595623371357
18.2609639069373
18.1580312611674
18.1407470705289
18.1362924607316
999.99
999.99
999.99
999.99
999.99
999.99
999.99
999.99
999.99
999.99
999.99
16.6849829119132
16.5229928882457
16.455256648182
16.3846349181557
16.3702769650269
16.383959605802
16.4078254231713
16.454737998879
16.5086013379153
16.567800197624
16.6415684965812
16.7342693567755
16.8231783234299
16.9044352276106
16.9573632665565
16.9783807122697
16.9759750702501
16.9664015481733
16.9600515065365
16.9977525342706
17.0990700266008
17.2251615401565
17.3768300158637
17.7892618675271
18.1961007444281
18.5643007629972
18.9226398775645
19.2510921584613
19.0811933822322
18.8678615552673
18.7125533759444
18.5668521978851
18.4273425137007
18.5150996258165
18.6141894882123
18.511658217059
18.3539158503396
18.2957891798947
18.2464340459384
999.99
999.99
999.99
999.99
999.99
999.99
999.99
999.99
999.99
999.99
999.99
16.9907849437033
16.4546870433673
16.4081470281285
16.3743951785787
16.3774495226185
16.4076400864351
16.4460739268589
16.5062387419895
16.5685073447962
16.631086183023
16.7046248887703
16.7978703572079
16.888566188327
16.9722049547106
17.0259610859343
17.040860970511
17.0253306329611
16.9965256944021
16.96771042357
16.9802828613839
17.0790669792063
17.203189507038
17.3746806147008
17.7772607837698
18.1963440820122
18.5271190570391
18.855175652329
19.1217961637668
18.9590080302587
18.7240834357903
18.6346236534672
18.5805692364317
18.5494406035123
18.7111385950185
18.891815231211
18.7821069146128
18.5632084369558
18.4174277649511
18.2764747343985
999.99
999.99
999.99
999.99
999.99
999.99
999.99
999.99
999.99
999.99
999.99
16.3672200635858
16.4007950700489
16.3873048215456
16.3815657032987
16.4093462948838
16.4589553342473
16.5117397841996
16.5812698075254
16.644438997205
16.7031796341357
16.7724469739802
16.8640913080238
16.9552129876617
17.0436590022465
17.1023568535441
17.1154122672886
17.089315746986
17.045974086624
16.9994234331316
16.9911592213404
17.0943635581788
17.2264676265831
17.4241009470452
17.7853785194682
18.1840808707043
18.4375878168899
18.6907449165443
18.854641975643
18.7288865464035
18.5036751116019
18.5364490366267
18.6636242888216
18.8297130649804
19.1189345867508
19.4330302632276
19.3236532627102
18.9891066578356
18.6978882348203
18.408892094365
999.99
999.99
999.99
999.99
999.99
999.99
999.99
999.99
999.99
999.99
999.99
16.0212811590268
16.3629323243641
16.3828540940283
16.4113094549862
16.4677780355971
16.5384682933123
16.6044175840441
16.6788289576155
16.737349232339
16.7866034103196
16.8484617914599
16.9384921243727
17.0287227844895
17.1210242878749
17.1846659507533
17.1965466946131
17.1587873221137
17.1047225711956
17.046694279476
17.02443697089
17.102805283121
17.214825388343
17.4044310202807
17.7199815682506
18.0940234031855
18.3371186831421
18.5791363219919
18.708035977947
18.6190851128631
18.4292961616906
18.514935748567
18.7872385642007
19.1126852102244
19.5247397499318
19.9109625064591
19.8549908920975
19.3931356837952
18.9478992424186
18.5079665134439
999.99
999.99
999.99
999.99
999.99
999.99
999.99
999.99
999.99
999.99
999.99
16.1666099086099
16.3319163857397
16.3717075815117
16.4362830586214
16.5159522763384
16.6034553743893
16.6833833203992
16.7631887246546
16.8199513341833
16.862789063482
16.9199394876957
17.0091459085643
17.0993786370148
17.1948284891922
17.2618363740235
17.2739620368373
17.2266826097325
17.1656532512571
17.101798684395
17.0729871839476
17.1330946124959
17.2330293824557
17.4186613297754
17.6892132017658
18.0083005161537
18.2238596691501
18.4343316889487
18.5107825829395
18.4409197618093
18.3243498077077
18.4796420251982
18.9167497565493
19.4198289519614
19.974430061258
20.4281240531637
20.4172723415253
19.850174190763
19.2749291678022
18.7097230080076
999.99
999.99
999.99
999.99
999.99
999.99
999.99
999.99
999.99
999.99
999.99
16.2956037930324
16.3479313216415
16.3874727536437
16.4510646368138
16.5416502428396
16.6378133414515
16.7288985909627
16.8123018399105
16.8710800701043
16.9130782630109
16.9702838241008
17.0608779075319
17.1549090149019
17.2558830676017
17.3273782998092
17.3426193615305
17.2907402232614
17.2265039919186
17.1586517504797
17.1260049526835
17.169333286557
17.2591020697677
17.441239596079
17.6683619374864
17.9334786162516
18.1218236978792
18.3022061262498
18.3276425567943
18.2774979862935
18.2312814042954
18.453536369276
18.9870752551722
19.6016252484402
20.2330832712655
20.6937602868423
20.6684917273388
20.0904889404287
19.4790369402019
18.8831730220216
999.99
999.99
999.99
999.99
999.99
999.99
999.99
999.99
999.99
999.99
999.99
16.4724962936148
16.3911451350901
16.4124349462007
16.4536910606004
16.5455162892385
16.6422493172562
16.7388059682553
16.8238440241164
16.8861366965933
16.9289320085581
16.9887042831648
17.0822482694032
17.1813849870411
17.2882993834908
17.3658187414601
17.3859949500715
17.3351574677614
17.2731839124706
17.2051744340883
17.1720340660146
17.202420118114
17.2831765216603
17.4351555372632
17.5943024631046
17.7786632811703
17.9146435048123
18.0391800447803
18.0408994634946
18.0351214411964
18.0835239675706
18.3905086855377
19.0397839572446
19.7599403921931
20.4638879075408
20.9322392156808
20.8995701375329
20.3167541118249
19.6951473415447
19.0954721225608
999.99
999.99
999.99
999.99
999.99
999.99
999.99
999.99
999.99
999.99
999.99
16.5905699520508
16.4486871446518
16.435234637934
16.433347984561
16.5174336384827
16.6111359947951
16.7120359980706
16.8008093761816
16.872083388032
16.9243324073065
16.9900088626018
17.0868826615999
17.1913342903279
17.3029570131861
17.384303177825
17.4111718177977
17.368136517582
17.3124299469679
17.2474089310259
17.2146654726728
17.2291126885201
17.294505450388
17.4115381828574
17.5336346636202
17.670323039956
17.7917995281777
17.8986756961757
17.9141081430808
17.9197940610061
18.026709387878
18.3357600264814
18.9587549992706
19.6366237013843
20.3017443147775
20.6718564580612
20.6145906659745
20.1296569513115
19.6137184027476
19.122550122104
999.99
999.99
999.99
999.99
999.99
999.99
999.99
999.99
999.99
999.99
999.99
16.6035686163108
16.4788065446407
16.4356401707736
16.3991164374644
16.4689939274329
16.5553286829577
16.6606711483643
16.7559936797569
16.8407218121953
16.9097797481944
16.9860337770591
17.084799415637
17.1942911542235
17.3093274844747
17.393194215997
17.4289685956764
17.4025418908273
17.3569181335867
17.2976243037837
17.2648129528219
17.2763107627063
17.3351583387722
17.4302138225035
17.5309536031776
17.6372728980338
17.7285724677755
17.8034021436518
17.8168717052327
17.8174693127985
17.9111483452971
18.1972337659623
18.7402342618635
19.3317689846024
19.9160157643326
20.2580987337822
20.1889919950623
19.8726508173356
19.532659997321
19.2156232410132
999.99
999.99
999.99
999.99
999.99
999.99
999.99
999.99
999.99
999.99
999.99
17.0667016623846
16.4628893189603
16.4120916653832
16.3663901636333
16.4238211161008
16.503698297261
16.6125963418824
16.7158944551082
16.8126567789513
16.8984346717562
16.9840417237314
17.082108996334
17.1912160106403
17.3050290249098
17.3894269417118
17.4343464302879
17.4280569153758
17.3982697644639
17.3502486410913
17.3181680904786
17.32410089751
17.3711864939829
17.4401700090383
17.516228346491
17.605811773606
17.6833911667847
17.7441934143027
17.7718524112617
17.7848994307743
17.855358539049
18.0636403514841
18.4703775419435
18.9522068367887
19.430958063524
19.7336802938698
19.7296574681847
19.6278372622083
19.4638083110988
19.3188205877328
999.99
999.99
999.99
999.99
999.99
999.99
999.99
999.99
999.99
999.99
999.99
16.8487637365859
16.435525941381
16.3873434259931
16.340601889933
16.3929009493991
16.4694062522286
16.5825120287192
16.697558952206
16.8062364337572
16.9069476508278
17.001685551845
17.0987765824618
17.2020374500405
17.3100261722773
17.3937145905164
17.4467085111503
17.4602067966595
17.4491314983343
17.4159388301562
17.3859680003358
17.3856991182073
17.417549514719
17.457549038622
17.5066747379136
17.5756455200536
17.637195929853
17.6830433720932
17.7242522312302
17.7493711435349
17.8014049776536
17.937165237829
18.2433861940116
18.6486769032334
19.0546747025864
19.3469021174087
19.4360013118222
19.4560515487008
19.3768945953499
19.3115449210768
999.99
999.99
999.99
999.99
999.99
999.99
999.99
999.99
999.99
999.99
999.99
16.432360782204
16.3912773636038
16.3658436703789
16.3293239054531
16.3817307463552
16.4592039495027
16.5778188480444
16.7071054229637
16.8292089807932
16.9432212018965
17.0445032353681
17.138426657768
17.2311523723259
17.3289651703094
17.4106909161648
17.4727704906694
17.5054592650943
17.514950685475
17.498524102408
17.4724336076226
17.4632158436843
17.4784422077157
17.5008502613037
17.534411961487
17.5918732808374
17.6489830918888
17.6908885782479
17.730490075864
17.7546554292096
17.7781892494539
17.8339375336888
18.0323367463747
18.3651560490123
18.700456431336
18.9810828121918
19.1589093084512
19.2963459500417
19.2982504655886
19.3087830593948
999.99
999.99
999.99
999.99
999.99
999.99
999.99
999.99
999.99
999.99
999.99
16.4553533878691
16.3463601983773
16.3410420139004
16.3441211558331
16.4012064628565
16.4822746260226
16.6066602294778
16.7490314117998
16.8824515880303
17.0023536328864
17.1047069639216
17.1919086639442
17.2700103209081
17.3525217078943
17.4315016091802
17.5014347680207
17.5507190852195
17.5808489533825
17.583577106041
17.5644542424182
17.5490601474174
17.5501666621054
17.5561313460217
17.5741318195273
17.6176410173331
17.6676883245355
17.7042459886873
17.7407816443379
17.7638551131464
17.7612791787396
17.7626583873281
17.9080789336291
18.2269062142145
18.5483528690347
18.8708608546835
19.1442976950186
19.3457565008927
19.3680307150112
19.3965669723708
999.99
999.99
999.99
999.99
999.99
999.99
999.99
999.99
999.99
999.99
999.99
16.2928308269354
16.3332598983296
16.335464780099
16.3711408578917
16.4357791485601
16.5238972409745
16.6520386217898
16.8036028342787
16.9450407569077
17.0638698452627
17.1618645791353
17.2413965618367
17.3042787198764
17.3710638879359
17.4489535402929
17.5260297686378
17.5885214884307
17.6393052224988
17.6619013899982
17.6526266070213
17.6356774189588
17.6279089403221
17.6201484982562
17.6244345032512
17.6534350922143
17.694332106941
17.7243950893464
17.7556950007954
17.7759834063522
17.7738913699745
17.7497489064628
17.8391362922302
18.1236369850718
18.4084327968927
18.6939694446528
18.9817019697725
19.2279489560308
19.2489661887196
19.2763549396241
999.99
999.99
999.99
999.99
999.99
999.99
999.99
999.99
999.99
999.99
999.99
16.1818011775294
16.3741178052501
16.3750928089456
16.4187091638388
16.4876651668891
16.5811035863436
16.7086285934011
16.8622760920223
17.0069275621414
17.1214464317588
17.2133780652693
17.2866008109326
17.3398203014583
17.3966693611449
17.4763928224726
17.5608572287561
17.6346557574444
17.7011546264999
17.7397065554044
17.7402297556926
17.7223183605761
17.7055550437214
17.6847074236615
17.6748740891349
17.6866644456069
17.7165530270711
17.7402137932596
17.7660461101608
17.7827290107727
17.7811964640934
17.7582197635745
17.8179960553463
18.0305360415648
18.2413438660414
18.4511747560163
18.6626492734133
18.8291360573148
18.814124234838
18.8074687686118
999.99
999.99
999.99
999.99
999.99
999.99
999.99
999.99
999.99
999.99
999.99
16.213083598554
16.4068021261093
16.413971269972
16.4730517113903
16.5426119637322
16.6388977703177
16.7617546699824
16.9102027196297
17.0539281583782
17.1637607125055
17.2488831892028
17.3170163467092
17.3659187342038
17.4159289551094
17.4949796931023
17.5855631112331
17.6700642896206
17.7494430796124
17.8033605995016
17.8167864845797
17.7997548695771
17.7742315894274
17.741113073994
17.7165472489246
17.7103791322148
17.7290656833676
17.7475708623598
17.7680229317847
17.7814999126637
17.779496149017
17.7568783176044
17.7861731968782
17.9275368322507
18.0648280624542
18.2005449269948
18.3365349038607
18.4545328085912
18.4335353589647
18.4230160969504
999.99
999.99
999.99
999.99
999.99
999.99
999.99
999.99
999.99
999.99
999.99
16.4778330576379
16.4501390181047
16.4542756989239
16.5236667483409
16.5910523819446
16.6870539050555
16.8026125946896
16.9409779735433
17.0798329824852
17.1872738081086
17.2685228751024
17.33547335184
17.3861709939213
17.4346551979298
17.5118499929657
17.6062611468365
17.6997121905995
17.7876589613044
17.8545172294144
17.8803402517305
17.8660573501439
17.8320161016758
17.7891618206461
17.7513755791397
17.7314761628068
17.739222129307
17.7540521326837
17.7692155747111
17.7783599818259
17.7724636359614
17.7502656708261
17.7490850053051
17.8214149982168
17.8881100066344
17.9529613921148
18.0156242160252
18.0871550431906
18.0740520284315
18.0717257022551
999.99
999.99
999.99
999.99
999.99
999.99
999.99
999.99
999.99
999.99
999.99
16.3121702305954
16.4797098454919
16.4864803260506
16.5563276227535
16.6200661719944
16.713288918788
16.8192382263719
16.9448102143425
17.07617732913
17.1840426790875
17.2666222486863
17.3366401933602
17.3946227792577
17.4482694591429
17.5253459362941
17.6222968233227
17.7239698281276
17.8179116157735
17.8945489444101
17.9316436550861
17.9218515008616
17.8825170521663
17.8363301238796
17.7912046317765
17.7630380914478
17.7621775699145
17.7725083649637
17.7781082154775
17.7774255398599
17.7621855136639
17.7375792722929
17.7057948452342
17.711008836072
17.710509610989
17.7082956675714
17.7014144006812
17.7301530557539
17.748577012561
17.777340709745
999.99
999.99
999.99
999.99
999.99
999.99
999.99
999.99
999.99
999.99
999.99
16.254873808602
16.4919000351228
16.5052983169032
16.5758698665245
16.6343346975593
16.7228086071936
16.8189720049863
16.9316641919671
17.0526528427826
17.1618107818534
17.2469334210048
17.3210245744185
17.3883392858695
17.4506752656641
17.527794374095
17.6261638957928
17.7341235968298
17.8305445761226
17.9129925234331
17.9588198988605
17.9541595153875
17.9134227838685
17.870010037093
17.8244317533188
17.7939620915577
17.7881882669844
17.7936308541824
17.7882419333994
17.7756414430149
17.7502689945267
17.7227265748361
17.6921110314346
17.6700689429527
17.6433449757009
17.6144090591905
17.5795692781594
17.5470053356957
17.5937874542861
17.6502605943938
999.99
999.99
999.99
999.99
999.99
999.99
999.99
999.99
999.99
999.99
999.99
16.3047760498632
16.4731491731169
16.4953653097546
16.5712074606091
16.6260961324384
16.711182817668
16.8004842074342
16.9032742268036
17.0152270752281
17.1237040198782
17.2090553745961
17.2853636630396
17.359497243825
17.4288028097561
17.5053477367603
17.6034692297376
17.7154561589628
17.8142871926271
17.9010395382221
17.9555354998319
17.9610507263965
17.9264636021861
17.8919495841334
17.8540313793854
17.8293523433211
17.8226691312032
17.8240821690353
17.808541414494
17.7831939591649
17.7440767890365
17.7094781092491
17.6765482699824
17.6554455294016
17.6315053203032
17.6071298658747
17.5751951786001
17.5467959438096
17.6442815328437
17.7509057296919
999.99
999.99
999.99
999.99
999.99
999.99
999.99
999.99
999.99
999.99
999.99
16.2759958771387
16.4737509592586
16.4924245763816
16.5606616109727
16.6092556432448
16.6880712291738
16.7705189786668
16.8637556390427
16.9658783891402
17.0692485449411
17.1513835674962
17.2262532449919
17.3035424894216
17.3784491059617
17.457551543249
17.5561364414385
17.671250239389
17.7728726152389
17.8633139087231
17.9255243007024
17.9449136781371
17.9234002098304
17.9037948907287
17.879551192874
17.8659565939874
17.8607638025687
17.8588599333878
17.8341929396822
17.7961133523563
17.7433837499294
17.7025992840376
17.6676312899954
17.6470869581477
17.6270330020579
17.6070898190247
17.5777027253074
17.5529848446638
17.7022730828338
17.8606767695835
999.99
999.99
999.99
999.99
999.99
999.99
999.99
999.99
999.99
999.99
999.99
16.3169282806495
16.5014494046894
16.5126549071807
16.5661663791989
16.6040956846026
16.670803375115
16.7425460143055
16.823932800829
16.9129776165056
17.0041395111106
17.0773368008859
17.1445266068276
17.2186497737267
17.2947983213153
17.3769843584819
17.476572918296
17.5957430944111
17.7034010869058
17.7998719594764
17.873152919667
17.9107050490231
17.9072504592865
17.905216071123
17.8974909412147
17.8930439970752
17.8887170849026
17.88362360535
17.8510544285697
17.8022804327667
17.7411665722914
17.6958643103481
17.6582190084104
17.6348527195249
17.615285401877
17.5964895929972
17.5682565482536
17.5480330328932
17.7275551113648
17.9177037431058
999.99
999.99
999.99
999.99
999.99
999.99
999.99
999.99
999.99
999.99
999.99
16.4110327599875
16.5639745476325
16.5667861101702
16.6013636348049
16.6253666833688
16.6742130896246
16.7303336199644
16.7957608833699
16.8675392012416
16.9397924809388
16.9976924471463
17.0515638547717
17.1166308751693
17.1890986700081
17.2729942363311
17.3745467891851
17.4983797587828
17.6153279758668
17.7198062258471
17.8049363385083
17.8598998208887
17.8743711527816
17.8853891805281
17.8930023845839
17.897087484527
17.8948777241534
17.8895843010844
17.855926798672
17.8023347863444
17.7389337175279
17.6925807614681
17.6526321174729
17.6243347291629
17.601827218672
17.5805280690521
17.551123340189
17.5339605765452
17.7028529982238
17.8849297802166
999.99
999.99
999.99
999.99
999.99
999.99
999.99
999.99
999.99
999.99
999.99
16.5526989406257
16.6622038823158
16.6619883900909
16.6672222608057
16.6761535649734
16.7038807012082
16.7407587408466
16.7868211315211
16.8397851531575
16.8893668139619
16.9282725562679
16.9647391673119
17.0155210330029
17.0788301282513
17.1617785687657
17.2651154921461
17.3951466379235
17.5259123539449
17.6444959712852
17.7467059987018
17.8227104285398
17.856916356156
17.8793540857531
17.8984016666425
17.9081624299171
17.9055224857184
17.8990526625855
17.8655468354822
17.8087865557608
17.7427356684258
17.6931133946777
17.6466501044957
17.6092462134231
17.5797522642631
17.553527799538
17.5227451777623
17.5102039774584
17.6453671636319
17.7962258202645
999.99
999.99
999.99
999.99
999.99
999.99
999.99
999.99
999.99
999.99
999.99
16.804041444572
16.7537664211901
16.7630255602229
16.7594935589804
16.7542691400929
16.7586411039829
16.7727605863038
16.7968222797339
16.8288157016428
16.8554162309576
16.8766610140536
16.8968937902697
16.9334354425683
16.9869864190389
17.067986896631
17.1740393229228
17.3109312718786
17.4560136353158
17.5911633339347
17.7113745569612
17.8058361927942
17.8576573555594
17.8904470460797
17.917571962923
17.9301000938804
17.9254285964739
17.915991189538
17.8801332195265
17.8191964378172
17.7516424957059
17.7021505167058
17.6535546409283
17.612818987753
17.5811791363248
17.5525638264158
17.5196842454143
17.5082640761792
17.6050293874756
17.7194421461835
999.99
999.99
999.99
999.99
999.99
999.99
999.99
999.99
999.99
999.99
999.99
17.1521352767764
16.8384125080076
16.8614321435817
16.8616516628155
16.8491375832971
16.8351880317239
16.8277057812216
16.8310117626368
16.8417874168903
16.8461123830003
16.8506464997662
16.8573042574041
16.8813810936029
16.925913738084
17.0031045597219
17.11063904883
17.2518755488054
17.4089142511495
17.5593861501772
17.6963355623364
17.8064534505739
17.8744554066889
17.9168113723136
17.9506257805034
17.9657805274242
17.960418277847
17.947716237459
17.9083216329833
17.8433089257897
17.7722418745391
17.7193941320401
17.6661858969456
17.6213758624594
17.5853930145384
17.5546609777849
17.52037677229
17.5102814509409
17.5668050056742
17.64259763824
999.99
999.99
999.99
999.99
999.99
999.99
999.99
999.99
999.99
999.99
999.99
16.8150411010003
16.9102860052251
16.9481415560211
16.9560543763554
16.945012861252
16.9219614895931
16.8973487705226
16.8810821779821
16.8713394766065
16.8548817702254
16.8439217658174
16.8413950899245
16.8584499198574
16.897755185944
16.97237871859
17.0815628284282
17.2241323919545
17.3887953195124
17.5514851127123
17.7011092668832
17.8230096941391
17.9054168320164
17.9555085771701
17.9929396250265
18.0115040415646
18.0072200793436
17.991077811437
17.9493230620168
17.8814536294287
17.8050759649868
17.7457931356249
17.6869287546047
17.6381581710782
17.5983278547878
17.5659948031714
17.5312698201129
17.5211407537925
17.5458829265665
17.5911859364761
999.99
999.99
999.99
999.99
999.99
999.99
999.99
999.99
999.99
999.99
999.99
16.7128879268879
16.963981770679
17.0163942979743
17.0281346643232
17.0223705419789
16.9971015997815
16.9606252041174
16.9282806785565
16.9007471157664
16.8678444689943
16.8452991767189
16.8398861362683
16.8568312360285
16.8968059672323
16.972230729573
17.0854595024627
17.2295065445951
17.3994548974785
17.5729596600134
17.7334635841486
17.8640914696246
17.9567248578982
18.0123467803412
18.0476900126704
18.064925349172
18.0593413751843
18.0384861773735
17.9931681922552
17.9240697420005
17.8436022879823
17.7772575570498
17.7130453808994
17.6613751386513
17.6184498207917
17.5848752081952
17.551115689966
17.5411201859503
17.5531226405236
17.5864406332704
999.99
999.99
999.99
999.99
999.99
999.99
999.99
999.99
999.99
999.99
999.99
16.8218670310203
16.9898347878058
17.0438983008048
17.0766669791721
17.0775292454046
17.0518484190811
17.0065218725745
16.9612863116716
16.9191207162955
16.8739426273144
16.8454106419155
16.8438680263258
16.8675572155969
16.9147553843765
16.9966581460729
17.1181593272668
17.2650701850349
17.4387165537247
17.6187114362276
17.7840402307555
17.91494460946
18.0082082320703
18.0608734965182
18.0874497042874
18.0981359070536
18.0904550124649
18.0675793943773
18.0230011202535
17.9581545795269
17.8800659987061
17.8113654639619
17.7459760948689
17.6947353758758
17.6517561506546
17.6185356662476
17.5867521440486
17.5761466118404
17.584910977435
17.6151438444196
999.99
999.99
999.99
999.99
999.99
999.99
999.99
999.99
999.99
999.99
999.99
17.1257672276105
17.0253886843084
17.0696881697834
17.1071758399119
17.1101532074575
17.0827309304547
17.0312207110992
16.9755101025313
16.9216197768363
16.8689770639095
16.8384862178394
16.8429051026994
16.8763955682607
16.9341086837315
17.0262095266791
17.1576326364244
17.3097401544783
17.4885062940531
17.6739407768953
17.84122794575
17.9694785763682
18.0575769668308
18.0990706285927
18.1093186546348
18.1069611863453
18.0938598946344
18.0698588504687
18.0313738096045
17.9782530350169
17.9099952644122
17.8427812381137
17.7774174001231
17.7237433009173
17.6769951860229
17.6414524321377
17.6124192722593
17.6031933032467
17.6116342786716
17.6414865184975
999.99
999.99
999.99
999.99
999.99
999.99
999.99
999.99
999.99
999.99
999.99
16.9551838829644
17.0765268187123
17.1014008705618
17.1354850615919
17.1268266982849
17.0948524368557
17.0392562602465
16.9743793337339
16.9097199320219
16.853212260942
16.8237784449446
16.8352304750064
16.8809145303937
16.9540098167439
17.0608043135361
17.2044859324183
17.364466781867
17.5492601003869
17.7371563119609
17.9028027954589
18.0253725728107
18.1035616076734
18.1276467048255
18.1174552121763
18.097433130419
18.0747684399354
18.0486929321764
18.0187038795144
17.9800726020278
17.9275136487974
17.8678372645159
17.8061971657645
17.7509099499889
17.7007665849578
17.660872021508
17.6329619185477
17.6252751874954
17.635067037235
17.6660597811487
999.99
999.99
999.99
999.99
999.99
999.99
999.99
999.99
999.99
999.99
999.99
16.9195768922006
17.1428904985129
17.1496482816524
17.1675549147462
17.1314878818896
17.0900614541919
17.0272878360214
16.9586930781302
16.8877935081601
16.8335784007589
16.8113192255993
16.8323539057152
16.8919804705599
16.9851064685414
17.109819265459
17.2664994387747
17.4356147978474
17.6259744091427
17.811078481571
17.9699760999154
18.0822938814915
18.1456241906371
18.1495074793664
18.1192539290311
18.0805447977797
18.0467880733628
18.0181071042048
17.9959894288604
17.9723440563753
17.9373689264089
17.8884390469004
17.8320947182232
17.7754911116716
17.7205120300547
17.6762005033779
17.6487320713811
17.6442778364887
17.6592251160311
17.6947573467316
999.99
999.99
999.99
999.99
999.99
999.99
999.99
999.99
999.99
999.99
999.99
16.9432845561974
17.4358252095619
17.2581631924933
17.2260726792909
17.1481574602004
17.0837960804713
17.0104861073868
16.9431772813236
16.8710949503906
16.8232485530131
16.8108846130621
16.8420821729503
16.9158205109331
17.0309670204175
17.1754828259124
17.3438293360242
17.5197043493049
17.7110975766023
17.885100312529
18.0288906786572
18.126469795126
18.174377720826
18.1608749912988
18.1169075837036
18.0651024632145
18.0233180682525
17.9924610426334
17.9761765215869
17.9647922061927
17.9449567348749
17.9056680228011
17.8523750858926
17.7920392238791
17.7292130974078
17.6794061826897
17.6501255773129
17.6493340464864
17.672017404445
17.714095461191
999.99
999.99
999.99
999.99
999.99
999.99
999.99
999.99
999.99
999.99
999.99
17.2437173611006
17.6016363636342
17.2285810527513
17.2750969857277
17.1537427479629
17.0686449318892
16.9891813846257
16.927242869553
16.86005250195
16.8239484406514
16.8232550426756
16.8639268270788
16.9512077017033
17.0866473188148
17.2486149836872
17.4253424450364
17.6047374851364
17.7916728240051
17.9491622596605
18.0726742889737
18.1542686497777
18.1901983847032
18.168305659455
18.1208604268053
18.065786025549
18.0216609830497
17.9893054619143
17.9739664967632
17.9686812861008
17.9569567906817
17.9215053211752
17.8657717845909
17.7975477865068
17.7217656924339
17.6634962207212
17.6300538679028
17.6325422226472
17.6652392914283
17.7176903201345
999.99
999.99
999.99
999.99
999.99
999.99
999.99
999.99
999.99
999.99
999.99
18.3233053598202
17.9259144074244
17.5708051732971
17.4081551375516
17.1191283202331
17.0460723477743
16.9701797355027
16.930862397958
16.8616208237396
16.8232174813782
16.819547253384
16.8874142120753
17.0039241159925
17.1659988813384
17.3530168968289
17.5682001725139
17.7531892377379
17.9162745196675
18.0454098262197
18.1336940012878
18.1763656354459
18.1990616475798
18.1752132759941
18.1425002454785
18.1021299160284
18.0537163524946
18.0049625453888
17.9959138497395
17.9866544712296
17.9633216387495
17.9521401691084
17.8896074566511
17.8025253583641
17.701058445448
17.6326674136809
17.589282286677
17.614858320778
17.6380600285516
17.7035414320675
999.99
999.99
999.99
999.99
999.99
999.99
999.99
999.99
999.99
999.99
999.99
14.8555772005772
17.906983385572
17.5491205341167
17.3425064876463
17.0910316021675
16.9920282618673
16.9215122913944
16.910384566992
16.8710312261115
16.8405380443184
16.867074516502
16.9471101400519
17.0615343289983
17.2269543866218
17.4235359443018
17.6500526702592
17.8521521629006
18.0117712676994
18.1219456870011
18.1796407858428
18.196248894929
18.2032580670498
18.1905620946844
18.1851225154589
18.1838828745085
18.1406838450314
18.0892577062424
18.0719261065957
18.0553425406761
17.9954732572045
17.9853174479247
17.9035539832344
17.789824170063
17.6514761106911
17.5707358375244
17.5131376823607
17.5640355102483
17.5942421031258
17.6751483567971
999.99
999.99
999.99
999.99
999.99
999.99
999.99
999.99
999.99
999.99
999.99
22.3217293511524
21.4971877555048
16.7986428621707
16.7921434152375
16.6194734402261
17.2992734512874
17.2535134420361
16.8835085230939
16.5670940238623
16.8182798651858
16.8952500783511
16.9174721128658
16.6991196233113
17.3547694666928
17.8430873946031
17.9949212080989
18.1614489041736
18.4595237944402
18.3663807562936
18.2382677999507
18.2730635800514
18.1131808528289
18.0578511848198
18.3342193010242
18.1713754217134
18.4323574319602
18.2469440246165
17.7733548476301
17.7970319387671
18.2483584123968
18.253455696839
17.8096078203639
18.1424241745479
17.3546934753207
17.4929556239347
17.3419969681886
17.3416418792203
17.7688878313582
17.897416275749
999.99
999.99
999.99
999.99
999.99
999.99
999.99
999.99
999.99
999.99
999.99
999.99
999.99
999.99
999.99
999.99
999.99
999.99
999.99
999.99
999.99
999.99
999.99
999.99
999.99
999.99
999.99
999.99
999.99
999.99
999.99
999.99
999.99
999.99
999.99
999.99
999.99
999.99
999.99
999.99
999.99
999.99
999.99
999.99
999.99
999.99
999.99
999.99
999.99
999.99
999.99
999.99
999.99
999.99
999.99
999.99
999.99
999.99
999.99
999.99
