999.99
999.99
999.99
999.99
999.99
999.99
999.99
999.99
999.99
999.99
999.99
999.99
999.99
999.99
999.99
999.99
999.99
999.99
999.99
999.99
999.99
999.99
999.99
999.99
999.99
999.99
999.99
999.99
999.99
999.99
999.99
999.99
999.99
999.99
999.99
999.99
999.99
999.99
999.99
999.99
999.99
999.99
999.99
999.99
999.99
999.99
999.99
999.99
999.99
999.99
999.99
16.3087085413618
16.3551956247392
16.5656066119969
16.6708114092644
16.7978525524031
16.8434511885069
17.4367419591636
17.3985793424539
17.3740984609661
16.9234694028387
16.7417758118769
16.5292502777904
16.4415604325988
16.5895084175084
16.7121067217722
16.4787240473425
17.0058686215062
17.1069504854418
18.3565785178775
19.0969281902515
25.4157822123623
16.2718540431694
16.0376746157443
16.5304387830519
17.5207817699142
17.3793632844121
16.9257471378796
17.1412262193865
17.8218288710902
19.0600162551346
19.0969281902515
17.7703825814139
17.8423179413179
18.0191989205142
18.085624812921
17.881645775827
19.0969281902515
19.0969281902515
19.0969281902515
999.99
999.99
999.99
999.99
999.99
999.99
999.99
999.99
999.99
999.99
999.99
16.5145079616473
16.3753861730791
16.4806642847523
16.5797019608918
16.7431593555988
16.9121326805765
17.056173983461
17.1104628560354
17.1068819023861
17.0029879362022
16.862924970362
16.7259915777037
16.6566077532491
16.6197641811699
16.6648415724338
16.7567654998141
17.0095657834098
17.2215973147672
17.6780564673103
17.6836399795348
17.6688332632147
17.4781538507498
17.383202825236
17.0702503875051
17.1644034371938
17.2797598873383
17.4493664816171
17.6695871143796
17.9021993769429
18.0252190230195
18.5830755011875
18.6443890454325
18.6029877523571
18.512064100911
18.6554721284412
18.3602403716338
18.5436313450256
18.7252661971397
18.9303141158972
999.99
999.99
999.99
999.99
999.99
999.99
999.99
999.99
999.99
999.99
999.99
16.3696641678105
16.4128319230748
16.5104658527374
16.6313039601537
16.7610915203564
16.9014353802274
17.0251137464132
17.0696673821929
17.0588503123339
16.9821588531956
16.8750655490589
16.7579834307488
16.6843668347748
16.6427074459263
16.6660358547023
16.7281407104075
16.9234940828023
17.1692795593984
17.676895160296
17.7743096391991
17.8487480726884
17.7670998671322
17.6464653214614
17.2667922988377
17.2577904349368
17.2721568942833
17.374439002067
17.5494340789206
17.7582991153764
17.9101757333663
18.0407049236415
18.1168024533352
18.1167372340234
18.0752338909986
18.1796220984379
18.3132592948202
18.4767717179559
18.6543482857855
18.8516007043354
999.99
999.99
999.99
999.99
999.99
999.99
999.99
999.99
999.99
999.99
999.99
16.1343044733045
16.4885823846353
16.5667284660005
16.6798038872218
16.7360470033445
16.8647275779479
16.9807220751172
17.0364051086582
17.0351560914913
16.9933685412439
16.9147981896992
16.8142483331084
16.7313533257848
16.6868026339707
16.6831053237951
16.7162089409753
16.8521757303585
17.0362184544753
17.2568767857698
17.4540855537909
17.649462800601
17.7019316766612
17.6723201728052
17.5806784276209
17.5142081168294
17.4416492230692
17.4658547058586
17.5762554881928
17.741675376711
17.8767719409536
17.9952250266491
18.0679896363522
18.1020124219988
18.1017050737048
18.1602152991708
18.2618302738486
18.4095137026154
18.580766623169
18.7692883460643
999.99
999.99
999.99
999.99
999.99
999.99
999.99
999.99
999.99
999.99
999.99
16.0980117501546
16.8399553005876
16.6860680688167
16.76924462078
16.755985398772
16.8674099900795
16.9705852366358
17.030802538976
17.0388426001324
17.0107512383553
16.9431828532653
16.8540986454021
16.7720604492497
16.7213343034325
16.7072829802108
16.729525825672
16.8388259633773
17.0215013550981
17.2859210389965
17.5355862596631
17.7939627387388
17.9360548172402
17.9591908799354
17.8500015493942
17.755828853813
17.6374678914385
17.6063452904217
17.6760009122234
17.8267039620675
17.9494170335648
18.0636860346253
18.1316470143018
18.1542781002244
18.1398976885296
18.1831396370958
18.2684629664051
18.3953199494035
18.5553635672316
18.7425883271956
999.99
999.99
999.99
999.99
999.99
999.99
999.99
999.99
999.99
999.99
999.99
16.5078743231217
17.9490521964283
16.8430989299832
16.9189159768173
16.8116340326276
16.8793307090626
16.9665157440528
17.029822605478
17.0454851067945
17.0282090862633
16.9711021913846
16.8958456546336
16.8218005636575
16.7890630220587
16.7954274801124
16.8378702455705
16.9576925550201
17.1630142788253
17.4626894468753
17.7471977931975
18.0506097900713
18.2474563061395
18.3083160900202
18.1877974161156
18.0759695347206
17.9202225710448
17.8475703880249
17.8745368107397
18.0346185481233
18.1687710275473
18.3012086542607
18.3850972743168
18.4244029473134
18.3582815160776
18.3455907928254
18.3742332427905
18.4422607340335
18.5477402987498
18.7216874166234
999.99
999.99
999.99
999.99
999.99
999.99
999.99
999.99
999.99
999.99
999.99
17.2053378735086
18.2628457390129
17.1310939367509
17.0912913283378
16.8882752480688
16.9081484427375
16.9741677144494
17.0327984397396
17.047501396142
17.0324520540803
16.9809270441637
16.9206473911314
16.8661989952383
16.8704126175252
16.9226099038116
17.013440655019
17.1805386270114
17.4366808630429
17.7887849855673
18.1167839682123
18.4672919842431
18.6957656648677
18.7748268314729
18.6276058388753
18.4841781624414
18.276715577893
18.1586998541078
18.134084097369
18.2969754901064
18.4376056657214
18.5845947659141
18.6790356426288
18.73551125267
18.6175554578921
18.5453567051394
18.5125142000338
18.5187123969473
18.5591816757638
18.7049083215997
999.99
999.99
999.99
999.99
999.99
999.99
999.99
999.99
999.99
999.99
999.99
16.534811291109
18.9857943434662
17.8396663936851
17.2640544569021
16.9818849709839
16.9506104280665
16.9940745077525
17.0477259286078
17.0599263950515
17.0448649663228
16.9996728437973
16.9535749851494
16.9209879124913
16.973092003643
17.0874933013139
17.2436767831166
17.4741344706569
17.7763450833288
18.1674441704372
18.5239052900474
18.8902295622848
19.1209872930782
19.2222688036976
19.052693737997
18.8720389870164
18.6324911276318
18.4814510789636
18.3993286106989
18.5603061011232
18.7125726456262
18.8708337323559
18.9803566942389
19.062805002056
18.9056411984244
18.7807159078486
18.6861827673255
18.626810108612
18.5933767004992
18.6954499704217
999.99
999.99
999.99
999.99
999.99
999.99
999.99
999.99
999.99
999.99
999.99
19.0969281902515
19.0972149413998
17.957008811671
17.3733875006008
17.0970974042611
17.0284876497877
17.0592464600004
17.1128891231805
17.1340134673603
17.1311155290812
17.0963499023025
17.0679816755477
17.0490978605889
17.1412165733378
17.3116856858233
17.5413305591346
17.8442156021869
18.2011936922965
18.5766887219485
18.8986139932276
19.1957682418344
19.3499969832945
19.4014483172665
19.2520904569698
19.0840529518043
18.8730316610235
18.734530092684
18.6410214717642
18.7919563228642
18.9491001310884
19.1197616242758
19.2582254600824
19.3817868830674
19.2030593536489
19.0392838776085
18.8868378341603
18.7602476191925
18.6504556879059
18.7040126893508
999.99
999.99
999.99
999.99
999.99
999.99
999.99
999.99
999.99
999.99
999.99
29.6316589136782
18.9195374279883
18.0038030039528
17.4284712646533
17.1783560911957
17.0921322236154
17.1285755923839
17.1892024457769
17.22836024359
17.2471587955565
17.2339087816902
17.2254100318208
17.218841941911
17.3485119132878
17.5664947140972
17.857162036125
18.2231810919374
18.62583116356
18.9713566846841
19.2477501405391
19.4669309734513
19.5335735613504
19.5254567307685
19.391682229103
19.2343777399336
19.0500963529278
18.9245816987444
18.8236673813531
18.9341128499799
19.0584459778879
19.2055274187155
19.3374721415544
19.4690194658023
19.3036845329602
19.1472417440073
18.9837133846588
18.8382003037601
18.6939726152998
18.7079923894977
999.99
999.99
999.99
999.99
999.99
999.99
999.99
999.99
999.99
999.99
999.99
17.0204230202904
17.9502591837225
17.9686730347821
17.3784510327133
17.2092531409521
17.1607309053757
17.2248624427629
17.2975981620207
17.36139736973
17.4087145676864
17.4222386956057
17.4188266583578
17.4136147753771
17.5394660651673
17.7577096508091
18.0614854547212
18.4331778044658
18.8302145489696
19.1475595543121
19.3834812803261
19.5301265304431
19.5554334697135
19.5267077003833
19.4136957618237
19.2761656933403
19.1293226808866
19.0091396419548
18.8990218978619
18.9502513286923
19.0196259760131
19.1199031117044
19.2312216007917
19.361248049122
19.261993389875
19.1698526793428
19.0557468872152
18.9357955228196
18.7909934951063
18.7645517862629
999.99
999.99
999.99
999.99
999.99
999.99
999.99
999.99
999.99
999.99
999.99
17.2820245310245
17.7844528034868
17.835049575917
17.3569238664475
17.2881482522227
17.2722908140159
17.3528183764149
17.430931691708
17.5141075973915
17.5852054942049
17.6257692774446
17.6253795768818
17.6091512748307
17.7095671061357
17.8988943393386
18.1899294986389
18.5475329996136
18.9253384731894
19.2406076799144
19.4707667952744
19.5806456727312
19.5984931253874
19.5835675426198
19.4672463639197
19.3262266006384
19.2258326013408
19.1225948307142
19.0155006385201
19.041407002838
19.0864243078754
19.1079064449566
19.1666626916667
19.2610016805136
19.2004756303405
19.1502246705342
19.0970801941042
19.0132458347194
18.8861695559986
18.8366638073408
999.99
999.99
999.99
999.99
999.99
999.99
999.99
999.99
999.99
999.99
999.99
17.2514824778396
17.1575567535062
17.261104418186
17.3431523071435
17.3786881103923
17.4047261875559
17.4952936172744
17.5660349313332
17.654742911364
17.7371336905835
17.7856840618323
17.7810517846556
17.7533665628328
17.8216350771604
17.9680489967669
18.2345702406342
18.5773547844915
18.9549368604098
19.2932920390107
19.5501382550583
19.6698783346849
19.7074765455488
19.6912727964895
19.5569180682856
19.401575213817
19.3224584538128
19.2380724340593
19.1590958355415
19.1839276208251
19.2218878635096
19.1819112338723
19.1613756929001
19.1892778172292
19.1475013777086
19.1258278273816
19.1313025169637
19.1086093107923
19.0324791052659
18.9716547939454
999.99
999.99
999.99
999.99
999.99
999.99
999.99
999.99
999.99
999.99
999.99
16.9028602400309
17.0822290995087
17.2517589242402
17.4104489298677
17.5379844393481
17.617909651665
17.7328436883952
17.7500835249578
17.7919449491934
17.8338896081637
17.8548318034013
17.8083660319163
17.7835722795727
17.8334509705135
17.9468807672013
18.1727389073978
18.4874055524175
18.8424260902273
19.2162847418561
19.5212144312778
19.7106929217631
19.8170382628038
19.847476973033
19.6856556422994
19.5032221970397
19.4152899751541
19.3434361475941
19.2848217339648
19.3265545228542
19.3725358002241
19.2782749230569
19.1686313698485
19.1478599006002
19.1403789948098
19.1640527103157
19.2550478867333
19.3249182699842
19.2724272628539
19.1769275558547
999.99
999.99
999.99
999.99
999.99
999.99
999.99
999.99
999.99
999.99
999.99
16.3682649441151
17.0456047228006
17.301252450997
17.5645228293838
17.7953586969028
17.9559179643984
18.0797839068664
18.0389836122916
18.0231035710563
18.0150150812306
17.9813059200735
17.8933770691135
17.8686325118879
17.8984391073089
17.9755144271852
18.1353478472324
18.3904802426154
18.7179683598741
19.128151159128
19.4880616723414
19.7797299001452
19.9962357561035
20.0677032489677
19.8705555922427
19.6509188151347
19.5418459307077
19.4795055478221
19.4612181501566
19.5532478263536
19.6588167355941
19.5569374482527
19.3911863119367
19.367164258167
19.4078010477989
19.4672974697496
19.64056973783
19.7812712010565
19.7176849357163
19.5712077758449
999.99
999.99
999.99
999.99
999.99
999.99
999.99
999.99
999.99
999.99
999.99
16.4429734150867
17.0812078031585
17.4137075110027
17.7731335882226
18.0783097871581
18.288424654298
18.3903148803925
18.291781258253
18.2115269163476
18.1469428913055
18.0545711628669
17.9506990400222
17.9293095858203
17.9583955689021
18.0174326099042
18.125407309724
18.3425992237731
18.6673756050695
19.1439678790735
19.594199748482
20.0278978011522
20.3551832210495
20.472858492207
20.2049034283748
19.9071278528339
19.7555589829968
19.7008384479636
19.7185024744313
19.8925105641238
20.0936178792198
19.9798529392936
19.7375014948437
19.6760822575366
19.6986286685273
19.7229148111095
19.9247592553947
20.1165231935342
20.0481138441272
19.877893700844
999.99
999.99
999.99
999.99
999.99
999.99
999.99
999.99
999.99
999.99
999.99
16.550514533086
17.0916274553883
17.4718593100394
17.8868136976338
18.2369866426518
18.5171488758326
18.6304080106887
18.5027826420474
18.3816727905459
18.2829827736199
18.1401935228731
18.0235307707567
18.0074370401484
18.0443988757965
18.0977055119488
18.1580763381654
18.350000137784
18.7096046239589
19.2238912128889
19.7278757080792
20.2682946633107
20.6514376586983
20.7148102260557
20.3956501950325
20.0695132694297
19.8664631216667
19.8208211621979
19.9021144203093
20.1311468686194
20.3493590043575
20.2628632270284
19.982938244286
19.9196559028928
19.9535582071847
19.994341212985
20.21412695628
20.448464344897
20.375396821577
20.186357351861
999.99
999.99
999.99
999.99
999.99
999.99
999.99
999.99
999.99
999.99
999.99
16.6816187132651
17.1378686216416
17.5452751738993
17.9813159269456
18.3627619520266
18.7070445975671
18.843981532253
18.7032166524852
18.5589948561069
18.4440971021145
18.2777764457259
18.1625334910722
18.1722825127799
18.2345407431915
18.2994266900696
18.3235256621843
18.4782858097286
18.8061351473304
19.2890986919958
19.7994084602206
20.3906765025251
20.8156746500661
20.8810247069988
20.5708620098748
20.2263412312665
19.9864436842113
19.9158770993793
20.000647597211
20.2253979487063
20.4296070059865
20.3416467196303
20.0706219309278
20.0522959836034
20.1174634407214
20.1910288675742
20.4404984254342
20.6875145101983
20.5756676024816
20.3846755178767
999.99
999.99
999.99
999.99
999.99
999.99
999.99
999.99
999.99
999.99
999.99
16.7526556530965
17.1820126762823
17.5466682331375
17.9381568811647
18.2878706872305
18.6436748088927
18.7575252065857
18.6716809828097
18.5760207489931
18.5164088907101
18.3961466435926
18.351476190345
18.3925880806881
18.4806699776058
18.5566871365942
18.5543275417423
18.6811717816268
18.9890504408989
19.4503326641458
19.9728003720165
20.5965133298486
21.0459084146936
21.0950033752356
20.7784012332783
20.4021933593704
20.1233793710447
20.017750530384
20.0960930152756
20.3064429864391
20.4863148194046
20.3882699880813
20.1227909483188
20.0876166496988
20.1265725490027
20.1789837869837
20.4284291845138
20.6599935225935
20.6039536425793
20.5003779011425
999.99
999.99
999.99
999.99
999.99
999.99
999.99
999.99
999.99
999.99
999.99
16.8800591278641
17.1814313312163
17.4653243599713
17.7768879637487
18.0655822078242
18.3692328637036
18.4707101923252
18.4434187317651
18.4037589698069
18.3982153999934
18.3553274416162
18.3725304756212
18.4448862597694
18.5539759567331
18.6426479665092
18.6581103295524
18.8116801135849
19.1005491550011
19.5381486070367
20.0634639260037
20.6673784441357
21.0758461570302
21.1385133629658
20.8495384194493
20.4785298907796
20.2013580512679
20.0774177750519
20.1174654297818
20.2853350751777
20.3793445247178
20.2102101951296
19.9140410870604
19.7948726006893
19.7352054547527
19.7314160801216
19.9414804244464
20.1581898059998
20.1951782889135
20.2158611156533
999.99
999.99
999.99
999.99
999.99
999.99
999.99
999.99
999.99
999.99
999.99
17.0200930032028
17.1375216100806
17.3433415789483
17.6102021716242
17.8712207539506
18.1573964500671
18.3291062708328
18.4266674075701
18.4609665375054
18.5198147666511
18.5609136202261
18.5690214218069
18.649379006031
18.8077179148268
18.9400061629219
19.0064364846184
19.2305018081961
19.4740359227896
19.7419530386163
20.1226040275513
20.5607781525277
20.8289347097113
20.8351086519611
20.6515249665777
20.367039576517
20.1324690503738
20.0108553154967
20.0360537876213
20.1280073930816
20.0976948841097
19.89664092899
19.6126988997813
19.4588800799008
19.350448499598
19.3458770025765
19.5410142581851
19.7468417971213
19.8983402602941
20.0615741463431
999.99
999.99
999.99
999.99
999.99
999.99
999.99
999.99
999.99
999.99
999.99
17.0895168207712
17.0782303077079
17.2236537424918
17.4616885596564
17.7119616270796
17.9756330361739
18.2118942349182
18.4292137656905
18.5373914249706
18.6608636610117
18.788349263004
18.7853231738815
18.9045297716081
19.132204540161
19.3227703508263
19.4853287572725
19.8178988296371
19.9486788596504
20.0207518175321
20.2393169177248
20.4425462749953
20.5190494674947
20.5335646651677
20.4546461806163
20.198330767755
20.005733059904
19.8774378450301
19.8335393317531
19.8259522009059
19.7533964921103
19.5406783725078
19.2893749613655
19.1247303093481
18.9935426935175
18.9649416395646
19.1558816136789
19.3593216800432
19.607819784395
19.8922196882506
999.99
999.99
999.99
999.99
999.99
999.99
999.99
999.99
999.99
999.99
999.99
16.8909620093418
16.9831241098628
17.0754452201168
17.3157363102037
17.5880140017206
17.8884234823524
18.2472609242259
18.6407481886091
18.8214970064466
19.0059453791111
19.1571490590904
19.077464817094
19.1413666039507
19.3774876262298
19.5666439784189
19.7925172274695
20.217454305915
20.2975945767769
20.2397453256729
20.3131934408771
20.3044448894096
20.184712781538
20.1670818245365
20.1446028698081
19.9704535087638
19.8711186439304
19.8156643198912
19.7434345041725
19.6785924303689
19.5535489924527
19.3195146148428
19.0556091847959
18.8600862675883
18.7003233469418
18.6425412925166
18.8229476700509
19.0343707039897
19.3912109828894
19.7803249095942
999.99
999.99
999.99
999.99
999.99
999.99
999.99
999.99
999.99
999.99
999.99
16.732728579976
16.8731122873562
16.9497155371324
17.2242403097125
17.5478740839201
17.9171105993068
18.4264370874573
18.9697992458649
19.1948529223246
19.4104710351846
19.5471961912177
19.3565779835984
19.3540514420812
19.5926160047488
19.7773394947159
20.0623382165239
20.5715955078036
20.5985262218082
20.4100831828244
20.3381208406829
20.1273059282536
19.8221851465806
19.7815095487089
19.8206697551759
19.7348421592831
19.7300808439827
19.7491927132788
19.6674347138112
19.5662076383852
19.4090114675158
19.1752518026508
18.9222469625145
18.7168309566631
18.5461139226975
18.4740237600545
18.6062630183927
18.7849556990214
19.1619663055751
19.5690736703801
999.99
999.99
999.99
999.99
999.99
999.99
999.99
999.99
999.99
999.99
999.99
16.6713610218663
16.794325784314
16.843405069068
17.17032558654
17.5465646506252
18.0061640804296
18.6517603328567
19.3360846223147
19.5970952847833
19.8694034516289
20.0032489209046
19.7406065248089
19.7027396119398
19.9785843083532
20.1444981048588
20.4507943799617
20.9948587529348
20.9523991259178
20.6187664852027
20.4104737306237
20.0218688834433
19.5595479941102
19.4724215157971
19.5455130783974
19.5217206669983
19.5917896192093
19.6807450311505
19.6113519414443
19.4954226303549
19.3430626424137
19.1447373137567
18.9262808550542
18.7478347810005
18.6048359300054
18.5383134977964
18.6422907581595
18.7865302786138
19.1627807275137
19.5662473366046
999.99
999.99
999.99
999.99
999.99
999.99
999.99
999.99
999.99
999.99
999.99
16.7030276231705
16.7377609453325
16.7622292591621
17.0788286116744
17.438715813515
17.921537801058
18.5660375036148
19.2560149035732
19.5451216187576
19.9011309204183
20.095162174944
19.960072100405
20.0181384394458
20.31572181065
20.4025357258137
20.6023517528504
20.9999177424469
20.8427912750614
20.4858032927998
20.2958288804327
19.913560609292
19.4509263430188
19.4050920348751
19.4827608793241
19.4594785166676
19.5806670190958
19.7277356045811
19.6638517862362
19.5538677713085
19.4460985560624
19.2518737526068
19.0393466742916
18.8551145720298
18.7058697733626
18.6085319460289
18.6685032871469
18.7650791779841
19.0648027800375
19.3892953632717
999.99
999.99
999.99
999.99
999.99
999.99
999.99
999.99
999.99
999.99
999.99
16.5665854211604
16.7285871663467
16.7400980849718
17.0356807308217
17.3704732025409
17.8601101814451
18.4769898676855
19.1453798826626
19.4371309543142
19.8528682943329
20.1288914401352
20.1594732306012
20.3006926174995
20.6149379789945
20.6230266962211
20.5924294169561
20.6956812144272
20.4098841582623
20.0040007381185
19.7998595873828
19.5322938388434
19.2104425057431
19.26617053895
19.4174268176844
19.4929394557145
19.7044767304987
19.9326750306869
19.881436227376
19.7823686150919
19.6717033150635
19.4427447886055
19.1970548520263
18.9852673322512
18.8076056573166
18.6818496742368
18.694613410358
18.7407930457956
18.9747108050051
19.2291981995774
999.99
999.99
999.99
999.99
999.99
999.99
999.99
999.99
999.99
999.99
999.99
16.5662884067152
16.7845073111123
16.787789250914
17.0105148739217
17.2630035954941
17.6396279548346
18.0937431951652
18.6054725750607
18.8790331653592
19.3375595786419
19.7900854423858
20.0991294977098
20.4559566010324
20.8636798946319
20.8710296533848
20.6347580417144
20.4571377119546
20.023635840197
19.5464381787212
19.3292372109345
19.1797352728888
19.0109333225589
19.1439619272577
19.3485558067985
19.4511936110755
19.6793088024553
19.9105490869047
19.9009954321762
19.8545105156586
19.8090563721269
19.6135694872473
19.40197989706
19.1771196168721
18.9592793249499
18.7947930000645
18.7498406985258
18.7368741059082
18.8945142536379
19.0797455694976
999.99
999.99
999.99
999.99
999.99
999.99
999.99
999.99
999.99
999.99
999.99
16.8024762910338
16.8624228074409
16.8681760045995
17.0605161760156
17.2571941554923
17.5370252077285
17.8418920397538
18.2079026044411
18.4191203333979
18.8799003953811
19.4745974988251
20.0330983174859
20.5836765436187
21.0933430562664
21.1056107978446
20.6719740514241
20.2222299181513
19.6469771401986
19.1025731324351
18.8807377784499
18.8526588064078
18.8390290407005
19.050448093434
19.3083404881754
19.4306786307006
19.6697902525978
19.8980363570559
19.8945268125679
19.8670166673368
19.8580990067039
19.66775344002
19.4613385802833
19.2554521253322
19.0289717949483
18.8560718825647
18.8082535781779
18.792181377434
18.898313056767
19.0376348452381
999.99
999.99
999.99
999.99
999.99
999.99
999.99
999.99
999.99
999.99
999.99
16.9711985610209
16.9401624187444
16.986883738019
17.1491310295577
17.2952665866368
17.4781474832265
17.6359343515708
17.8532760146866
17.996690523105
18.4136758876488
19.1144487498306
19.875599641713
20.5839930771735
21.1634202505521
21.2236634552882
20.6208377784016
19.9401148977358
19.2542577519591
18.680282506515
18.4581979155119
18.5689372861576
18.7239607379829
19.0307655435685
19.3423995592374
19.4767749300218
19.7096234554481
19.9170006656893
19.9001922867045
19.8816546139017
19.9049585264975
19.7281148777202
19.535380672046
19.3604961721078
19.1373126449951
18.966053252988
18.9090336197851
18.8829041189518
18.9280836233631
19.0101769511938
999.99
999.99
999.99
999.99
999.99
999.99
999.99
999.99
999.99
999.99
999.99
16.8364450804712
17.0696202933584
17.1637815428368
17.3065209355339
17.4429624645727
17.5747816243537
17.6655282374211
17.814067359994
17.880337255683
18.1777310926962
18.8303765748318
19.5749392056696
20.2626699605035
20.8547929649257
20.9925157479124
20.3897304750982
19.6745572516244
19.0045009538019
18.466793093282
18.2440674248671
18.4249177882372
18.6822761489905
19.0536178517667
19.3559789746046
19.5034035048087
19.699064463751
19.8556592963524
19.7878306881122
19.7718032775954
19.789138630788
19.6547841407057
19.506157767931
19.3990704723261
19.2168366944767
19.082604222548
19.0242541760501
18.9928350333856
19.0125501393215
19.0721010646705
999.99
999.99
999.99
999.99
999.99
999.99
999.99
999.99
999.99
999.99
999.99
16.9110753452896
17.2946405014087
17.4084848935033
17.5464842386145
17.6630583082641
17.7457206137943
17.7783694395629
17.8773734345911
17.8864365862181
18.0807290744235
18.6049821249697
19.2476738430738
19.8509680187312
20.398904835852
20.5472963823378
20.0624164675368
19.4390677893933
18.8664579903658
18.450844589771
18.3225961891526
18.5375749849476
18.8551093894017
19.2236825722021
19.4401402407573
19.5229996623035
19.6366274980046
19.6808792656897
19.5816143186963
19.5921707676264
19.6284250459797
19.5567730033215
19.4863056123629
19.4455330221523
19.3000127902561
19.196390027049
19.1320367789827
19.0920033015105
19.0819046669177
19.1189290875064
999.99
999.99
999.99
999.99
999.99
999.99
999.99
999.99
999.99
999.99
999.99
17.5211468467653
17.5755596641815
17.6971952842891
17.8631378815643
17.9750321805982
18.0456383294624
18.0901933526204
18.2169857222888
18.1987268961832
18.3159526439801
18.6839081368263
19.1665424543917
19.6119462307869
20.0630368097258
20.1605743850525
19.7697661196297
19.235970063932
18.7681606497963
18.4783452265528
18.4565716801953
18.7060569579923
19.0735622817272
19.4518877639994
19.5996808257814
19.635511377108
19.6888443706476
19.6455051059671
19.4869226460326
19.4699263742918
19.4720352364898
19.4101353294949
19.3657751055144
19.3671870924872
19.2841610606369
19.2335454826411
19.1853584503855
19.1572015580109
19.1461244314515
19.1684022490238
999.99
999.99
999.99
999.99
999.99
999.99
999.99
999.99
999.99
999.99
999.99
17.5447984323071
17.8952584382358
18.0432311621418
18.1890418291902
18.2465107512251
18.2409651720009
18.2348265109132
18.3260586713238
18.325879109861
18.4297543905467
18.706726033756
19.0843502488836
19.4345160136108
19.8049350439666
19.8631025405855
19.5883394784928
19.1771143301984
18.8256670620271
18.6520072203163
18.7103071106034
18.9599363651517
19.3366845180243
19.6932760432055
19.7559763069038
19.7437872202914
19.738296870576
19.6116216498422
19.4150363015354
19.4022547035075
19.3989332532968
19.3760290153798
19.3864505199279
19.4284454825239
19.3740516270895
19.3443028937467
19.2790848774075
19.2284017623811
19.2073856527461
19.2264130225357
999.99
999.99
999.99
999.99
999.99
999.99
999.99
999.99
999.99
999.99
999.99
17.6392905536198
18.4693533533354
18.6885245421225
18.6218530486325
18.6372938200288
18.5573586956749
18.502453350706
18.5417994244174
18.5435725595191
18.6393067085882
18.807701098323
19.0673548626889
19.3187692445564
19.607714836435
19.5939011646098
19.4455111702493
19.1563216571945
18.9157127790097
18.8403441546511
18.9722693262801
19.1970410239182
19.5613206324897
19.8748877755461
19.8597713860905
19.8128246252876
19.7597681579741
19.5945250359516
19.4071409139468
19.4476984938662
19.4848006831802
19.5333129505295
19.5670603308453
19.6164652486104
19.522390100835
19.4772760951509
19.3889929744654
19.3428224702607
19.351021097892
19.4270998062372
999.99
999.99
999.99
999.99
999.99
999.99
999.99
999.99
999.99
999.99
999.99
17.8071930582792
18.7045165249711
19.0181136493549
19.0217242434904
18.9986903936404
18.8154407995114
18.6844759396952
18.6364047254849
18.6065264379415
18.7138452082229
18.8527859398176
19.0539362331432
19.2635929019159
19.5161301934076
19.4410232961593
19.3644180479565
19.1840243417166
19.0391361710059
18.9960283186173
19.1537740754105
19.333452125726
19.6327511326424
19.852469483826
19.8233932165004
19.774650702451
19.7228960691753
19.6060217744839
19.5174075099528
19.644243582452
19.7699050182493
19.9043961736676
19.9176016647153
19.9283104625291
19.7460006346381
19.6383920573935
19.5199362472967
19.4991381278222
19.5670879955488
19.7337153163749
999.99
999.99
999.99
999.99
999.99
999.99
999.99
999.99
999.99
999.99
999.99
23.356804227994
18.7810030736286
19.1866149814055
19.2532065570314
19.2322180037667
18.9525148015924
18.7499629385783
18.5976139888962
18.5056650072489
18.5948267844372
18.7597226076581
18.9447348217901
19.1575625874839
19.4116102251052
19.339841488952
19.3009598041222
19.2299025303731
19.1918004776314
19.1914695482973
19.3620234717841
19.5277678433078
19.73857725364
19.8326123819303
19.7615653751904
19.7153425068124
19.6655351247127
19.6596042666458
19.7106664844002
19.9616859940217
20.1588487910384
20.3627860192446
20.3317284477663
20.2962101264202
20.0203844919524
19.8723362501327
19.7451970459164
19.731565223152
19.8553295497967
20.1069105217354
999.99
999.99
999.99
999.99
999.99
999.99
999.99
999.99
999.99
999.99
999.99
17.0228656977943
18.7205412432619
19.2163295114266
19.346961472617
19.355556644427
19.0123328338009
18.7347930284535
18.4593127057785
18.2668366525105
18.3134364323791
18.4792906566982
18.6537678438936
18.9000254250786
19.1969116353646
19.1726475801684
19.206415212654
19.2563188072231
19.3159109230815
19.3495662933344
19.51406473047
19.6667163890393
19.8101926470928
19.8182546940138
19.7524668887913
19.7643448898821
19.759347379625
19.8944087344862
20.0959190432217
20.4826160357522
20.7481112501537
21.0085844204278
20.9162125610175
20.8225072549865
20.4179512547613
20.203101817672
20.0524455024023
20.0311827417472
20.1811070068272
20.5010696411439
999.99
999.99
999.99
999.99
999.99
999.99
999.99
999.99
999.99
999.99
999.99
17.1372403879512
18.6698325200836
19.1983645436819
19.4089042766659
19.5029393578306
19.1739999190639
18.8769996483868
18.5343796270851
18.2181524042863
18.1574498498247
18.2547210387558
18.3654077751006
18.5620336379432
18.836759416456
18.8168244676074
18.8696198965938
18.9763767603643
19.1177762031504
19.2107699771637
19.4166152886103
19.618698126798
19.7777781264289
19.7765220453635
19.7783006746205
19.8943003105442
19.973800745662
20.2741730782104
20.6354332052022
21.1301657022628
21.4373755836483
21.7193806673269
21.5330092254979
21.340550226171
20.8276073382192
20.5528180190817
20.3914581333842
20.3702881870743
20.5459048561309
20.9076238608718
999.99
999.99
999.99
999.99
999.99
999.99
999.99
999.99
999.99
999.99
999.99
17.0208051948052
18.3451539558171
18.8292728466434
19.2986078344981
19.4984820552963
19.2140560407819
18.9088482141272
18.544220952151
18.1251110529467
17.9420952558855
17.9813654536811
18.0468263403266
18.1821593699962
18.4221855848076
18.4266033209199
18.4793670677125
18.6272073072155
18.8552002609479
19.0201698224453
19.2680409581778
19.5331098925141
19.7225662833443
19.7238736342749
19.7926792519313
20.0203659062685
20.2069690066757
20.6304181857776
21.1119827348683
21.653772165995
21.9339830367212
22.1632083295825
21.9358700780952
21.681971182463
21.1585771014568
20.858717470584
20.7007761231313
20.6297984116668
20.7713777774731
21.0745929052881
999.99
999.99
999.99
999.99
999.99
999.99
999.99
999.99
999.99
999.99
999.99
17.4747671161591
18.3317906104949
18.7652128844653
19.2629250772927
19.5886130773814
19.3964559660231
19.1063418185125
18.7301679319237
18.2176807774366
17.903359275754
17.8723984036668
17.9183686249627
18.0170767850715
18.2372178207803
18.275691964206
18.3062814371839
18.4031258227486
18.6416024836961
18.8479785280317
19.1295682990727
19.4808408303571
19.7880778445521
19.8654637614758
20.0006249905639
20.3227181001256
20.5844648067162
21.0215761733541
21.5250869427339
22.0541949800823
22.2585814036844
22.3916405623083
22.1965361682746
21.948728836091
21.4821589955883
21.2175332703604
21.0690507247479
20.8991389600827
20.9351689883101
21.1035812451835
999.99
999.99
999.99
999.99
999.99
999.99
999.99
999.99
999.99
999.99
999.99
17.9544927673952
18.3697447908613
18.7727542144022
19.3300515383434
19.7832021258165
19.730069116177
19.4826996900084
19.1130481386275
18.5145104645485
18.0754445986356
17.9422908181378
17.9676155595188
18.0351493621327
18.250347313024
18.3087028274464
18.312937867724
18.3046694480512
18.4628092539799
18.6283163033789
18.8990517068607
19.2992260890961
19.7334274874192
19.9768481063335
20.2546993883996
20.6661133976374
20.9819977019326
21.3880035775444
21.8265678979789
22.2632561985857
22.4332868092551
22.5283001044994
22.3917010326453
22.1862850106735
21.8182392874304
21.5785743030938
21.4135512279462
21.1846332507139
21.1139691382008
21.1353951467693
999.99
999.99
999.99
999.99
999.99
999.99
999.99
999.99
999.99
999.99
999.99
17.9532510822511
18.4130025579776
18.7970675071207
19.3982730476775
19.9714401721191
20.0805109704667
19.9158352494851
19.6002926955223
18.9500071583708
18.3917785947092
18.1547284757846
18.1329164029838
18.1304485364878
18.3084565258334
18.3724578034343
18.3217397974445
18.1959277495028
18.2757765210106
18.415158952096
18.6872815457709
19.1418266938802
19.6859775312767
20.047422725957
20.3910723774734
20.8017363916975
21.0897059409431
21.4024219734596
21.7578852802525
22.1120738214177
22.2824076551146
22.3971771133795
22.3846064780102
22.2723764117792
22.0511697817239
21.8768192483033
21.7195061196232
21.4588780441631
21.3049668631474
21.1857601515032
999.99
999.99
999.99
999.99
999.99
999.99
999.99
999.99
999.99
999.99
999.99
17.8097986133108
18.3235163887202
18.7000180967565
19.3295955259945
19.9609164585228
20.2019085191231
20.1412304290924
19.9033815407626
19.2551542280141
18.6455436114175
18.3608665570308
18.3093409410026
18.275969585345
18.4518485051648
18.5429969817229
18.4592443555372
18.2486857283574
18.2552001349662
18.3553879200995
18.6053445562492
19.0782343300308
19.6737622791215
20.081387697459
20.40924758445
20.7405036803478
20.9293924006206
21.1061688302113
21.3608018424874
21.6510043339111
21.8367172311872
22.0008682419818
22.1252192274154
22.1408655168009
22.0857297917592
22.0306818775243
21.933292705217
21.7131550229765
21.523142120828
21.293030666409
999.99
999.99
999.99
999.99
999.99
999.99
999.99
999.99
999.99
999.99
999.99
17.9680819066725
18.291349870915
18.5808458971049
19.2240800430695
19.8401251687284
20.1743803424808
20.2227733049507
20.0706019118052
19.4770101641825
18.903508166783
18.6229172078923
18.5530872329249
18.4889739300553
18.6495626611186
18.7224976898913
18.5925939713022
18.3022867426712
18.2490112788948
18.319113938666
18.567683891933
19.0671545934344
19.7182257068783
20.1599730909776
20.4607309337242
20.6843589516141
20.7317052898281
20.7668352801015
20.9114037449406
21.1402826957259
21.3573556399144
21.6023015508979
21.8244403079705
21.971052061687
22.0604105787307
22.1483215865125
22.1412555226941
22.0177924927968
21.8216408349606
21.5315552468749
999.99
999.99
999.99
999.99
999.99
999.99
999.99
999.99
999.99
999.99
999.99
17.425234133269
18.3882472601276
18.3308975156225
18.8914264305128
19.4275235810367
19.8104412534754
19.9686800420117
19.9402873747861
19.4687914986189
18.998914729679
18.7519736116017
18.6448671460132
18.5264859648193
18.6359382639243
18.6544790303128
18.4960152173872
18.2029165021212
18.1377572007305
18.1982615873903
18.4423843654648
18.9123969023121
19.5211888620368
19.932672368047
20.1876314652756
20.3223647475615
20.2796171122067
20.2663064532952
20.3681704443817
20.5759929973055
20.8392614115642
21.1652941479309
21.439552032774
21.6845760312971
21.8923685327955
22.1143605359186
22.2348706867785
22.2303224742063
22.0661149743874
21.7587995745343
999.99
999.99
999.99
999.99
999.99
999.99
999.99
999.99
999.99
999.99
999.99
17.3052669401833
18.3749668390286
18.014491953313
18.4212226767767
18.8200687422332
19.1776738600063
19.4102554068591
19.5112917049892
19.204887079918
18.8802893105448
18.7133279924982
18.571432253131
18.3869565965834
18.4175401269847
18.3802326542926
18.2005616498615
17.9814392926689
17.9812207634673
18.0861972511408
18.3355532756799
18.757892204251
19.2410629852089
19.5253110351456
19.672064097722
19.7300052442797
19.6500751343533
19.6537171339735
19.7874314580167
20.0361841949312
20.3243022932824
20.6745931344669
20.9609613094544
21.2500478762719
21.5080353058365
21.8251560810481
22.0692803905035
22.1699840940089
22.0636569518567
21.7870485224734
999.99
999.99
999.99
999.99
999.99
999.99
999.99
999.99
999.99
999.99
999.99
17.7057719906884
18.0619355641863
17.6420490281054
17.9501151857504
18.2015329329234
18.4946696679364
18.7558790233973
18.9389716784615
18.7881404367208
18.6106854052186
18.5204543821254
18.3636220495058
18.1394591467283
18.0988904033198
18.0156049518674
17.8887881229792
17.8082671092486
17.9182036776718
18.0998244284256
18.3827352769333
18.7022444027122
19.0040960843278
19.134889688216
19.1663452916995
19.1440102481546
19.0689181445379
19.1304621164603
19.3038609825662
19.5825366592316
19.8752745880951
20.2117569528126
20.46463793078
20.7630777647467
21.0393017717084
21.4156770296298
21.7500079428826
21.9224819399506
21.8638736112572
21.6325030290236
999.99
999.99
999.99
999.99
999.99
999.99
999.99
999.99
999.99
999.99
999.99
17.8087129658959
17.7852568904773
17.3177135836564
17.5197783253167
17.6627976225485
17.8868340201825
18.1382383861509
18.3619827686675
18.3375496038271
18.2825501713313
18.253174072782
18.1017554643682
17.856722466445
17.7564145100992
17.6380619265035
17.5749546066941
17.6305649662358
17.8471495709454
18.0987474111597
18.4088759611887
18.6252223312937
18.7514686549397
18.7460703191516
18.6902673749544
18.6180652908014
18.5733449336831
18.6966553997669
18.9012575869928
19.1929245687532
19.477274299839
19.7814709603687
20.0139171624324
20.3161308618205
20.5836660152241
20.9639099382552
21.3253120818395
21.4841407180832
21.4274449030017
21.2356468233835
999.99
999.99
999.99
999.99
999.99
999.99
999.99
999.99
999.99
999.99
999.99
16.3283458393458
17.423779928809
16.9999808916948
17.1169822610898
17.2073888893862
17.3793680608142
17.6047238759339
17.8220174206912
17.8590751598133
17.8533519478209
17.8321114940388
17.6790623589231
17.4567037340572
17.3465956580759
17.2460982178151
17.2814279597843
17.4849346145499
17.7800805903683
18.0735818536692
18.3821018910935
18.4741080700797
18.4012848115537
18.2678193897943
18.1329462424939
18.0274256335301
18.0275793643685
18.217466468709
18.4519220869967
18.7493630790699
19.0141569369934
19.2732692136871
19.486787751983
19.7577051529552
19.9893326237919
20.3252736456317
20.674127920315
20.7930445220493
20.7566722089406
20.6269897556815
999.99
999.99
999.99
999.99
999.99
999.99
999.99
999.99
999.99
999.99
999.99
16.410556163929
16.8880506388615
16.7579472669764
16.8622101846222
16.9355534193885
17.0701041153615
17.2600688625631
17.4427656614478
17.4975266893181
17.5017970786767
17.4751804329454
17.3317647478654
17.1449211276539
17.0439678379994
16.978880159194
17.0996220953174
17.4184007403914
17.7932491473018
18.1490882241248
18.4910759994514
18.5277526782298
18.3296989687994
18.0869126138135
17.8581571961993
17.6780635032779
17.6596339573908
17.8440454239622
18.0706447043146
18.3547772478864
18.5972061947719
18.8182245936906
18.9884721827222
19.1928792196165
19.3506832422997
19.5956955359458
19.871988662691
19.9899407138307
20.013456833766
19.9846024077385
999.99
999.99
999.99
999.99
999.99
999.99
999.99
999.99
999.99
999.99
999.99
16.4055434383657
16.4712210019468
16.5761087515825
16.7068193813274
16.7900932874649
16.9139553354049
17.0773120995191
17.2162617842518
17.2645299064035
17.2588921139252
17.2114494602382
17.0832042294233
16.9409500543203
16.8616614782308
16.8290812891217
17.0213139721927
17.3804570672537
17.7804407041353
18.1617857213348
18.5250013558593
18.5183572804621
18.2948584580486
18.0132426096359
17.7366324921411
17.4992518850709
17.4539080665975
17.5812053556081
17.7632579997167
18.004116537058
18.2114692648426
18.3991193169777
18.5495168515352
18.7126431374613
18.8313994949704
19.0184376254684
19.2376677915109
19.3475329013637
19.4157629916173
19.4629409159112
999.99
999.99
999.99
999.99
999.99
999.99
999.99
999.99
999.99
999.99
999.99
16.2103514638671
16.4295074489015
16.5056806321493
16.6094042524519
16.694594440038
16.8127756747297
16.9591930073216
17.0683338231269
17.111194039995
17.1026538863741
17.0516764490659
16.9452165104973
16.8414827655406
16.7808976415417
16.7620872804486
16.9251377303076
17.2224666039197
17.5694449085243
17.9063829697111
18.2353159431182
18.2696646917104
18.1287157612683
17.8997161325824
17.6619311061298
17.4455929040759
17.3833845439242
17.4380720795252
17.5683692637251
17.7611779521174
17.9293519481339
18.0791037308872
18.2154310940558
18.3387675635397
18.4174797630152
18.5519716366374
18.723405570195
18.8400970403368
18.9573117764666
19.0783389876118
999.99
999.99
999.99
999.99
999.99
999.99
999.99
999.99
999.99
999.99
999.99
16.2164834507343
16.4853772821696
16.5397789770035
16.6144444696509
16.6572764329138
16.7737127978534
16.9105149460586
16.9993059826055
17.0307197689468
17.014048278806
16.9571875815732
16.8611373095052
16.7823755878096
16.7350411263064
16.7235618084748
16.8536381606152
17.0888848738573
17.3864413685501
17.700409112323
18.0218790860223
18.1188511290925
18.0859725399752
17.9317301492072
17.7269577066783
17.5207130761518
17.4335179028594
17.4152721085334
17.4945561687737
17.6481584156756
17.7846925170923
17.9013387403984
18.0072405202213
18.0783169448073
18.1135678039476
18.2007163069163
18.3359984825132
18.4819183086596
18.6549364525542
18.8429431766124
999.99
999.99
999.99
999.99
999.99
999.99
999.99
999.99
999.99
999.99
999.99
16.3977102432991
16.8360097085866
16.6627795749033
16.7008417828383
16.6811857270435
16.7850504887148
16.907579597771
16.991453470628
17.0262838157906
17.0179428532841
16.9722130598274
16.8903124044534
16.8160628368279
16.7648662175235
16.7474423361042
16.8344235752176
17.0020267565872
17.2648334264149
17.5726178626669
17.9002398228024
18.0712604484305
18.1797023729721
18.1171258406042
17.9950495907799
17.8469962159486
17.7863717701659
17.7216508116305
17.7810700280644
17.8603176823453
17.9314000940286
17.9782038820079
18.0223245603096
18.0196507217917
18.0295900904088
18.0923218711604
18.2064111027784
18.3880294004497
18.6067877223053
18.8229685118421
999.99
999.99
999.99
999.99
999.99
999.99
999.99
999.99
999.99
999.99
999.99
16.9205769894063
17.9286545600699
16.8091017165043
16.8565074155241
16.7544316492048
16.8246978612865
16.9137914892881
16.9916261439335
17.0297089811002
17.0292289612247
16.994825890901
16.9273912856657
16.8616024024363
16.8140727374696
16.8017527413169
16.8627659031101
16.9782170184434
17.1883300231915
17.4660816975874
17.7702881048409
17.9832433134851
18.2030952451548
18.2640610791098
18.2639403536613
18.2157729341112
18.2124622861791
18.1349077482524
18.1723756376272
18.1694575589441
18.1699607442259
18.1475817661231
18.1471967404954
18.1156457602065
18.145288659122
18.2233217722745
18.3565773019884
18.5630731565946
18.7657727959064
18.9465554096713
999.99
999.99
999.99
999.99
999.99
999.99
999.99
999.99
999.99
999.99
999.99
17.3283920857823
18.1429603829825
17.005649337817
17.0365061101989
16.8547735556926
16.8907619710779
16.9421909639358
17.0069341315647
17.0382229774582
17.0343599555568
17.0017384358874
16.9444599146329
16.891798758407
16.8618038427436
16.8752521660143
16.9384084910681
17.0456786332639
17.2373606983833
17.5116855358248
17.8114654709353
18.0761088508198
18.3797307443895
18.5429952453074
18.6485188916951
18.6860595752253
18.7244322031833
18.6394740698897
18.6529815735059
18.560761001168
18.4840405903792
18.3901845264319
18.3345424729621
18.2702447056629
18.3183045160095
18.4095483276341
18.5566672420606
18.7860530164991
18.9627513913504
19.094457866822
999.99
999.99
999.99
999.99
999.99
999.99
999.99
999.99
999.99
999.99
999.99
16.0263304473304
18.3370744813437
17.1955621454024
17.216111330555
16.9755453065788
16.9797847209238
16.9952039296067
17.0704046209528
17.116467421485
17.1277564765184
17.1152574274012
17.0887899790531
17.0252381816498
16.9983886460429
17.0323431505999
17.1286346810553
17.2609959035225
17.483244724699
17.793617713457
18.1108896506715
18.385497127938
18.7078347653309
18.913191045293
19.0672174712956
19.1509379200415
19.2116894730971
19.1306381778547
19.1261373874562
18.9496342888513
18.7959770080971
18.6403020592815
18.5290868153104
18.439445718744
18.5166558204273
18.6273689143508
18.7910667934531
19.0265215391937
19.1558767407505
19.2096660972273
999.99
999.99
999.99
999.99
999.99
999.99
999.99
999.99
999.99
999.99
999.99
16.824404585091
18.4494380066285
17.3264499726181
17.3681874099693
17.1511447303304
17.131523482639
17.1054512767101
17.1842316596706
17.2417058322639
17.2677182196618
17.2736393453804
17.2808659205785
17.2077300471414
17.1819478103995
17.2435287243463
17.3783887287716
17.5449254202552
17.803808376221
18.1322144091092
18.424224699475
18.6696683243625
18.968346172827
19.1790305055014
19.3876639197179
19.5398664919355
19.6439502317477
19.5831438699082
19.5749441940544
19.3097194413597
19.0750397517256
18.8626083718948
18.7114871819871
18.616555218646
18.7454722947563
18.8946068859731
19.077915577533
19.3155416964973
19.3917673852867
19.3550061056714
999.99
999.99
999.99
999.99
999.99
999.99
999.99
999.99
999.99
999.99
999.99
16.9669757890838
18.2846511922021
17.3976331240369
17.4754612450474
17.294578330317
17.264070618461
17.2160400635781
17.3053197194393
17.3869789672608
17.4420367829158
17.4800642231029
17.526540169113
17.4472560674702
17.4158698927472
17.4905967271437
17.6473312961423
17.8338966243039
18.1146494031186
18.4480750981376
18.7069939364653
18.9169463651947
19.1560555450958
19.3394059031778
19.5030008956325
19.6258946989343
19.6778785191895
19.5976133722654
19.5465763185512
19.2921157997757
19.0711315925405
18.8968819027982
18.7762562297513
18.749515785753
18.9113000813596
19.0864603226534
19.274680068066
19.5001760006574
19.5030683491669
19.4036267956689
999.99
999.99
999.99
999.99
999.99
999.99
999.99
999.99
999.99
999.99
999.99
17.0402284359631
17.3392185036442
17.3975696056618
17.4651139159837
17.3639728035927
17.3677859257216
17.3497351144787
17.4527112363593
17.5637284840172
17.6547777897434
17.7298085536165
17.8042798841701
17.7125395960422
17.6643670790745
17.7336451666759
17.8913410594427
18.0847098228486
18.3906767929848
18.7344782521547
18.9700679617926
19.1435331331024
19.3214404741536
19.4470331696967
19.5680888591374
19.6687021146133
19.7027327824627
19.6386141721741
19.5967698790028
19.3397124630447
19.11040111482
18.9405531960103
18.8287739113531
18.809246666584
18.977474200192
19.1606598972645
19.3336884142296
19.5055701776749
19.4752561514935
19.3529432507693
999.99
999.99
999.99
999.99
999.99
999.99
999.99
999.99
999.99
999.99
999.99
17.0264785049767
17.2541941681077
17.340843209107
17.424989698452
17.4057564148581
17.4405756447915
17.4512183120115
17.5688320430705
17.7163482634385
17.8522520513704
17.9752831917974
18.0842627090921
17.9780485626958
17.9015827698537
17.9443515444444
18.0746785610828
18.2510781565045
18.5673579415433
18.9113842877412
19.1235809176154
19.269324268206
19.3933289565764
19.4642342374073
19.5448295901223
19.6255982524515
19.6450456587606
19.6027249417332
19.5783978068332
19.3304961564076
19.1011372234844
18.9401599945682
18.8380415942931
18.8244051613308
18.9949099306354
19.1825384870707
19.3409818506611
19.4647891527087
19.4148241969946
19.2853747387515
999.99
999.99
999.99
999.99
999.99
999.99
999.99
999.99
999.99
999.99
999.99
16.9331127897046
17.1438117279653
17.2836067660026
17.4206354084617
17.4919875640394
17.5498800778701
17.5752757579337
17.6458918074969
17.7683466338836
17.889859320257
18.0089340367767
18.095439938358
18.0234394570634
17.9599074832746
18.0069156535355
18.1379858345775
18.3302345487527
18.6349795328227
18.9643114006244
19.1534515176723
19.2793193641904
19.3689855655304
19.4209190434875
19.5092804394759
19.6224708532475
19.6827539210089
19.7042754676899
19.7158431425335
19.4682269162992
19.2037987067747
19.0087484117441
18.8744040635216
18.8295292988734
18.9899711317345
19.1892220442097
19.3463924903813
19.4505165588777
19.4164059581545
19.2969981180479
999.99
999.99
999.99
999.99
999.99
999.99
999.99
999.99
999.99
999.99
999.99
16.8969472072642
17.0488321343395
17.2135716180228
17.3817451426286
17.4956630280288
17.5661646958177
17.6227421983761
17.6634465973971
17.7675974335635
17.8789157575435
17.9947420393931
18.048380029872
18.0001806718895
17.9511581748714
17.9881505362814
18.1042610513394
18.2898346097046
18.5640079272725
18.8569117326689
19.0367844790515
19.1631710096381
19.2477469729938
19.3092360637264
19.435241692489
19.5929498905196
19.704583852248
19.8005378891386
19.8564734625596
19.6153024294725
19.3192867680171
19.0777995837166
18.8919084146271
18.7938656229978
18.9195580999362
19.1072403359101
19.2665040105461
19.359262082337
19.3517876977672
19.2628735560598
999.99
999.99
999.99
999.99
999.99
999.99
999.99
999.99
999.99
999.99
999.99
16.3613858394799
16.9855699368107
17.1950438359048
17.4039881597453
17.576044261748
17.6697730880042
17.7607307027813
17.7491574093188
17.7989659449727
17.8613813407884
17.9395657469775
17.934526488729
17.900480493056
17.8727927916879
17.9110553213818
18.0174710968351
18.194896088088
18.4412578555027
18.6957609823366
18.8659891698055
18.9996425545131
19.1059742426824
19.2004806445973
19.4227585472065
19.684967706646
19.9052817364502
20.1048745731129
20.2334415829193
19.9584967859551
19.5858370645835
19.2513017106414
18.9934701181952
18.8182617249516
18.9264877764438
19.1168333504149
19.2949331072977
19.3612223814265
19.388365968934
19.3188713782025
999.99
999.99
999.99
999.99
999.99
999.99
999.99
999.99
999.99
999.99
999.99
16.5060745550746
16.9891060901289
17.2444227113168
17.5072557309102
17.7265360530166
17.8282585546458
17.9217250646728
17.846099125136
17.8214977310535
17.809750161885
17.8303964626931
17.7788119132741
17.7643314080905
17.7668710317223
17.820375517234
17.9248683482806
18.0852476486453
18.2941563524689
18.5021680798905
18.6571954473353
18.8038420460767
18.9409364271068
19.0856207784129
19.3544995712215
19.6653344159796
19.9254411307391
20.1601490334904
20.2902541059017
20.0436841080218
19.6636811787445
19.3093085323917
19.031238899946
18.8368286504737
18.9163616988356
19.0907812758431
19.2712403987913
19.3311779519835
19.4146638059812
19.3899192964058
999.99
999.99
999.99
999.99
999.99
999.99
999.99
999.99
999.99
999.99
999.99
16.7846477702192
17.0102991058743
17.3100626166031
17.6290766684265
17.8954384298137
18.018598490688
18.1274996878904
18.0004261547816
17.9061119479066
17.8215094812183
17.7788419551594
17.6755961988085
17.6732281094635
17.7220522527148
17.8136453765749
17.9457869884858
18.1168250720075
18.3123977339009
18.4750332754374
18.6296755502737
18.7924626536364
18.9645979246678
19.1734144239951
19.4835544698624
19.7956262177897
20.0551397794268
20.2849159908812
20.3750572674092
20.1375217570697
19.755717053247
19.3847077580839
19.0909726789799
18.8786181867193
18.9285170905302
19.0834933412466
19.2611865757786
19.3053188388035
19.4324362975581
19.4425434067297
999.99
999.99
999.99
999.99
999.99
999.99
999.99
999.99
999.99
999.99
999.99
16.5992676574941
17.0252990343935
17.3296994347201
17.6527843767209
17.9325237809441
18.0941685244261
18.244063711414
18.1175680108567
18.0052511744511
17.9004969108694
17.8338504318063
17.7265623403663
17.7218697750394
17.8001058094073
17.9127768639677
18.0521205254855
18.2070094334204
18.3977432892507
18.5221787686959
18.6787004557925
18.8496643377686
19.0426643433329
19.2708047543807
19.5543878561069
19.7769947944388
19.9500438699713
20.0913996484714
20.139031279144
19.9617663058045
19.68383072902
19.4045197412455
19.2042954076479
19.0055666071546
19.0036183592843
19.0856167657091
19.2042004670709
19.1761639025311
19.313533262794
19.3743101596999
999.99
999.99
999.99
999.99
999.99
999.99
999.99
999.99
999.99
999.99
999.99
16.6748731767652
17.0612403248457
17.3653042197502
17.691117096908
17.9828158197601
18.1758878679605
18.353596679177
18.2172945761373
18.0842485069182
17.9575596541287
17.8786731915133
17.7804206501899
17.7917251549508
17.9052300098719
18.0489346329795
18.2042320481245
18.3595307790488
18.5561760731845
18.6645159001658
18.8276078090396
19.0004182494999
19.1998218149015
19.4319070196113
19.6588716091881
19.773984763973
19.8464061060191
19.8879538613765
19.8826029944078
19.7645823064995
19.5900536012286
19.4093128911958
19.3086409017661
19.1319463813106
19.0873165713116
19.1071298690358
19.1676502457268
19.0702794485006
19.2205162634812
19.3295798136323
999.99
999.99
999.99
999.99
999.99
999.99
999.99
999.99
999.99
999.99
999.99
16.7853201049822
17.0895058188145
17.3534601422512
17.6421698766792
17.9136564459606
18.112291455646
18.292898632087
18.1864703935035
18.0803040184644
17.9754524788176
17.9199689025314
17.8634416602915
17.8977064375833
18.0406540266976
18.2086056263891
18.3831226944192
18.5508457245119
18.7548746855772
18.8505397530354
19.0491295999316
19.242841485486
19.4592100757007
19.712785862111
19.9032146071685
19.8702677920134
19.806342022451
19.7139429474197
19.6181908194845
19.5201349115764
19.4499388024078
19.3681834004226
19.3351328370233
19.1535931457078
19.0457140524297
18.9835359251845
18.9954769119822
18.9064442674531
19.1100541230205
19.3017633704817
999.99
999.99
999.99
999.99
999.99
999.99
999.99
999.99
999.99
999.99
999.99
16.9946258520161
17.0927578541511
17.2954128966812
17.513430100426
17.7764418621913
18.000536685877
18.2143920799478
18.2082260853331
18.2071724019199
18.1384243071245
18.107367173175
18.0709490978455
18.0920518667513
18.250534335768
18.4877399809828
18.7342703935107
18.9773131725935
19.2692070299443
19.3721033890643
19.5621514311318
19.7331972024407
19.925732845127
20.1139451951223
20.2459410934718
20.0801497247281
19.893884829783
19.7101331291248
19.5874071206583
19.5068418106267
19.5329659281421
19.5421689163279
19.518118449476
19.2859231396083
19.1031229802479
18.9537975994379
18.9435242470706
18.9004082172818
19.1683375503516
19.4505905900111
999.99
999.99
999.99
999.99
999.99
999.99
999.99
999.99
999.99
999.99
999.99
17.3127274302676
17.0529000104327
17.1966233371864
17.3430972828607
17.6279080653933
17.9031723303396
18.1788404530096
18.3016675420039
18.4356641105657
18.3775476082413
18.3499458035169
18.3350243897166
18.3489851456267
18.4841003627963
18.7726771456059
19.0646050355479
19.3283260662049
19.6547058356933
19.761211685441
19.9036202946163
20.0240795256478
20.1673117923626
20.2533251113147
20.3283980264752
20.1178940408277
19.8912976029386
19.7026071514376
19.6438626604825
19.6388388976448
19.7727562034775
19.8873589163622
19.8533640433476
19.5542213047368
19.260720369996
18.9926224971332
18.955094039235
18.9838761945284
19.3596784006945
19.7834958395343
999.99
999.99
999.99
999.99
999.99
999.99
999.99
999.99
999.99
999.99
999.99
17.2303809859001
16.9964050703726
17.0995137935103
17.1931233023407
17.5149241171058
17.8348683329639
18.1683658625626
18.4148083268965
18.6791558253
18.62309187998
18.5957403592511
18.5867010304724
18.5855619727365
18.6902953044524
19.0276123166668
19.3918513168562
19.7074065836356
20.0933579724738
20.2338443013097
20.3621145183833
20.4118685431345
20.4901641553919
20.4691827441756
20.4881817464823
20.2420717300809
20.0115125859553
19.8526848391398
19.8140201912443
19.815475401442
19.962067554942
20.0872192445653
19.9504137215108
19.6147158368941
19.2696116200008
18.9576568887499
18.967227758548
19.1375583123287
19.6354966071766
20.1867900406686
999.99
999.99
999.99
999.99
999.99
999.99
999.99
999.99
999.99
999.99
999.99
17.1061307332492
16.9097534610468
16.980538185693
17.0300509484156
17.3893762155681
17.763616445754
18.1573566243005
18.5387075271478
18.9443904051894
18.9012604318351
18.8789390215599
18.8911060524722
18.8728144799193
18.9471799962826
19.3365691398754
19.762966417273
20.1111482677732
20.5346128490229
20.6892367942969
20.788894712791
20.7700749007411
20.7884063869537
20.6759817376984
20.6847837218333
20.4389572320938
20.2359112048665
20.1379379721578
20.1525935039197
20.1400781408246
20.2824338590897
20.4018584965371
20.1483198816815
19.7557134529727
19.3478221945752
18.979039538535
19.0202596992102
19.3135701766559
19.9159210975234
20.5885817192476
999.99
999.99
999.99
999.99
999.99
999.99
999.99
999.99
999.99
999.99
999.99
16.9150787432983
16.832749329913
16.8634606461817
16.8978521098853
17.300694951118
17.7313244835059
18.1863542350616
18.6735530974755
19.1939106601223
19.1475629780174
19.1258397782157
19.1618748809348
19.1490552641413
19.2167758760371
19.6783702343489
20.1691694056422
20.5439321930839
20.9854911632464
21.1389805420128
21.1378484655998
20.9883188769244
20.8868964430488
20.6307611374589
20.572234466118
20.3883286310647
20.2761591209926
20.3026416027896
20.437311451044
20.4799160450245
20.6229313393364
20.7385734215483
20.3878966935369
19.9528303002726
19.4929143966156
19.0771586786457
19.1001234864412
19.4312082803852
20.0706478509258
20.7996204855361
999.99
999.99
999.99
999.99
999.99
999.99
999.99
999.99
999.99
999.99
999.99
16.8711606374011
16.775783974091
16.7835337272
16.8123488448996
17.1960495236907
17.6127875418653
18.0564382770989
18.5452163224241
19.0760778906236
19.0584787343043
19.0835137225406
19.2026622788891
19.273548871559
19.3566007378439
19.7855126542734
20.232959712578
20.5182515479158
20.8249952220698
20.9452024907906
20.9341086090495
20.7389354735751
20.5998694395602
20.3584816171159
20.3312294370959
20.2465067943947
20.2641200503156
20.4152434158041
20.6515808153341
20.7312611939221
20.8578893655596
20.9530285303537
20.5694359320826
20.1136719158753
19.6194421942869
19.170504855571
19.1258996787564
19.4076206384873
19.9756565692935
20.6550390306197
999.99
999.99
999.99
999.99
999.99
999.99
999.99
999.99
999.99
999.99
999.99
16.7865386350647
16.7528501622389
16.7499907774101
16.7730245376265
17.0731638044212
17.4072833711797
17.7666524958137
18.1801296050605
18.6490540526813
18.7053970816437
18.8202117024392
19.0219971550574
19.1813441052395
19.3097142819315
19.6810670671434
20.0713219025765
20.3040756231152
20.5114678101909
20.6035361836746
20.6036496887192
20.3763011468378
20.2135149106041
20.0029925199058
20.0077919828742
19.9809598856562
20.0885750408396
20.3134798443917
20.6019534136687
20.6694528294804
20.7543383655676
20.8028831040983
20.4282476341044
19.9912627683852
19.5425847883255
19.1381178966563
19.0522900967721
19.2523420449585
19.6790682180459
20.2183551015988
999.99
999.99
999.99
999.99
999.99
999.99
999.99
999.99
999.99
999.99
999.99
16.8077930290125
16.7849507913313
16.777835663147
16.8020784178647
17.0352488136269
17.295304549936
17.5673052293564
17.8922128984369
18.2850261524311
18.3765419322419
18.5417852441655
18.8022858018714
19.0337226373761
19.1995629503061
19.5214180483988
19.809748593057
19.9387938973816
19.9960223810291
19.9992514863744
19.9450915446701
19.7395169725673
19.6097164755321
19.4908187274624
19.5955174167302
19.697361076045
19.9035457788861
20.2087832194554
20.5795893939733
20.6752198750079
20.7587404170534
20.8010865437583
20.4745403239681
20.0397903016116
19.5957731420207
19.1946553006469
19.0268495237178
19.1070044914064
19.3827759717634
19.783828988817
999.99
999.99
999.99
999.99
999.99
999.99
999.99
999.99
999.99
999.99
999.99
16.8165469226863
16.8480695937949
16.8497254157426
16.8822003345625
17.0518443355
17.2320028839798
17.4090589057043
17.6167245772482
17.9014912996789
17.9963721455314
18.1855013181739
18.4736352212992
18.7780972282398
18.9910855082212
19.2757463576854
19.4777923066635
19.5248501528445
19.4552875053271
19.3875271055151
19.2923024614562
19.1159166486662
19.0245012071192
18.9891173009002
19.1210450198121
19.3059173316022
19.5672156277986
19.9096044154447
20.3190230511541
20.5078075874122
20.6094811083506
20.6650202291633
20.4051140131279
19.9946508134544
19.5567133924081
19.1829434278437
18.9581665278805
18.9451130738468
19.0955135404971
19.3598488668915
999.99
999.99
999.99
999.99
999.99
999.99
999.99
999.99
999.99
999.99
999.99
16.8144480678696
16.9006596745782
16.9486701513524
16.9980876253019
17.1085094939186
17.2239868362991
17.321729510843
17.4261240565359
17.6098372166905
17.7076901796351
17.896895681312
18.1871410767198
18.5306109560907
18.767273224699
19.0008775757554
19.1169406435029
19.0815660971049
18.9034598785499
18.7760620393191
18.6777113696133
18.5708161385578
18.5600066295154
18.6396123948599
18.8319190867542
19.1010236007332
19.4077550974568
19.777308310907
20.2165910014934
20.4907788252517
20.5771848276892
20.6391300919743
20.4473393064825
20.0632001524027
19.6333953989232
19.316837220009
19.0561065430777
18.9543794130863
18.9829344528094
19.1117561880103
999.99
999.99
999.99
999.99
999.99
999.99
999.99
999.99
999.99
999.99
999.99
16.8646264872049
16.9681202493949
17.0685561283617
17.1411188575008
17.2367836687837
17.3398438661718
17.4105586171397
17.4711957590325
17.6065774507538
17.6741551247864
17.823631224304
18.079442271358
18.4179448493343
18.6732573663992
18.9306141415495
19.0203759305115
18.9541303672433
18.729618482508
18.5422088949198
18.3782300694897
18.2915713858585
18.3306457621001
18.4651270438515
18.683060939065
19.0250084654453
19.3655238567937
19.7096444576754
20.1079499615044
20.3980319949466
20.4042014866098
20.4353009626101
20.3400032194595
20.08439105492
19.7702757510879
19.6173703080781
19.4040982048081
19.2292519951154
19.1459927301034
19.1428362229072
999.99
999.99
999.99
999.99
999.99
999.99
999.99
999.99
999.99
999.99
999.99
16.7891986531986
17.1647895447162
17.3029582858123
17.4064784602786
17.5139114216202
17.6209988990704
17.6826952849981
17.7237045324529
17.8419475972666
17.8332346619198
17.9123878394464
18.122020685865
18.4499244737732
18.7206002442917
19.0465674324845
19.1310357532743
19.0404609637856
18.7555291872622
18.4975845110214
18.256149733832
18.1900863533054
18.2693814179467
18.4627013061874
18.7027960861647
19.1125036270296
19.4823235983851
19.8048966719649
20.158227791691
20.4729554138614
20.4080390008339
20.4449959320478
20.4545590971418
20.3412807345928
20.1380623312164
20.1421565675427
19.9404050023031
19.6726449781552
19.4758603845332
19.3524372789569
999.99
999.99
999.99
999.99
999.99
999.99
999.99
999.99
999.99
999.99
999.99
16.8442701580262
17.4665733956554
17.6394869778921
17.7628828922262
17.8427059193938
17.9050747247151
17.9274921390702
17.9389823169693
18.0461142978923
18.0344518623133
18.1183717615068
18.324094350859
18.6724245173475
18.9609466580827
19.3132007734945
19.3761808084269
19.2692586945706
18.933305226483
18.6319475335376
18.3475475453991
18.2761623076883
18.358499662416
18.5697274506862
18.7852228631339
19.2185630870587
19.607710123484
19.9027910537078
20.2085056218776
20.5260915769481
20.3690544334883
20.3919344676569
20.4874885150556
20.4985323108608
20.4305755131468
20.6134002496765
20.4425076962042
20.0992400602811
19.8044474878352
19.5568842034627
999.99
999.99
999.99
999.99
999.99
999.99
999.99
999.99
999.99
999.99
999.99
17.0859102272099
17.8081364504815
18.0411784526485
18.2120266161139
18.2752631399229
18.2864526436477
18.2551400570898
18.2331581488071
18.3246332453489
18.3242738002882
18.4271582517398
18.6312675982335
18.9753065501145
19.2629679943102
19.6163513936783
19.6831061056518
19.6007717724103
19.290862157282
19.0045480226741
18.7227203389331
18.6177904404012
18.6687982337913
18.826802222028
18.9877474349428
19.3810174069155
19.7582193153265
19.9963638819491
20.241585470905
20.4956857599063
20.2680330183569
20.2995092172051
20.5051874926337
20.6654153011325
20.7675630089242
21.119762633052
20.9677404097574
20.5346083223573
20.1262966923941
19.7539207170079
999.99
999.99
999.99
999.99
999.99
999.99
999.99
999.99
999.99
999.99
999.99
17.6390420230176
18.1480403887362
18.4715506265562
18.7233134627878
18.7719923606373
18.7145359754895
18.6007248039252
18.5170656787686
18.5716996941859
18.5738188892965
18.7180771752505
18.9296528168165
19.2644574365913
19.5407846899475
19.8622187306978
19.9014478828972
19.8385892209062
19.5883553186488
19.3535332272119
19.1261866310141
19.0228651941112
19.0644155158359
19.1524431844339
19.2385730358051
19.5106716318379
19.8021549993973
19.9119850175985
20.0376758151077
20.1707165728281
19.9305060562471
19.9879259518693
20.3054130481816
20.616629729497
20.8901398178399
21.3562772905225
21.2416384044828
20.768750291906
20.2992932166672
19.8582379698001
999.99
999.99
999.99
999.99
999.99
999.99
999.99
999.99
999.99
999.99
999.99
17.6672868235317
18.4450004797939
18.8789023815501
19.2262024176008
19.2451487490533
19.0929800935195
18.8827281598039
18.7167063352446
18.7185807982767
18.7319145538845
18.9289344776058
19.1178068119655
19.4130579886599
19.6407357675916
19.8804135610401
19.8753355991253
19.8620886599664
19.7263818972882
19.5998044667953
19.48293644813
19.4115865298449
19.4265902713488
19.4069613677557
19.3827657490868
19.5031294749823
19.6795459753908
19.7146594305002
19.794871525537
19.8889385572689
19.7178582708988
19.8566772885213
20.2130505138641
20.5672590747094
20.8826930183745
21.3298923536709
21.1712932602816
20.7079427681086
20.2444455747707
19.817996951133
999.99
999.99
999.99
999.99
999.99
999.99
999.99
999.99
999.99
999.99
999.99
17.0991376801029
18.5753893960521
19.1059833271201
19.5372141028647
19.544948877366
19.3446007892667
19.0657065265892
18.8252778876571
18.7564363292882
18.8019641653138
19.0425391593725
19.2112495604248
19.4574866902745
19.6280812277966
19.7505754156643
19.7057994118943
19.7381786892412
19.7496926244074
19.763166996632
19.7896536197933
19.7605709065889
19.7665366632884
19.6373725830975
19.504968857418
19.476244343397
19.5405358407304
19.5004310639469
19.5386039290163
19.5940198651195
19.4907572764511
19.6566597739997
19.9893717579402
20.320737062453
20.6124491557304
20.9784889237595
20.8186192921092
20.4294374306153
20.0379799435161
19.6845764215618
999.99
999.99
999.99
999.99
999.99
999.99
999.99
999.99
999.99
999.99
999.99
16.7357889487686
18.5269622648641
19.1289024168518
19.6317593680438
19.6501385753757
19.4477716431062
19.1260802993701
18.8211301481214
18.6567229887508
18.6737667212091
18.898615859894
19.0327429740954
19.2202350088982
19.3744725981788
19.4419929305438
19.4199827808315
19.5286765796579
19.7123602089601
19.8584696271408
20.0219441530455
20.0297266795158
20.0421602292782
19.8363610228533
19.646969635593
19.5245533551517
19.5275135676338
19.4490973248739
19.4691162702768
19.4975402780242
19.4528923941087
19.6352621667069
19.9342353277264
20.2236837582274
20.4644222206157
20.7347150080918
20.5604818804524
20.2246755091682
19.8942985140794
19.6132317118078
999.99
999.99
999.99
999.99
999.99
999.99
999.99
999.99
999.99
999.99
999.99
17.0145897065897
18.4539421597324
19.0427518845473
19.5743039890191
19.6171412589483
19.4524058733909
19.1415719510664
18.815075385438
18.5847933263448
18.5513217011927
18.7162757079862
18.7931934253116
18.9143872492619
19.0181752842524
19.0127010203296
18.9487545349466
19.044473121557
19.2625793627464
19.4477725686176
19.6808216185798
19.782742336647
19.8778882228513
19.7527274899471
19.6608142596151
19.6109454815161
19.653109395605
19.6238226310137
19.6709594627388
19.7052231083775
19.6941792834989
19.8686704077081
20.1085604281545
20.3208224765166
20.4677299319581
20.6244255298026
20.4150321690451
20.1080571359781
19.8270556148781
19.6136885302148
999.99
999.99
999.99
999.99
999.99
999.99
999.99
999.99
999.99
999.99
999.99
17.0877827319151
18.3690137981315
18.8950127660611
19.4246419031885
19.5386669052439
19.454458576954
19.2035141471082
18.8887711190408
18.5933824138368
18.4641794327599
18.5085018209628
18.4938563577422
18.5361932396856
18.5849966145401
18.5558074994775
18.5096641886787
18.6159273668687
18.8412262157307
19.0473489084175
19.2996810585167
19.4538280672069
19.6057899895232
19.6051496747689
19.6562235603185
19.7578669906852
19.915787663763
20.0205793668745
20.14334739733
20.2276126588956
20.2336708269513
20.3990549306476
20.5744779320583
20.7046473902706
20.7439610976273
20.7983521270659
20.5219000820294
20.196050972521
19.9204305992553
19.7370464630897
999.99
999.99
999.99
999.99
999.99
999.99
999.99
999.99
999.99
999.99
999.99
17.4776617209091
18.3306684851572
18.781040230342
19.2961302148542
19.5337192066273
19.5893306860236
19.4190965421399
19.1146961346181
18.730875091508
18.4668176126815
18.3601522744245
18.2885453666992
18.3040822657002
18.3530930384064
18.3518470694285
18.3343448283209
18.400354186096
18.5587817539627
18.7258901548054
18.952088179464
19.1504183841926
19.3998435794353
19.5831197377944
19.8183834082556
20.0921914808635
20.3719339043046
20.5699386080325
20.7247075288792
20.8070809076273
20.7852317321051
20.8752565387284
20.9760062452004
21.0150337228377
20.9795115375108
20.9691716417602
20.7084109869272
20.3805167462557
20.123362831675
19.9541091185803
999.99
999.99
999.99
999.99
999.99
999.99
999.99
999.99
999.99
999.99
999.99
17.6557746923357
18.3172488079651
18.6904164995901
19.2010723688732
19.5836697546285
19.7920051628349
19.7329895071941
19.4861097224692
19.0627008834573
18.6604366565506
18.4093009260839
18.2833693166978
18.2717902747188
18.3089374147556
18.3428529724174
18.3256791798854
18.3120271303125
18.3634354002247
18.4667495391473
18.6453053593891
18.9001253843576
19.2682150252235
19.6445391343424
20.0629927032734
20.5069174773151
20.8879708172932
21.158832267684
21.3339548943108
21.4168691747059
21.3797350135869
21.4482429174743
21.5348465332122
21.5512646577579
21.501474914923
21.4700532381197
21.2047831298898
20.8336022835624
20.5390996828311
20.3245751086204
999.99
999.99
999.99
999.99
999.99
999.99
999.99
999.99
999.99
999.99
999.99
18.2728188823694
18.3173252871081
18.6483095933297
19.17261696013
19.7202328972583
20.1015803935462
20.1843702491746
20.0164057821778
19.5769864277349
19.0361074532492
18.6398250894225
18.4330482047722
18.3707566659947
18.3496451421226
18.4019382764331
18.3537092868209
18.2433955293999
18.189792910466
18.2596043584488
18.4028561573922
18.7293456447862
19.2089531482623
19.7239680087307
20.2404583328656
20.7539415693441
21.1405167261362
21.4114968514433
21.5656213067254
21.6486182899205
21.6337542394557
21.7168390439694
21.8218981094483
21.8713078994439
21.8497749021634
21.8267041017319
21.5975093885965
21.2428221449654
20.9438812524286
20.6973746540985
999.99
999.99
999.99
999.99
999.99
999.99
999.99
999.99
999.99
999.99
999.99
18.2660641942907
18.2581771907021
18.5844848396587
19.1120583065753
19.7528511338147
20.2652687220954
20.4757989781295
20.3929824349757
19.9718063664571
19.3523221668081
18.8727739923444
18.6050421045663
18.4975205030325
18.4433166958152
18.529624030527
18.475408180597
18.3155289707514
18.2342874913438
18.3248114329877
18.4758609186863
18.8557939225167
19.4065128070889
19.9480251649838
20.4287990460076
20.8687781845553
21.1536000915518
21.3388727265979
21.4384403011614
21.5088960919165
21.5303794927995
21.6375411280555
21.7694909801339
21.8706312252301
21.9238851392793
21.9523536837676
21.8203564883019
21.5539426645713
21.2958738283282
21.0262488535098
999.99
999.99
999.99
999.99
999.99
999.99
999.99
999.99
999.99
999.99
999.99
18.3446430976431
18.2872604707227
18.5141461130013
19.0010691152037
19.6243063609514
20.193275755051
20.5003855943846
20.5008601650056
20.1598019235934
19.5737006167682
19.1237102286652
18.8653634869881
18.7647555204144
18.6890856755008
18.7704508097927
18.6424760114991
18.3951419482226
18.2654178897654
18.3549227362856
18.517905627241
18.9569582244762
19.5746685824812
20.0954634730472
20.4914431680446
20.8071674099103
20.9445225933087
20.9837666498771
21.0109323258326
21.0563723012419
21.1065757701103
21.2353333853867
21.4085404414051
21.5723339056824
21.7345276831692
21.856834160195
21.8866085417457
21.7671446729738
21.5887110762466
21.313204606292
999.99
999.99
999.99
999.99
999.99
999.99
999.99
999.99
999.99
999.99
999.99
18.0542614715263
18.622868250933
18.4931891278815
18.650493021544
19.1619852372406
19.6603832854472
20.1580467407738
20.2088346850014
20.2556079603834
19.80373462511
19.4179926208523
18.9612919526997
18.841158589834
18.4453047704984
18.4644909512904
18.3305212255324
18.135848257396
18.0629421603685
18.1885026635482
18.6202337929719
19.0640295568366
19.6150856606068
20.037856963789
20.3422310100902
20.3414605847609
20.3996493565683
20.3915205899563
20.4132820193719
20.4731496031199
20.723457016081
20.8513215208822
21.0404101400781
21.223467836567
21.4069245276856
21.5097700319966
21.8253632232581
21.8404541120111
21.9311700565193
21.7098602878434
999.99
999.99
999.99
999.99
999.99
999.99
999.99
999.99
999.99
999.99
999.99
17.9692309187109
18.9365474009362
18.5393040466793
18.3202134040941
18.6767235448905
19.0369217069857
19.5518172317458
19.6227272157344
19.8369959031966
19.5380808944117
19.4997286389035
18.9881468072104
19.0550072598825
18.5631533837942
18.5255094917261
18.1584993269629
18.0455346969257
17.8483428886975
18.0202504693646
18.4999957451577
18.9645029123528
19.4392874583906
19.7453372633637
19.9337528523087
19.8242666314575
19.7712410180085
19.7270823055068
19.7620819636574
19.9916070444132
20.4166428675134
20.5419151702572
20.7703230554894
20.9585047017182
21.1556587835552
21.3270794666749
21.7602083446664
21.9065810055422
22.2676542682761
21.9668675174578
999.99
999.99
999.99
999.99
999.99
999.99
999.99
999.99
999.99
999.99
999.99
23.3845690890993
17.3263653106476
17.3224045406781
17.8563011297645
17.4833945829625
17.7856948429039
17.5035703978561
17.5181518337183
22.7841010656585
17.4011996906178
24.65246
17.6681362806764
16.8057809503698
16.8520102870416
16.8728751828891
16.9479031982342
16.7289142092905
16.8148399625926
17.7455375004399
17.7938587216113
17.9584929458849
24.0013665582657
18.4006080767858
18.5064844814497
18.5308314604482
18.8453091140373
19.1037679533011
18.8269585501606
19.0124559214176
19.1912881025285
19.4205666571137
23.733811498258
18.5591262098335
19.3132014218843
19.1578987234214
19.3304534141816
22.7599183542742
24.65246
20.9428986240201
999.99
999.99
999.99
999.99
999.99
999.99
999.99
999.99
999.99
999.99
999.99
999.99
999.99
999.99
999.99
999.99
999.99
999.99
999.99
999.99
999.99
999.99
999.99
999.99
999.99
999.99
999.99
999.99
999.99
999.99
999.99
999.99
999.99
999.99
999.99
999.99
999.99
999.99
999.99
999.99
999.99
999.99
999.99
999.99
999.99
999.99
999.99
999.99
999.99
999.99
999.99
999.99
999.99
999.99
999.99
999.99
999.99
999.99
999.99
999.99
