999.99
999.99
999.99
999.99
999.99
999.99
999.99
999.99
999.99
999.99
999.99
999.99
999.99
999.99
999.99
999.99
999.99
999.99
999.99
999.99
999.99
999.99
999.99
999.99
999.99
999.99
999.99
999.99
999.99
999.99
999.99
999.99
999.99
999.99
999.99
999.99
999.99
999.99
999.99
999.99
999.99
999.99
999.99
999.99
999.99
999.99
999.99
999.99
999.99
999.99
999.99
23.0132750074161
22.9289609886822
23.0743763200279
23.0018495331614
22.9747199638663
23.0933918226566
23.2865749707126
23.874463836976
23.9070476240755
23.9508176538908
24.1510876409692
24.2755812832154
24.6914817412552
24.9001346801347
24.7403642614967
24.3801788617886
24.0622201105128
23.7637415317938
23.7527736850838
23.7442413382204
24.1107526484356
24.6264488362973
24.766831636424
25.1247280168535
25.2643157005596
25.1566785978249
24.979216636248
24.8928724602923
24.9573111905516
24.955078294141
25.0883954477578
24.9747774559935
24.7378576238576
24.3619227416022
24.3602250059916
24.3506438853442
24.2611612616961
24.4940687461977
24.9464364802832
999.99
999.99
999.99
999.99
999.99
999.99
999.99
999.99
999.99
999.99
999.99
22.9074389841672
23.0563208280743
23.0704721932891
23.121592766336
23.177720111627
23.2968163190411
23.4406657622865
23.6155516548019
23.7900680383956
23.9771110044289
24.1468132070692
24.3149703566825
24.4495296818592
24.4969668301505
24.462059781192
24.3284903964858
24.1668894093495
24.0238258560236
23.9870315281275
24.072383858549
24.251685069674
24.4914862306195
24.7456579602134
24.9407763911462
25.0531877084299
25.1091010806737
25.1098050552004
25.0781889895028
25.0609201604832
25.0315386528956
24.9726974363821
24.8674304821824
24.7651266101131
24.6433430461576
24.5608505198392
24.5427680583958
24.6122079096577
24.6846398582366
24.7662552266585
999.99
999.99
999.99
999.99
999.99
999.99
999.99
999.99
999.99
999.99
999.99
23.0227929820857
23.1251704008152
23.149101341205
23.2071728261544
23.2776687536362
23.3773024248981
23.4948571891552
23.6363676347225
23.7888330392976
23.9521164483219
24.1199464178201
24.2848703177895
24.4064065851171
24.4587479810804
24.4333168999087
24.3207737690293
24.1808277393748
24.0712806614102
24.0469938869351
24.1341552215059
24.3175756415015
24.5579463935281
24.7995192090904
24.9906253596553
25.1056221507083
25.1617204780763
25.164570922457
25.1400169676054
25.1137659492245
25.0737018015161
25.0121327529994
24.9281951848158
24.8399470537195
24.7478451844598
24.6873779233543
24.6782570591999
24.7253566837165
24.7920219861385
24.8726116546396
999.99
999.99
999.99
999.99
999.99
999.99
999.99
999.99
999.99
999.99
999.99
23.0388888888889
23.1924962951405
23.2235596310783
23.2842361829223
23.3454339384326
23.4191495103871
23.5085654100025
23.6246316655615
23.7533281010684
23.8999003367459
24.0621130501068
24.214219678028
24.3239088220208
24.3788569466291
24.36379612768
24.2807543648236
24.1790237405507
24.1086105235973
24.1050841519613
24.195891765438
24.3797123851007
24.6086447540975
24.8295209855985
25.0117393235839
25.1345849107568
25.1979923941241
25.2127331291719
25.2011478588104
25.1747272807799
25.1277047067724
25.0609187867284
24.9900477831496
24.9139747067556
24.8408773924183
24.8034511219633
24.8036053567431
24.8281423584831
24.8813173969957
24.9581406504601
999.99
999.99
999.99
999.99
999.99
999.99
999.99
999.99
999.99
999.99
999.99
23.2901879195137
23.2715802349307
23.295862736093
23.3441963195747
23.3886847342796
23.4421027046855
23.5084673409965
23.6011448202456
23.7121253461605
23.842835316494
23.991825186648
24.1360262912436
24.2412535548309
24.2989931575064
24.2959802814687
24.2345399605747
24.1613666006271
24.1209603030444
24.1411636701966
24.2500510824106
24.4412924482911
24.6647792853171
24.8760642369874
25.0495476142034
25.1653364145373
25.2280321451917
25.247522647857
25.2427673062907
25.2223976343773
25.1819651576096
25.1204885741946
25.0591882310049
24.9931418835804
24.9311133820381
24.8988874815505
24.899065237506
24.9146272359473
24.9553471458799
25.0172117120098
999.99
999.99
999.99
999.99
999.99
999.99
999.99
999.99
999.99
999.99
999.99
23.3064911509319
23.3579376480129
23.3575527936354
23.4020390887632
23.4286368074721
23.4625524412735
23.5062193729296
23.5752343206064
23.6667641458259
23.7792504020018
23.9108436249108
24.0431118278843
24.1419854737506
24.202867965789
24.2145563822006
24.1796135132604
24.1405899927391
24.1342605154073
24.1805624937612
24.3061834800891
24.4994318531377
24.709940455723
24.9044926462166
25.0634757868487
25.168992596218
25.2310122811845
25.2583467294253
25.2649904913358
25.2549218045046
25.2257279737706
25.1742210304029
25.1245679650502
25.0693023471429
25.0189430309613
24.9909577176819
24.9872750322981
24.9909012944256
25.0149108938196
25.0574516097534
999.99
999.99
999.99
999.99
999.99
999.99
999.99
999.99
999.99
999.99
999.99
23.3313387005948
23.4425258898217
23.4325263693719
23.4663758236229
23.4784959826654
23.4949520923508
23.5166558219167
23.5606022088808
23.6292698218952
23.7201663199588
23.8316025950944
23.9500132305307
24.0432548139617
24.1091704615608
24.1382513050028
24.1340348683295
24.1317900884186
24.1592105713616
24.230005203922
24.3662546113489
24.5523329370343
24.7411779728377
24.9117288494663
25.0508771936835
25.1453888024787
25.2070145306601
25.2440963990706
25.2643962905718
25.2664994410273
25.2497487425033
25.2108588583149
25.1740815158737
25.1304960107012
25.0922852118778
25.068841376779
25.0604859932443
25.0520161940455
25.0598129975231
25.0834122587805
999.99
999.99
999.99
999.99
999.99
999.99
999.99
999.99
999.99
999.99
999.99
23.2145441498106
23.5084368961719
23.4977433246989
23.5338602640487
23.5378922181862
23.5415171121549
23.5472777382228
23.5699658331754
23.6154179001686
23.6823558602182
23.7716779556264
23.8737482157096
23.9615944453963
24.0337008841146
24.0822644778857
24.1109752275271
24.1449914157972
24.2022933293729
24.2928679805702
24.4328680415711
24.6035526239099
24.7648328231851
24.906976795255
25.0234111979846
25.1052937593884
25.165322671069
25.2107838691767
25.2434767494622
25.2562600434426
25.2514801073287
25.2253252870249
25.201456215557
25.1705653002819
25.1457827171611
25.1285399144002
25.1184143879394
25.1015285633589
25.0968655188416
25.1047626113188
999.99
999.99
999.99
999.99
999.99
999.99
999.99
999.99
999.99
999.99
999.99
23.475340862583
23.5866101958704
23.577221131321
23.6133116777256
23.6135192230863
23.6091490091033
23.6039132531177
23.6100634573294
23.6354789023265
23.680513292062
23.7479003991818
23.8334404038176
23.9157991747468
23.9923502037803
24.058258567971
24.1172651914832
24.1825692260688
24.2638558503906
24.3687368392196
24.5053997397029
24.6536225354735
24.7843665696625
24.8966540718233
24.9894586014873
25.0588497247845
25.1169560334945
25.1682469787536
25.2101241958824
25.2310849085003
25.2363785096032
25.2212549196979
25.208436725144
25.1893401636145
25.1765786055786
25.1651119487838
25.1561438702478
25.1361776195204
25.1245942719209
25.1227548090315
999.99
999.99
999.99
999.99
999.99
999.99
999.99
999.99
999.99
999.99
999.99
23.4953870687965
23.6783590823756
23.6740076189109
23.710080845285
23.7118028180758
23.7035599669966
23.6911800767461
23.6843503927275
23.6911532770098
23.7155994530448
23.7619595079271
23.8306575755385
23.9064830045815
23.9847865035441
24.0647506284167
24.1502480539266
24.2422729280259
24.3428897467312
24.4577799718717
24.5853278779566
24.7071864384904
24.8063885719825
24.8888393544358
24.9584807187069
25.0166244077066
25.071323086926
25.1247221550337
25.170885208369
25.195864731835
25.2067468701617
25.1989590734087
25.1935039627579
25.1841921109123
25.1813135896481
25.1756808478206
25.1710756781033
25.1539519603951
25.1416617068885
25.1365882150107
999.99
999.99
999.99
999.99
999.99
999.99
999.99
999.99
999.99
999.99
999.99
23.6695224254204
23.7700230367556
23.7823594793373
23.8103605272509
23.8161938869036
23.8061605856321
23.7900011682459
23.7750765014202
23.7680837360488
23.7759745339849
23.8054431835999
23.8591348158168
23.928699258052
24.0066867241408
24.0976848251319
24.20501957556
24.3200180194127
24.43595261229
24.5573642365032
24.6727155814006
24.7683267440661
24.8372508734493
24.8922529217469
24.9405972632742
24.9884023498626
25.0375578405939
25.0890904404399
25.1344792298304
25.1601753462421
25.1729297983511
25.1696528940493
25.1689782643898
25.16639511751
25.1689207946748
25.1672641847032
25.167713418728
25.1557632106401
25.1477735722883
25.1455813530187
999.99
999.99
999.99
999.99
999.99
999.99
999.99
999.99
999.99
999.99
999.99
23.8464826839827
23.8834561306105
23.8893541182147
23.9067886998715
23.9170112332306
23.9075344279301
23.891724452763
23.874555017921
23.8598825079437
23.8564292141238
23.8727066652384
23.9121098689243
23.9734594785282
24.0480032944646
24.1451838212682
24.2671516140019
24.4000673841815
24.5289303263543
24.6550054565239
24.7601003379984
24.8346124475001
24.8785272830531
24.9102056877065
24.9400343369663
24.9756608273128
25.0166150027738
25.0629259932805
25.104993300604
25.1305672860329
25.145614959663
25.1468996153799
25.1498562553895
25.1512992777113
25.1548403519939
25.1543788077327
25.1583804636065
25.1522867656213
25.1502689420829
25.1546386078112
999.99
999.99
999.99
999.99
999.99
999.99
999.99
999.99
999.99
999.99
999.99
23.97106344789
23.9817003675097
23.9815246423544
23.9994504734909
24.0109337334679
24.0029672715706
23.9885288839918
23.9720485805312
23.9563358645549
23.9484660042921
23.955786973416
23.9832227852354
24.0343449943351
24.1015731535143
24.1989710955628
24.3278749337547
24.4726198384455
24.6117561293196
24.7406738690711
24.8365034520577
24.89413016164
24.9177916482386
24.9296504887487
24.9432835916098
24.9680031400792
25.0014805014945
25.043049716317
25.0832585235887
25.1109334195129
25.129178941036
25.1351181171516
25.1400841044039
25.1423786608799
25.1430670840864
25.1409357607687
25.1458406110025
25.1450858187074
25.1494104205005
25.1621413353929
999.99
999.99
999.99
999.99
999.99
999.99
999.99
999.99
999.99
999.99
999.99
24.2697103438567
24.0621613858353
24.0601566301195
24.0773799622206
24.0883551117472
24.082241683155
24.0712815450741
24.0595581071631
24.0468014167824
24.0400758739565
24.0435861209337
24.0617277305924
24.1016495082197
24.1601981841155
24.2536089610082
24.3825864110062
24.5333451826762
24.6788431380255
24.8082457049689
24.896053093432
24.9412290337351
24.9491479953261
24.9447123735113
24.9438410128187
24.9581747723387
24.9854457542689
25.0239937403104
25.0651301796935
25.0982554080987
25.1217068668923
25.1326488602141
25.1394468538871
25.1415397556349
25.1387134299675
25.1348336150967
25.1395054990672
25.1429511655022
25.1527705587825
25.1733099074902
999.99
999.99
999.99
999.99
999.99
999.99
999.99
999.99
999.99
999.99
999.99
23.9473917547803
24.1277559706412
24.1186557552013
24.1254455516165
24.1345847561448
24.1317722391978
24.1286511463565
24.1272809684918
24.1248136941098
24.1255539827697
24.1304220499703
24.1420658664414
24.1712901126302
24.2200019906747
24.3058065688358
24.4284706841442
24.5789014691617
24.7255742366326
24.8528343891921
24.9343962660827
24.9713570917247
24.968179064407
24.9519529369807
24.9394816747924
24.9442674154085
24.9675218396985
25.0058011829227
25.0505505349765
25.0915111381341
25.122766384568
25.1399927172415
25.1495716984904
25.1516325796339
25.1458426254951
25.1403845601058
25.1439793074403
25.15036977005
25.1652735180549
25.1938256034117
999.99
999.99
999.99
999.99
999.99
999.99
999.99
999.99
999.99
999.99
999.99
24.0751792036844
24.1807401728642
24.1617168750196
24.1542679758428
24.1601519969023
24.1610696491012
24.1680545972442
24.1797221423542
24.1908644161211
24.2026393827001
24.2119049387413
24.220649624641
24.2403063062978
24.2788939759596
24.3536216425531
24.4641291291464
24.6057510496197
24.7472658140199
24.8687524070797
24.9447269899582
24.9769100055264
24.9690590350591
24.9469513472412
24.9281060768542
24.9274777218551
24.9497787355953
24.9891084489573
25.0385968214264
25.0870554432892
25.1259498642449
25.1495253270229
25.1624894050091
25.1653272675174
25.1588718006311
25.1537845773619
25.1583019380689
25.1694917676267
25.1909132474939
25.2285876464359
999.99
999.99
999.99
999.99
999.99
999.99
999.99
999.99
999.99
999.99
999.99
24.3159367140796
24.2029724584543
24.1868855864607
24.1738856275384
24.1735846145789
24.1763961579315
24.1920612505804
24.2162912769099
24.2413955754232
24.2651016165855
24.2803218978181
24.2894915053721
24.302078608421
24.3313809764726
24.3943060750078
24.4907385524976
24.6185919303278
24.7501091958811
24.8633010439895
24.9328230610704
24.9613549662614
24.9528913689959
24.9296214087425
24.9089217985775
24.9081829855097
24.9324987524388
24.9729461933494
25.0257985302004
25.0790716207981
25.1228768258431
25.1515437968398
25.1695478796525
25.1757585085702
25.1729259547789
25.1722142954847
25.1811066764152
25.1988126504919
25.2286109920707
25.2760585820899
999.99
999.99
999.99
999.99
999.99
999.99
999.99
999.99
999.99
999.99
999.99
24.4229272113871
24.2357333483526
24.218300587971
24.1827556099519
24.1762414831561
24.1795054270503
24.2025929075832
24.2368449543479
24.2728004718001
24.3067966516655
24.3284737419337
24.3402708431586
24.3504116553288
24.3746272821462
24.428368864684
24.5117423184465
24.6244049514518
24.7433913446434
24.8470347409372
24.9103123934349
24.9365827286732
24.9301296590072
24.9088945385415
24.88884567491
24.8890420517261
24.9148828770814
24.9547802711019
25.0079266751148
25.0630475469358
25.1109442397695
25.1454400571476
25.1714047039125
25.1845605239775
25.1897207258354
25.1971664675318
25.213930922504
25.2397897705658
25.2797159359046
25.3369538011836
999.99
999.99
999.99
999.99
999.99
999.99
999.99
999.99
999.99
999.99
999.99
24.4317431231177
24.2711751822482
24.2420317823464
24.1845543974606
24.1700329086773
24.1691579250343
24.1940979690718
24.2321245769861
24.2749369015484
24.3165023618149
24.3445185081839
24.3617425954209
24.3752027615273
24.3995079082191
24.4489450680222
24.5238322905216
24.6235222128797
24.7305280622773
24.8245690778674
24.8815977809527
24.9058988646512
24.9022347931038
24.8849747968713
24.8686609286105
24.8717597098324
24.8990053363273
24.9378031634627
24.9889465043171
25.0428557746209
25.0935517954457
25.1348399619115
25.1706746326903
25.1936311690953
25.2096962693495
25.2277748845522
25.2538648471535
25.2882262706481
25.3381438130728
25.4038670920977
999.99
999.99
999.99
999.99
999.99
999.99
999.99
999.99
999.99
999.99
999.99
24.48980482777
24.2956749633464
24.2642571131658
24.1978069930029
24.1718562408783
24.1612160101282
24.1782931965039
24.2117995153392
24.2541539455735
24.2997142704054
24.3332483164923
24.3592260578454
24.3811062652408
24.4115891714088
24.4623722103571
24.5338636191012
24.6237217425665
24.7195645992334
24.8029000682116
24.8513657305063
24.8714455540586
24.8690611559658
24.8552576040169
24.8437378871657
24.8519597586403
24.8816234893444
24.9195168922207
24.9684295098025
25.0204194990288
25.0723159451773
25.1200795409171
25.1664527445056
25.2013354420059
25.2305742729891
25.2620548084636
25.2994427911355
25.3431453059173
25.4015936486243
25.4728828375221
999.99
999.99
999.99
999.99
999.99
999.99
999.99
999.99
999.99
999.99
999.99
24.5334555837117
24.3242548890518
24.2974456494355
24.2252035718137
24.1874117430432
24.1641524151232
24.1675227057916
24.1908136485157
24.2282248797703
24.2750018843822
24.3128243860299
24.3470207408225
24.3787620522759
24.4179230977866
24.4733797177616
24.5450526978187
24.629126529132
24.7161095157274
24.7887228956296
24.8271138694072
24.8407061000273
24.8364865499756
24.8231753273676
24.8144991173564
24.8265301864291
24.8581938801977
24.8960056425828
24.9439336710312
24.9958423207016
25.050149784015
25.1048955096758
25.1624368145916
25.2109261465453
25.2549257221131
25.3010142285547
25.3497037142207
25.4013441386421
25.4647352235908
25.5362134449804
999.99
999.99
999.99
999.99
999.99
999.99
999.99
999.99
999.99
999.99
999.99
24.4795168861336
24.3610274233853
24.3340090954918
24.2603832204105
24.2123075507315
24.1757438040199
24.1628818325173
24.1716249868212
24.1997134798953
24.2458768618603
24.2864387892826
24.3278278806341
24.3701760850556
24.4201912751929
24.4830089404709
24.5576869866409
24.6393989444027
24.7196822563112
24.7822826722979
24.8101767063755
24.8164278947055
24.8081636525373
24.7931515359388
24.7853058528098
24.7994435314325
24.8325388717532
24.8715376653303
24.9202495563298
24.974130170663
25.0318851099989
25.0933955389609
25.1609970892063
25.2229457253806
25.2820725572808
25.3425141034637
25.4019308982562
25.4601516962785
25.525189153476
25.5916045850762
999.99
999.99
999.99
999.99
999.99
999.99
999.99
999.99
999.99
999.99
999.99
24.5681191582324
24.4038117755957
24.3825085029368
24.3118124047376
24.2551202379353
24.2041311043429
24.1716571953214
24.1618762713097
24.175607182873
24.216748273408
24.2572929713461
24.3041898142225
24.3556545416106
24.4157524573721
24.4856925673298
24.5635811508267
24.643353290418
24.7169545247477
24.7700733056451
24.788435629393
24.7880209640497
24.7763560232449
24.760869688185
24.7547049425303
24.7721948345134
24.8081762884474
24.8501343997144
24.901105377993
24.9579404648737
25.0180032292261
25.0839063849861
25.158638125518
25.2325214181141
25.3056106773714
25.3796891792349
25.4495068399797
25.514047372896
25.5784388813813
25.6373780283257
999.99
999.99
999.99
999.99
999.99
999.99
999.99
999.99
999.99
999.99
999.99
24.5335419752528
24.447168340539
24.4445862108337
24.3799439747721
24.3203813180151
24.25972702206
24.2095838046836
24.1801223417235
24.1754149722866
24.2063370531276
24.2419749664972
24.2900766249815
24.3464341628892
24.4134465077092
24.4873442389007
24.5654208023249
24.640602519748
24.7060217380978
24.7500316261591
24.7607605120151
24.7558524709313
24.7441606308983
24.7311447316182
24.7275918710195
24.7491580317219
24.7887490990113
24.8333701825569
24.8862045528951
24.9459596079581
25.0068573434883
25.0744173082382
25.153215584122
25.2363286611032
25.3210702149124
25.4073585678186
25.4876708040967
25.5596026782053
25.6241484751266
25.6768131816536
999.99
999.99
999.99
999.99
999.99
999.99
999.99
999.99
999.99
999.99
999.99
24.5913265909468
24.4996998225789
24.5071653337275
24.4483739683827
24.3936315628306
24.3297006487936
24.2681527690551
24.2207104147833
24.1957273735758
24.2112923829112
24.236588387911
24.2791748240849
24.3350280843544
24.4045334826252
24.4789648655877
24.5548745379074
24.625028090833
24.6838387381792
24.7225556547965
24.7314452054992
24.7279872914846
24.7211941044049
24.7141435535739
24.7141095039742
24.7383701598068
24.779574080137
24.8249653840613
24.8777782241583
24.9389457807529
25.0001623418442
25.0680588642194
25.1487860682766
25.2378280954586
25.3313302500378
25.4266719307735
25.5156112317078
25.5943962879232
25.6606613806665
25.709278085417
999.99
999.99
999.99
999.99
999.99
999.99
999.99
999.99
999.99
999.99
999.99
24.7162360564329
24.5374037140169
24.5536123946014
24.508004738558
24.4642064198447
24.4037801349925
24.3374265931282
24.2745343619275
24.2280395844008
24.2228578178694
24.2316290029185
24.2627233489674
24.3136526834511
24.3826264847593
24.4564467096839
24.5304066108438
24.5966465437075
24.6507799088573
24.6882849839668
24.7010123992351
24.7042873908529
24.7066007044944
24.7091088619475
24.7140238340639
24.7403258057864
24.7814457075711
24.8260543938579
24.8768412904636
24.9374119630136
24.9978528124517
25.0651679480694
25.1458252698989
25.237874125514
25.3365904145259
25.4376692142195
25.533087693117
25.6183073040972
25.6881381016617
25.7365103591119
999.99
999.99
999.99
999.99
999.99
999.99
999.99
999.99
999.99
999.99
999.99
24.7571806089767
24.5419486635728
24.5764429143159
24.5598732411234
24.5309378275953
24.4787175801191
24.4121781996196
24.3384075061375
24.2749668141029
24.2482215220518
24.2385063524054
24.255135883148
24.2970427393041
24.3598836723324
24.4284841925061
24.4978720642724
24.5592404518871
24.6092787536758
24.6481418935759
24.6691446759696
24.6835220748799
24.6986348662815
24.7139578107607
24.7255287095786
24.7534647392123
24.7927947646567
24.8347519013852
24.8813837681383
24.9402802252477
25.0003316023618
25.0674456591399
25.1472137416749
25.2402291782829
25.340262615877
25.4431004019998
25.5418074538865
25.6324146746013
25.7069121781103
25.7586068606637
999.99
999.99
999.99
999.99
999.99
999.99
999.99
999.99
999.99
999.99
999.99
24.6934419279907
24.5387556242109
24.5878386251699
24.5978912187345
24.5851567806996
24.545135337603
24.4833631953314
24.4052965064791
24.3318612288071
24.2871455189533
24.2589731540753
24.2587716576027
24.2882676152171
24.3410604888386
24.4015460615433
24.4660480903798
24.5251401040744
24.5746368298616
24.6179047805548
24.6503152187708
24.6786718950433
24.7075010913717
24.7351991114101
24.75306959555
24.7807353174539
24.8152077251909
24.8515113339937
24.8915656640807
24.946599925106
25.0059606267996
25.0730750119479
25.1518432496768
25.2440962431389
25.343271848445
25.4446382331106
25.5432959670359
25.637158997949
25.7168773963709
25.7735858989979
999.99
999.99
999.99
999.99
999.99
999.99
999.99
999.99
999.99
999.99
999.99
24.2356824768341
24.5361175788427
24.5927711510378
24.623615553236
24.6239911658828
24.5958643136659
24.5423242710724
24.4672002376739
24.3917355324354
24.3353480774521
24.2916595403204
24.2730531357698
24.2869964000127
24.325902195427
24.3759878178567
24.4353603534197
24.4961153137521
24.5492455716213
24.5999540556466
24.6461804681479
24.6903627350458
24.7313285549251
24.7691762793812
24.792358275928
24.8178250761915
24.845053090708
24.8745300046518
24.9074294700836
24.9575094085075
25.0161917416903
25.0836803669051
25.1618998925066
25.2530731251215
25.3506739538099
25.4487763699608
25.5451176998269
25.6394200712926
25.722354199999
25.7826840144843
999.99
999.99
999.99
999.99
999.99
999.99
999.99
999.99
999.99
999.99
999.99
24.2754936849832
24.5390091734039
24.5970843186603
24.6458969114969
24.653448041604
24.6338254148775
24.5894646533508
24.5215357862709
24.4510722511191
24.3903114754514
24.3364221950676
24.301449878204
24.2991400117317
24.3217943753795
24.3594240678925
24.412817939107
24.4758108739534
24.5339284922576
24.5922378613438
24.6509814999023
24.7089455146856
24.7600540530039
24.8059487666189
24.8345032560387
24.8587542893598
24.8795888123874
24.9024356964689
24.9283644376669
24.972267786051
25.0286137097968
25.095244800354
25.1721918567497
25.2620863516747
25.358114392127
25.4528808742303
25.5465067657239
25.6401030020356
25.7240969685158
25.7860457447734
999.99
999.99
999.99
999.99
999.99
999.99
999.99
999.99
999.99
999.99
999.99
24.4399380917186
24.5571212901338
24.6151815565551
24.6647968154161
24.6716091994872
24.6542392210434
24.6161803301373
24.5569443812366
24.4963087848359
24.438833254409
24.3823239832551
24.336797811006
24.3210417499233
24.3276729808629
24.3518798508248
24.3984283175408
24.4637849831516
24.5283655050897
24.5950422538898
24.6650012500663
24.7340977159804
24.7921289560573
24.8426098533609
24.8753832664887
24.8991943216723
24.9157724532788
24.933648714703
24.9538812897034
24.9908706443992
25.0428957670389
25.1063233265403
25.1809264158291
25.2692036755824
25.3646347145857
25.4573871967513
25.5489747978326
25.6409654061035
25.7238522350272
25.7848067867539
999.99
999.99
999.99
999.99
999.99
999.99
999.99
999.99
999.99
999.99
999.99
24.4619385693671
24.6064091884358
24.6514762681691
24.6766340364966
24.6784606705033
24.6600812010518
24.62861226684
24.579581682431
24.5288818009242
24.4780355072144
24.4234010397917
24.3704847358456
24.344128118589
24.3381627331781
24.3512991807397
24.3914955480492
24.4594906474734
24.531276687759
24.6056504971051
24.6847988722234
24.7621239396737
24.8240462977754
24.8754895294335
24.9116841446102
24.9366047878048
24.9522308504622
24.9684778025423
24.9860032055228
25.0152169656678
25.0593483036226
25.1155987372204
25.1845260085075
25.2688791764272
25.3646426233555
25.4576865771836
25.5493471741912
25.6406278076509
25.7223406608951
25.7811285633001
999.99
999.99
999.99
999.99
999.99
999.99
999.99
999.99
999.99
999.99
999.99
24.7231847117265
24.6567032067626
24.6797537183163
24.6789099203822
24.6741986203217
24.6537023349607
24.630033195597
24.5928717757966
24.5523320869329
24.5100385494263
24.4615278225268
24.4057521216318
24.371980012358
24.3570970454772
24.3619859646362
24.3951472460431
24.4633366014104
24.5403513162848
24.6201194898056
24.7052404678401
24.7878593657112
24.851332608547
24.9019392743498
24.9413185145037
24.9696169211887
24.9879729134579
25.0065403262596
25.024919638878
25.0481902944919
25.0832318410501
25.1306521210803
25.1919656181358
25.2710561484402
25.366580298898
25.4614280832278
25.5544955865895
25.6455691200725
25.7252978527826
25.7806244090413
999.99
999.99
999.99
999.99
999.99
999.99
999.99
999.99
999.99
999.99
999.99
24.8480749229477
24.6768538484472
24.6904026295345
24.6701882846787
24.6599867571465
24.6371241814699
24.6204224198828
24.5950624663471
24.5638646665057
24.5309831172932
24.4923245165184
24.4409281434177
24.4060813287695
24.3883488395013
24.3892344544453
24.4164617688952
24.4809894402676
24.5589400996641
24.6403767438898
24.7263816857515
24.8102202524283
24.8739488182118
24.9231457423871
24.9655144177483
24.9994754093385
25.0233604267053
25.0459008830883
25.0666606501265
25.0850676827257
25.1105742725209
25.1485259929524
25.20188503765
25.2749961639276
25.3697165805705
25.4666324855838
25.5611167834532
25.6516709575237
25.7293061627519
25.7808820929393
999.99
999.99
999.99
999.99
999.99
999.99
999.99
999.99
999.99
999.99
999.99
24.8840732587196
24.6689723010183
24.6784198380105
24.6493552632387
24.6373871625995
24.6158769611595
24.6073138390513
24.5960414419825
24.5741740073812
24.5513702455119
24.5235918723901
24.4806434216728
24.4480429888346
24.4312802673872
24.4307810904029
24.4524713218371
24.5094355585311
24.5839324557661
24.6634765320012
24.7470706842074
24.8300248943707
24.893478687435
24.9412370577052
24.9854878597346
25.0245953850903
25.054306113611
25.0817140443581
25.1056594842616
25.1214402451912
25.139217228094
25.1691307189426
25.2161348444442
25.2845674629931
25.3790837528086
25.4791662728471
25.5754530849293
25.6648048879638
25.7398687246079
25.7869967029619
999.99
999.99
999.99
999.99
999.99
999.99
999.99
999.99
999.99
999.99
999.99
24.8419343876079
24.6330638276464
24.6411048916568
24.6261410423329
24.6179100574817
24.6013758669772
24.6021851496765
24.6072553588013
24.5959332446228
24.5847455998713
24.5685878101953
24.5354172750442
24.5054734398374
24.4895966604035
24.4866078029946
24.5004895711631
24.5456644267149
24.6107594120434
24.6841419997206
24.7622603990154
24.843353308518
24.9075333883619
24.9567922615438
25.0036739845204
25.0479354457168
25.0831981973096
25.1150152295417
25.1414693008611
25.1559643567887
25.1682316788652
25.1921405939521
25.2344732551083
25.2998338145058
25.3954032450262
25.4997971387207
25.5991475722928
25.6882666013389
25.7611680297185
25.8033054657939
999.99
999.99
999.99
999.99
999.99
999.99
999.99
999.99
999.99
999.99
999.99
24.5883192728681
24.5739287604774
24.5875331234463
24.5979606327478
24.5967699333783
24.5873893100856
24.5967009411218
24.6184160870135
24.6198050129396
24.6220766885021
24.6191050423428
24.598617294819
24.5735774434157
24.5593278289701
24.5535761079378
24.5592568471221
24.5906339843903
24.64235601977
24.7072876599046
24.7783199545054
24.8566043644644
24.9217541503649
24.9747007153882
25.0234914768021
25.0711688798519
25.1095831109642
25.1432775413621
25.1701652757962
25.1852972920377
25.1961312085315
25.2189728796841
25.2620853472302
25.3291813070658
25.4277333939857
25.5373372332529
25.6399796076446
25.7279852598518
25.7961967318681
25.8308317277749
999.99
999.99
999.99
999.99
999.99
999.99
999.99
999.99
999.99
999.99
999.99
24.3169500397562
24.4988920119037
24.538816047794
24.570138321254
24.5790140910078
24.5778768262865
24.5941122741451
24.6298226397414
24.6440122909872
24.6600791387129
24.6703039831877
24.663342420258
24.6458536873106
24.6337814078929
24.6252365811875
24.6233934069587
24.6409402679266
24.6770051427349
24.7320542593354
24.794642242459
24.86838406266
24.9339356013483
24.9913369722657
25.0410924187429
25.0903438239237
25.1305728981961
25.1643034168416
25.1903269710961
25.2072845569259
25.2207184205216
25.2468086417725
25.2958361828796
25.3689480497946
25.4731185481771
25.5881651732052
25.6932621078654
25.7781296837752
25.8393842394512
25.8640818699542
999.99
999.99
999.99
999.99
999.99
999.99
999.99
999.99
999.99
999.99
999.99
24.1432295352731
24.4268696259586
24.4889651029003
24.5439962770645
24.5643995776263
24.5730483247003
24.5949152985918
24.6404333782362
24.6658449530299
24.6938719052587
24.714670025635
24.7194522152635
24.7100849417538
24.7002690246066
24.6899835306437
24.682377772055
24.6887153856433
24.7101127011094
24.7555152701528
24.8099447043467
24.8781521158481
24.9427177739491
25.0037488643875
25.0528171065798
25.1014116163705
25.1425928420195
25.1765851537155
25.2024739208714
25.2237840697981
25.2436387383006
25.2768678741006
25.3348345173446
25.4168040729119
25.5278213489782
25.6477363057583
25.7533462791227
25.832992024441
25.88476901816
25.8980592772556
999.99
999.99
999.99
999.99
999.99
999.99
999.99
999.99
999.99
999.99
999.99
24.3045202020202
24.347626575704
24.4399983944577
24.5108980057556
24.543893736278
24.5613553947736
24.587543754016
24.6382850570518
24.6726991184782
24.7097434378716
24.7396584877178
24.7545054354296
24.7546917548551
24.7482901438143
24.7389909338775
24.7291000319258
24.7300321983051
24.7404620690069
24.7785111071493
24.8253907505871
24.8869681575552
24.9481246812156
25.0111471353037
25.058272880489
25.1054577485847
25.1472902994505
25.1822491030574
25.2098887629737
25.2378620465632
25.2669928616502
25.3101163842447
25.3780705428799
25.4683614478518
25.584565015788
25.7060569304801
25.8093136097211
25.8821674817681
25.9235264256621
25.9257458377059
999.99
999.99
999.99
999.99
999.99
999.99
999.99
999.99
999.99
999.99
999.99
24.2099412441991
24.2730503177715
24.392118957642
24.4664965908207
24.5130785140473
24.5412145115042
24.5725297207846
24.6241567207248
24.663832654176
24.704409645909
24.7382321508364
24.7596730159236
24.7697069694065
24.7699255995099
24.7669844852869
24.7613913033014
24.7634618186938
24.7699794127707
24.8037339278344
24.8446682456994
24.8996040348184
24.9560508900815
25.0173616258056
25.0612128268866
25.1061191106644
25.1477294879643
25.1843407051096
25.2168412131367
25.2543841975867
25.2956252341071
25.3512276551373
25.4298291718083
25.5266123108053
25.643747470372
25.7611079876351
25.8564290958125
25.9183492687706
25.947088206666
25.9386805204463
999.99
999.99
999.99
999.99
999.99
999.99
999.99
999.99
999.99
999.99
999.99
24.1153592721642
24.1911788352257
24.3393533944358
24.4162965769924
24.4762856332062
24.5164154589743
24.5538900277366
24.603923526866
24.6457607637868
24.6856280286689
24.7170869728914
24.7394561500331
24.7557330049423
24.7622192512491
24.768092889393
24.7709432988826
24.7788948628819
24.7872161011496
24.8190188921995
24.8552169250197
24.9047738365584
24.9569349221554
25.0154002460972
25.0570360353233
25.1007240277035
25.1432567634313
25.1837751245904
25.2242507931825
25.2736719964431
25.3287362619136
25.3968077483038
25.4835106709638
25.5822968633187
25.6943700312785
25.8011978407092
25.8834252582994
25.9316440227632
25.9484493072125
25.9327953899655
999.99
999.99
999.99
999.99
999.99
999.99
999.99
999.99
999.99
999.99
999.99
24.1052568542569
24.1003352837377
24.2644194898995
24.3555918208908
24.4258974388638
24.4773781569805
24.520916012744
24.5692271773933
24.6125711990695
24.651228547874
24.6775145606253
24.698273685836
24.7173402029426
24.7282450409869
24.7418373584942
24.7548746141836
24.7710165928259
24.7855317953385
24.8189893805391
24.8541753367597
24.9013816884411
24.9514210114847
25.0078260202637
25.0491299383347
25.0930200857408
25.1369873923466
25.1832388775949
25.233067471527
25.2948548630744
25.3630163240824
25.4418101299881
25.5324777796964
25.6291628214275
25.7311030817242
25.8233892613033
25.8908401246029
25.9260280408961
25.93250244136
25.9133166053916
999.99
999.99
999.99
999.99
999.99
999.99
999.99
999.99
999.99
999.99
999.99
23.9336048740264
24.014338607929
24.1804713551724
24.2792591870884
24.3597346895576
24.4231860466366
24.4758553763981
24.5265421649848
24.5753421409234
24.6151640761328
24.6369708981154
24.6545892572836
24.6724546301991
24.6832027774986
24.6998134548498
24.7207634547285
24.7440054758006
24.7661115460294
24.8029584964468
24.8405252408096
24.8888655025865
24.9397817456959
24.9966281477687
25.0419830963479
25.0890320974376
25.1358615513221
25.1890246071895
25.2481248099726
25.3200761693551
25.3983522551991
25.4840965296918
25.5742703913494
25.6650285659783
25.7538340044453
25.8308031904926
25.8855330918289
25.9115429651699
25.911527748362
25.8922673353572
999.99
999.99
999.99
999.99
999.99
999.99
999.99
999.99
999.99
999.99
999.99
23.728735551131
23.9320941290335
24.0973220018684
24.2026386712709
24.2919197774218
24.3678038814413
24.4296546633711
24.4855506995879
24.5417301051772
24.5851717874601
24.6025291292591
24.6165152599498
24.6307154213728
24.6388707159694
24.6541676947702
24.6803401775874
24.7085194731654
24.7373601331208
24.7770138302675
24.8188723021246
24.8708814936932
24.9252139079436
24.9846730741213
25.0377095370898
25.0906256133433
25.1417193245748
25.2011912273745
25.2666736344524
25.3437109023401
25.426154071902
25.5130679634909
25.5990210748333
25.682731153226
25.7588667753815
25.8235302011521
25.869758089151
25.8911083073992
25.8885631214632
25.8726219845818
999.99
999.99
999.99
999.99
999.99
999.99
999.99
999.99
999.99
999.99
999.99
23.7122131318159
23.8123936276439
23.9726695646681
24.0866343897552
24.1783504000429
24.2624986156102
24.3345317559454
24.4038208428
24.4759220760262
24.5334870343495
24.5582870698101
24.5772440957523
24.5916586667136
24.5970410656302
24.6061950487305
24.6285376730946
24.6512708544345
24.676536223266
24.7129962731439
24.7569410526288
24.814266967712
24.8778793974991
24.9478371247045
25.0148334515247
25.0791661728525
25.1376785386367
25.2023668254672
25.269531694372
25.3453488603909
25.4231814510031
25.5017699827436
25.5745603090617
25.643409938981
25.7010741738996
25.7513665208394
25.7904211953361
25.8113518695741
25.8122784858829
25.8057290874043
999.99
999.99
999.99
999.99
999.99
999.99
999.99
999.99
999.99
999.99
999.99
23.6332224434489
23.6842742497442
23.8255723504673
23.9407244679897
24.031769475983
24.1215036608916
24.2046571084021
24.2920022409581
24.3851286269592
24.4642785455243
24.5075414293404
24.5403767599754
24.5607622250338
24.5651746793812
24.5655610630908
24.5771293790468
24.5858629178005
24.5989407147057
24.6272397342062
24.6706511799032
24.7331911203034
24.8100600017336
24.8962214360817
24.9816058376712
25.061506165434
25.1289213529488
25.1958620787332
25.2586186168424
25.325117491139
25.3889560820309
25.450850758815
25.5037220223379
25.5526570818589
25.5894610348838
25.6250164120448
25.658163728111
25.681437078145
25.6894639268316
25.6953508855618
999.99
999.99
999.99
999.99
999.99
999.99
999.99
999.99
999.99
999.99
999.99
23.3116207244169
23.5216349453278
23.6534106778259
23.7755126545106
23.8664936937036
23.9619594480635
24.0580680915677
24.1660155312166
24.2820473422407
24.3848980408753
24.4525761711249
24.504778845875
24.5359359134213
24.5429058937475
24.535937773545
24.5319590272126
24.5190469430874
24.5116116242739
24.5248762322706
24.5630419031329
24.6307403020267
24.7249485664369
24.8325464221575
24.9405618182676
25.0392763464223
25.1164929853786
25.1826009399842
25.2363415842312
25.2871042740717
25.3301515384393
25.3689361040422
25.3971325569791
25.4216305533195
25.4353054433326
25.4544421260221
25.4808115665941
25.5065143982892
25.5237409470916
25.5445697444074
999.99
999.99
999.99
999.99
999.99
999.99
999.99
999.99
999.99
999.99
999.99
23.1568811459543
23.3714577076985
23.4798916588724
23.6031294695916
23.6922153834412
23.7917539856773
23.8987299840978
24.0252624776479
24.1599912365252
24.2847808803857
24.3790639069681
24.4551529331275
24.503574621342
24.5200847316141
24.5104791665465
24.4900177668224
24.4510559766023
24.4171829810808
24.4108224710996
24.4403463827296
24.5132217373603
24.6286089943939
24.761607734603
24.8933010718085
25.011099971317
25.0969986767694
25.158275216171
25.1990711738966
25.2306390344701
25.2495321320388
25.2616586271542
25.2627812201417
25.2595634331274
25.2471187665217
25.2464292543098
25.2635364422778
25.2895899396004
25.3164306483424
25.354002810574
999.99
999.99
999.99
999.99
999.99
999.99
999.99
999.99
999.99
999.99
999.99
22.7267801827802
23.226651297573
23.3080339650133
23.4193268146338
23.5035161748697
23.6040335428632
23.7201187593003
23.8623625753443
24.0137734743432
24.1593372910107
24.2838501371773
24.3897799027461
24.4622181078963
24.4936240277271
24.4855518440982
24.4463887633246
24.3754180262677
24.3089845812269
24.2790062494532
24.2976110313944
24.3778903728401
24.5197181033833
24.6834847205541
24.8414475816496
24.9791450298599
25.0733264284793
25.1289669966578
25.1565611525522
25.1696119990896
25.1652649112341
25.1504488055119
25.1221717857466
25.0870368300064
25.0433792321959
25.0167703411524
25.0190773543633
25.0413997648132
25.0759089557905
25.1294321801188
999.99
999.99
999.99
999.99
999.99
999.99
999.99
999.99
999.99
999.99
999.99
22.8301455168912
23.1422394321486
23.2059933323237
23.3022885696641
23.3842954371282
23.4848600906654
23.6033795319996
23.7492046503368
23.9058333366209
24.0601067261673
24.2030339742821
24.3315223708463
24.4251553825013
24.4712299447181
24.4685517824604
24.4186580511469
24.3259360955431
24.2370766105106
24.1911362043545
24.2038747098448
24.2935904944249
24.4585269569483
24.6476521617382
24.8265155607913
24.9780310885701
25.0760892079152
25.1254431311167
25.1411404399502
25.1382069370124
25.1163212348821
25.0814754175235
25.0319129885079
24.9750872735022
24.9108355915511
24.8658656104164
24.8577731137357
24.8770008660435
24.9163318820299
24.9809139818735
999.99
999.99
999.99
999.99
999.99
999.99
999.99
999.99
999.99
999.99
999.99
23.0004468695584
23.0993686558018
23.1540716378237
23.2401507246281
23.3190513127103
23.4161043796773
23.5297785168023
23.6695833462604
23.8223957113582
23.9756676438009
24.1268376599927
24.2707211455762
24.3816891607484
24.4416426995463
24.4475474278018
24.3940750076709
24.2895050271314
24.1891373824966
24.1359139726436
24.149583270822
24.2519605433676
24.4373476748088
24.6455819591153
24.8394395206259
24.9984025066702
25.0973548366667
25.1419052695557
25.1506148336848
25.1378812684858
25.1063502262673
25.0584060823372
24.9948647694868
24.9242198152663
24.8470664891906
24.7894287926298
24.7745890217322
24.7910150015315
24.8317628571509
24.9018514114391
999.99
999.99
999.99
999.99
999.99
999.99
999.99
999.99
999.99
999.99
999.99
23.1159298644316
23.1343100704272
23.166129530929
23.2306224110627
23.3023202748024
23.3889069974247
23.4886242509985
23.61245920264
23.752990282711
23.8978027863222
24.0497204884967
24.2025998291044
24.3265892910308
24.3984064252788
24.4141717001252
24.3633650298881
24.2581734179841
24.1588294006318
24.1084738918718
24.1301252980282
24.2471338675569
24.4482079097837
24.667658159658
24.869211283444
25.030263467262
25.1283771329328
25.1705887554061
25.1775858552044
25.1623678311343
25.1282545229256
25.0743927537998
25.0039643475002
24.926682890902
24.8428135825218
24.7780234086074
24.7585903023639
24.7717816172557
24.8104116581846
24.8800191386076
999.99
999.99
999.99
999.99
999.99
999.99
999.99
999.99
999.99
999.99
999.99
23.0934187519797
23.1725478804638
23.1985079512081
23.256102136767
23.3170843381202
23.3881938445293
23.4692643686294
23.570978087585
23.6943047517109
23.8257671732678
23.9723463338117
24.126662800773
24.2568214637994
24.3365416335299
24.3623089540515
24.320015881161
24.2263263024511
24.1415320553911
24.1046545425826
24.1411245499656
24.2746102983443
24.4851482581313
24.7068477070074
24.9087298645067
25.0669630850828
25.162220995311
25.2051838935216
25.2159571209222
25.2044664389091
25.1737964182311
25.1214020157601
25.0511535750067
24.9747297011676
24.8915272371634
24.8261739175408
24.803874216107
24.8128116784825
24.8448279036685
24.9071226122141
999.99
999.99
999.99
999.99
999.99
999.99
999.99
999.99
999.99
999.99
999.99
23.1607546545595
23.2535374719701
23.2744198406082
23.3210845024782
23.3685299215349
23.4201434202788
23.4788330124272
23.5540586889315
23.6550472489635
23.7678989153443
23.900870255063
24.0466972400065
24.1744850960281
24.257821143671
24.2937476837705
24.2679692404677
24.1994537538518
24.1432662058796
24.130425368208
24.187522215033
24.3355459546277
24.5464293266121
24.7589585665502
24.9515342545951
25.1001069018963
25.1896032885859
25.2346258323443
25.2530979351692
25.2502920515673
25.2284668302108
25.1845231904162
25.1224235008214
25.0550005972906
24.9803864252614
24.9215092138642
24.8994940101637
24.9039854013719
24.9261882098583
24.9763366148185
999.99
999.99
999.99
999.99
999.99
999.99
999.99
999.99
999.99
999.99
999.99
23.0333307523551
23.3539093112066
23.3526222899659
23.3881078572015
23.421532294922
23.4537662421675
23.4909472719885
23.540935911095
23.6167186061471
23.7088654934451
23.8256346967843
23.9584401515564
24.0793117560969
24.1653486928297
24.2119620092319
24.2048656937251
24.165616583836
24.1415781218899
24.1550490250533
24.2324856957697
24.3902955646996
24.5944131775254
24.7909585214159
24.9683365272127
25.1036456368899
25.1875484961941
25.2365272913586
25.2659050383349
25.2750097132225
25.2646670552748
25.2320729946272
25.1812520364407
25.1250108007676
25.061279931822
25.0107501833346
24.9878898647963
24.985506633834
24.9949083384393
25.0292223060873
999.99
999.99
999.99
999.99
999.99
999.99
999.99
999.99
999.99
999.99
999.99
23.4688430999894
23.45827327633
23.449558088563
23.4609595306971
23.4845285768311
23.5016764894893
23.5197517029381
23.54596870655
23.5943492468186
23.6628262040437
23.7592428749247
23.8750924081217
23.9856507987779
24.0734400581918
24.1312750414691
24.1459402074681
24.139679309344
24.1495482652359
24.1891832788078
24.283645952552
24.4439223428034
24.6325389413452
24.8061316254483
24.9623856726371
25.0817251823836
25.1594657995789
25.2132606528837
25.2539813644627
25.2751201632467
25.2757160970069
25.2554237105341
25.2165379056983
25.1724266750539
25.1222340889108
25.0829710500725
25.0602895043603
25.0520506570589
25.0500404445912
25.0685676006144
999.99
999.99
999.99
999.99
999.99
999.99
999.99
999.99
999.99
999.99
999.99
23.6173270803271
23.5142919126492
23.5051885379186
23.5278959811316
23.5475279498256
23.557754983641
23.5638005247913
23.5735088609611
23.5980622848474
23.6429862689794
23.7162221145771
23.8121540264755
23.9094079753661
23.9973430814637
24.0660884242328
24.1050966226158
24.1337297469543
24.1771642864788
24.2418664441827
24.3496878717511
24.5049572655104
24.6706888077941
24.8159449747191
24.9466027271023
25.0469925948275
25.1167224470506
25.173256095786
25.2230209045104
25.253084375343
25.2627496505006
25.2538575736269
25.2272516381386
25.1960447862466
25.1617560307032
25.1360038365533
25.116558548954
25.1051731254691
25.0945244338884
25.0996129508879
999.99
999.99
999.99
999.99
999.99
999.99
999.99
999.99
999.99
999.99
999.99
24.0086537316084
23.5881886422508
23.5812725905849
23.6098034038255
23.6293717727475
23.6373847224172
23.6344818015574
23.6323112145902
23.6370912104101
23.6600966155981
23.7090500516009
23.7846189937476
23.8678490953066
23.9541189378578
24.0313436827942
24.0944036084856
24.1550081248563
24.227890975656
24.3142659460451
24.4309281979393
24.5733162510722
24.7115815515496
24.826184252068
24.9289502638163
25.0091314673662
25.0708032346382
25.1275479537969
25.1824409315502
25.2178168514146
25.2337214772722
25.2332173063264
25.2168774614418
25.1972852073917
25.1783543182995
25.1656920302035
25.1519383085564
25.1413985620544
25.1269742519036
25.1232720563829
999.99
999.99
999.99
999.99
999.99
999.99
999.99
999.99
999.99
999.99
999.99
23.2181657055036
23.6565700482857
23.6541496740822
23.6996221868229
23.7249344944284
23.7367642575985
23.7292881588297
23.7197576483973
23.7088101112631
23.7122268372733
23.7385604797191
23.7945518996742
23.8629641188466
23.9447924884933
24.0268168460667
24.1100769490227
24.1978259884318
24.295856374615
24.4003800214967
24.521887968528
24.6471402257332
24.7566629342562
24.840925690413
24.9160791011528
24.9771905765249
25.0311504636876
25.0853695146663
25.1410350749198
25.1771758347664
25.1952449209034
25.1991164311781
25.1900695786741
25.179669384076
25.1744371345379
25.1731189347362
25.1660467009262
25.1593040142033
25.1457842829346
25.1380045105792
999.99
999.99
999.99
999.99
999.99
999.99
999.99
999.99
999.99
999.99
999.99
23.3066551422878
23.731104628968
23.7451850444697
23.7931740717344
23.8251472027532
23.8416259119814
23.8315733735893
23.8177776744682
23.7975334198343
23.7859964187224
23.7935645815514
23.8330667524735
23.8877600132368
23.9632151835183
24.0473331180033
24.1478352614087
24.2588705837467
24.379374582431
24.4992055568093
24.622342919894
24.7292811088275
24.8116621987211
24.8674316464324
24.9168568504221
24.960896172056
25.006383077989
25.0546248116342
25.1070880606489
25.1410256764611
25.1587830261585
25.1644585708564
25.1602921504704
25.1552759133561
25.158210165537
25.1632326556644
25.1616155469407
25.1596702866528
25.1508434755023
25.144730246044
999.99
999.99
999.99
999.99
999.99
999.99
999.99
999.99
999.99
999.99
999.99
23.5561284405361
23.8221217138003
23.8296063580068
23.8846213245609
23.9193608075933
23.937978225908
23.926678591784
23.9125139380221
23.8908329733297
23.872208922577
23.868115116112
23.8958421517068
23.9387671416879
24.0060997720432
24.0888912582675
24.2008397376431
24.3285686652699
24.4659730006716
24.597204266256
24.7192773836286
24.8088740115387
24.8680756534803
24.9000389618541
24.9278692533224
24.9571306979943
24.9943184667597
25.0340922651072
25.081036782276
25.1123629689434
25.1306244827939
25.1385614382044
25.1404878825539
25.1400520838754
25.1461862763824
25.1521144414031
25.1528864364103
25.1537765398472
25.1496246492734
25.1485705651412
999.99
999.99
999.99
999.99
999.99
999.99
999.99
999.99
999.99
999.99
999.99
24.0614386724387
23.9403847087027
23.9417683820422
23.9773414325345
24.009447755407
24.0256798793033
24.0124483518541
23.9981203415865
23.9792146059981
23.9603998673465
23.9516534942586
23.9718831950769
24.0055496660359
24.0632727391071
24.1411684736967
24.2576033047672
24.3945773589186
24.5427206076477
24.6818155888936
24.8013489788144
24.8761810793863
24.9170445757347
24.9303340839532
24.9400629371482
24.9567626889803
24.9871392001343
25.0203441709284
25.0629887025114
25.0944621071441
25.1155887468523
25.1267490448035
25.1331808228329
25.1353580308812
25.140766434062
25.1435842672535
25.1440676086538
25.1470712618799
25.1480380373581
25.1539104422543
999.99
999.99
999.99
999.99
999.99
999.99
999.99
999.99
999.99
999.99
999.99
24.2608197304051
24.0365788684036
24.0361293843149
24.0576046881156
24.084132009653
24.0966603377963
24.0830478109081
24.0717976145052
24.0595715408017
24.046167438038
24.0387422577713
24.0555872805114
24.0809053661371
24.1278100958089
24.1991049457696
24.3139860563784
24.4538302250702
24.6071708619461
24.7495232213295
24.8635582518875
24.9264902834547
24.9525950619976
24.9514347651961
24.9470179758496
24.9539549859083
24.978675829556
25.0080486486068
25.0491552870005
25.0840018459922
25.1106120185095
25.126753092265
25.1376315737015
25.1414116426204
25.1441603286197
25.1423979473171
25.1412578168106
25.1449155605365
25.1504987321002
25.1638960691765
999.99
999.99
999.99
999.99
999.99
999.99
999.99
999.99
999.99
999.99
999.99
24.0842420471515
24.1180389577324
24.1116041284458
24.1169906171987
24.1349725220571
24.1437149874768
24.13164621315
24.1268493392258
24.125058040964
24.122671397512
24.1205404985797
24.1372411481254
24.1567980169809
24.1936681805892
24.257481483221
24.367253318731
24.504749019911
24.6570996555167
24.7984048132803
24.9046062211456
24.9572848854358
24.9719078604134
24.9604814729506
24.9453162551857
24.944527320776
24.9651682601862
24.9934279727087
25.0355416808981
25.0766529877401
25.1113068052672
25.1343336518301
25.1503226732422
25.1561407257015
25.1562256018844
25.1507743543135
25.1485465709891
25.1531728336606
25.1636420379367
25.1854850582097
999.99
999.99
999.99
999.99
999.99
999.99
999.99
999.99
999.99
999.99
999.99
23.9780476190476
24.1768845491739
24.1598465021707
24.1535115631207
24.1612231662473
24.1666378368258
24.158838129068
24.1648313971601
24.1763263288177
24.1885853436754
24.1955111122609
24.2147510974606
24.2308463981561
24.2583267946591
24.3132388127592
24.4130818052798
24.5413952509254
24.6848557364558
24.8202279810973
24.9169929317484
24.9612037288276
24.9683050260213
24.9523970006919
24.9318160421254
24.9275603350832
24.9476025656683
24.9782248104678
25.0226022939422
25.0702211042235
25.1123478627843
25.1423252539957
25.163483983697
25.172994909588
25.1731973183257
25.1678135176914
25.1675591203532
25.175904014826
25.1930207729106
25.2242434412379
999.99
999.99
999.99
999.99
999.99
999.99
999.99
999.99
999.99
999.99
999.99
24.1574646464647
24.201110583754
24.1850780098856
24.1767620293564
24.1740185530439
24.1763406350986
24.1745047938725
24.1929448802645
24.2172376989609
24.2430788958981
24.2593018306312
24.2806015563827
24.29414379793
24.3135747400187
24.3593662403406
24.4469680868343
24.5627231756666
24.6932069191593
24.8200274969778
24.9078747926743
24.9461672203887
24.9497487529471
24.9340701657104
24.9121457826185
24.9078576034745
24.9292079024312
24.9640892075588
25.0103417911665
25.0625234639043
25.1096652397094
25.1453232517749
25.1700303149649
25.1838633838177
25.1870633464774
25.1858926531597
25.1911583793234
25.2069234742761
25.2332256439548
25.2752216211165
999.99
999.99
999.99
999.99
999.99
999.99
999.99
999.99
999.99
999.99
999.99
24.4417954139034
24.2258643886403
24.2066192258849
24.188371062043
24.1778090110342
24.1784297292996
24.1827376093948
24.2130945807851
24.2474865292085
24.2830928019964
24.3066914444448
24.3297979806601
24.3419691612887
24.3565135671807
24.3960546460684
24.4727224404121
24.5754548406273
24.6918895499344
24.8078447475974
24.8862817546696
24.9199632756676
24.9223908491425
24.909215588631
24.8894462053125
24.8873977485102
24.910033588574
24.9475255397419
24.9938394379099
25.0475337362327
25.0972472648382
25.1383320236672
25.1688296283184
25.1892489900324
25.1984962550221
25.2054954001096
25.2191737380897
25.2438746856586
25.2806574375968
25.3340547553303
999.99
999.99
999.99
999.99
999.99
999.99
999.99
999.99
999.99
999.99
999.99
24.3412268813906
24.2703320532365
24.2380561486295
24.1916758079658
24.1745115077558
24.1711640914819
24.1780943807037
24.2145910248112
24.2534702017071
24.2941363088834
24.3243334425804
24.3497959268035
24.3649779490488
24.3808464667676
24.4188528900728
24.488007087822
24.5802646203679
24.6837981209647
24.7889200432719
24.8591277980361
24.8889844471997
24.8916985178535
24.8817343921645
24.8655616143073
24.8665291568735
24.8909816475892
24.9301698318778
24.9756044983125
25.0284840453099
25.0791595747406
25.1251388210494
25.1624215790988
25.1912123571377
25.2093196683772
25.2271400123498
25.2510247940537
25.2859298390133
25.3335736860974
25.3974410349186
999.99
999.99
999.99
999.99
999.99
999.99
999.99
999.99
999.99
999.99
999.99
24.3358615221403
24.2889152010646
24.2531006755365
24.2007259486412
24.1768603874444
24.1654326646857
24.1685490707882
24.2033249384651
24.2406143414929
24.2810756728553
24.3168282404184
24.3466033995049
24.3691763229146
24.3924611416933
24.4340550460517
24.4993708145627
24.5835127294327
24.6747832282647
24.7671867022761
24.828568909294
24.8539229858646
24.8566737429084
24.8496722552514
24.8383081957333
24.843239847489
24.8702783445499
24.9111104211332
24.9560119827819
25.0075586312851
25.0583914789937
25.1086969154066
25.1530989208065
25.1912117981863
25.2199810893618
25.2506267160404
25.2865369483332
25.3325999845342
25.3905666159213
25.4624447543321
999.99
999.99
999.99
999.99
999.99
999.99
999.99
999.99
999.99
999.99
999.99
24.6439813465667
24.3040906319287
24.2735982039637
24.2259938254555
24.1961323268229
24.1745311556313
24.1684024036925
24.1927766004321
24.2221863393852
24.2577615730948
24.2961498408917
24.3298750458264
24.3618200526908
24.39609821894
24.4451220520319
24.510728616709
24.5905328223385
24.6724044112283
24.7525113341814
24.8050007388556
24.8249851977549
24.8260144195926
24.8192004724665
24.8101261145867
24.8166975957565
24.8443971252234
24.8859302210115
24.9313632649508
24.983226652063
25.0358640411482
25.0914007278787
25.1434486064803
25.1915407596268
25.2319873078299
25.2759903546861
25.3235965231636
25.3792443603662
25.4443655524403
25.5195252534061
999.99
999.99
999.99
999.99
999.99
999.99
999.99
999.99
999.99
999.99
999.99
24.2807914267949
24.3389911212996
24.3118451473903
24.2663942998245
24.2326958996677
24.1992174308112
24.1780398555778
24.1832891343057
24.1976300138789
24.2243951464712
24.2638675233543
24.3030554255507
24.3468332873369
24.3954351619932
24.4557244552859
24.5247267300179
24.6023416769145
24.6771458948067
24.7459237769391
24.7883175430361
24.8019290358518
24.7994776353963
24.7899598082849
24.7805349132942
24.7872676465226
24.8148895082767
24.8569185110156
24.9043299626227
24.9583412623839
25.013751174815
25.0740179351075
25.1338774396227
25.1921635945598
25.245428282052
25.3035849358962
25.3634185511193
25.4272398749037
25.4969962802165
25.5707997117899
999.99
999.99
999.99
999.99
999.99
999.99
999.99
999.99
999.99
999.99
999.99
24.3769458564407
24.3822425414148
24.3648729981293
24.324159865411
24.2880123031878
24.2409695145716
24.201082063722
24.1822854764348
24.1761266989255
24.1904159710032
24.2295548925364
24.2742632636489
24.3301272268475
24.3941434993881
24.466270484876
24.538955143791
24.6143991277527
24.6820220323695
24.7396090956863
24.7720580751802
24.7792784940441
24.7737356747766
24.7624627852375
24.7526661408939
24.7598326976176
24.7885152964977
24.8319385662458
24.8817027135949
24.9386312872277
24.9967047776494
25.0598366536029
25.1252052535429
25.1927315993383
25.2587222124775
25.3307161210633
25.4030665769881
25.4750866150873
25.548002077855
25.6177073661506
999.99
999.99
999.99
999.99
999.99
999.99
999.99
999.99
999.99
999.99
999.99
24.4456445104773
24.4082808269923
24.4124356082585
24.39410958558
24.3596756040565
24.3037376700176
24.246706746024
24.203085546565
24.1742203209208
24.1725398347772
24.2059290154936
24.2521889285434
24.3159126490939
24.3907879204616
24.4708263443219
24.5449343460314
24.6162561960243
24.6755077489922
24.7226239882777
24.747475970369
24.7507894623675
24.7449318820017
24.7356363040915
24.7277403982148
24.7361971961714
24.7661224828648
24.8108003893831
24.8618243437608
24.9215200285356
24.981870667144
25.0466994929323
25.1162159399484
25.1919435807057
25.2690307930367
25.3534698060693
25.4382038135059
25.5183467591716
25.5941792928227
25.6598610895911
999.99
999.99
999.99
999.99
999.99
999.99
999.99
999.99
999.99
999.99
999.99
24.4838672019682
24.4603497473477
24.4762493125447
24.4650942765046
24.4368163018565
24.3777159548872
24.3090612326671
24.2450177093651
24.1936006591858
24.1736193177878
24.1962722139785
24.2380979769395
24.3017442857069
24.3804040635497
24.4633355732014
24.5362572007877
24.6019258192383
24.6553540442715
24.6973116382876
24.7201448917635
24.7252730359255
24.7243854296152
24.720736053073
24.7160830166446
24.7255184980611
24.7549636976582
24.7988136278545
24.8482918019136
24.9084581782062
24.9699670922841
25.0355461811451
25.1079279850531
25.1903925582797
25.2765098362741
25.3705619294602
25.464756059569
25.5510706166855
25.629125370234
25.6917142758395
999.99
999.99
999.99
999.99
999.99
999.99
999.99
999.99
999.99
999.99
999.99
24.4655718827565
24.4990079531442
24.5239587984414
24.5270095606002
24.5091657533879
24.4537451983488
24.3806498621496
24.303249361767
24.2321425492744
24.1938397918351
24.2009504813028
24.2322957349141
24.2884893771603
24.36469169329
24.4454184332256
24.5149061546435
24.5742396725362
24.6236421432684
24.6637329067922
24.6889065390028
24.700997597108
24.7097448478332
24.7153129735906
24.7162927522271
24.7276388222561
24.7561821602841
24.7980107351826
24.8443477903374
24.90305318197
24.9646518088869
25.0300757097237
25.1038328366914
25.1903643128548
25.2822331962505
25.3819435073174
25.4824113437705
25.5736490135977
25.6547984450444
25.7173220092908
999.99
999.99
999.99
999.99
999.99
999.99
999.99
999.99
999.99
999.99
999.99
24.5517411781663
24.5091092942017
24.5496155505532
24.572648889141
24.5672834851022
24.5215939118707
24.4516127023854
24.3699123954769
24.2868588561507
24.2332466542887
24.222155574148
24.238483761952
24.2807565689736
24.3467260860565
24.4184301360403
24.4816711687695
24.5342696665946
24.5808534908025
24.6216582773023
24.6543056185763
24.6779627447262
24.7002011707277
24.7186877459486
24.7285420134512
24.7423214187121
24.7692641305666
24.807559546807
24.8489314548505
24.9043833962589
24.9661644280388
25.0321381635207
25.1070986235744
25.1961206577767
25.2905208799138
25.3913837742133
25.4938829571574
25.5880637861462
25.6722264675787
25.7372533289758
999.99
999.99
999.99
999.99
999.99
999.99
999.99
999.99
999.99
999.99
999.99
24.4835889909548
24.5053018300704
24.5571750436919
24.6021075438748
24.6088548928891
24.57704275612
24.5161111054544
24.4371763304282
24.3503898241214
24.2867106896152
24.2567004128264
24.2544761777617
24.277983304836
24.3275636326738
24.3849617904749
24.4402793037044
24.4873841866295
24.5339736954975
24.5788686672372
24.6223260479908
24.660469540793
24.6978767454696
24.7297801645913
24.7491361891663
24.7653498953081
24.7895463311033
24.8227823071974
24.8580531002663
24.9090148705519
24.9710008359942
25.0382576630201
25.1149825646557
25.205941966397
25.3009216861752
25.3998011515896
25.5007060316683
25.5952200423334
25.6814463688204
25.7502212279624
999.99
999.99
999.99
999.99
999.99
999.99
999.99
999.99
999.99
999.99
999.99
24.3392434080309
24.5128539419749
24.5705557526592
24.6265583108121
24.6418689433281
24.6221443337922
24.5725632536629
24.5029159475264
24.4196063104689
24.3525064074748
24.3072636841794
24.2864668706806
24.2882331497299
24.318406006364
24.3591111579012
24.4060748588094
24.4493466553948
24.4997743310336
24.5510752474967
24.6056601429714
24.6584599642793
24.7106310228336
24.7533455756074
24.7811080870641
24.7998106458352
24.8205838924758
24.8472091019262
24.8758273139626
24.9205767868645
24.9809491119176
25.0483873439529
25.1257851148632
25.2175167378903
25.3122703766344
25.4081290365772
25.5053817697399
25.598941419298
25.6859014759884
25.7579395258468
999.99
999.99
999.99
999.99
999.99
999.99
999.99
999.99
999.99
999.99
999.99
24.224690455241
24.5266377051095
24.5845842271743
24.6489759914834
24.6686820483112
24.6575536718893
24.619230927025
24.561176820263
24.4861421674881
24.4205212457235
24.3651592298267
24.3279709394003
24.3099568696194
24.3215319899643
24.3458871070191
24.3840032114716
24.4254733907718
24.4800686779553
24.5363120985585
24.5994280950068
24.6644168481792
24.7276496043883
24.7784243135104
24.8138678505151
24.8363585354457
24.8550594240959
24.8764030484959
24.8997198242146
24.9385022161271
24.9958018880439
25.0617592236096
25.1384030652595
25.2294676061615
25.323203834619
25.4157372177055
25.5099595344773
25.6024655265514
25.6892701717235
25.7633521472203
999.99
999.99
999.99
999.99
999.99
999.99
999.99
999.99
999.99
999.99
999.99
24.3974058822839
24.5487123066457
24.6059860284531
24.6675782828129
24.6862724573654
24.6777194154708
24.6467902036365
24.5991801459761
24.5341392487838
24.4727376679447
24.4136257799324
24.365446902552
24.332595351854
24.3285618536907
24.3385924912681
24.3683140924734
24.4091533985764
24.4683140398188
24.5296721581918
24.600063563332
24.6743074776703
24.7455252752312
24.8019311765714
24.8441339753359
24.8713236583388
24.8903320503861
24.9083526218642
24.9277134181879
24.9604712610063
25.0127422460356
25.0749498583834
25.1491666554364
25.239010626508
25.3323987019369
25.4235294020209
25.5164106553989
25.6082994806482
25.6937513921816
25.7676141805096
999.99
999.99
999.99
999.99
999.99
999.99
999.99
999.99
999.99
999.99
999.99
24.4801764584622
24.5919102043961
24.6372078347312
24.6819336735026
24.6971726884935
24.6886181982928
24.6633926804824
24.6258597799693
24.5704545377553
24.5150840318881
24.4565628083006
24.4010175321562
24.3572280465595
24.3424153931472
24.3415142993874
24.3639605834116
24.4047768608086
24.4682376662295
24.5334854066576
24.6086170754393
24.6889767804729
24.7653448392623
24.8246088086198
24.8717012294585
24.9042749129945
24.9258704026861
24.9434110304691
24.9614890962532
24.9890720911303
25.0337184181684
25.0887925639632
25.1568238763979
25.2422923058269
25.3346729602616
25.4265503541597
25.520032647399
25.6123755320086
25.6967802175329
25.7689980263134
999.99
999.99
999.99
999.99
999.99
999.99
999.99
999.99
999.99
999.99
999.99
24.5976630147501
24.6391507288718
24.6646293679753
24.6912938384416
24.7018521464343
24.6909304436767
24.6691800047205
24.6410858892465
24.5946833357503
24.5459694308217
24.4923523912868
24.4349663952746
24.3851633718154
24.3647887968858
24.3577315750476
24.3743961379957
24.4152002805411
24.482291567619
24.5498102417593
24.6275148883546
24.7117373210046
24.7904823932557
24.8500788902974
24.9007040909278
24.9385978421908
24.9641510694144
24.9839496622877
25.0036474901217
25.0272561108365
25.0630935850403
25.1090454485361
25.1676753815009
25.2450873085922
25.3348252349269
25.4280503429904
25.5227366363468
25.6162836582093
25.6999773654555
25.7693672044088
999.99
999.99
999.99
999.99
999.99
999.99
999.99
999.99
999.99
999.99
999.99
24.7592983359395
24.6367964684624
24.6536513509302
24.6807728448667
24.6869043212796
24.6737614752331
24.6555239035467
24.6364416907125
24.6001608571184
24.5588275333819
24.5143409181473
24.4607334779106
24.4117032108535
24.3913907807626
24.3830240565409
24.3957276475882
24.4364260846801
24.5044325975437
24.5723370153116
24.6511680706196
24.7367981187439
24.8155586592266
24.8747170024581
24.9275004554414
24.9698941629095
25.0004488674303
25.024482752228
25.047412190114
25.068695225686
25.0967306402346
25.1336788748056
25.1828966627793
25.2514362396423
25.3378810307067
25.4321284060129
25.5279476577056
25.6217288860208
25.7041590017322
25.7696540732459
999.99
999.99
999.99
999.99
999.99
999.99
999.99
999.99
999.99
999.99
999.99
24.6415152571007
24.6231877015761
24.6366732174674
24.6545047582609
24.6594549003081
24.647460454619
24.6342356494221
24.6261705101673
24.6024613691659
24.5704349622727
24.5373413635749
24.4913083778979
24.4450020195879
24.4250671850767
24.4154266262601
24.4236340285946
24.4610083249696
24.5271053436546
24.5946077987266
24.6745085100978
24.7605120847331
24.840129424504
24.8998539353557
24.954390173955
24.999760683638
25.0351675988794
25.0633596736176
25.0896020939925
25.1093176735746
25.1310868589694
25.1606287271898
25.201922234228
25.2629885955459
25.3472563420617
25.4439884508874
25.5411306091044
25.6347693280042
25.7153311015922
25.775846560072
999.99
999.99
999.99
999.99
999.99
999.99
999.99
999.99
999.99
999.99
999.99
24.249155147196
24.5935306934945
24.6057626647574
24.6219163585483
24.6290266769078
24.6209348634035
24.6137694872897
24.61817774778
24.6096139294382
24.5907725400081
24.5722418113998
24.5376208696945
24.4962434729763
24.4770908392419
24.4643702766396
24.4655119190356
24.495460624523
24.5548052458258
24.6183857351919
24.6976876383466
24.7827435124623
24.8629378009072
24.9244557871179
24.9812104305488
25.0288279346224
25.0687414611865
25.1009888748872
25.1298515212187
25.1482696404232
25.1651728704033
25.1886314320208
25.2237038896839
25.2788410227194
25.3621338243532
25.4627077598507
25.562685748188
25.6570629326089
25.7367837678301
25.7922920939627
999.99
999.99
999.99
999.99
999.99
999.99
999.99
999.99
999.99
999.99
999.99
24.5287685734062
24.5439617660269
24.5616633352258
24.5862695945544
24.5960605166373
24.5919553421609
24.5907713455547
24.6072685767602
24.6153738037063
24.6124636083759
24.6115074600716
24.591865545032
24.5582362631793
24.5403411949454
24.5236271925484
24.5170697925214
24.538495296927
24.5891482954008
24.6476974283024
24.725845510973
24.8081190569406
24.887151511093
24.9499697223589
25.0081565816293
25.0563110062539
25.0994440067504
25.1342319416628
25.1639519215283
25.1812324871883
25.1959488091584
25.2165286526192
25.249972152058
25.3042700628241
25.3898589457952
25.4956058356737
25.600134417918
25.6958319444985
25.7738724562953
25.8227276797455
999.99
999.99
999.99
999.99
999.99
999.99
999.99
999.99
999.99
999.99
999.99
24.456648378832
24.4706758757191
24.5129074328565
24.5435388412691
24.5584854822706
24.5608460951676
24.567203336783
24.5953550280314
24.6216529476823
24.6368826648511
24.6537734953672
24.6504132339907
24.6274563881107
24.6112121610161
24.5899218807124
24.5765087748893
24.5879739729658
24.6265692960948
24.6778949782866
24.7528509884791
24.8290672325519
24.9055820715335
24.9696952511126
25.0282459893734
25.0757785319068
25.1217801432923
25.1581053051134
25.1877699958939
25.2053975838558
25.221126683092
25.2424748456147
25.2796645872249
25.3385946354862
25.4295723421174
25.5411716020032
25.6507244079786
25.7458233373868
25.8197012873592
25.8599998704305
999.99
999.99
999.99
999.99
999.99
999.99
999.99
999.99
999.99
999.99
999.99
24.3568201058201
24.4269899629602
24.4900648612173
24.5083612346338
24.5310970638748
24.5417237265284
24.5540485414048
24.5908961561493
24.6317540961718
24.6635241967694
24.6951684724468
24.7078293012193
24.6957829268842
24.6815324936269
24.6565641219794
24.6373511170113
24.6381521312759
24.6635470486671
24.7058659047073
24.7743180645439
24.8423600149371
24.9145185162233
24.9791543652852
25.0374072363823
25.084225566268
25.1327156877685
25.1710931754016
25.2014982342286
25.221562977172
25.2411634078194
25.2669135690796
25.3113447434776
25.3780386555178
25.4762604283809
25.5941030201967
25.7074803587282
25.8002525132584
25.8682047177826
25.8984737943547
999.99
999.99
999.99
999.99
999.99
999.99
999.99
999.99
999.99
999.99
999.99
24.2871219629512
24.3471115438187
24.4406755913112
24.4735755342199
24.5045019113248
24.5225534605464
24.5382546689521
24.5778571851295
24.6282374485258
24.6739378641468
24.7183327498647
24.7463607876312
24.7488210856466
24.740901068859
24.7169806996136
24.6964145852629
24.6913311800101
24.7057344369133
24.739077667857
24.7983291958577
24.8558959367397
24.919818851241
24.9815855424418
25.0373266456463
25.0833030316264
25.1337970718158
25.1748705828172
25.2081315112294
25.2337802434612
25.2605223044513
25.2941473926398
25.3485843445452
25.4239025208221
25.5282793368911
25.64919297626
25.762640151475
25.8501975387522
25.9104041782526
25.9302926025152
999.99
999.99
999.99
999.99
999.99
999.99
999.99
999.99
999.99
999.99
999.99
24.4374658749432
24.2547586286827
24.3755430825359
24.4320581551733
24.4738931332197
24.5017819185904
24.5229104022741
24.5630239577421
24.6177574019286
24.6703018543603
24.7200408161331
24.7564283026659
24.7700074375425
24.7682069129309
24.7502633945376
24.7345563716969
24.7301918847549
24.7405522501097
24.7699128548801
24.8215763622661
24.8704049809339
24.9267779293732
24.9840435095527
25.0354033430772
25.0795083350374
25.1297750663616
25.1722216163656
25.2099339817134
25.2446281729646
25.282344902993
25.328277544487
25.3955921786837
25.4796681713871
25.5871535812492
25.7055836139175
25.8125067484539
25.8892150879124
25.9374376933046
25.9458907610242
999.99
999.99
999.99
999.99
999.99
999.99
999.99
999.99
999.99
999.99
999.99
24.0592422599984
24.1483513091693
24.2978707353418
24.3818193959459
24.4362266020363
24.4756107331519
24.5041102719896
24.5440690471171
24.6005209219047
24.6551692726418
24.7045044027946
24.7429662736163
24.7641568195323
24.767512179738
24.7587845201946
24.7512582296319
24.7512732530022
24.7608802106475
24.7886363832175
24.8329323065559
24.8753382797573
24.9261672851315
24.9799115186745
25.0277610508877
25.0709104636407
25.1208642590779
25.1654256669587
25.209969276823
25.256609070313
25.3081068524096
25.3684531238539
25.4482635905776
25.5379713754037
25.6429570937762
25.7524401155405
25.8456090623885
25.9063282363984
25.940256939591
25.9389279546604
999.99
999.99
999.99
999.99
999.99
999.99
999.99
999.99
999.99
999.99
999.99
23.7802484995969
24.0489536585366
24.2134953972658
24.3216668048087
24.3877271540532
24.4388292841352
24.4765590410238
24.518025254653
24.5735590107265
24.6278329388539
24.674170140363
24.7096256811057
24.7330883022694
24.7395452422845
24.7388366118634
24.7385531652547
24.745701378056
24.7586587140454
24.7880040835848
24.828328652718
24.8695075891391
24.9180027604105
24.9704643413112
25.0180316443251
25.0623471104876
25.1117511790076
25.1588709489157
25.2109194983892
25.269007205343
25.3341579430703
25.4087692107483
25.4984573771416
25.5905194175409
25.6897350247804
25.7870176994287
25.8639108753907
25.9095205838749
25.9309228504766
25.9222809314288
999.99
999.99
999.99
999.99
999.99
999.99
999.99
999.99
999.99
999.99
999.99
23.564396108086
23.9577088315603
24.1225558482318
24.243750375834
24.3217183065016
24.3862588412722
24.438020247908
24.4857003631269
24.5429636452905
24.5983134273922
24.6411245692512
24.6691404937043
24.6903721130174
24.6959956168461
24.6981735620925
24.7026973015464
24.7181647453396
24.7365968408706
24.7701773198117
24.8114695496555
24.8560088437881
24.9060348679025
24.9602259653002
25.0108931612846
25.0590226265254
25.1093006553285
25.159714176565
25.2191017927555
25.2872783829428
25.3640223084135
25.4499687142941
25.5455509494802
25.6366587736305
25.7272467039668
25.8102148225645
25.8713946625291
25.9043406227156
25.9158591155048
25.9028433258954
999.99
999.99
999.99
999.99
999.99
999.99
999.99
999.99
999.99
999.99
999.99
23.5466044583884
23.871498133395
24.0305076935179
24.1546818140429
24.244184666548
24.3236152002185
24.3931193350475
24.4537834469976
24.5167024028009
24.5752060290337
24.6140583302345
24.6326590989678
24.6467754784668
24.6477716532265
24.6479724284518
24.6540997956589
24.6756848122922
24.6995927716508
24.7378000258312
24.7835755360474
24.8350000415343
24.8903866872327
24.9497512418601
25.0072417082321
25.0612256665906
25.1141735590637
25.1684298001699
25.2322724404463
25.3051771410793
25.3877605602358
25.4782931651554
25.573284809014
25.6603887801298
25.7419773276592
25.8124435488504
25.8625274449328
25.8883661079821
25.8954482459143
25.8827104664257
999.99
999.99
999.99
999.99
999.99
999.99
999.99
999.99
999.99
999.99
999.99
23.8974062995979
23.7859860406353
23.9477296232328
24.0722887932251
24.1632630083225
24.2532076582329
24.3300406127604
24.4123228797227
24.4865114719815
24.5629138264611
24.6100995775629
24.631627525938
24.6300811865018
24.6132352074439
24.6161348661984
24.6205693249146
24.6327648500254
24.6614776782995
24.7035813301329
24.7434545939407
24.7920162153716
24.8492804142302
24.9158044448467
24.9886900426465
25.0615560790047
25.1274765662452
25.1957859317569
25.259372533281
25.3324936621915
25.4095645242617
25.495762622731
25.5876417993534
25.6644306428479
25.7380254592663
25.8014627945598
25.8508481581999
25.8740166601257
25.8822420260303
25.8737431265728
999.99
999.99
999.99
999.99
999.99
999.99
999.99
999.99
999.99
999.99
999.99
23.713544973545
23.6879142479529
23.84859366745
23.9718718895864
24.0682951619423
24.1822267201767
24.2730673074505
24.3804897549914
24.4678485156727
24.5630498186229
24.6163142766735
24.6314610231574
24.6096279900032
24.5765265111255
24.5769245028644
24.5784589305888
24.5903587487914
24.6258304923427
24.6750993855904
24.7197393326717
24.7692519580085
24.8278066383684
24.8940134928069
24.9787193058536
25.0678883675018
25.1481092507876
25.2190756708535
25.2787010864846
25.3405097134544
25.3908895835367
25.458214988935
25.5469640780407
25.6108349887593
25.6811231620764
25.7451833231723
25.8019787748586
25.8382862075743
25.8619384683188
25.861489365308
999.99
999.99
999.99
999.99
999.99
999.99
999.99
999.99
999.99
999.99
999.99
23.5360116747364
23.4509022831601
23.7520049122384
24.1388124902585
24.075098797834
24.2115368116205
23.8458026607539
24.2797095192844
24.490327586467
24.7875480422275
24.7432806629427
24.5402394728771
24.7097169756299
24.7530496553388
24.534827292336
24.3469715572851
24.6301009497665
24.6914618610194
24.5656236632125
24.7316521545302
24.5978698332252
24.674218682595
24.8024377121137
24.8332887787783
25.1451466431362
25.1879386397575
25.3503294266709
25.3599278147327
25.4071597843375
25.3978559738751
25.4955361781076
25.5476578645255
25.645306371329
25.8091614100186
25.6252233484672
25.8128432960767
25.8699554730983
26.0128878246544
25.9543089254919
999.99
999.99
999.99
999.99
999.99
999.99
999.99
999.99
999.99
999.99
999.99
999.99
999.99
999.99
999.99
999.99
999.99
999.99
999.99
999.99
999.99
999.99
999.99
999.99
999.99
999.99
999.99
999.99
999.99
999.99
999.99
999.99
999.99
999.99
999.99
999.99
999.99
999.99
999.99
999.99
999.99
999.99
999.99
999.99
999.99
999.99
999.99
999.99
999.99
999.99
999.99
999.99
999.99
999.99
999.99
999.99
999.99
999.99
999.99
999.99
