999.99
999.99
999.99
999.99
999.99
999.99
999.99
999.99
999.99
999.99
999.99
999.99
999.99
999.99
999.99
999.99
999.99
999.99
999.99
999.99
999.99
999.99
999.99
999.99
999.99
999.99
999.99
999.99
999.99
999.99
999.99
999.99
999.99
999.99
999.99
999.99
999.99
999.99
999.99
999.99
999.99
999.99
999.99
999.99
999.99
999.99
999.99
999.99
999.99
999.99
999.99
21.6128768672288
21.9900167277554
22.1564473388271
22.1618334464606
22.4870394336597
22.7108260672093
22.6660546882463
23.016112659698
23.0649996530763
23.2373847383743
23.3757565802374
23.339771839852
23.3475322865288
23.3173063973064
23.2998990887806
23.3147450915325
22.9789002518968
22.4813419812862
22.1790544217687
22.9665274446807
23.2680165065287
23.3227979999095
23.5151756137784
23.5103625319061
23.6414017728303
23.9898538294845
24.0157059344063
24.1451019126054
23.9326436289224
23.2145748324459
23.0007401239875
23.5429005083186
23.4484728234728
23.2433842959209
23.8564780541436
23.8919499709221
23.998263196927
24.0253754217134
24.1161085318089
999.99
999.99
999.99
999.99
999.99
999.99
999.99
999.99
999.99
999.99
999.99
21.6530412034733
21.817413129959
22.0291450216571
22.222566519386
22.3789267767477
22.5592817173681
22.7355695599901
22.9012411824098
23.0508198018184
23.1851385753309
23.2593745483533
23.3078530626605
23.3202229684534
23.2936733395304
23.2197775119008
23.0921874911705
22.9498928405475
22.9022429432134
22.9094911031349
22.9872971778472
23.1529709662157
23.3604269977371
23.5012843272975
23.634177062639
23.7470919406992
23.8177228443841
23.836843118248
23.7645816784564
23.6299782103859
23.525496757074
23.4495935106794
23.408927786228
23.4837321333434
23.5999017679272
23.7072017410005
23.809658815575
23.9166955809122
23.9782676116694
24.0303720445028
999.99
999.99
999.99
999.99
999.99
999.99
999.99
999.99
999.99
999.99
999.99
21.579456697387
21.8286120770915
22.0355983135996
22.2285033512547
22.3954371745234
22.5731418454007
22.7485587864401
22.9157748480994
23.0627912752064
23.1910636918889
23.2714479631249
23.3153342227988
23.3210656637669
23.2985814351378
23.2321260088444
23.1383375865762
23.0446221204445
23.0029123916946
23.0044513144024
23.0744364384137
23.2088818581769
23.3717521143246
23.5129371093768
23.6458691783298
23.7483884031769
23.7971573548754
23.7933461729584
23.7263439799595
23.615136150469
23.5283009365063
23.4787343786147
23.4706409510026
23.5348194169336
23.632351753351
23.723963278034
23.8098589018266
23.9002889026572
23.9633292785187
24.017848696793
999.99
999.99
999.99
999.99
999.99
999.99
999.99
999.99
999.99
999.99
999.99
21.6072712842713
21.8865435539533
22.0579809193431
22.2350706903902
22.3979721035569
22.573001148184
22.7472643662576
22.9220905355114
23.0765175707954
23.2045441452856
23.2870796550968
23.3258913536051
23.3260519511746
23.2992680684489
23.2368104311594
23.1670631095893
23.1144137644505
23.0864079246609
23.0950638861715
23.1659703543495
23.2818455232638
23.4131722235074
23.548129025674
23.6678938101265
23.7480680589656
23.7650934313649
23.7327348639218
23.6680953437558
23.5838916663325
23.5118610958056
23.4949158764952
23.5245751590221
23.5749735303324
23.6503739908781
23.735735913322
23.8107644511161
23.8781133826723
23.9471661385154
24.0098410923209
999.99
999.99
999.99
999.99
999.99
999.99
999.99
999.99
999.99
999.99
999.99
21.6744176860692
22.0137969635656
22.1364298569394
22.2926793462215
22.4326325127096
22.5985051001255
22.7722355283621
22.9517690098248
23.1121080942681
23.241302342709
23.3198620084341
23.3512070795856
23.3441738057743
23.3149579505652
23.2588134374332
23.1987631983334
23.1610168542274
23.1468275361627
23.1625973360631
23.231945736155
23.3438345491953
23.4635163208029
23.5834651286973
23.6844089380347
23.7421645612481
23.7394885463964
23.6974306427795
23.6310053333441
23.5581412055032
23.5103832382669
23.5123155018136
23.5511240687237
23.604384495214
23.6747746152657
23.7466533413578
23.8126550137606
23.8750380139031
23.9436125755206
24.0067560205553
999.99
999.99
999.99
999.99
999.99
999.99
999.99
999.99
999.99
999.99
999.99
21.8588283657883
22.218653601078
22.2789888305414
22.3892041081866
22.4990911938258
22.6493616792783
22.8178487051246
22.9995868922763
23.1633559881624
23.2905281936176
23.3631480095878
23.3853557780681
23.3692065129128
23.3348944707027
23.2821719365817
23.2283815653331
23.2021619958845
23.1989398891185
23.2215573804399
23.2912729634181
23.4003186622703
23.5089309609786
23.6140398722114
23.6971484305393
23.7340548010719
23.7151169879421
23.6682601679593
23.6063632339603
23.5488756128466
23.5263210568509
23.5458196304602
23.5908061828667
23.643144220555
23.7057044065691
23.7618989922494
23.8177564723485
23.8750939829635
23.9420349512822
24.0037404404181
999.99
999.99
999.99
999.99
999.99
999.99
999.99
999.99
999.99
999.99
999.99
22.2250174919931
22.4822360614894
22.4804836590598
22.5266581443548
22.6039903429222
22.7319630713729
22.8881433608349
23.0659786184588
23.2274144154797
23.3474930237102
23.4124806801846
23.425615955168
23.4007650503926
23.3610916438806
23.3103536583288
23.2593587111281
23.2393130891862
23.2420901300732
23.2691074059937
23.33832450506
23.444707858993
23.5449141040268
23.638943028125
23.7088500333546
23.7319968425474
23.7051189429045
23.6603004968173
23.6087640671091
23.5700555067577
23.5713522933713
23.6060153873313
23.6541935979775
23.7024882372897
23.7544395323599
23.7935042079698
23.8358729397145
23.88606009422
23.9478188077045
24.0043460033658
999.99
999.99
999.99
999.99
999.99
999.99
999.99
999.99
999.99
999.99
999.99
22.8903278956816
22.7369117342874
22.695102420033
22.6903888139501
22.7371503411309
22.839149679969
22.9782073986154
23.1474400547612
23.3016197916244
23.4105194502323
23.4658083368739
23.4694438945001
23.4358557880531
23.3908180784998
23.3405844422107
23.2909989263081
23.2738271022433
23.2797600512681
23.3094674775378
23.3776356338459
23.4801693392666
23.5745226374607
23.6602227849977
23.7216931964026
23.7397901381201
23.7159697260605
23.680303737016
23.6454363888809
23.6279085812606
23.6494038973184
23.6954807916911
23.7446666844656
23.7862118700781
23.8248636843945
23.845973878661
23.8699928665178
23.9083678458778
23.96051328724
24.0088027339581
999.99
999.99
999.99
999.99
999.99
999.99
999.99
999.99
999.99
999.99
999.99
23.5252890678814
22.9466845209747
22.8949666687098
22.8574134365319
22.8828254947767
22.9612597616186
23.0817282902548
23.2387262002961
23.3808622799496
23.4753377607742
23.5194647749581
23.5132236435595
23.4711900752066
23.4210051162948
23.3701059317788
23.3215038052998
23.3045708691567
23.3100632442852
23.3395610109853
23.4043400190052
23.500152200123
23.59059660713
23.6732202691367
23.7346547433756
23.7601417568375
23.7518831923174
23.7326134779842
23.7169007436565
23.7169548923171
23.7493383218635
23.7992878934553
23.8456462364403
23.8787680846871
23.9037649838373
23.9081188060883
23.9121828208567
23.9363064720259
23.976692317322
24.0169621578257
999.99
999.99
999.99
999.99
999.99
999.99
999.99
999.99
999.99
999.99
999.99
23.3971198244264
23.1085726699861
23.0690858432105
23.0090096612461
23.0248276232299
23.0845962535492
23.1860751493705
23.3274166737265
23.4533753615183
23.5317650273345
23.5659025283946
23.5519753434731
23.503694747782
23.4502392550272
23.3988876767242
23.3506393929122
23.3320848597257
23.3357105016323
23.3629685924102
23.4225535273888
23.5106418122391
23.5986158170041
23.6810293179821
23.7484847432882
23.7898450066413
23.8036542266533
23.8034025246183
23.8057461253947
23.8178217919064
23.8525595904816
23.9015648996503
23.9459409380022
23.974210370206
23.9903427064465
23.9834468288205
23.9699319220623
23.9776386953597
24.0033039187749
24.033333684907
999.99
999.99
999.99
999.99
999.99
999.99
999.99
999.99
999.99
999.99
999.99
23.2420299349177
23.1898106651755
23.1673535318516
23.1311168320993
23.1457708613266
23.1919095089626
23.2758121386473
23.3987812999997
23.5060061244435
23.567248869709
23.5922462540283
23.5736109331621
23.5236602519606
23.4708570433781
23.4226723068909
23.3777851184849
23.3593414354855
23.3619966658688
23.3885412760523
23.4443094828964
23.5252356410784
23.6110123176838
23.6944722508839
23.7673461205468
23.8232593186999
23.8585468059868
23.8756534935381
23.8906445264382
23.9098545920797
23.9432743600625
23.9895752406226
24.0347461034878
24.065659964051
24.0813954550294
24.0723250464835
24.0469845776557
24.0387975020086
24.0476644991587
24.0644888270699
999.99
999.99
999.99
999.99
999.99
999.99
999.99
999.99
999.99
999.99
999.99
23.4048304473305
23.2162557289532
23.2169873944962
23.2127771846027
23.2334379967809
23.2735695838324
23.3445538288593
23.4500846316702
23.5384352557334
23.5832254576101
23.5994200756973
23.5778466905747
23.530305743085
23.4831223808973
23.4434325382246
23.4078500190988
23.3948431949007
23.3992872092613
23.4262908469969
23.4779807902551
23.549450979768
23.6292400810833
23.7102715356352
23.7841152501744
23.8495943649427
23.9024368697581
23.933904513984
23.9582074134612
23.9818637365205
24.012611171176
24.055574054681
24.1043184189265
24.1431849843866
24.1650148115849
24.1614048477143
24.1319854910992
24.1102268373696
24.1029837886274
24.1064154818842
999.99
999.99
999.99
999.99
999.99
999.99
999.99
999.99
999.99
999.99
999.99
22.8704987189681
23.2295021403448
23.2471022128388
23.2619089125737
23.2936903753375
23.3325508182252
23.392573734878
23.4781722636164
23.5453792472299
23.5733782392601
23.5820595007557
23.5609193215042
23.5223311150769
23.4874521855856
23.4638073264296
23.4433973653242
23.4400134264458
23.4477696347734
23.4746039065042
23.5190495041048
23.5780638512288
23.6470285006734
23.7214169423032
23.792112984424
23.861910556617
23.9261637888829
23.9685506814896
23.9985185374408
24.0237794893408
24.0517511643473
24.0925965895929
24.1475543899621
24.2000742789938
24.2358318488547
24.2458615793307
24.2216614956925
24.1917161203454
24.1695445359867
24.1579106607483
999.99
999.99
999.99
999.99
999.99
999.99
999.99
999.99
999.99
999.99
999.99
23.2048623869356
23.2191321731462
23.2453917281097
23.2847646054331
23.3270178557925
23.363555756729
23.4122060075333
23.4745264663473
23.5186451789069
23.529859832136
23.5341734991256
23.5184627975064
23.4964364637293
23.4816038173775
23.4807632633153
23.4791794579314
23.4880735367905
23.5012553502941
23.5284366250654
23.5659512229093
23.6132174482299
23.6694226842982
23.7325160627981
23.7935959633819
23.8589766064008
23.9252311295444
23.9728592194046
24.0055930814643
24.0327439762617
24.0611555160941
24.1039149800457
24.1679529493012
24.2382634334911
24.2929257547147
24.3212749104229
24.3086065817378
24.2759466499312
24.2410843673876
24.2144782392582
999.99
999.99
999.99
999.99
999.99
999.99
999.99
999.99
999.99
999.99
999.99
23.3234150414046
23.1771172291714
23.2160706392298
23.2796030041243
23.3284703964502
23.3609202505751
23.3979293384788
23.4369207308769
23.4594922789868
23.4570145905871
23.4598538393893
23.4533953396685
23.4530823446048
23.4633486947601
23.4885911137093
23.5086580476832
23.5325421475217
23.5525230921912
23.5811224861177
23.6143501544679
23.6517537460859
23.6946068629614
23.7448699280447
23.7919286685155
23.8451509226233
23.9056003564679
23.9536134222757
23.9867954032476
24.0169929099359
24.0494040217517
24.0965615719971
24.1689826753558
24.2548550464459
24.3259771526066
24.3708135529711
24.3714619851088
24.3410781548801
24.2989159650807
24.2630284749394
999.99
999.99
999.99
999.99
999.99
999.99
999.99
999.99
999.99
999.99
999.99
22.9030399691287
23.1289252491749
23.1882847850809
23.2542316541888
23.3070343619239
23.3335092076084
23.3578357158434
23.3761261887884
23.3808047153228
23.3698277424348
23.3747013034572
23.3791188687397
23.399786500502
23.4340079087941
23.4820081339394
23.5217913100037
23.5603343943203
23.5878396065769
23.6180153652828
23.648184917032
23.6773499436631
23.7078933276527
23.7451018885817
23.7786870884577
23.8190460010951
23.8707629651023
23.9174515854466
23.9523925134124
23.9874496389727
24.0253600443842
24.0781330570528
24.1563023750677
24.2517584175838
24.3328413266665
24.3886845118975
24.4006001219555
24.3753505775255
24.3318157846279
24.2940385150134
999.99
999.99
999.99
999.99
999.99
999.99
999.99
999.99
999.99
999.99
999.99
22.8958113790971
23.0593790996805
23.1410852883758
23.2134597797009
23.2662099478289
23.2830831063401
23.2935632287248
23.2934732690353
23.2848761070994
23.270109827625
23.2803004986082
23.2963574778932
23.3349776182509
23.3875467197616
23.4524262051292
23.5075746327494
23.5582800713442
23.5945756357689
23.6296745574542
23.6610331545689
23.6868880942702
23.7100514885997
23.7370249130101
23.7598021980275
23.7883803201219
23.8304372515616
23.8750592157272
23.9126894893096
23.9532353501576
23.9971374968471
24.0558299309569
24.1360291081376
24.2341339631884
24.319075094431
24.380598999841
24.3998136333646
24.3817671677967
24.3421686387047
24.3076981322149
999.99
999.99
999.99
999.99
999.99
999.99
999.99
999.99
999.99
999.99
999.99
22.7574539747902
22.968623647665
23.0688313871578
23.1508947815088
23.1996235118921
23.2069012820744
23.2056785701917
23.194377056143
23.180583018696
23.1689729031587
23.18805350779
23.2157222434519
23.2668009924055
23.3302486194683
23.4034195801948
23.4674549608258
23.5272824776036
23.5730781017328
23.6165896065443
23.6545424409578
23.6826851033554
23.7038685854061
23.7248610787711
23.7399182064293
23.7590924332531
23.7922276044333
23.8342870201011
23.875033654411
23.9213157014029
23.9706416004371
24.0346903170319
24.1142407973386
24.2090439531415
24.2920348208174
24.3543436423073
24.3765272515807
24.3656285317231
24.3335005151431
24.3068782200475
999.99
999.99
999.99
999.99
999.99
999.99
999.99
999.99
999.99
999.99
999.99
22.849344035175
22.881878749034
22.9875974538576
23.0681325720828
23.1115960560736
23.1142987305274
23.107504251158
23.094038585034
23.0837477104639
23.082494030184
23.1113840058819
23.1488351559745
23.2064732157453
23.272535148725
23.3457283182353
23.4140188199218
23.4806087805964
23.5355279061985
23.5895817211451
23.6365907180985
23.6697975488336
23.6920713621149
23.7111269974127
23.7228698306067
23.7373170356574
23.764980753954
23.806515939231
23.8518537256849
23.9037873240063
23.9581168481631
24.0259799553216
24.1021442886217
24.187754466781
24.263462592309
24.3216063704347
24.3426272957496
24.336722562973
24.3130708102535
24.2945900703749
999.99
999.99
999.99
999.99
999.99
999.99
999.99
999.99
999.99
999.99
999.99
22.7202595140051
22.7944226136004
22.890616298951
22.9745694072954
23.0150274643176
23.0189787827436
23.0147648450538
23.0075179955641
23.0071334396187
23.0197049493548
23.0580835463927
23.1023743635123
23.1608906934726
23.2224000217365
23.2895856882936
23.3576419723017
23.4272137050572
23.4892348640974
23.5536037580115
23.60848511969
23.6468220524153
23.6725125089582
23.692999606199
23.705988126362
23.7221457319409
23.7506300979022
23.7953414692644
23.8470788688303
23.9043768486484
23.9622373012836
24.0315184689946
24.102331682781
24.1772083820156
24.2451019739187
24.2985101819362
24.3167116565958
24.3138426705267
24.2962086830797
24.2811986086852
999.99
999.99
999.99
999.99
999.99
999.99
999.99
999.99
999.99
999.99
999.99
22.4748457396262
22.7238859910778
22.7968288497157
22.8733008481483
22.9134500068935
22.9252534485334
22.9328405417024
22.9390354581313
22.9535428744736
22.9814130221626
23.0282654564359
23.0768107103878
23.1333602302179
23.1870069892152
23.2461855390541
23.3112487048135
23.3803108770559
23.4468317766777
23.5202050241683
23.5816632656628
23.6258438419208
23.6578052538043
23.6829347863946
23.7000782885219
23.7222835337614
23.7553071008435
23.8041839445284
23.8617180167589
23.9222959567938
23.9803252451376
24.0477720427598
24.1123465519264
24.1766999468761
24.2386168356886
24.2893600490788
24.3059233982473
24.305360518251
24.291134782021
24.274527729787
999.99
999.99
999.99
999.99
999.99
999.99
999.99
999.99
999.99
999.99
999.99
22.3237265160313
22.650863689025
22.697309464089
22.7655656423481
22.8098737053012
22.837839881873
22.8659596136242
22.8922404761576
22.9253590702874
22.9698654929075
23.0243140953494
23.0752894058193
23.1284551200822
23.174313118726
23.2240312784805
23.2829728151721
23.3485424719255
23.4160431204201
23.4942503092769
23.5608359922142
23.6116723570706
23.6508421046704
23.6827436608447
23.7062766273815
23.7365730264369
23.7751687106204
23.8279501943101
23.8891411147828
23.9507001423453
24.0067611933169
24.0707244969985
24.1302369162325
24.1875774436866
24.2463677104652
24.2966269861944
24.3142075829635
24.3152285846043
24.3011283286289
24.2795992272659
999.99
999.99
999.99
999.99
999.99
999.99
999.99
999.99
999.99
999.99
999.99
22.46511516861
22.5705224900755
22.5942997735537
22.6563917114587
22.7086769358895
22.7583943422518
22.8152131231023
22.8668012115876
22.9209397174412
22.9826329572493
23.0441907525455
23.0958079199629
23.1449845289678
23.1838494991917
23.2236720000134
23.2740907632918
23.332673390556
23.3972210178252
23.4752834862647
23.5449900906031
23.6022372700518
23.6495690014249
23.6895699719692
23.7213129031372
23.7598262707781
23.80425418214
23.8600639694841
23.9231338107634
23.9841389777838
24.0379204053879
24.0975616218813
24.1530363365247
24.2057269479236
24.2629245616383
24.313341457231
24.3340294045496
24.3372905774386
24.3232832924754
24.2970287002656
999.99
999.99
999.99
999.99
999.99
999.99
999.99
999.99
999.99
999.99
999.99
22.604495530215
22.473942188451
22.4852888898194
22.5543934751571
22.6160758880311
22.6874937553199
22.7747674627825
22.8539041434474
22.9303044013575
23.0085426396167
23.0780920352676
23.1298586732592
23.1749328122278
23.2083347720269
23.2400586702304
23.2809350495176
23.3308127043094
23.3899758343294
23.4639715184619
23.5341446030479
23.59664890423
23.6521473115505
23.6999465586437
23.7396775069118
23.7851606577995
23.8345229114641
23.8912376748671
23.954064985565
24.0137910791123
24.0651502456977
24.1200441717618
24.1727672938618
24.2238217862622
24.2808076169802
24.3325433108011
24.3586922791385
24.3662076076068
24.3533379275416
24.3251359389924
999.99
999.99
999.99
999.99
999.99
999.99
999.99
999.99
999.99
999.99
999.99
22.4707269333454
22.3860715255157
22.3928769041307
22.4695410235637
22.5411730515656
22.6332841078916
22.7475823139495
22.8515990242334
22.9475906210591
23.0392708335748
23.1150224490037
23.1663040095047
23.2074686852075
23.237149407396
23.2627655182507
23.2949199662891
23.3367907665163
23.3907982544208
23.4599578329919
23.530629370372
23.5993514588419
23.6631776448085
23.7179656408545
23.7642027239201
23.8142115384983
23.8645484009902
23.9188568123605
23.9792545417943
24.0370676855001
24.0861367685268
24.1374707378896
24.1890624389882
24.2396780180005
24.2962076880154
24.3488348134124
24.3814157564938
24.3948657522053
24.3860266120264
24.360608148238
999.99
999.99
999.99
999.99
999.99
999.99
999.99
999.99
999.99
999.99
999.99
21.9289131785752
22.3030759082459
22.3161567898625
22.4077885133854
22.4896332886643
22.5991088624195
22.7340527304638
22.8573992893166
22.9681445249964
23.0689470716805
23.148649318125
23.1990004699432
23.2364283079744
23.2636328631341
23.2848255629988
23.3098814618325
23.3456956525226
23.3955519733522
23.4599748474679
23.5313181280856
23.6057131813452
23.676577698643
23.7378951768007
23.7904126228122
23.843164084341
23.8931797518279
23.9440112324305
24.0001940680808
24.0553391784405
24.1033325761749
24.1518723554014
24.2031203577651
24.2541717920308
24.3092048592029
24.3610324362845
24.3994797254402
24.4194339873197
24.4171715338512
24.3993666760587
999.99
999.99
999.99
999.99
999.99
999.99
999.99
999.99
999.99
999.99
999.99
21.8400133314227
22.2567841535367
22.2733661589246
22.3786078995269
22.4687031694962
22.5884312057653
22.7355210903835
22.8713253596084
22.9907644153619
23.0955473628792
23.176849996512
23.2260284739547
23.2600264752291
23.2854557737267
23.30526647491
23.3263683216127
23.357371146447
23.4036763963162
23.4636538495933
23.5339120087498
23.6117819585388
23.6895451256095
23.7573819541491
23.8160931548946
23.8711753345635
23.920978924806
23.966946062632
24.0176499617754
24.0693492348888
24.1157748873249
24.1607393730542
24.211255739222
24.2621339876911
24.3149911681796
24.3659164876024
24.4096726949012
24.4368850517707
24.4431209326784
24.4354868671705
999.99
999.99
999.99
999.99
999.99
999.99
999.99
999.99
999.99
999.99
999.99
21.8946429979235
22.2463769126245
22.2778056763755
22.3876709725293
22.4834962538436
22.6057387330776
22.7539267780027
22.8929286253663
23.0139203405765
23.1168416128285
23.195402409502
23.2422524304334
23.2728023766586
23.297381496789
23.3187366832151
23.3404635479226
23.3703040164432
23.4159645352104
23.474110878024
23.5437668721018
23.6247036940998
23.70890029432
23.782416225245
23.8457577133163
23.9021380052511
23.9506088837122
23.9907533408792
24.0350322391581
24.0826249486912
24.126320502194
24.1665600957067
24.2147830241181
24.2643905037741
24.3143419516003
24.3639070930456
24.4116611042859
24.4452001031815
24.4592948691521
24.4612338973997
999.99
999.99
999.99
999.99
999.99
999.99
999.99
999.99
999.99
999.99
999.99
22.1949819750516
22.2668480671658
22.3206670094728
22.424211787204
22.5259902797747
22.6488821096594
22.7919986998802
22.9275360218264
23.0440917203038
23.1401225837241
23.2109432148356
23.2533125332945
23.2793372804374
23.3025450556067
23.3261023523344
23.3510088295827
23.3823076733434
23.4296593664577
23.4889870955595
23.5600983557734
23.6448022752094
23.7351232064196
23.8140645088925
23.8807064933671
23.9369526663093
23.9827873343289
24.0167269082918
24.0535039268128
24.0951007146775
24.1339207816516
24.16797975954
24.2120003572449
24.2591976702723
24.3066585705658
24.3553822633959
24.4059202673062
24.4442113519881
24.4648419427673
24.4745438319026
999.99
999.99
999.99
999.99
999.99
999.99
999.99
999.99
999.99
999.99
999.99
22.420633832099
22.2818249647576
22.3674290015
22.4714581150949
22.5788560747344
22.7011210442959
22.8376616160718
22.967846328053
23.0792111667476
23.1677768767683
23.230501003184
23.2681157527369
23.2897925648508
23.3113657744567
23.337523053619
23.3667479421311
23.4009681821554
23.4508281372839
23.511928677002
23.5843529563711
23.6705968589871
23.764502341021
23.8467011533017
23.9151543075044
23.9702266017346
24.0140474457614
24.042458588032
24.0713986397199
24.104780503217
24.1359420035524
24.1617785070134
24.1991278354623
24.2433089983478
24.2895408674299
24.3390392117894
24.3912123528941
24.4330020013615
24.4580231602047
24.4733221803474
999.99
999.99
999.99
999.99
999.99
999.99
999.99
999.99
999.99
999.99
999.99
22.2880726704577
22.2977931192637
22.4063662339955
22.518932145539
22.6316674439259
22.7543307192462
22.885202338806
23.0105423220665
23.1174702265167
23.2000031639253
23.2557620851823
23.2898888813323
23.3084735971589
23.3289370429673
23.3575193330658
23.391359232169
23.4288278052052
23.4814781742241
23.5445949045243
23.6178775558834
23.7033989942592
23.7973539664278
23.8785837160187
23.9450685614358
23.9963852592345
24.0364653122779
24.0592795016433
24.081116417605
24.1056282386057
24.1278774006265
24.1457496261369
24.1755743642229
24.2164748806613
24.2635653456067
24.3158748630784
24.369464318368
24.4143245762071
24.4415724065838
24.4591897427167
999.99
999.99
999.99
999.99
999.99
999.99
999.99
999.99
999.99
999.99
999.99
22.0761684188827
22.3094364229023
22.4385747862655
22.5611524417865
22.6783126112317
22.8024955742303
22.9281485033773
23.0485667558386
23.15190517762
23.2306956061506
23.2818742665587
23.3148486519308
23.3328230806575
23.3538839573174
23.3841903832214
23.4222834759411
23.4642263532995
23.5202809245342
23.5858512248207
23.6603107744401
23.742691497372
23.8311258470826
23.9067982383126
23.9676854033323
24.0132302886274
24.0489220072826
24.0681701960502
24.084229579307
24.0999108525394
24.1130238538318
24.1237909432569
24.1459223689446
24.1833087431378
24.2315668614274
24.2865395489347
24.3403989294476
24.3869026440475
24.415243326381
24.43385721476
999.99
999.99
999.99
999.99
999.99
999.99
999.99
999.99
999.99
999.99
999.99
21.9383081310869
22.3243069690554
22.4577620590084
22.5954460114725
22.7170319132332
22.8441313371925
22.9657629872713
23.0814479651096
23.181800936363
23.2585304438655
23.3086199663977
23.3438351366255
23.3646700018869
23.3878597102884
23.4199682173998
23.4609039987016
23.5067239498348
23.5648068726695
23.6316002108741
23.7049561457652
23.7808336845898
23.8586857027911
23.9254904558547
23.978727982687
24.0179379204481
24.0497478218096
24.06739725201
24.0787223511754
24.0858597802457
24.0902341102848
24.0952842238397
24.1104792757965
24.1450421864676
24.1949334092237
24.2528375990168
24.3062857786114
24.3545493440399
24.3839556796561
24.4039452138083
999.99
999.99
999.99
999.99
999.99
999.99
999.99
999.99
999.99
999.99
999.99
22.1734585727861
22.3483476954678
22.4808665314514
22.6264875768312
22.7500655456389
22.87664156375
22.9923855421464
23.1018987943811
23.1991148084783
23.2754710283999
23.3289021154655
23.3710994707648
23.3989635874854
23.4267658607112
23.4610503610907
23.5034886478569
23.5512048681279
23.6091165332071
23.6744964417213
23.7440806270296
23.8108515019444
23.875340716401
23.9310880220154
23.9757267865116
24.0087835250023
24.0373115480942
24.0545814532524
24.0632853702882
24.064320912499
24.0623479841822
24.0643564571044
24.0745426622297
24.1063722314552
24.1569862249773
24.2167386502291
24.2680912203825
24.3180770040769
24.3490329765627
24.3711427608397
999.99
999.99
999.99
999.99
999.99
999.99
999.99
999.99
999.99
999.99
999.99
22.251184651392
22.3880771967589
22.5115695243832
22.6545462116937
22.7777593266273
22.8999112061511
23.0064571531619
23.1070296126611
23.1985754949446
23.2747968688986
23.3344417467589
23.3874514245256
23.4256898579963
23.4606633241674
23.4975230627751
23.5406076477445
23.5885316234888
23.6453164137761
23.7086903375181
23.7746097363714
23.8331607740127
23.884911818936
23.9294605257141
23.9650484102995
23.9911353329611
24.0151973588478
24.0321450058406
24.0403169793455
24.0393160083084
24.0356504449994
24.0383774002212
24.0468115367289
24.0757405186037
24.124414969091
24.1826421156266
24.2297174573082
24.2793986635488
24.3118513903061
24.3366746929404
999.99
999.99
999.99
999.99
999.99
999.99
999.99
999.99
999.99
999.99
999.99
22.262138395618
22.4304586235694
22.5506624861033
22.679728586029
22.8004182519798
22.9142684504419
23.0085147817046
23.0972957237784
23.1805844884789
23.2553184071735
23.3214005294401
23.3860090325941
23.4359947194822
23.4800866852593
23.5215325007609
23.5667018806162
23.6159050462284
23.672265840103
23.7338604690353
23.7961449500055
23.8477612105962
23.8880407694782
23.9223695385534
23.9491853311804
23.968611505787
23.9873180773823
24.0036216624091
24.0124256408802
24.0129495564264
24.0110821090647
24.0169932667872
24.0259154321551
24.0514346008244
24.0942074115521
24.1468347510291
24.1876028289358
24.2353273639479
24.2703820435134
24.3010430463947
999.99
999.99
999.99
999.99
999.99
999.99
999.99
999.99
999.99
999.99
999.99
22.2858003730687
22.4520225639225
22.5742130296695
22.6959850347464
22.81425699361
22.9196225650428
23.0020586886675
23.0781361456526
23.1520006747232
23.2229500308429
23.2934648124258
23.3681985123556
23.4300223301351
23.4838428921597
23.5320487318629
23.5810256679976
23.6323115540826
23.6890760625464
23.7493158480598
23.8079253971035
23.8547851865233
23.8867317048974
23.9123979814138
23.9309412384794
23.943631081492
23.9552355171839
23.9691344746264
23.9787873308863
23.9834165283552
23.986869456023
23.9985604110777
24.0098936857559
24.0323979236675
24.0676574943781
24.1123721286114
24.146026410357
24.1916156953953
24.2301896608584
24.2686287488342
999.99
999.99
999.99
999.99
999.99
999.99
999.99
999.99
999.99
999.99
999.99
22.3952871867362
22.4565672774548
22.582163651975
22.6998735981706
22.8151406756346
22.912399453679
22.9840009451854
23.0476322526407
23.1119585771961
23.1780654291253
23.2517919393975
23.3355190393634
23.4089553786878
23.4726717753863
23.5282268735512
23.5814097756657
23.6345232216367
23.6922332719325
23.7519852979982
23.8084839947034
23.8532114189533
23.8809906819192
23.9002747826065
23.9116626267047
23.9180234198955
23.9215612768753
23.9311097447554
23.941376497576
23.9511707589159
23.9616366171844
23.9807120642929
23.9964380257162
24.0166890327157
24.0441118017064
24.0799152913082
24.1061591746909
24.1482142352135
24.1895885739892
24.2358434113439
999.99
999.99
999.99
999.99
999.99
999.99
999.99
999.99
999.99
999.99
999.99
22.4232702962929
22.4581981903585
22.5780036968539
22.6913835412327
22.8044949940682
22.8966152663048
22.9608506978623
23.0133293573404
23.067764657887
23.1274224302178
23.2018069324615
23.2914759718891
23.3757675464035
23.4499578785805
23.5137749015757
23.5719069264617
23.6280989393905
23.6880540876229
23.7488628018565
23.805497322702
23.8509354035037
23.8776666746877
23.8930081043123
23.898762664753
23.8993854718795
23.8947582220768
23.89892928964
23.9080703984941
23.9220096025917
23.9391980356618
23.9651304506044
23.9854573213967
24.004353410489
24.0238344320037
24.0495971204703
24.0683254716054
24.1045225670488
24.1466053170624
24.199114727114
999.99
999.99
999.99
999.99
999.99
999.99
999.99
999.99
999.99
999.99
999.99
22.3526370851371
22.4576736624045
22.5673751103323
22.6795305816476
22.7915996458536
22.8819825799799
22.9419220163188
22.9850315631443
23.0302973136193
23.0823827618449
23.1544492221345
23.2466471205298
23.3399262026662
23.4239225272628
23.4960270587068
23.5586555664949
23.6175548413216
23.6785894614087
23.7393183666681
23.7949477611889
23.8417065975399
23.8693053305913
23.8840527295777
23.8873900636921
23.8860373646975
23.8762314569392
23.8764847666549
23.8835444921865
23.8994388015288
23.9204741860678
23.9501796082081
23.9723648104628
23.9891719843998
24.0011904515123
24.0178746203305
24.0306633124738
24.0615120534139
24.1035480129827
24.1606978293508
999.99
999.99
999.99
999.99
999.99
999.99
999.99
999.99
999.99
999.99
999.99
22.3229721254355
22.4586093203838
22.5586829088396
22.6667973139581
22.7781569523856
22.8688573284543
22.927543187758
22.9640231465618
23.0023703608302
23.0482968034042
23.1182874975296
23.2118811008133
23.3127879236762
23.4049015719563
23.4827113366545
23.546025909196
23.6035063282662
23.661965882432
23.7200455000099
23.7742715873371
23.823424382456
23.8554406546397
23.8739109701386
23.8793874318077
23.8794472629263
23.8686344898236
23.8666840966761
23.8714844044897
23.8874192327891
23.9098716211655
23.939922081636
23.9612081616202
23.9751882203506
23.9804945832673
23.9896205301519
23.9977391966443
24.0233574242062
24.0632362809868
24.1215127367887
999.99
999.99
999.99
999.99
999.99
999.99
999.99
999.99
999.99
999.99
999.99
22.2613330869672
22.4622048498536
22.5523168095453
22.6577350939675
22.7677389377602
22.8583509990725
22.9163280910673
22.9487404350796
22.9820073939331
23.0244969187424
23.0940023901352
23.1893994719614
23.296153992588
23.3943295830399
23.4739205660994
23.5337148376167
23.5850720218679
23.6364048140227
23.6885260347764
23.7408121356535
23.7925178360619
23.8313328774041
23.8578761422453
23.8705806918535
23.8761395369859
23.8694827683928
23.8684654757108
23.8724699765796
23.8871444017875
23.9079247538619
23.9341379741574
23.9510470222423
23.9598598464141
23.9579736443702
23.9601192190035
23.9646111158367
23.9854161854696
24.0217508751323
24.0785938588027
999.99
999.99
999.99
999.99
999.99
999.99
999.99
999.99
999.99
999.99
999.99
22.4376731601732
22.4643453888639
22.5506636515907
22.6518274778299
22.7598205230791
22.8495578257236
22.9071574069375
22.9377564434268
22.9681066263565
23.0091402308038
23.078325961774
23.1745170488666
23.2841274007787
23.3860668478916
23.4655683277614
23.5207744214724
23.5654080753485
23.6086782691062
23.6536210705616
23.7031145148917
23.7564229518292
23.8013639488283
23.8374014394068
23.8597428733514
23.8733211880424
23.8752426773244
23.879003027659
23.8842240676203
23.8975024946891
23.9143789884161
23.9326458608652
23.9410887331802
23.9410546872381
23.9299863109904
23.9247004222038
23.9252088488965
23.9411569771289
23.9741740971688
24.028359674416
999.99
999.99
999.99
999.99
999.99
999.99
999.99
999.99
999.99
999.99
999.99
22.4432525428501
22.4675172592961
22.5507126782408
22.6462350659661
22.7514129347767
22.8388353406171
22.8949714104657
22.9250834411451
22.9548059468258
22.9962217217457
23.0652659529089
23.1612829879871
23.2701214372308
23.3720230717569
23.4490370286277
23.4988181161876
23.5363462257605
23.5714135992197
23.6083150800844
23.6533916511416
23.7065306391058
23.7561308774072
23.8020443890546
23.8363944708837
23.8613227458176
23.8754424913036
23.8880809546643
23.897728382092
23.9101815098025
23.9217524139272
23.9302191898236
23.9276379132584
23.916234187023
23.8954305854899
23.8834452854223
23.8811434113707
23.8946708854277
23.9261998606138
23.978477301352
999.99
999.99
999.99
999.99
999.99
999.99
999.99
999.99
999.99
999.99
999.99
22.4121593561297
22.4659802758322
22.5503582676622
22.6363053205639
22.7366285231717
22.8193164106343
22.8730789723497
22.9038188356343
22.9346607960876
22.9778547867284
23.0470459076352
23.1419522379823
23.2468618927473
23.3455156552779
23.4183717901953
23.4632343409338
23.4951181023174
23.5246910645154
23.5551631371046
23.5964916772758
23.647605900147
23.6992696417435
23.7522723700238
23.7976106333419
23.833458875506
23.8612726469058
23.8839367943286
23.8993054658562
23.9115343770179
23.9180303359529
23.9163618323336
23.903646920171
23.8822924805674
23.8532076529436
23.8352556777223
23.8312326689024
23.8442853374495
23.875286847126
23.9271470878756
999.99
999.99
999.99
999.99
999.99
999.99
999.99
999.99
999.99
999.99
999.99
22.3985993307892
22.4364215918937
22.5217253153939
22.6057352294835
22.7033068906848
22.7841321899412
22.8392446352263
22.8764617251862
22.9133993001433
22.9616424210098
23.0317350399995
23.1238316696589
23.2204733319363
23.3105244711686
23.3734329474
23.4087792137027
23.4319928108522
23.4540641282284
23.4777856584266
23.5176041799512
23.5699590860026
23.6260058181778
23.6887843177178
23.7476799392713
23.7967501385114
23.838930838352
23.871440616898
23.8902492711566
23.8987934680242
23.8948773192888
23.8796750574281
23.8562147692166
23.8274382163483
23.7952614239719
23.7783705389813
23.7787138350768
23.7970620476636
23.8319031848426
23.8859246326521
999.99
999.99
999.99
999.99
999.99
999.99
999.99
999.99
999.99
999.99
999.99
22.3870680246969
22.3923643670835
22.4764670510863
22.5560694570621
22.6548979332063
22.7385069764028
22.8001486161847
22.8484478108002
22.8958573556397
22.9509435244149
23.0217103962753
23.1081340379055
23.1928906608813
23.2695139134916
23.3186249198566
23.3409156372901
23.3539680310897
23.3685283284788
23.3868079641465
23.4268663896399
23.4833368265056
23.5454403374311
23.618378999405
23.690993736934
23.7541978442115
23.8102085416541
23.8510777563791
23.8703905205605
23.8721000395527
23.8531904745212
23.8221130968111
23.7887951926057
23.7564969750895
23.7267830068986
23.7186215756946
23.7287132727333
23.7560066000385
23.7969901889739
23.8540114284038
999.99
999.99
999.99
999.99
999.99
999.99
999.99
999.99
999.99
999.99
999.99
22.2874397609746
22.2854316301921
22.3895198523412
22.4904764890893
22.5954969768701
22.6867371846087
22.7599161479082
22.823676858617
22.884741666313
22.9495266217858
23.0227866643632
23.1032163616949
23.1747117347425
23.2347616473854
23.2654440191515
23.2694356511603
23.2671914652347
23.2706016977152
23.2818371620543
23.3224324931264
23.3859805518319
23.4578706880613
23.5432169163559
23.6318941120044
23.7116775840543
23.7802658354804
23.8269694190352
23.8438197308556
23.8351774610294
23.7979783556689
23.7510894941692
23.7110272677155
23.681657734286
23.6622505936525
23.6702242127758
23.6967849649869
23.7375462137244
23.7856852542388
23.8451456499637
999.99
999.99
999.99
999.99
999.99
999.99
999.99
999.99
999.99
999.99
999.99
22.2940702319361
22.1560204088792
22.2870869097519
22.4094830538013
22.5262733227104
22.6315882551079
22.7231711832739
22.8082949999708
22.8874897513097
22.9661160794687
23.0445118073437
23.1197058831434
23.1777681851413
23.2196659766834
23.2285254499694
23.2095452475497
23.1869984401533
23.1756055993216
23.1782582621758
23.2201024547141
23.2940341876961
23.380198715236
23.4799413893238
23.5849190352545
23.6806222670253
23.7590174143023
23.806238882352
23.8161498147682
23.793812619294
23.7360791385043
23.6737022601257
23.631019122505
23.6102635519985
23.6073493279595
23.6373958064535
23.6845719107974
23.7407869694362
23.7970109221446
23.8587751534914
999.99
999.99
999.99
999.99
999.99
999.99
999.99
999.99
999.99
999.99
999.99
21.6001216931217
22.0175447952859
22.1692322083594
22.3129999558029
22.4482527134239
22.5751088617719
22.6924275193977
22.8049778747837
22.9072572953346
23.004022062994
23.090527343552
23.1615221337342
23.2065934632269
23.2294038545401
23.2135759580219
23.1666350903131
23.1186596934374
23.0874483134514
23.0790051866976
23.1225067438198
23.2121138980152
23.3189871584576
23.4386870336415
23.5625469339407
23.6742077103405
23.7578572839126
23.8001670967475
23.7982293914449
23.758689927449
23.6785104608896
23.6027761510898
23.5608456238643
23.5521539813372
23.5700587708014
23.627420936458
23.6976854905075
23.7701091493129
23.8357154804712
23.8991627934979
999.99
999.99
999.99
999.99
999.99
999.99
999.99
999.99
999.99
999.99
999.99
21.5788836783297
21.8893245402879
22.0681968444894
22.2350121631272
22.3873977765067
22.5341664235948
22.6741142407355
22.8086977019627
22.9299828494991
23.041778012203
23.1348745071676
23.2024503348829
23.2380420246534
23.2470782049799
23.2153302673739
23.1496785299687
23.0847103503098
23.0410812914558
23.0251376981201
23.0664144749945
23.1655531080012
23.2868447276146
23.4196253771255
23.5556046325381
23.6781048883539
23.7628198544556
23.7975035960977
23.7836959597434
23.7297945844414
23.6349349663712
23.5541097006581
23.5188636675392
23.5239974217596
23.560915624459
23.6388322706917
23.724283721316
23.8052080543588
23.8750390442819
23.9372175172384
999.99
999.99
999.99
999.99
999.99
999.99
999.99
999.99
999.99
999.99
999.99
21.569846166996
21.7787355057916
21.9821699049241
22.1764376486927
22.3402327906052
22.5026326642727
22.6610020941923
22.8141840306124
22.9522985691352
23.0780001221842
23.1777918192095
23.2439655226042
23.2731599928752
23.2725902434801
23.2310836720616
23.1542261517354
23.0789022792907
23.0282766006466
23.0077579793032
23.0452085064469
23.1495072493791
23.2804164159424
23.4211070022461
23.5634417249824
23.6906208710835
23.7705789537371
23.7938120902323
23.7674460602548
23.7016188675097
23.6002159957015
23.522647848036
23.4990503649456
23.519019224225
23.5724069007084
23.6627260226664
23.7555073506098
23.8390410915124
23.9097679948179
23.9702438840008
999.99
999.99
999.99
999.99
999.99
999.99
999.99
999.99
999.99
999.99
999.99
21.5110446207554
21.7611428597118
21.9494149610095
22.1435168133567
22.3092917173943
22.481207845144
22.653759149748
22.8227264403866
22.9764861122645
23.1142611916383
23.2189590221954
23.2834112869863
23.3069209727606
23.2989845736583
23.2526048263032
23.1719546313991
23.0943672208758
23.0436911187615
23.0230722153662
23.0579081749032
23.1643216218478
23.2993313427475
23.4424224036
23.5844319268303
23.7076322588098
23.7758146456501
23.7835893072903
23.7437523870676
23.669212962847
23.569813197783
23.5035422041688
23.4954272434315
23.5290226315292
23.5938235198268
23.6884454251142
23.7801209318498
23.8607551978333
23.9305007672209
23.9903801863587
999.99
999.99
999.99
999.99
999.99
999.99
999.99
999.99
999.99
999.99
999.99
21.4500363917925
21.8183732129565
21.97215333947
22.1525487338438
22.3071693464434
22.4779487854124
22.6564244288808
22.835571631553
23.0013542356835
23.1475071469109
23.2546075458028
23.316350850498
23.3342881884758
23.3202957292413
23.2730857375454
23.1952059904504
23.1226068355981
23.0781188018241
23.0628534850318
23.0973145789067
23.2033867810543
23.3371544788854
23.4769898362245
23.6116076660576
23.722354799219
23.772544146853
23.76333341966
23.7117088693566
23.6334406307817
23.5449637249602
23.4973406328398
23.5062856538747
23.5507700032078
23.6215877239547
23.7134175461816
23.7974996346367
23.871433666604
23.9386353740746
23.9977349894458
999.99
999.99
999.99
999.99
999.99
999.99
999.99
999.99
999.99
999.99
999.99
21.4708578920112
21.9724717472116
22.0783864087539
22.2176095117641
22.3458120172664
22.5024727612558
22.6762428519326
22.8582608856134
23.0312580681251
23.1808981037453
23.2862418990435
23.3429728224981
23.3544001092391
23.3345770470539
23.2897410002973
23.2215259899449
23.1612779525402
23.1298966787396
23.1262804144448
23.163412646462
23.2651461680163
23.3914178761754
23.5205934966804
23.6398750803914
23.7309292754752
23.7615237235283
23.7376183005485
23.6797144035075
23.6053341466271
23.5362165219931
23.5108249996765
23.5346380852628
23.584375311277
23.6533001840512
23.733090595134
23.8028235928356
23.8672128876648
23.9301950922358
23.9881558257364
999.99
999.99
999.99
999.99
999.99
999.99
999.99
999.99
999.99
999.99
999.99
21.8489675802324
22.1893876726515
22.2348077834016
22.3265091492084
22.4186410558024
22.5520600745185
22.7150645555539
22.8968204386014
23.0755767031014
23.2272578865811
23.3295518086617
23.3801792852433
23.3834143302801
23.355622628684
23.3099000729338
23.249690172111
23.199961949081
23.179847091788
23.187581601499
23.2298964519554
23.3274892692849
23.4462702882323
23.5636673952198
23.6671052961377
23.7387130526302
23.7522352549353
23.7175398087274
23.6601910305564
23.5951209978571
23.5474900795122
23.5434103319373
23.5784780709836
23.6276183663333
23.6892902950139
23.7532628095764
23.8067103791108
23.8618455338948
23.9214677872309
23.9788439367412
999.99
999.99
999.99
999.99
999.99
999.99
999.99
999.99
999.99
999.99
999.99
22.6267152946421
22.460654939055
22.44655788182
22.4809426473951
22.5322271316239
22.6346409634582
22.7795013547201
22.9545655690202
23.1332342954912
23.282107407689
23.3781823621861
23.4208253870805
23.414673870426
23.3789443668609
23.3314392913299
23.278057651939
23.2377164846828
23.2272563683988
23.2446038782416
23.2927298612726
23.3864570048033
23.4976339792624
23.6040614700392
23.694237028455
23.7503547030421
23.7530486198313
23.7150169623063
23.6650376602195
23.614192083263
23.5889247941171
23.6044415861056
23.6479074582947
23.6925856189885
23.7430973491017
23.7890546018212
23.8238642960891
23.8670664445842
23.9215109676265
23.9758560363051
999.99
999.99
999.99
999.99
999.99
999.99
999.99
999.99
999.99
999.99
999.99
22.8263328523329
22.7424367615412
22.692505561158
22.6638281449529
22.6775505729062
22.7473903671696
22.8688862968417
23.0312963380532
23.2041376985049
23.3452623536738
23.4314250764713
23.4635079426054
23.4466573122051
23.4024905709533
23.3525027204397
23.30429384837
23.2715855827079
23.2692459374471
23.2949829767543
23.3486658497297
23.4392640291556
23.5445849649696
23.6417536718031
23.7217496034341
23.769166346177
23.7709090359328
23.739146303586
23.703930268707
23.6713326435753
23.6655406030272
23.6943889287674
23.7402342910569
23.7763281699328
23.8129186593909
23.8405271415736
23.8558222383501
23.8847563534015
23.931631427938
23.9802189721026
999.99
999.99
999.99
999.99
999.99
999.99
999.99
999.99
999.99
999.99
999.99
23.1727264146358
22.9901244856269
22.933840192879
22.8447548780912
22.8318115509567
22.8752183180835
22.9738448282883
23.1213985619477
23.2851572728764
23.4150816691072
23.4883448507109
23.5080598502933
23.4793248677304
23.4262278137875
23.3722819090336
23.3274665855069
23.3006099851557
23.3036749195518
23.3339716301492
23.3906886469002
23.476838349146
23.5765353328032
23.6680613430679
23.7445211629945
23.7935510891625
23.8062293590364
23.7902940716295
23.7741356530175
23.7603097460621
23.7678818673614
23.8015397330711
23.8446677561245
23.8713027614842
23.892936440104
23.9026988691132
23.8989070200896
23.9108740035445
23.9462088751464
23.9876397406863
999.99
999.99
999.99
999.99
999.99
999.99
999.99
999.99
999.99
999.99
999.99
23.4974016018824
23.1380662213768
23.0974479080321
23.0080421530821
22.9823765937261
23.006898739611
23.0845867489883
23.2141952666825
23.3633776939991
23.4781925019245
23.5375439163413
23.5457391670888
23.5072637644989
23.4484467677901
23.3917709411579
23.349572133118
23.3270552737089
23.3323965472965
23.3620571649957
23.4172823710528
23.4972283327874
23.5901068644462
23.678229716828
23.7565679867107
23.8152953897095
23.8452504932711
23.8501960642161
23.852993659754
23.854437060942
23.8689769157669
23.9029520840231
23.9441114136265
23.9672822195472
23.9812469515959
23.9808050500865
23.9634657534509
23.9577962947971
23.9779917260396
24.0091151088674
999.99
999.99
999.99
999.99
999.99
999.99
999.99
999.99
999.99
999.99
999.99
23.9048625222094
23.2178667786537
23.1969538528309
23.135787020873
23.1114891993234
23.1272821975125
23.1880818207563
23.2985036784059
23.4279708529357
23.5232426605997
23.5663948088302
23.5637372251954
23.5189470972757
23.4595728269669
23.4049914257353
23.3684894961535
23.3523297679477
23.3600920148348
23.3878967791922
23.4411919228698
23.5158023344608
23.6014629464449
23.6878632119461
23.7692565486694
23.8366279978741
23.8823620485022
23.9077200588118
23.9246462204884
23.9368967708322
23.9556092196862
23.9892142045714
24.0308232902676
24.0586579595375
24.0739444054271
24.0722732146468
24.0479710787203
24.0266560760706
24.0287801701162
24.0458141111838
999.99
999.99
999.99
999.99
999.99
999.99
999.99
999.99
999.99
999.99
999.99
23.2582429488178
23.2544707755954
23.2585553485881
23.2149989597212
23.2044615046469
23.2224199830357
23.2727969847097
23.3659463025398
23.4746916249991
23.5499847466254
23.5780088345788
23.5671611080071
23.5206085888877
23.4658419833162
23.4181021632491
23.3907986066761
23.3826905654502
23.3938445859485
23.4202074202887
23.4707223556871
23.538504261788
23.6154795128105
23.6978538709127
23.7782410214788
23.8496848205421
23.9071324081177
23.9491923210752
23.9765666553512
23.9969067456655
24.0181920648225
24.050787584918
24.093499687115
24.1304999468238
24.153767916162
24.158240472463
24.1350155609364
24.1046043617645
24.0899738867579
24.0923204942107
999.99
999.99
999.99
999.99
999.99
999.99
999.99
999.99
999.99
999.99
999.99
22.7468006105761
23.2509419989905
23.2716325400487
23.2568060534981
23.2665353814415
23.2917535599474
23.3353572542175
23.4111533815506
23.496426321228
23.5505596195357
23.5655619817758
23.5513336784692
23.5098792252459
23.4676587108302
23.4338305711157
23.4205865464322
23.4228134286457
23.4375873813237
23.4612148655094
23.5064652820476
23.5645743019583
23.6295673954087
23.7046790148813
23.7804487971196
23.8506255604203
23.9132429213436
23.9665843034748
24.0005741359358
24.0261809183505
24.0509649559572
24.0850717572783
24.1317400242982
24.182309384508
24.2196317579579
24.2352178957937
24.219987905807
24.1872131095419
24.1583515486506
24.1457703695718
999.99
999.99
999.99
999.99
999.99
999.99
999.99
999.99
999.99
999.99
999.99
23.2773113950187
23.207211916002
23.2361456527477
23.2765852564903
23.3052882947921
23.3348796622265
23.3699380280829
23.4251384030679
23.4828075278631
23.5143666012841
23.5192346460437
23.5073789711895
23.4787722885239
23.4579970694742
23.446691857588
23.4524152306714
23.4671115263546
23.4880044770808
23.5102477575949
23.5500882601343
23.5988584136301
23.6516318432761
23.7153327779271
23.780897641546
23.84203741651
23.9009980023062
23.9584376398673
23.9957152521748
24.0245311661008
24.0550402442205
24.0944229373928
24.1471040476237
24.213252621733
24.2701180965275
24.3015914854861
24.300313261635
24.2732561154501
24.2355352166889
24.2081746244606
999.99
999.99
999.99
999.99
999.99
999.99
999.99
999.99
999.99
999.99
999.99
23.2399149919638
23.1639631795761
23.2042226528876
23.2639723999444
23.3090335311257
23.3421814638222
23.3695264432204
23.4060685287665
23.4391198984813
23.4517230184064
23.450518259391
23.4456029622696
23.4342720314284
23.4384072518059
23.453060238003
23.4790186372621
23.5062825537426
23.5342656159249
23.5567449216002
23.5926293045909
23.6339479639833
23.6762367608762
23.7272468249476
23.7802236367494
23.8272995787941
23.8769614426912
23.9326838591797
23.971590981891
24.0030027017632
24.0411359859248
24.0875995236269
24.1463323996546
24.2248181521391
24.298844002847
24.343862316826
24.3566508538283
24.3392227835987
24.2985735381431
24.2608742182141
999.99
999.99
999.99
999.99
999.99
999.99
999.99
999.99
999.99
999.99
999.99
22.885772967773
23.1194178279062
23.1792286153184
23.2346316926339
23.2906625787046
23.3230917325764
23.3408865546915
23.3605250313717
23.3739477686082
23.3739822343937
23.3732229869391
23.3789643047927
23.3855813475202
23.4125135181059
23.4496417025507
23.4914450004846
23.528831229051
23.5638407224195
23.5881520609963
23.6214670107031
23.6572052308862
23.6908098665914
23.7293099917479
23.7694913953522
23.8029693278201
23.8422944820088
23.8938478495245
23.9345739255082
23.9696375439844
24.0156278000279
24.0690757747213
24.1320957631601
24.2170542881413
24.3018865465515
24.3553418721351
24.379531904952
24.373014634806
24.3360432665824
24.2955281066221
999.99
999.99
999.99
999.99
999.99
999.99
999.99
999.99
999.99
999.99
999.99
22.9470076272933
23.0323007738113
23.1130434936408
23.189003633812
23.2491763752583
23.2767282581511
23.2842619305558
23.289536197769
23.289369959135
23.2829029342745
23.2862226911045
23.303687470992
23.326420946064
23.3709870400652
23.4251779141208
23.4789530383347
23.5253238193928
23.5678476198107
23.5969962078543
23.6315774576041
23.6662616055117
23.694559028381
23.7238099892435
23.7540539783149
23.7761994168907
23.8055806503278
23.8526382925919
23.8956080698161
23.9345105442963
23.9876985263061
24.0472921613017
24.1128642531651
24.1986745675753
24.2883728221409
24.3458192128999
24.3773860446109
24.3798641141168
24.3503869045262
24.3122286350032
999.99
999.99
999.99
999.99
999.99
999.99
999.99
999.99
999.99
999.99
999.99
22.8659244561091
22.9316620490969
23.0301983693769
23.1225251499056
23.1816700329836
23.2028250346438
23.2016000798347
23.1972363484253
23.19148078606
23.1856143348078
23.1972782079752
23.2268069243703
23.2629274365852
23.3185485403308
23.3823834143848
23.4426797110404
23.4957400735572
23.5452420376548
23.5820360144186
23.6222376879651
23.6603188845736
23.6879373804426
23.7126065573297
23.7362233747275
23.7498452682297
23.7710396857682
23.8131529223223
23.8576921176041
23.9010133624226
23.9604000749771
24.0250147862645
24.0926131986384
24.1757539386458
24.2646750066894
24.3236348357482
24.3598625427382
24.3685816496151
24.3483124647209
24.3166852513561
999.99
999.99
999.99
999.99
999.99
999.99
999.99
999.99
999.99
999.99
999.99
22.6023116296531
22.8375925959458
22.9413956630047
23.0358220269876
23.0930822626785
23.1118113924324
23.1088318751919
23.1029962750478
23.1000604914973
23.1017049540033
23.1238383750617
23.1624825064838
23.2071287343064
23.266420793567
23.3310629664315
23.3928574923042
23.4508467205481
23.5052604802148
23.5498599959951
23.5980771730713
23.6411186630721
23.6700685270787
23.6945792047651
23.7168105777268
23.727283195739
23.7445354391233
23.7837730424484
23.830860264984
23.8787149032157
23.9423952805855
24.0109310950661
24.0800354185291
24.1568161060145
24.2392645561827
24.2961609972913
24.3327324568975
24.3435790235027
24.3322722334371
24.3089215417396
999.99
999.99
999.99
999.99
999.99
999.99
999.99
999.99
999.99
999.99
999.99
22.493316184912
22.7571682869847
22.8511523165204
22.9424527163629
22.9964230848468
23.0150800614608
23.0166734479824
23.0163886961388
23.0216450345352
23.0349072300412
23.0682589656713
23.1130383590744
23.1618946991789
23.2199049086397
23.2797249376861
23.3399178426227
23.4011509413082
23.4591716978124
23.5116485766509
23.5686742865536
23.6169356601207
23.6492914627288
23.6774322243909
23.7017927767082
23.713925497623
23.7325713798023
23.7722203442247
23.8224673511019
23.8750990775209
23.9413498943549
24.011544153585
24.0801024558577
24.1491664117612
24.2226178162886
24.2763912516196
24.3109189764095
24.3209370460738
24.3152936773999
24.2981378773311
999.99
999.99
999.99
999.99
999.99
999.99
999.99
999.99
999.99
999.99
999.99
22.3876606248314
22.6922111572027
22.7619852710077
22.8424039388328
22.8930630278896
22.915499897438
22.9283812658203
22.9403970233143
22.9587487011371
22.9863354976129
23.0302853807831
23.0792784662433
23.1298986740409
23.1837915401957
23.2366101675765
23.2937180012543
23.3558375833705
23.4153465286051
23.4749770345901
23.5404107040768
23.5948067676198
23.6336286326802
23.6689822685055
23.6986938254917
23.7160099257851
23.7397078748997
23.7815725897622
23.8347237038472
23.8904416950618
23.9565086844982
24.024659833793
24.0908675975028
24.1526278662799
24.2182002489752
24.2704790313394
24.3044631887443
24.31370568056
24.3106279665854
24.2954120024523
999.99
999.99
999.99
999.99
999.99
999.99
999.99
999.99
999.99
999.99
999.99
22.5443773959942
22.6380254979555
22.6807289004302
22.741576158098
22.7932007547357
22.8253816096307
22.8560441475113
22.886315460707
22.9199626858665
22.9621984008179
23.0158600884169
23.0677606213682
23.1179413790776
23.1668281612327
23.2115881799485
23.2629003813787
23.3218770880653
23.3802039800011
23.4436437091633
23.5148637194846
23.5754385385643
23.623059793145
23.6677277983901
23.7056319972689
23.7312246648881
23.7617889123617
23.8056139612471
23.8599073896382
23.9163535415774
23.9796926712957
24.0441665670355
24.108507477299
24.1660314209197
24.2267029182591
24.2801821828894
24.3158653436318
24.3258918812415
24.3234712859204
24.3071327199776
999.99
999.99
999.99
999.99
999.99
999.99
999.99
999.99
999.99
999.99
999.99
22.6363804328334
22.5796049070858
22.5976233457964
22.6370908600617
22.6929503766398
22.7401127503795
22.7958694310659
22.8522104378807
22.9051306311336
22.9639346899411
23.0268386276356
23.0805376259975
23.1276513711624
23.1712498926776
23.2079716498142
23.2526881338127
23.3056910128838
23.3612614233646
23.4249057393152
23.4985302980681
23.5635992288426
23.6196434654077
23.6730866997515
23.7201517422334
23.7554626522802
23.7937742976994
23.8400776155221
23.8949002828605
23.9495889498549
24.0080980229144
24.067480758577
24.1287640541965
24.182775842736
24.2407039396131
24.2952075079449
24.3320287959241
24.3442917470293
24.3424875342896
24.3244633511743
999.99
999.99
999.99
999.99
999.99
999.99
999.99
999.99
999.99
999.99
999.99
22.6477640466386
22.5102641487931
22.5127640713114
22.5366896963369
22.5965631271011
22.6588924349303
22.7408195930582
22.8264570020309
22.9020689686807
22.9794371684511
23.0528471674327
23.1098171201687
23.1534501446213
23.1913772299561
23.2209026525551
23.2578986266769
23.3018861374803
23.3531308677416
23.4152434890508
23.4884547926854
23.5572054546943
23.622284601809
23.6842335812158
23.7389598762217
23.7832195320251
23.8288435381189
23.876880063488
23.930741228846
23.9833423440739
24.0371820639365
24.0904728343143
24.1482426961984
24.200657711096
24.2578362602337
24.3135448130537
24.3525622397715
24.3684814049437
24.3672161397295
24.3480805391885
999.99
999.99
999.99
999.99
999.99
999.99
999.99
999.99
999.99
999.99
999.99
22.6083709251131
22.4271165336377
22.4217235193816
22.4496965522087
22.5158189203869
22.5942155020951
22.6996533253759
22.812557884889
22.9095910077553
23.003343971628
23.0852517559963
23.1457817679902
23.1858981533845
23.218208723768
23.2412043628453
23.2704734406015
23.3046995891364
23.3512864246205
23.4108971147546
23.482759812692
23.5554765646041
23.6290112821757
23.6981256050426
23.7590433212658
23.8104022820433
23.8604728192735
23.9085400652619
23.9603695750376
24.0106985489298
24.0606251230848
24.1086918356916
24.1635320513568
24.2153366126491
24.2729996460493
24.3300526545991
24.3723241727566
24.3946997790133
24.3969731085603
24.379197159236
999.99
999.99
999.99
999.99
999.99
999.99
999.99
999.99
999.99
999.99
999.99
22.3601254657074
22.3487197939213
22.3458085723819
22.3785020626548
22.4544073871926
22.5500545755172
22.6768624328421
22.8130626912389
22.9275513243106
23.0328850735917
23.119184263119
23.1811771981638
23.2173057626901
23.2452909981018
23.2636657511045
23.2882033604175
23.3150047241112
23.3582340163004
23.4147280682947
23.4841909864318
23.5584987622406
23.6377214306892
23.7116763106586
23.7772858094816
23.8344696692346
23.8875194859791
23.9350417839802
23.9844915698294
24.0326156836994
24.0796925127096
24.1245372396418
24.1769139251483
24.2282341772917
24.2858769811873
24.3428401018823
24.3868377284684
24.4157065539483
24.4231257753336
24.4093837982198
999.99
999.99
999.99
999.99
999.99
999.99
999.99
999.99
999.99
999.99
999.99
22.1006959155182
22.3001255227315
22.2975357842758
22.3360762099951
22.420368185325
22.5287875303277
22.6706357460586
22.8231059646071
22.9506710340974
23.0633390280398
23.1512128952857
23.2128291886819
23.2457668189712
23.270699534956
23.2869630593615
23.3105301989478
23.3333587009783
23.3739148955719
23.4276142100454
23.4942215257335
23.5676156567634
23.6502469354088
23.7280995186281
23.7971977273649
23.8582153865933
23.9132069510489
23.9596192838248
24.0054450847536
24.0507166520248
24.0955357067365
24.1372481468463
24.1856989408322
24.2351540417723
24.2908220709595
24.345228300631
24.3891372449995
24.4234739472642
24.4368808587592
24.4297581387594
999.99
999.99
999.99
999.99
999.99
999.99
999.99
999.99
999.99
999.99
999.99
22.2782454510259
22.2685805636106
22.2802052336901
22.3372353491417
22.4284232980168
22.5430126344312
22.6891473396034
22.845580197951
22.9768926426944
23.0898005405936
23.1748411716314
23.2334839855224
23.2635862908615
23.2856378447652
23.3011394474253
23.3257846991474
23.3480250180343
23.3876006474139
23.4410910916659
23.5072495302224
23.5812367276253
23.6681682316002
23.7508430007243
23.8228634650725
23.8858492602709
23.9410746278206
23.9845802772534
24.0249002568187
24.0666769454116
24.1090559264347
24.1472235004379
24.1912321082053
24.2390933707434
24.2927587191939
24.3455803860889
24.3905464324318
24.4297964454715
24.4485341188316
24.4472371370369
999.99
999.99
999.99
999.99
999.99
999.99
999.99
999.99
999.99
999.99
999.99
22.3613364170994
22.2570775772981
22.2923495601349
22.3679686639107
22.4686183247052
22.588188049953
22.7325435599265
22.883739590744
23.010788972042
23.1170273939139
23.1945857509544
23.2476297594388
23.2748928903892
23.2948223674569
23.3104714764596
23.3375677019634
23.3620065858666
23.4022133016175
23.4568616801243
23.5250873616966
23.6009471397982
23.6914780989265
23.7783335279605
23.8525175679463
23.9153931921531
23.9689889426765
24.0087229995445
24.0428898004099
24.0801174662396
24.118580982575
24.1523843757596
24.1908251901085
24.2357715713538
24.2867342677011
24.3385072524281
24.3846128454359
24.4278648615037
24.4518903732691
24.4565290820587
999.99
999.99
999.99
999.99
999.99
999.99
999.99
999.99
999.99
999.99
999.99
22.1959239449414
22.2558740843725
22.3265963049456
22.4155970313951
22.526050339231
22.6491741628611
22.7883272350986
22.9294433430733
23.0493767847783
23.147453940063
23.2171836638963
23.264434774384
23.2892010087696
23.3071423377294
23.3233403879525
23.3530589447714
23.3808914444528
23.4227610882906
23.4793842332762
23.5501904161348
23.6273642666412
23.720015615339
23.8094740262529
23.8842768511262
23.945697208717
23.9969757943932
24.0324464528852
24.060080190314
24.0911831729554
24.1227813796408
24.1497481789644
24.1805054394913
24.2204059537361
24.2679263334711
24.3191318500445
24.3670773516831
24.4133980458496
24.442173440092
24.4528292557511
999.99
999.99
999.99
999.99
999.99
999.99
999.99
999.99
999.99
999.99
999.99
22.1157975641599
22.2563247018384
22.3550498068054
22.472137217377
22.5890544653356
22.7122715942622
22.8432772967062
22.9723500665269
23.0850387882368
23.1770762544791
23.2423444864856
23.2867768323755
23.3113187002449
23.3282097485276
23.3451595881241
23.3760848114341
23.4068066749218
23.4501872337954
23.5086606091122
23.5817386988384
23.6598151257147
23.7523019972186
23.8410629112643
23.913722131892
23.9709549455491
24.0178653219341
24.0484352237799
24.0699476998101
24.0943433152886
24.1178386271878
24.1371352135136
24.1597174362292
24.1936275644475
24.2382682371966
24.2901845685446
24.3409801011274
24.3899695615763
24.423307661023
24.4390354003241
999.99
999.99
999.99
999.99
999.99
999.99
999.99
999.99
999.99
999.99
999.99
22.0712121899265
22.2521541807948
22.3756533883619
22.5241666824002
22.6448956749806
22.7673938338131
22.8900826896742
23.00755119918
23.1134109046179
23.2021440508094
23.2655710596831
23.3103349003516
23.3368134016889
23.3543282670371
23.3715905941401
23.4023606062843
23.4351974958239
23.480402248597
23.5405314488613
23.6161388322618
23.6950713599747
23.7844188952956
23.8685581584823
23.9366043626655
23.9883147401026
24.0299120394764
24.0564422321464
24.0739846880246
24.0920363644922
24.1065684531184
24.1181288980525
24.1330632819788
24.1609066041202
24.2036499745253
24.2574103383971
24.3119958145111
24.3639612911953
24.4012369562376
24.420749559723
999.99
999.99
999.99
999.99
999.99
999.99
999.99
999.99
999.99
999.99
999.99
21.8966356764928
22.2735385189092
22.4037310629965
22.5637622533956
22.6875007876573
22.8108835001964
22.9274361263312
23.0357913735582
23.1367287655955
23.2241491060872
23.2883453826947
23.3368445791792
23.368504477828
23.3894845669418
23.4083668655219
23.4389772619371
23.4735397088178
23.5197655380376
23.5799365055727
23.6554812519976
23.7315974697275
23.8119900900918
23.8864235948619
23.9465490750206
23.9915752736606
24.0280154351644
24.052643505995
24.0689254336231
24.0822406210914
24.0889120730274
24.0941086879442
24.1025105369813
24.1236997087967
24.1636200596238
24.2174114792176
24.2738738314506
24.328002461094
24.3696240621632
24.393880914592
999.99
999.99
999.99
999.99
999.99
999.99
999.99
999.99
999.99
999.99
999.99
21.8661077055607
22.3026470073207
22.4326883880477
22.5975049132173
22.7209283381231
22.8430649605763
22.9530631212739
23.0533389881932
23.1498947986109
23.2376554740531
23.3047125834419
23.3599874625097
23.3996546536532
23.4270049981245
23.449914449938
23.4820349091089
23.5189097906076
23.5663722342009
23.6255776611949
23.6976978912117
23.7675458292836
23.8351156141812
23.8962770689569
23.946429612775
23.9842942616948
24.0156263563218
24.0392771556176
24.0557461603368
24.0657489237261
24.0668676921553
24.0680466443492
24.0719961952202
24.0876055242571
24.1246470251989
24.1771606567409
24.2338807439733
24.2891317717753
24.3346842924862
24.3634102999741
999.99
999.99
999.99
999.99
999.99
999.99
999.99
999.99
999.99
999.99
999.99
22.1352631659217
22.3399350756792
22.4593638372536
22.622189117318
22.7426311972554
22.8609295908372
22.9644031525928
23.0566897648643
23.1472389934549
23.233822612419
23.3040134897692
23.3669452060575
23.4173473089711
23.4549621924549
23.4852256356997
23.5212911587608
23.5618732038832
23.6108622824918
23.6684599314712
23.7362943660571
23.7991681756337
23.8532052704877
23.8998919383555
23.939383934696
23.9687410307025
23.9938092159541
24.0160617334009
24.0335548163651
24.042493939786
24.0427557609083
24.0444040447137
24.0477959802093
24.0601830968496
24.0940313583774
24.1429271919338
24.1964715954482
24.24983323951
24.2972469054624
24.3291227439079
999.99
999.99
999.99
999.99
999.99
999.99
999.99
999.99
999.99
999.99
999.99
22.1667820478841
22.3745303672027
22.4878157441757
22.6378318905968
22.7559067780695
22.8706700388167
22.9684594596271
23.0525952863916
23.1348222901386
23.2170758850916
23.2878303897627
23.3560679288432
23.4167744891963
23.4658527410507
23.505149982758
23.5472944593569
23.5936821088796
23.6452928758934
23.702270004062
23.7670044613452
23.8242683532569
23.8671261757296
23.9017951553831
23.9315949454794
23.9524264504874
23.9704877852699
23.9894077621819
24.0065319561506
24.015544356148
24.017517588722
24.0219973047962
24.0275476297406
24.0386187772645
24.0684072369552
24.1113480247912
24.1593420499136
24.2089453708706
24.25684230823
24.2923653062966
999.99
999.99
999.99
999.99
999.99
999.99
999.99
999.99
999.99
999.99
999.99
22.2257806671326
22.3975019805201
22.5105737577649
22.6469633698201
22.7647142604856
22.8769746315
22.9695993723295
23.0449053898513
23.1164736110947
23.190068958323
23.2585206286393
23.3294560854906
23.3995073713429
23.4606070686804
23.5114827962622
23.5619611601783
23.6157508175283
23.6707098666351
23.7279926735319
23.7891808454911
23.8407010175394
23.874836206832
23.8997660073594
23.9199648517412
23.9320941362838
23.9429278339739
23.9567089452914
23.9721469071253
23.9827948871301
23.9896486120129
23.9998403868213
24.0101405644526
24.0216257629035
24.0469166867831
24.0821893726831
24.1222257004614
24.165897412788
24.2138985573159
24.2541742061445
999.99
999.99
999.99
999.99
999.99
999.99
999.99
999.99
999.99
999.99
999.99
22.2881545582158
22.4049947820447
22.5200368199552
22.6469920792221
22.7638169106294
22.8731471036176
22.9607399392153
23.0269035148276
23.0871250988114
23.1506250700858
23.2155545334999
23.2882244343787
23.3669868994426
23.4399857401219
23.5031466773656
23.5624558267833
23.6229366113932
23.6814026355225
23.7397726165086
23.7986353977016
23.8471787914079
23.8780818228931
23.8974322088756
23.9101059043026
23.9140975303881
23.9163117128468
23.9214813739856
23.9323766434221
23.9442976864588
23.957134907441
23.9748385099533
23.9925235643385
24.0070934775582
24.0291108208423
24.0570101450183
24.0887915301808
24.1250721335918
24.1715302865996
24.2155867606307
999.99
999.99
999.99
999.99
999.99
999.99
999.99
999.99
999.99
999.99
999.99
22.2645863395863
22.4107371528798
22.5190205416482
22.637595885499
22.7538660238277
22.8615753063235
22.9459144282653
23.0042278614297
23.0535834755173
23.1058638213406
23.1660916328688
23.2393826791998
23.3259638035838
23.4099358159821
23.4843939099886
23.5509970539577
23.6159319164817
23.6764112800393
23.7360428233191
23.7950320836997
23.8445478276918
23.8775882664604
23.8962073652807
23.9044521682717
23.9013887100511
23.8943674505353
23.8891345859545
23.8931598770914
23.9048452096075
23.9232840767705
23.9487619303681
23.9740445160451
23.9929467874586
24.0123861183828
24.0327705878278
24.055809756096
24.0843290530876
24.1269339146324
24.1729388221705
999.99
999.99
999.99
999.99
999.99
999.99
999.99
999.99
999.99
999.99
999.99
22.3771430766936
22.4160864974721
22.5138802762365
22.6277251272408
22.7432084694931
22.8503747611611
22.9321971574455
22.9841763580584
23.0245041386668
23.0667894819638
23.1220139132277
23.1956907773549
23.2877823810691
23.3799002633804
23.4629431749194
23.5342625813958
23.6003872579813
23.6608950115936
23.7209675285902
23.7802146341737
23.8319123423138
23.8698932712376
23.8919400128919
23.8995022660943
23.89339564129
23.8806665376793
23.8675318487091
23.8650374570335
23.8759735790501
23.8977587692551
23.9286638723141
23.9590601418891
23.9811812878549
23.9974911551996
24.0106817236165
24.0257137746327
24.0473756277841
24.0851263172819
24.1318003754257
999.99
999.99
999.99
999.99
999.99
999.99
999.99
999.99
999.99
999.99
999.99
22.3380754584169
22.4247818217465
22.5128923460305
22.6183591053914
22.73218262099
22.8384974548837
22.9173205754277
22.964322101573
22.9979844669287
23.0328423131826
23.0853490893107
23.1616901694469
23.2590787067066
23.3581227438897
23.4476407767704
23.5201986590668
23.5828528343855
23.6396804159476
23.6970921213655
23.7544419271931
23.8080519845704
23.8519569384299
23.8798922421151
23.8906064971898
23.8857094502083
23.8717151990456
23.8553594950687
23.8490251650049
23.8593282289888
23.8835577780243
23.9175368880026
23.9497254984485
23.9726821843026
23.984565485679
23.9902760707039
23.9983095684098
24.0143187938329
24.0470552526359
24.0939034081741
999.99
999.99
999.99
999.99
999.99
999.99
999.99
999.99
999.99
999.99
999.99
22.299076748906
22.4377191385605
22.5149942688091
22.6081566668832
22.7190527218034
22.8239403977524
22.8998041027616
22.9440050515367
22.9741465500451
23.0056122236106
23.0580416324619
23.1389511537864
23.2415057376536
23.3456792141432
23.4383102688859
23.5086158317924
23.5642411468909
23.6140006711179
23.6655563807013
23.719732043742
23.7754712233253
23.8253928272563
23.8607795371759
23.8785719541492
23.8788269901679
23.86711912183
23.8519357127133
23.8450199327603
23.8547280450084
23.8793692781922
23.912751627591
23.9425061806328
23.9626325746665
23.9689850434444
23.9676386735119
23.9708376585216
23.9836252000844
24.0118637519432
24.0568875216092
999.99
999.99
999.99
999.99
999.99
999.99
999.99
999.99
999.99
999.99
999.99
22.439564015801
22.4343286707795
22.5071230522125
22.5995520980879
22.7080924773952
22.8119342617776
22.8854318610723
22.9283206390046
22.9569330991427
22.9871565975923
23.0396737812463
23.1240682507491
23.2297333559025
23.3364301036983
23.4294254789072
23.4960113067519
23.5442435586648
23.5859823472515
23.6301026663771
23.6799685988205
23.7365374672358
23.7898275608851
23.8318813774982
23.8591982590464
23.8680531043664
23.8637479694801
23.8573584203529
23.8559763358141
23.8664130816256
23.8899601757331
23.9188106914575
23.9397443242982
23.9512126901026
23.9492389398079
23.9403474148393
23.9392600049246
23.9505563558814
23.9754740006778
24.0184121371753
999.99
999.99
999.99
999.99
999.99
999.99
999.99
999.99
999.99
999.99
999.99
22.4940869689093
22.4315610449999
22.5009560497009
22.5906400338839
22.69631988783
22.7977116235231
22.8680225241833
22.9093893336819
22.9373781903683
22.9682054016186
23.0213858273741
23.1075620476475
23.213721305086
23.3203500025414
23.4117030380554
23.4743261440702
23.516540207087
23.5515525176343
23.5881290653889
23.6325372337478
23.6874514546695
23.7411736508459
23.7881860494026
23.8261890741213
23.8467453997013
23.8545539884298
23.8624228465481
23.8718311798402
23.8852932237698
23.9067186263189
23.9281170401034
23.9368271544112
23.9352617901021
23.9222884532975
23.9057713519868
23.9010762902615
23.9119111285062
23.936136894622
23.978824768087
999.99
999.99
999.99
999.99
999.99
999.99
999.99
999.99
999.99
999.99
999.99
22.3268689801617
22.4194981153429
22.4903234338782
22.5770129303065
22.6789878046608
22.7759340802322
22.842424590135
22.8822407808739
22.9105891159265
22.9434536745829
22.9980488064491
23.084334599812
23.1891546308507
23.2932986662631
23.3814691762892
23.4400921442586
23.4782576653758
23.5087848254451
23.5396000086587
23.5782982707366
23.6296779181227
23.6802344165156
23.7280343784016
23.7742097979242
23.8060422363419
23.8268989464849
23.8508569839118
23.8732656783947
23.8902566883167
23.9091341452246
23.9217661818852
23.9174818139463
23.9024401312679
23.8799910227733
23.8576134145611
23.8511982585785
23.8633726869558
23.8897164639057
23.9339344976213
999.99
999.99
999.99
999.99
999.99
999.99
999.99
999.99
999.99
999.99
999.99
22.3264170810477
22.3964245299868
22.4742402008738
22.5659326434171
22.6678842332319
22.7530543207848
22.8153238149405
22.8538671578771
22.875425831261
22.8952065226481
22.9478664396599
23.0348518862144
23.1388937040503
23.245236805477
23.326836775901
23.3851900292254
23.4242403688278
23.4485089239446
23.4775071688861
23.5152120114515
23.5545519904738
23.6071955892558
23.6559726278762
23.6989200817547
23.7447381342343
23.7950554172688
23.8281074698564
23.8611745336692
23.8908649074438
23.9093150061384
23.9073503288428
23.8864035276502
23.8516140603178
23.8184318750619
23.7893619627541
23.7801566063502
23.7894314974909
23.8169252702422
23.8658781156124
999.99
999.99
999.99
999.99
999.99
999.99
999.99
999.99
999.99
999.99
999.99
22.2535695045695
22.3716719445968
22.4595100209703
22.5512765533336
22.6471815404002
22.713884099422
22.7701142437952
22.8043200742035
22.827570441832
22.8433712133259
22.9005346893082
22.9873236571522
23.0877857189824
23.1909146983879
23.2545629017864
23.3078837277772
23.3499598651898
23.3746385716853
23.4078782278736
23.4548212807484
23.4801872542569
23.5177428260679
23.5525044383158
23.5856138088407
23.6442350339539
23.7257194792096
23.7819446134684
23.8330867021461
23.8736185439046
23.8808699169602
23.8620399700995
23.8258485362388
23.7762046354368
23.7375568420545
23.7120485976325
23.7045318563649
23.7071586335644
23.733607169948
23.7862103992907
999.99
999.99
999.99
999.99
999.99
999.99
999.99
999.99
999.99
999.99
999.99
22.1899646087555
22.3568521149775
22.483572363757
22.4941944884384
22.6868310330784
22.7197998401134
22.8958046568221
22.7057464809033
22.7508952215032
22.8619416196141
22.6861394096934
22.7111017466854
22.9227800554072
23.2018269202729
23.3762609469508
23.2848562780619
23.0209238427078
23.2451099521849
23.4511407906843
23.4254962349562
23.4621139493491
23.2502755378574
23.2372196982267
23.7910978727041
23.6790377995988
23.5202455415278
23.6396061812752
23.9448962295931
23.966832471052
23.9118095011841
23.8836354737017
23.7549390855628
23.7404300923621
23.6761695199883
23.5006814436048
23.6034049957012
23.5314282999231
23.650781111262
23.642140720294
999.99
999.99
999.99
999.99
999.99
999.99
999.99
999.99
999.99
999.99
999.99
999.99
999.99
999.99
999.99
999.99
999.99
999.99
999.99
999.99
999.99
999.99
999.99
999.99
999.99
999.99
999.99
999.99
999.99
999.99
999.99
999.99
999.99
999.99
999.99
999.99
999.99
999.99
999.99
999.99
999.99
999.99
999.99
999.99
999.99
999.99
999.99
999.99
999.99
999.99
999.99
999.99
999.99
999.99
999.99
999.99
999.99
999.99
999.99
999.99
