999.99
999.99
999.99
999.99
999.99
999.99
999.99
999.99
999.99
999.99
999.99
999.99
999.99
999.99
999.99
999.99
999.99
999.99
999.99
999.99
999.99
999.99
999.99
999.99
999.99
999.99
999.99
999.99
999.99
999.99
999.99
999.99
999.99
999.99
999.99
999.99
999.99
999.99
999.99
999.99
999.99
999.99
999.99
999.99
999.99
999.99
999.99
999.99
999.99
999.99
999.99
20.435001960873
20.5455195358262
20.3458027043288
20.73295465104
21.3948263554745
21.8469259577692
21.9373830439789
22.1278288861738
22.4293606699147
22.6296498634931
22.7661676345335
22.3033109844085
21.6935302276121
20.8956195286196
21.12055111091
21.3515216249101
21.4867930021972
21.669900659155
21.6897864609258
21.7740683540231
21.793224193151
21.7798419310074
21.7615436445088
21.8444940629122
21.8581914013203
21.7491263254748
22.0033412237524
22.3921915772961
22.5318190767807
22.5304753055694
22.2257704421014
22.1345184900272
22.3997931697932
23.0564366713426
23.6934534259134
23.8184316099438
23.9612876600751
24.0540051988275
23.9670006837916
999.99
999.99
999.99
999.99
999.99
999.99
999.99
999.99
999.99
999.99
999.99
20.6333872196328
20.7037866447746
20.874604299246
21.1352274396247
21.4081800763044
21.7086845276498
21.9860635206902
22.2003280333717
22.3373968912875
22.3757083986948
22.2964973476112
22.0806866007907
21.8244288060938
21.5927711431863
21.4402544912942
21.3926464865144
21.4513373182738
21.5548904952978
21.653668201803
21.7243197779769
21.7563479551835
21.7809521687356
21.7820633871457
21.7893549591525
21.8457156014581
21.9741621795295
22.1304200255979
22.2924803995756
22.4227910288121
22.5128687955983
22.5828001157646
22.6932377052516
22.8805366712206
23.1218941626023
23.3863911322537
23.629672555759
23.8004986631471
23.8818824012804
23.9216100939992
999.99
999.99
999.99
999.99
999.99
999.99
999.99
999.99
999.99
999.99
999.99
20.5279030348281
20.8366739660993
20.9948876754323
21.2550922934981
21.5059209380937
21.7754894171005
22.0196998821519
22.2156203764501
22.3558851425474
22.4022765764082
22.3419349719595
22.1658792211935
21.939787442073
21.7134698193255
21.5502636349129
21.4819392807866
21.5198599065605
21.6090794460443
21.6998320421832
21.7739219849385
21.8136212371721
21.8274027333216
21.8267147637637
21.8436652312634
21.9041621985992
22.0222792348104
22.1785204249457
22.3488323684229
22.4996040029752
22.6208191920144
22.7262250218193
22.8519932039157
23.0193384014306
23.2246257935868
23.4435300528363
23.6408478176247
23.783153933449
23.8691121194209
23.9206358966
999.99
999.99
999.99
999.99
999.99
999.99
999.99
999.99
999.99
999.99
999.99
20.4335346320346
21.0200242703792
21.1673798957834
21.4186232116566
21.64167546618
21.8691043438922
22.0709948332745
22.2405238228443
22.3647652004163
22.4051846261761
22.3575996794076
22.2243670969446
22.0302966202419
21.8285627086729
21.6716762420046
21.5888149499857
21.5941983351497
21.6663004718591
21.7506341285548
21.822855524675
21.8630697431954
21.8675030080074
21.8595564607187
21.8815309059978
21.9448215333169
22.0603401714601
22.2242815884882
22.4081423393678
22.5772353541132
22.7281855006974
22.8649407633582
22.996232938921
23.1414383444573
23.307918501236
23.4768098760105
23.6284272441542
23.7517139188587
23.8420187008375
23.9034727601738
999.99
999.99
999.99
999.99
999.99
999.99
999.99
999.99
999.99
999.99
999.99
20.595026222906
21.2491980764043
21.3764513322024
21.5982238727839
21.7829960843987
21.9719774980252
22.1389445484492
22.2833429428917
22.3981487712419
22.4411333707863
22.4065178698054
22.2931805386776
22.1211985962281
21.9359614459793
21.7874242610542
21.7044536149844
21.703741811187
21.7653549287345
21.8398434455429
21.9043803269623
21.9379162881565
21.9346005805632
21.9212767734796
21.9394868118008
21.999523556663
22.113495075318
22.2834992806767
22.476400790868
22.6548489453084
22.8175861142073
22.9643329629703
23.0946502934197
23.227240223628
23.3720851048946
23.5141443007114
23.6408858610609
23.7464925356582
23.829897626267
23.8956592734164
999.99
999.99
999.99
999.99
999.99
999.99
999.99
999.99
999.99
999.99
999.99
20.8532582394377
21.538416719633
21.6352773156593
21.8085256956249
21.9494553699289
22.0928526234477
22.2201406232975
22.3355127196464
22.4360390391011
22.4768195888254
22.452679309888
22.3597302795427
22.2139480031361
22.0523545591089
21.9222239838035
21.8477089717296
21.845688710674
21.8981613653281
21.9608397317177
22.0141884027707
22.0378976104205
22.0249319088787
22.0042216702871
22.0170504142658
22.0715641693645
22.1809776740546
22.3530097918022
22.5498750411405
22.7327038006788
22.901769590443
23.054515182503
23.1808486193516
23.2998208602528
23.4231503738711
23.5408532412963
23.6447373855737
23.7355142408428
23.814284079887
23.8855445722196
999.99
999.99
999.99
999.99
999.99
999.99
999.99
999.99
999.99
999.99
999.99
21.8245077957273
21.8300414389155
21.8945625109574
22.0109133811851
22.1101009794915
22.2107219001466
22.3034307478555
22.3948428781487
22.482866416551
22.5214591734026
22.5076824061647
22.4355345541783
22.317430963174
22.182698169444
22.0773458560723
22.0170162723628
22.0179819902826
22.0640835779188
22.1153763903094
22.1549660066746
22.1670244427285
22.1434017939773
22.113762800986
22.1193289710862
22.1660552187418
22.2677016474954
22.4367195322386
22.6315722139184
22.8136567686768
22.983915034817
23.1380871032693
23.2574943598195
23.3623230630038
23.4655208311495
23.5616745237799
23.6454585562676
23.7248135695977
23.8013761695556
23.8780931332147
999.99
999.99
999.99
999.99
999.99
999.99
999.99
999.99
999.99
999.99
999.99
22.2976482771971
22.0854293076122
22.1323264846281
22.1899450060006
22.2580835352312
22.3253639449714
22.3923083123627
22.4657062647112
22.5417230665505
22.5781135354275
22.5728845522941
22.5188176830688
22.4231952606669
22.3118334610894
22.2273105709098
22.1807377100742
22.1853880624875
22.2297464207107
22.2748925542101
22.3072219082391
22.3116845279277
22.2806479293235
22.2429966960968
22.2410098574386
22.2781354358583
22.3707983339833
22.5342597280045
22.7239633708598
22.9021642282922
23.0699422235368
23.2210476351564
23.3301549330001
23.419149494829
23.5019647906819
23.5771406792119
23.6419297826511
23.7118513505742
23.7877829755382
23.8704937703936
999.99
999.99
999.99
999.99
999.99
999.99
999.99
999.99
999.99
999.99
999.99
22.4140520159284
22.2795822900722
22.3226887204758
22.3408855807508
22.391311823152
22.4374684748663
22.4877054079434
22.5485697251501
22.6141435603461
22.6477755441159
22.6483876330079
22.6084519474699
22.5298317270338
22.437115612358
22.3690002335809
22.333546075646
22.3407998623625
22.3837071741423
22.4250848473138
22.4536657863671
22.4537991012852
22.4195932167727
22.3791127250612
22.372485839447
22.4023069742867
22.4883746815615
22.6455757686076
22.8277512894172
23.0004801018164
23.1627293319773
23.3066651389329
23.4029030930853
23.4752841483408
23.537715599105
23.5927099165352
23.6392251830562
23.7008354492346
23.7764805011877
23.8651382035758
999.99
999.99
999.99
999.99
999.99
999.99
999.99
999.99
999.99
999.99
999.99
22.6478939494497
22.374671130495
22.4369809114381
22.458102480656
22.5038269928092
22.5416575882231
22.5846330634643
22.6380920018573
22.6957105287742
22.7278385918673
22.7334169601407
22.7048960408017
22.6415452794107
22.5661113032223
22.5110009638392
22.4831140623678
22.4907437004133
22.5281894481429
22.5625569055659
22.5869693907774
22.5841423657911
22.5506159091402
22.5136958278755
22.5084539480118
22.5360526072694
22.6189563770149
22.7683691785865
22.9402472106507
23.1047647467756
23.2583922639003
23.3920199001634
23.4759296143405
23.5334293963297
23.5778108537197
23.6145195646161
23.6453591510413
23.6997758063132
23.7745770037722
23.8677816428387
999.99
999.99
999.99
999.99
999.99
999.99
999.99
999.99
999.99
999.99
999.99
22.4298000854021
22.4078196791732
22.4900243653773
22.5401119822844
22.5932343665703
22.6351556669207
22.6788938342038
22.7290747863174
22.7813776307147
22.8138054676277
22.8237946124943
22.8053059572252
22.7562896504813
22.6953145934142
22.6478107092048
22.6233339915077
22.6278191136042
22.655661553493
22.6814722750482
22.7023450900993
22.6984652709993
22.6693342732595
22.6413938668078
22.6426395068411
22.6725916640404
22.7536796230021
22.8930243825357
23.0504865345131
23.2013987150954
23.3413852338938
23.4623379053214
23.5350488485571
23.5816150015112
23.614028634396
23.6386386024565
23.6597224394441
23.7107941103397
23.7861353229015
23.883123221459
999.99
999.99
999.99
999.99
999.99
999.99
999.99
999.99
999.99
999.99
999.99
22.3141883116883
22.4214253009524
22.5280746658017
22.610523401816
22.6769337077194
22.7288907431343
22.7755624959281
22.821443810872
22.867363468582
22.8991359095851
22.9118942164016
22.9022277927788
22.8669418909304
22.8182303635518
22.7752226983301
22.7514328381627
22.7494036636326
22.7648159256849
22.7829237296106
22.802897597437
22.8007487854803
22.7800954352496
22.7646205549122
22.773626655228
22.806486265606
22.8839050985589
23.0089329422122
23.1477775288211
23.2801457179454
23.401893454919
23.5090777564157
23.5742502854268
23.6159611748469
23.6443709059528
23.6652109365791
23.6839011347599
23.7347743974432
23.8112450597673
23.9114176763816
999.99
999.99
999.99
999.99
999.99
999.99
999.99
999.99
999.99
999.99
999.99
22.092011323144
22.4356368874876
22.5610349941389
22.6799777977397
22.7581726198148
22.8196932223214
22.8679747211292
22.9078861134762
22.9475868150895
22.9789144489306
22.9952871583335
22.9955111341394
22.9765219248717
22.9410156074266
22.9040762913837
22.8798539795888
22.8698737864286
22.8704374255343
22.8800829172114
22.898564678899
22.9010121031271
22.8920619094358
22.8903778205678
22.9067820111511
22.9413855445907
23.0100081285511
23.1138834960236
23.2287840541111
23.3377054894644
23.4373043164109
23.5308262128345
23.5932724128738
23.6372877594149
23.6703150815179
23.6968431792802
23.7215998153621
23.7763760428464
23.8551118821871
23.9577119740885
999.99
999.99
999.99
999.99
999.99
999.99
999.99
999.99
999.99
999.99
999.99
22.1351783162637
22.471401401334
22.6046832190253
22.7416069908804
22.8256733189044
22.8925314484058
22.9413041241687
22.9762241601917
23.0112272819916
23.0444718307733
23.0670069487267
23.0784033349345
23.0766687590208
23.0554021111567
23.0247905335462
22.9989148353828
22.9808973860571
22.9692031922019
22.972295305994
22.990974081939
23.0021034349579
23.006091791208
23.0140864306764
23.0337025712674
23.0664526607218
23.1194284600598
23.1968094318344
23.2849911418007
23.3684398331989
23.444383454136
23.5268016891955
23.5922017679153
23.6460914650901
23.6917271702769
23.7326469829908
23.7706226048506
23.8325970428004
23.9144710541875
24.0186962081784
999.99
999.99
999.99
999.99
999.99
999.99
999.99
999.99
999.99
999.99
999.99
22.2463754921037
22.5265708513209
22.6463404027014
22.7870178564923
22.8704681715702
22.9394211684737
22.9889238199816
23.0223864462008
23.0559929355591
23.0928645145894
23.1214768227268
23.1424120012697
23.1539078279155
23.1436155933918
23.1186312450399
23.0925104722954
23.0711125863594
23.0558167535617
23.0613605207822
23.0856307275806
23.1096470199833
23.123915788563
23.1337784541856
23.1470714310279
23.1718312529613
23.2025429733304
23.2525269267873
23.3158927055172
23.3766246010712
23.4304275472549
23.5053358301316
23.5771417195482
23.6447619342797
23.7076061507304
23.7679883077771
23.8224883667316
23.8929471650992
23.9785370041476
24.0839125293256
999.99
999.99
999.99
999.99
999.99
999.99
999.99
999.99
999.99
999.99
999.99
22.3934701595346
22.5906803615446
22.6931052153082
22.8201874386502
22.8962025690722
22.9632261749661
23.013820121174
23.0494644924081
23.0852209713078
23.1278149903056
23.1626208545292
23.1910095054052
23.2109680847534
23.2085074262747
23.1882176208689
23.1626432184239
23.1410991568372
23.1284502044316
23.1423001332227
23.1768604059889
23.2175359754318
23.2415991812974
23.2498935566409
23.2522776452415
23.2638875941909
23.2679740068551
23.2901076571432
23.3307432301313
23.3712188970623
23.4058303809153
23.4757513788512
23.5564549468803
23.6390308879725
23.7207933205713
23.8021369518931
23.8738231096834
23.9514693308242
24.0397396317748
24.1446904753253
999.99
999.99
999.99
999.99
999.99
999.99
999.99
999.99
999.99
999.99
999.99
22.4823722943723
22.6515205235262
22.727044964106
22.837614320276
22.9007178364257
22.9621410354304
23.014153429212
23.0567882700845
23.0992731832487
23.1509238774889
23.1923125752653
23.2254205131898
23.2485522546162
23.2516653274487
23.2342589286399
23.2102580306052
23.1934516926071
23.1902936290652
23.2157952612945
23.2632242821353
23.322564816222
23.3551620058912
23.3598658469172
23.3507847406831
23.348242129923
23.3247131833686
23.319999551878
23.3387146623703
23.3594065396802
23.3761846064232
23.4417216404205
23.5299784600536
23.6251952151855
23.7245471727734
23.8255355145355
23.9132247008697
23.9984495166583
24.0908508007444
24.1954927499449
999.99
999.99
999.99
999.99
999.99
999.99
999.99
999.99
999.99
999.99
999.99
22.5534523030203
22.6912502499453
22.7459010594051
22.8375212139044
22.8883393766368
22.9444529386086
22.9982533253839
23.0499492384365
23.1013451240354
23.1613901024085
23.2067768326785
23.2411120683309
23.263333815743
23.2701429325101
23.2562557447915
23.2374273514639
23.2296167308861
23.2398262633007
23.2782171936025
23.3361334523332
23.4091098768994
23.4471767695672
23.4498096685159
23.4316671376865
23.4184462506036
23.3736055991272
23.3473666645389
23.3454038994665
23.3470127390835
23.3470267860111
23.4070685204874
23.4996773070865
23.6031948765464
23.7170965682697
23.8352830455771
23.9362360972888
24.0284814254039
24.1266706209921
24.2316706939003
999.99
999.99
999.99
999.99
999.99
999.99
999.99
999.99
999.99
999.99
999.99
22.5081567416323
22.7131735132134
22.7563863999061
22.8264697563389
22.8697060902451
22.9235093840854
22.9788116623745
23.0383102954268
23.0972815369155
23.1615983605573
23.2061361737407
23.238341224231
23.2566186221679
23.2669230464539
23.2607103548523
23.2539348988314
23.2602030724487
23.2861885465091
23.3366748763065
23.4000963013403
23.4779246486152
23.5180890371711
23.5217786860689
23.4986641403315
23.4789940846085
23.4212003772773
23.3788485656177
23.3582322300141
23.3416575771412
23.3262520418507
23.3780652506308
23.4698558583787
23.5745908194069
23.6980175657206
23.8295846708358
23.9415258416198
24.0409778466624
24.1469981759858
24.2529343520716
999.99
999.99
999.99
999.99
999.99
999.99
999.99
999.99
999.99
999.99
999.99
22.5595129643876
22.6917218987137
22.7425254460919
22.8128867751281
22.8554604352106
22.9106358588426
22.9679915269302
23.0323526362051
23.094883721603
23.1582400652552
23.1979474381727
23.2256189479973
23.2397966219058
23.2549456764399
23.2601491145602
23.270085016719
23.2919793697439
23.3330124742055
23.3923266811805
23.4571484584139
23.5323619745408
23.5743249941284
23.5822385004879
23.5587517022423
23.5344059052969
23.4702796600215
23.4138639786872
23.3752030980172
23.3410847541055
23.3124662139939
23.3535543614864
23.4411810386486
23.5429196749268
23.6724337879314
23.8150512399026
23.9373664366499
24.0447157409824
24.1595133509698
24.2658397510181
999.99
999.99
999.99
999.99
999.99
999.99
999.99
999.99
999.99
999.99
999.99
22.7405131805864
22.6448997562001
22.7060082616321
22.7881665627639
22.8380434984107
22.8994786060894
22.9610659857242
23.0286716365768
23.0915380157252
23.1495104480209
23.1823893421248
23.2044510507511
23.2155716775869
23.2377348423274
23.258511866304
23.2891603005841
23.3295649579773
23.3863885901578
23.452143751427
23.512944432289
23.5773954049042
23.6169242825668
23.6274867623479
23.6038002903755
23.5776470751598
23.5140128596132
23.4476987749042
23.3940294096834
23.3464657158343
23.3074904979404
23.3371286968373
23.4188347037349
23.5155861074163
23.6487372838576
23.800443179143
23.9320915012357
24.0476097494822
24.1710286166983
24.2768980132515
999.99
999.99
999.99
999.99
999.99
999.99
999.99
999.99
999.99
999.99
999.99
22.3426559421994
22.590610772043
22.6625520397135
22.7497211946818
22.8154220790081
22.8893057196059
22.9599558167653
23.0321215419139
23.0953038484235
23.146200758577
23.1733058894155
23.189730130806
23.197180248565
23.2236401785729
23.2596691715254
23.3103720863401
23.369100251512
23.4417120115373
23.5140148417911
23.5679785176685
23.6158855803229
23.6478338080416
23.6579037761816
23.6337680409605
23.6094633575295
23.5551665713206
23.4894966530063
23.4297035855123
23.3754542499292
23.3301561961235
23.3476724785147
23.4195186710121
23.5085405500219
23.6419777957655
23.7994095671136
23.9377491453898
24.0595756916341
24.1883668930942
24.2913958848951
999.99
999.99
999.99
999.99
999.99
999.99
999.99
999.99
999.99
999.99
999.99
22.1634298032591
22.5402945831489
22.6198541209285
22.7060500013267
22.7886425347002
22.8751710760299
22.9569725564562
23.0362026476331
23.1012798642338
23.1482359888086
23.1745761256246
23.1879326702552
23.1908015655946
23.2180886642473
23.2648856505282
23.331689866672
23.4091306916438
23.50053341894
23.5827140924077
23.6341519347086
23.6667880986564
23.6866990115309
23.6893851118009
23.6619318989557
23.6396958152784
23.5986688359487
23.5430914866736
23.4880178095298
23.4353201333943
23.3884296176861
23.3947699792281
23.4529770034816
23.5318521448137
23.6614138629527
23.8184864323943
23.9590838306597
24.0838531376979
24.2120098096452
24.3080025154227
999.99
999.99
999.99
999.99
999.99
999.99
999.99
999.99
999.99
999.99
999.99
22.3323147930274
22.5002162300181
22.5769879862987
22.669986335253
22.7659281370144
22.8620638840718
22.954689850564
23.0430857586866
23.1134561913584
23.162598026084
23.1941592868281
23.2079866510641
23.2058570954717
23.228690903209
23.2774739670164
23.3522551975223
23.4450993869433
23.5560653252458
23.6519039470021
23.7093005355215
23.7351887908975
23.7438231275382
23.7362329210847
23.7050039490843
23.6842080866525
23.6557582967206
23.6158130772078
23.5719898025082
23.5253658265227
23.4796054175805
23.4763358978536
23.5190946853355
23.5869093106314
23.7094293066587
23.8604831945645
23.9982499847642
24.121262377089
24.2426561432812
24.3280536836277
999.99
999.99
999.99
999.99
999.99
999.99
999.99
999.99
999.99
999.99
999.99
22.5570160364219
22.4874270955971
22.5570559725089
22.645329409434
22.7486931546505
22.848008238587
22.9471824137941
23.0459211786508
23.1256590674739
23.1840072127799
23.2287958174705
23.249014466719
23.2419036732717
23.2564688718563
23.2996701950907
23.3724240787634
23.474529557562
23.6016930800207
23.7104683414842
23.7780073480235
23.806216447913
23.8082694623527
23.7957539984709
23.7681631295198
23.7544957336135
23.7398974764657
23.7186657249274
23.6867227248225
23.644817499547
23.5988750711026
23.5853845296409
23.6105129011368
23.6662544486444
23.7778808253258
23.9166563953241
24.0468837123771
24.1644115623546
24.2750016021667
24.3487017993454
999.99
999.99
999.99
999.99
999.99
999.99
999.99
999.99
999.99
999.99
999.99
22.5679646967435
22.4963664708636
22.5636622968628
22.6399636180688
22.746247342529
22.8433562703283
22.9431963263236
23.0670024733093
23.1724779360148
23.2583563102152
23.3362973555939
23.3839487372872
23.3569972073074
23.3463108133146
23.3645930342704
23.412909954015
23.501457642501
23.6393859703724
23.75915865248
23.8393043434095
23.8772048122788
23.8789203842949
23.8679175145649
23.8508021369829
23.8481019117057
23.8480021593952
23.8474052532224
23.8284411621146
23.7904886768974
23.7444013196159
23.7207788810635
23.7265362643726
23.7679576856415
23.8641013521966
23.9844941465895
24.1016024261503
24.2085385336303
24.304200145842
24.3649099459878
999.99
999.99
999.99
999.99
999.99
999.99
999.99
999.99
999.99
999.99
999.99
22.448315808659
22.502662858619
22.5768890500572
22.651982206215
22.7588024184149
22.8501912642723
22.943991719445
23.0861167893291
23.2113390021516
23.32099497687
23.4292907780609
23.5074348005195
23.4678941125411
23.4399536016033
23.4384917739512
23.4639838353365
23.5347379233409
23.6748871266828
23.7979379918796
23.8872783179262
23.9373482171789
23.9448317235994
23.9418721041482
23.9399117193531
23.9495866386848
23.9612833319932
23.9765582103055
23.968395813947
23.9356098103128
23.8921205695743
23.8625510182991
23.8540417157646
23.8830862356165
23.9617445764806
24.0600020082638
24.1600352828045
24.2516566668014
24.3286288493657
24.3743828385062
999.99
999.99
999.99
999.99
999.99
999.99
999.99
999.99
999.99
999.99
999.99
22.4921161440186
22.4921991097046
22.5880905660983
22.7165223949109
22.8638717866668
22.9900279950291
23.1166381340849
23.2850195463686
23.3880732139602
23.4790241293373
23.5740892688146
23.6423838037055
23.5709419190425
23.5330540306306
23.5175917065335
23.5229082288146
23.5714261784153
23.7030508850013
23.8184993278771
23.9088718767821
23.9692062077526
23.9871519200326
23.9988658821673
24.0165298962239
24.0401175879183
24.0612096886328
24.0864721832535
24.0857692886482
24.0583933268453
24.0204302542585
23.9898620245488
23.9747830378864
23.9953939633561
24.0584355534009
24.1362596876695
24.2200144544204
24.2957008246433
24.3545866974172
24.3857677315287
999.99
999.99
999.99
999.99
999.99
999.99
999.99
999.99
999.99
999.99
999.99
22.4459094755419
22.4471414620336
22.5751900786041
22.7649701670548
22.9616563670154
23.1325238722345
23.2985243236639
23.4907256680114
23.5663321633034
23.6297489831581
23.7022921188378
23.7549451309269
23.6554792295203
23.614715145725
23.593428284233
23.5829605468302
23.6066197625513
23.7206232260551
23.8185065157472
23.8984698386339
23.9625656305226
23.9926903126557
24.0231506227686
24.0627014877563
24.103078040996
24.1340716734117
24.1651600903999
24.1695748183209
24.1485604959661
24.1185103744798
24.0912764496104
24.0763590655786
24.0932982843239
24.1439896923387
24.2051469158202
24.2756717837891
24.3379236376897
24.3815529320925
24.3999187036772
999.99
999.99
999.99
999.99
999.99
999.99
999.99
999.99
999.99
999.99
999.99
22.2715454972824
22.3814598180645
22.536716485349
22.7885158474171
23.0419527263438
23.2685998016373
23.4815285787287
23.6976364488833
23.7414798549116
23.7689832481363
23.8072638964941
23.8364919436232
23.710124805742
23.6718793136947
23.6516154555134
23.6331119339788
23.6328338792565
23.7257598280411
23.8009276037682
23.8626410607968
23.9214000799004
23.960303773673
24.0057564094786
24.0623282114807
24.1179771922658
24.1602167971978
24.1983844482978
24.2121146199959
24.2036900254458
24.1868941784837
24.1695776518636
24.160985307305
24.1782595425045
24.2207604256254
24.2709690728825
24.3302773807523
24.3812338291211
24.4121259010399
24.4189966090907
999.99
999.99
999.99
999.99
999.99
999.99
999.99
999.99
999.99
999.99
999.99
22.0918337682449
22.3006392645553
22.4812086935926
22.797046313897
23.1087087144109
23.3955350049822
23.659421445729
23.868362626217
23.8475229809731
23.8040042706378
23.7687454424547
23.7355521375728
23.6122021512136
23.6080156656168
23.6209858917281
23.6289636948666
23.6374885549948
23.7080963924146
23.7584244002675
23.7986544342902
23.8469706711998
23.8916769569262
23.9488337904306
24.018457752696
24.0877287079053
24.142054535687
24.1887451203979
24.2147992204923
24.223211082054
24.2236653213844
24.2212587374592
24.2235473762989
24.2444690695721
24.2835661274138
24.3278412445866
24.3797489293439
24.4240578669549
24.446945074537
24.4449307518819
999.99
999.99
999.99
999.99
999.99
999.99
999.99
999.99
999.99
999.99
999.99
21.9143466295609
22.2331935412181
22.4285449484353
22.8048981434954
23.1732394165618
23.5212748391548
23.8378776709935
24.0375648487181
23.9489609340763
23.8297650216254
23.7147969842755
23.6101533535706
23.4865812225568
23.5135913448314
23.558259128102
23.5926209593108
23.6134984009656
23.6648722742192
23.6938801255166
23.7154640116317
23.7535479077377
23.8021831846842
23.8675758132173
23.9463997464824
24.0264312528483
24.0921241106835
24.1483267365688
24.1884275669241
24.2148968191487
24.2337616814095
24.2488561439824
24.2644234865453
24.2911031765197
24.3306190464372
24.3740242067133
24.4223574613272
24.4643458822529
24.4843027134275
24.4778468172985
999.99
999.99
999.99
999.99
999.99
999.99
999.99
999.99
999.99
999.99
999.99
21.8477770889583
22.1891957802602
22.3703423533794
22.7207238847901
23.0693643568614
23.4028523914931
23.6926502338752
23.8588022888372
23.7762363701984
23.6556050159357
23.5368611414897
23.4371283584673
23.3557816296669
23.4064343331478
23.4768745869553
23.5309974047826
23.5616216254884
23.5983775716495
23.6120563585252
23.6191570559605
23.6495936040867
23.7020560944862
23.7725337911914
23.8561229665767
23.944438188613
24.0202675791605
24.0856221267404
24.1397782261001
24.1846123289315
24.2215008099541
24.2547677918337
24.2846390531706
24.3191662448864
24.3617711287424
24.4075600163219
24.4543678970696
24.495830658088
24.5156871979155
24.5082855003781
999.99
999.99
999.99
999.99
999.99
999.99
999.99
999.99
999.99
999.99
999.99
21.8786858153461
22.1682380318795
22.3139246915568
22.6333056508198
22.958574920088
23.2729157639664
23.534416549279
23.673538408358
23.6007292681042
23.4823783005091
23.3654601380031
23.2723588823232
23.2270421148265
23.2957115179179
23.3866782577418
23.4555760413505
23.4958650576109
23.5228099003663
23.5262060337873
23.5240344342191
23.5490572033467
23.6029624787406
23.6729027386893
23.7555887996405
23.8466535662778
23.9291720838692
24.0029838448186
24.0715191487798
24.1346520372347
24.1896150149645
24.2415093587181
24.2865153862512
24.3303059874317
24.3781859695411
24.4283110039937
24.4745773949554
24.515761921312
24.5369591971369
24.5311852224419
999.99
999.99
999.99
999.99
999.99
999.99
999.99
999.99
999.99
999.99
999.99
22.0435781684441
22.1470394498667
22.2679056780643
22.5603360602504
22.8604015904888
23.1505932161316
23.3818218151314
23.491979449739
23.4286322894412
23.3155465626314
23.2072509232235
23.1245837273563
23.1162877476721
23.2005338917873
23.308856209089
23.3875027067396
23.4363583345617
23.4548824280343
23.4513738584129
23.4435892821055
23.4665607642553
23.5201904130259
23.5855370639763
23.6625483172035
23.750922399267
23.8334646354686
23.9107852272543
23.9898024710023
24.0669998232581
24.1365810797292
24.2046097775083
24.2642579112782
24.3179470464918
24.3731323379229
24.4291067287915
24.4778760328948
24.5205257851033
24.5453554612323
24.5440006095711
999.99
999.99
999.99
999.99
999.99
999.99
999.99
999.99
999.99
999.99
999.99
21.9447275966664
22.1084066017588
22.2206794400084
22.4829502022288
22.7610724324824
23.0277873865971
23.2301883800218
23.3255424120802
23.2883575652467
23.1999932470462
23.1218397730493
23.0705901887625
23.089054671021
23.17548305965
23.2861020474861
23.3581586429165
23.3995794846786
23.409172345671
23.3990409491867
23.3856786208047
23.4060167916332
23.4561967363264
23.5129332525312
23.5803673164162
23.6613951743927
23.7381262642919
23.8133111580225
23.8972440524602
23.9828343233403
24.0615969271829
24.141422622243
24.2141312964541
24.2784997282666
24.3421419367026
24.4062846798379
24.4610731912244
24.5074391453177
24.5378620938533
24.5443238199724
999.99
999.99
999.99
999.99
999.99
999.99
999.99
999.99
999.99
999.99
999.99
21.7436908130584
22.0285266437024
22.1502534732129
22.38215345093
22.6402189410631
22.8827295408238
23.0574545267633
23.1472711378524
23.1489741454538
23.1005420733637
23.0676858614363
23.0633164366735
23.1082511931429
23.1941308919886
23.3023607171349
23.3630186392597
23.3885466381798
23.3867052458593
23.3670545264643
23.3440645034095
23.3567733117969
23.3996986600126
23.445085186888
23.5004744585316
23.571770002013
23.6402810271573
23.7097983468403
23.7935578059222
23.882363668173
23.9655278941274
24.0520169426376
24.1347171942289
24.2092482276247
24.2820122392727
24.3554497227666
24.4190991167423
24.4718764887608
24.5104559606004
24.5274663370762
999.99
999.99
999.99
999.99
999.99
999.99
999.99
999.99
999.99
999.99
999.99
21.7747618900374
21.8879705195182
22.051853593824
22.3164219958776
22.588425470564
22.8381517236363
23.0232526396746
23.1203434385052
23.1279036025618
23.0886752248855
23.0694413530516
23.0781968389179
23.132424006881
23.2246080126939
23.3349871544645
23.3905339755399
23.4034555606901
23.3890803080211
23.3570807303672
23.3222446494651
23.3225625218984
23.3541479949181
23.3862198706462
23.4288747880994
23.4876079131192
23.5462143641281
23.6080424343815
23.6876539485079
23.7740566169951
23.8567781545851
23.9442755777171
24.0321114993678
24.1135515776524
24.1941171013565
24.2766486918198
24.3510285101886
24.4133381074918
24.4631176407528
24.493796883575
999.99
999.99
999.99
999.99
999.99
999.99
999.99
999.99
999.99
999.99
999.99
21.6889224524991
21.7398522978771
21.976077171658
22.2818308042262
22.5587021826177
22.8037894636924
22.9862238116365
23.0780592605997
23.0875396120491
23.0611798834297
23.0595460072925
23.0874411134532
23.1588922775265
23.2629791332
23.378869271207
23.4345404815876
23.4371419295044
23.4100764139973
23.3654600725254
23.3176272810182
23.3019363530407
23.3197587254934
23.3382154957004
23.3666437878905
23.4107603267103
23.4586575996148
23.5108044647471
23.5824785881607
23.6627325369574
23.7414023696996
23.8252611494028
23.9137053095475
23.9987588507622
24.0849160104865
24.1752969356761
24.2606826232898
24.3347535169224
24.3978340225307
24.4445964206324
999.99
999.99
999.99
999.99
999.99
999.99
999.99
999.99
999.99
999.99
999.99
21.0616904761905
21.6493226785281
21.9445041702337
22.2615294752781
22.5374179594442
22.7692878535542
22.9400359136086
23.0249180540664
23.0381619911371
23.0268236664914
23.0461010066303
23.0963744027446
23.1853256701547
23.3014008849134
23.4236228484728
23.4816643962487
23.4769212097071
23.4395768978676
23.3839512998334
23.323119152433
23.2890317371193
23.2902895527489
23.2943070414938
23.3071642879278
23.335127303875
23.3726451195307
23.4154362117528
23.4779841869546
23.5513805855516
23.6251925188638
23.7033256117223
23.7893184350266
23.8752242214657
23.9637384636723
24.0591204235942
24.1532689656019
24.2384188146047
24.3142581914309
24.3777452292875
999.99
999.99
999.99
999.99
999.99
999.99
999.99
999.99
999.99
999.99
999.99
20.7883866741079
21.6093876923769
21.938444651574
22.2697141917549
22.5358438332121
22.7451542912655
22.8974450102087
22.9757810526441
22.9936754335872
22.9984888336157
23.0415989880719
23.1137685267793
23.2140668237508
23.337120701746
23.4612342708617
23.5178906984661
23.5065767788747
23.4637550164464
23.4009130632454
23.3305557014799
23.2801049982515
23.264979823241
23.2538960612149
23.2504231626943
23.2615825277545
23.2895497035469
23.3245822578805
23.3795272743293
23.4477016188004
23.5179689775395
23.5905791870871
23.6723094015771
23.7563352269502
23.8440489497404
23.9405968050549
24.0391395335867
24.1324345606914
24.2187589952249
24.2972715131197
999.99
999.99
999.99
999.99
999.99
999.99
999.99
999.99
999.99
999.99
999.99
21.2912398373984
21.6309457506093
21.9763400305427
22.3238575233707
22.5765048511062
22.7562934249807
22.8839578117526
22.9480511910887
22.9626916313138
22.9732535139706
23.0334336668508
23.1194401979454
23.2282900649471
23.3565867387921
23.4819941496204
23.536928994139
23.524326493983
23.4808147458907
23.4157743110469
23.34127593575
23.2797879679216
23.2499162593989
23.2237841408118
23.2039460502559
23.1983787222969
23.2170515958621
23.246334040407
23.2965765602123
23.3624435851511
23.4314535473979
23.5001911655584
23.5768833528864
23.6569394410195
23.7403296645356
23.8333801264231
23.930839505412
24.0279603981935
24.1207059141689
24.2109060668115
999.99
999.99
999.99
999.99
999.99
999.99
999.99
999.99
999.99
999.99
999.99
21.286398989899
21.7331713124791
22.0738035469985
22.4174940854062
22.6522381575423
22.8005358248432
22.8986489384927
22.9462286315276
22.9555689260766
22.9695762307093
23.0440529838273
23.1434037018977
23.2572486788925
23.3848722869646
23.5063811072423
23.5556384326263
23.5397261506735
23.4955192044554
23.4309463238109
23.354658184784
23.2847034583472
23.2408849883403
23.200595026935
23.1648503536564
23.144469230782
23.1551610466731
23.1820476657318
23.2313283285525
23.2993319306743
23.3711237705557
23.4398221342021
23.5125254704322
23.587829630532
23.6639773042615
23.7483635260037
23.8384901723551
23.9331197377793
24.0264038763852
24.1226182777327
999.99
999.99
999.99
999.99
999.99
999.99
999.99
999.99
999.99
999.99
999.99
21.3161239673993
21.8817826059321
22.2072203258869
22.5122137975502
22.7308700943079
22.8497353299285
22.9231933502946
22.9617978172663
22.9715912477514
22.988982943771
23.0775459600918
23.1894277069524
23.3043976030288
23.4254445641107
23.5373603655523
23.5755218898177
23.5530398503703
23.5062855751837
23.4409685361516
23.3632933163029
23.286812131103
23.2294595782333
23.1762367608
23.1288116707731
23.0987206161888
23.1059518089218
23.1369891895507
23.1921514387572
23.2675072691045
23.3462779099963
23.418233806548
23.487478844246
23.556132185762
23.6217673205994
23.6929882626336
23.7708577719468
23.8571811730445
23.9450966910707
24.0410211217266
999.99
999.99
999.99
999.99
999.99
999.99
999.99
999.99
999.99
999.99
999.99
21.3602901765289
22.0162161232962
22.3290585016925
22.6041083747089
22.8031575841943
22.8950531360774
22.9477785896659
22.9806576859105
22.9943609843498
23.0180557525628
23.1187229643555
23.2414230037129
23.3560666362809
23.4683283673087
23.566440327146
23.5918044403766
23.5611448517805
23.5103481042621
23.4424693944429
23.3643107905952
23.2829818624982
23.2150779765721
23.1525092990325
23.0998255170467
23.0670517247752
23.0775856288319
23.119148519636
23.1866755814887
23.2738654162598
23.3630152199158
23.4405416572856
23.5068820906151
23.5674024055883
23.6201874681254
23.6743902406806
23.7352957532893
23.8075824088719
23.8843436415283
23.973255436427
999.99
999.99
999.99
999.99
999.99
999.99
999.99
999.99
999.99
999.99
999.99
21.9606368136316
22.0925821700011
22.3762969706185
22.6103521650502
22.7967504004677
22.8773976974092
22.9218001214101
22.957286546284
22.9806184053936
23.0094681269311
23.1092868695824
23.2303284821589
23.3327732764338
23.4253160640203
23.5019090537296
23.5149702792089
23.4787045264753
23.4280722073149
23.3628904364045
23.2897059155202
23.2090213102346
23.1367560373712
23.071328137544
23.0206193753751
22.99315810472
23.0136035294508
23.070795816288
23.1542565199927
23.2545222187201
23.3536569597887
23.4366867959904
23.5022074218662
23.5590706344775
23.6066470872508
23.6538324038889
23.7072027350512
23.7715110148265
23.8398142797948
23.919621892396
999.99
999.99
999.99
999.99
999.99
999.99
999.99
999.99
999.99
999.99
999.99
22.2094113861361
22.1046374474355
22.3395048473458
22.5163040425339
22.6910923424388
22.7763491187041
22.8283351911566
22.8803768766234
22.9233137021045
22.9654589809124
23.0581841440346
23.1664423715436
23.2452445854691
23.3062973716377
23.3521883764675
23.3519673279562
23.3125532833401
23.2655094346766
23.208382531894
23.1456377358412
23.0706068725603
22.9997155684993
22.9376636002085
22.8949760626098
22.8787959623539
22.9132514008457
22.988055562785
23.0878081478103
23.1992921370157
23.3056023844538
23.3927730928679
23.4599106468997
23.5185087275154
23.5712291279572
23.624781619051
23.6832907318682
23.7482096091333
23.8130120222299
23.8830677333226
999.99
999.99
999.99
999.99
999.99
999.99
999.99
999.99
999.99
999.99
999.99
22.1230169665797
21.9134423412575
22.1424287821912
22.3207648436825
22.4966239315028
22.6014070197458
22.677593088189
22.7582263111477
22.8272576134968
22.8813825401386
22.9607583709652
23.0422564536595
23.0834234865972
23.1033035828321
23.1125149825958
23.0971514094789
23.0588041251915
23.0229647775287
22.9805594910673
22.9345968583274
22.872305731654
22.8095949358432
22.7554772956323
22.7248048124169
22.7236269749615
22.7745828096502
22.8671668111277
22.9834034233357
23.1048259386176
23.21589133021
23.3056464504249
23.3765419517867
23.4421268882299
23.5099403598862
23.583215694852
23.659862927029
23.7358448354445
23.8037953952239
23.8661857454908
999.99
999.99
999.99
999.99
999.99
999.99
999.99
999.99
999.99
999.99
999.99
22.1428704994193
21.6423528077871
21.8443488361749
22.041094913052
22.2273188581079
22.3699033732446
22.4849456135522
22.6015860424548
22.6976364661239
22.7621007422059
22.8183279350657
22.8586491466421
22.848433497623
22.8175578270537
22.7841076315369
22.7511669527088
22.7173286005487
22.7011368249195
22.683596107303
22.662908743496
22.6224357153885
22.576108295941
22.5340951231163
22.5155374023735
22.5293455537596
22.5950381948933
22.701690297682
22.8310487044515
22.9605208066891
23.0744700351918
23.1670816758982
23.2455599660933
23.3251922971745
23.4180081934044
23.5228602752422
23.6282700587638
23.7244153990786
23.8025377281251
23.8613548363422
999.99
999.99
999.99
999.99
999.99
999.99
999.99
999.99
999.99
999.99
999.99
20.3316171236171
21.3215671913966
21.4833194452146
21.6910919149029
21.9013633495152
22.0957985027559
22.2616804154042
22.4204361837249
22.5434938282761
22.6142262294791
22.6397775680843
22.626910194109
22.5517325626345
22.4592117217156
22.3761285346245
22.3209470481835
22.2927976846413
22.3038325234572
22.3204954977765
22.3323537542299
22.3221836415618
22.2979725527409
22.2690656575913
22.2605613290818
22.2874543027005
22.3639153176993
22.480716685245
22.6202856711358
22.7566224509076
22.8725526102331
22.9692801032418
23.0592636352696
23.1597336393864
23.2861912143771
23.4337311873633
23.5789344508433
23.7055160050091
23.8023790011963
23.8645344627372
999.99
999.99
999.99
999.99
999.99
999.99
999.99
999.99
999.99
999.99
999.99
20.2480751517163
21.0417183605531
21.1969342933439
21.4291527702738
21.6578061979621
21.8902781061536
22.0948366282207
22.2850231069499
22.4282385209344
22.5060591767848
22.5135591365128
22.4620278665091
22.3380402267721
22.1969521519237
22.0727920579989
21.9946505887024
21.9670287971509
21.9977463556595
22.0421065560171
22.0814579289802
22.0985601639732
22.0942292873745
22.0757481016235
22.0734953307007
22.1079152356054
22.1897178426776
22.3130743156845
22.4622844568921
22.6086578738666
22.732442940434
22.8388297795489
22.9419938433588
23.0596147095967
23.2091315394489
23.3841351463559
23.5539266444059
23.6993828597399
23.8078024307894
23.8730437378611
999.99
999.99
999.99
999.99
999.99
999.99
999.99
999.99
999.99
999.99
999.99
20.4995474690492
20.8254362421723
21.0005542606971
21.2766670342196
21.5183887524606
21.7718492256899
21.9967075233718
22.2015669189013
22.3538927391653
22.4324482479026
22.4286227636189
22.3520492163178
22.1959739352148
22.0221403233235
21.8685184529576
21.7698477628436
21.7387128341132
21.7817744218907
21.844589342177
21.9039791421687
21.9427038253864
21.9536373307309
21.9414756494629
21.9425880250804
21.9810091902533
22.0659184646693
22.1961137591947
22.3573650455308
22.51846520686
22.6564908420592
22.7777083545835
22.8939423316705
23.0234501295537
23.1833669033565
23.3685072730652
23.5461460574646
23.6981756288687
23.8104838449322
23.8789108508412
999.99
999.99
999.99
999.99
999.99
999.99
999.99
999.99
999.99
999.99
999.99
20.4655653029381
20.8407369715561
20.9843428335378
21.2413015678889
21.4787159419139
21.7332371380119
21.9592237331649
22.163161038695
22.3170006697844
22.3968971017197
22.3881631924408
22.3008368355129
22.1309969817169
21.9401703403854
21.7678693042923
21.6536429266255
21.6156900131482
21.661401623198
21.7312822429022
21.8016601252291
21.8541662240819
21.874350086747
21.8654493412251
21.8687089009558
21.908973047912
21.9946079502521
22.1307969825187
22.3036809188792
22.4804571499418
22.6349750229462
22.7737412730832
22.9024985807248
23.0392203661865
23.1987027926278
23.3797767918817
23.5510907399892
23.6985303349285
23.8080098091786
23.8793692992336
999.99
999.99
999.99
999.99
999.99
999.99
999.99
999.99
999.99
999.99
999.99
20.4385787290526
20.9632309041783
21.0864095945806
21.3204290898901
21.5375272113402
21.7705091829153
21.978679505502
22.1673520875615
22.3163124224974
22.397012301107
22.3911300363234
22.3075469208964
22.142890113978
21.9516879924568
21.7732168448098
21.6521160432116
21.6067971983046
21.6463597241142
21.711822405406
21.7830448282366
21.8384813017945
21.8601497782484
21.8508683416907
21.8555919592822
21.8967980303825
21.9823768000402
22.1237637543137
22.3070475673704
22.4969907641901
22.6658822448396
22.8200629269191
22.9580412757567
23.0957424895821
23.2456202268888
23.4114728623698
23.5667224766986
23.7012606540239
23.8031303251195
23.8768018993707
999.99
999.99
999.99
999.99
999.99
999.99
999.99
999.99
999.99
999.99
999.99
20.5933970617071
21.2205432865251
21.3262113133137
21.5133388100055
21.693205222366
21.8836918470734
22.0550045195033
22.214736748245
22.3520139559819
22.4327588036945
22.4370428226369
22.3715403221101
22.2310262491904
22.056263228848
21.8848384123538
21.7655587842198
21.7129988485861
21.7380250749808
21.7902042908059
21.8539569596721
21.9031327615843
21.9201205707649
21.908447795187
21.9125050755734
21.9522692958884
22.0359664000094
22.1803307725417
22.3710290805007
22.5701011629271
22.7493886167385
22.9148011646768
23.0572583868296
23.1887054409072
23.3210560832241
23.4622350466966
23.5924783677197
23.7062924432136
23.7961260437727
23.8699294005286
999.99
999.99
999.99
999.99
999.99
999.99
999.99
999.99
999.99
999.99
999.99
20.9692886505674
21.5237670267929
21.6016592331491
21.7369469336243
21.8735360786508
22.0162046823128
22.1464531901407
22.274910732127
22.3969255681702
22.4744838874761
22.4853793217055
22.4374075617647
22.3223591750564
22.1692059007718
22.0121377684112
21.9030237910266
21.8488288368027
21.8618440555319
21.901094982978
21.9542441058778
21.9929729735396
22.0014507217039
21.9850938059849
21.9857108395225
22.023389547163
22.1041141366035
22.2493772736383
22.4433542696854
22.6454399400476
22.8278942540427
22.9977866466235
23.1406571367794
23.2635063520381
23.3798146487915
23.4993518701359
23.6084950126934
23.7045487849324
23.785920133271
23.861082611364
999.99
999.99
999.99
999.99
999.99
999.99
999.99
999.99
999.99
999.99
999.99
22.1826061427281
21.8276983779327
21.8780001594047
21.9601626327069
22.0540430004173
22.151181866284
22.2442244082276
22.3449867020084
22.4516225294375
22.5257696204461
22.5418803493848
22.509490260279
22.4177236410795
22.2869486793054
22.147493508687
22.0529587628989
22.002233556761
22.0085702919581
22.0399505959348
22.0836658166426
22.1119499081761
22.1113133843281
22.0891859711548
22.0837083662587
22.1174663068099
22.1926589385464
22.3350313487821
22.5270049921891
22.7259455479502
22.9051855997343
23.0736242285032
23.2129913721661
23.3248144758928
23.425860650323
23.526295771101
23.6172192744042
23.6982625250553
23.7746760196396
23.8522459940373
999.99
999.99
999.99
999.99
999.99
999.99
999.99
999.99
999.99
999.99
999.99
22.3640947570948
22.0894355910357
22.126555749711
22.156321564503
22.2198651834154
22.283444918689
22.3484787365247
22.4276450329646
22.5187881824124
22.5875504879827
22.6058664816208
22.5847276435415
22.5111707305282
22.3992891740501
22.2773492739239
22.1993421496183
22.1569511317216
22.1631813335569
22.1952077701999
22.234184372523
22.2544477087689
22.2457390994786
22.2171225049783
22.202718411734
22.2305811713431
22.2994107788987
22.4363913700452
22.6233659481909
22.8155117119069
22.9877832276597
23.1496818090583
23.2817624979688
23.3797151363082
23.4651707765298
23.5465753666178
23.619790087847
23.68688240809
23.760353311995
23.8406531894
999.99
999.99
999.99
999.99
999.99
999.99
999.99
999.99
999.99
999.99
999.99
22.3959770393499
22.2865786846312
22.3229333250823
22.3184882169336
22.3664826316487
22.4103035198592
22.4569014038721
22.5206878338168
22.5966114009577
22.6583762685577
22.6773399210466
22.664735379624
22.6050954956441
22.5101050280537
22.4050391024463
22.3407445424793
22.3071544954747
22.316198140158
22.3511647979915
22.3877495163926
22.4039456941625
22.3890991110416
22.3555296676847
22.3335134660657
22.3552094981725
22.4180131618982
22.5493292566125
22.7295102685235
22.9134370331126
23.0780015969833
23.230806782432
23.3529314110618
23.4355432389876
23.5049610370231
23.5666868305202
23.6213731497956
23.6749480657955
23.7455949748931
23.8277563070427
999.99
999.99
999.99
999.99
999.99
999.99
999.99
999.99
999.99
999.99
999.99
22.5635045125219
22.3726606623401
22.4306155390773
22.4443789087841
22.4907838342708
22.5282551774619
22.5669054377878
22.6213281176187
22.6828906890608
22.7369616513081
22.7555393719996
22.7483570584001
22.699103500365
22.6202692724889
22.5318453807548
22.4785426960507
22.4530925809948
22.464544227159
22.4992928031179
22.5320256704886
22.5454438721292
22.5268884369204
22.4928091860659
22.4697616537995
22.489076835707
22.5487605126371
22.6739375440888
22.8440255505186
23.0167353471556
23.1724951494038
23.3144468851553
23.426397372532
23.4954697718223
23.5501930646766
23.5928112095141
23.6297057347587
23.670704424242
23.7380908440959
23.8211643318973
999.99
999.99
999.99
999.99
999.99
999.99
999.99
999.99
999.99
999.99
999.99
22.4992499141071
22.4082993648631
22.4880376401746
22.531409253428
22.5896071560609
22.6336537978117
22.6743510118851
22.7242525265222
22.7737987186258
22.820137760325
22.8385636364904
22.8344732847021
22.7937837810212
22.7294963939157
22.654824643518
22.6074215147369
22.5874476788777
22.5986068997029
22.6297271641262
22.6585442142888
22.6714054871129
22.6524242261224
22.6230197146722
22.6056406017211
22.6266940468479
22.686011781388
22.8042659807283
22.9604855099473
23.11715133997
23.2597103607766
23.3877271871355
23.4886034111367
23.5463524517539
23.590015662676
23.6187347139412
23.6423568033856
23.6749863799251
23.7409728590287
23.8255030797684
999.99
999.99
999.99
999.99
999.99
999.99
999.99
999.99
999.99
999.99
999.99
22.3979340861745
22.4188942715719
22.5221641627579
22.5947648392451
22.6719268134681
22.7290482820708
22.7764765851418
22.8231214278421
22.8618425414382
22.9006805129485
22.9201537216299
22.920460051233
22.8919401928628
22.8446813600527
22.7842726007977
22.7413721677203
22.7232508794913
22.7276020063555
22.7495606599014
22.7731536355123
22.7859512613786
22.7702113891402
22.7506775728259
22.7421048714258
22.7653769229141
22.8236379931549
22.9301784602915
23.0668528991258
23.2030045883542
23.3282053730484
23.4394826022778
23.5312447169525
23.5830473786979
23.6225035566571
23.6453617190939
23.6638146124209
23.6931948775702
23.7592248035812
23.845235624403
999.99
999.99
999.99
999.99
999.99
999.99
999.99
999.99
999.99
999.99
999.99
22.2495857800552
22.4263236988974
22.5462418957309
22.6531915512864
22.7484267806919
22.8174082444982
22.8704733389224
22.9125733581337
22.9406576139541
22.9715825716643
22.9952574008927
23.003460748349
22.9917120109761
22.965716262382
22.9220553014052
22.8801328868994
22.8581247784567
22.849020516585
22.8555765025809
22.8707953101343
22.8858298703233
22.878453006624
22.8734110820421
22.8753691243038
22.9015249699226
22.955764883644
23.0447169244432
23.1560315309167
23.267619524485
23.3712714440301
23.464273051008
23.5498374583345
23.6024645259334
23.6463045534922
23.673661427891
23.6976136732199
23.7307696666628
23.7991710912007
23.8869535403724
999.99
999.99
999.99
999.99
999.99
999.99
999.99
999.99
999.99
999.99
999.99
22.2539673623576
22.4484808506745
22.5746756178603
22.7044798234232
22.8098187092301
22.8852581914139
22.9413401032751
22.9786182148024
23.000203867871
23.0263024368135
23.056410651888
23.0737398543861
23.080108285257
23.0738913431691
23.0458814268609
23.0047855959156
22.9774986001033
22.9544181802857
22.9479259600956
22.955816682154
22.9746556711939
22.9799428504934
22.989654622962
22.9987681087303
23.0274009199081
23.0748134907044
23.1401633561849
23.2227739185691
23.3081422149225
23.3868668248551
23.4612816033839
23.5450537524018
23.6058223051504
23.6622341188063
23.7044251414369
23.7432844981353
23.785614186658
23.8577790758811
23.9474387024822
999.99
999.99
999.99
999.99
999.99
999.99
999.99
999.99
999.99
999.99
999.99
22.2499559189037
22.4910179927408
22.602096317803
22.7393092163307
22.8452885425262
22.9221200973811
22.9796958985121
23.014639543888
23.0354413747025
23.0612235861046
23.0989551350254
23.1257654489205
23.1481365105596
23.1582370246759
23.1437654953146
23.1058177436851
23.0758263691468
23.0456741391369
23.034787862953
23.0416547876756
23.066338403752
23.0836546809344
23.1007662966931
23.1068066452224
23.1311272295634
23.1671413794646
23.2077641267595
23.264976816235
23.3284464960551
23.3839901263575
23.4423210464285
23.5265123915232
23.5986560813802
23.671870646775
23.735130407899
23.794275268275
23.8494315343427
23.92634961791
24.018147051474
999.99
999.99
999.99
999.99
999.99
999.99
999.99
999.99
999.99
999.99
999.99
22.3267359307359
22.546742957407
22.6387601593323
22.7630144497766
22.8600659612046
22.9321173145932
22.9888790268471
23.0241513561146
23.0496930324556
23.0801717563965
23.126478639102
23.162318643996
23.1974252411923
23.2188359977833
23.215017350688
23.1821136043989
23.1520449994118
23.1209319084311
23.1136609355668
23.1260709768028
23.1603417680411
23.1919430872767
23.212800290879
23.2095988889089
23.2236161299723
23.2418813545433
23.2548208401771
23.28810077634
23.3331996841568
23.3690845704898
23.4159168603859
23.5031867982801
23.5892923657295
23.6808335563766
23.7664277246534
23.8467805212459
23.9145933709599
23.9948552629678
24.087499648548
999.99
999.99
999.99
999.99
999.99
999.99
999.99
999.99
999.99
999.99
999.99
22.408943585515
22.6075629765457
22.6727743796583
22.7773934480826
22.8584206814669
22.9216782165715
22.9761263356615
23.0144379075988
23.0492338830415
23.0883245920894
23.1427811539099
23.1842484780255
23.2248363180901
23.2504295785824
23.2527483264507
23.2242957711757
23.1977038424803
23.1743323484999
23.1785716401958
23.2004490791588
23.2466024951194
23.2922126390665
23.3125817028721
23.2979040856371
23.3014899759994
23.3008883595432
23.2873991869568
23.2998642753786
23.3284443499827
23.3459831547188
23.3839192591066
23.4737550012739
23.5721706890234
23.6798955924903
23.7865646244004
23.8862483608662
23.9664283108955
24.0509103424395
24.1456206680795
999.99
999.99
999.99
999.99
999.99
999.99
999.99
999.99
999.99
999.99
999.99
22.5973393248899
22.6573197587717
22.7031450644115
22.7805734893826
22.8423714872045
22.8962780692433
22.9485748465548
22.9922194972281
23.0396307645535
23.0908938388444
23.1509450379809
23.1937913924914
23.2331799050844
23.2571685704672
23.261625727271
23.2409474966932
23.2233655970919
23.215232287277
23.2362960723693
23.2707218436148
23.3255296308028
23.3804450124179
23.3976315822275
23.373162674297
23.3665265267374
23.3501945122035
23.3164711395569
23.3119420228353
23.3246771890627
23.3258313039511
23.3558735464189
23.4447020422214
23.5500613363487
23.6687902145852
23.7919932040672
23.9065157414584
23.9971430875552
24.0868165557992
24.1849721446836
999.99
999.99
999.99
999.99
999.99
999.99
999.99
999.99
999.99
999.99
999.99
22.6243242697424
22.6814251158889
22.7175042800703
22.7758500579071
22.8235475963578
22.8725302813461
22.9249945468825
22.9749618794817
23.0321441815534
23.0923681718342
23.1518572377352
23.1909661128679
23.2240213481354
23.2456471100599
23.2539464995936
23.2466695389267
23.2443119124049
23.2559853227386
23.2950905711423
23.3424852763078
23.4018504439329
23.4598861508987
23.4744226277133
23.4442065899506
23.4267405159315
23.3974827105835
23.3506148490983
23.3317628828212
23.3289458838942
23.3160940757728
23.3388542147541
23.4215522883348
23.5258701765047
23.6482862367696
23.7823536578649
23.9067215441838
24.006332128833
24.103412043394
24.2067320990358
999.99
999.99
999.99
999.99
999.99
999.99
999.99
999.99
999.99
999.99
999.99
22.7000101026861
22.6606163484388
22.7050290374956
22.766703430844
22.8081337984886
22.8573738555061
22.9123885401458
22.9683722561564
23.0314886441049
23.0961005587409
23.1509594258456
23.1834712514694
23.2087657796186
23.2282063575942
23.2422730956836
23.2499397778602
23.2640022377564
23.2936649689368
23.348259974032
23.4055443535967
23.4677648292301
23.5289263418817
23.5472055224741
23.5189683943386
23.4948879565953
23.4550684159344
23.3958887418174
23.360033513322
23.3386012901633
23.3107521759758
23.3245546363452
23.3985937863346
23.497498932789
23.6190414129468
23.7603766755352
23.8922668809053
23.9994029738125
24.1048064382172
24.2135943069561
999.99
999.99
999.99
999.99
999.99
999.99
999.99
999.99
999.99
999.99
999.99
22.5920681378242
22.6144521279401
22.6694059725203
22.7453554407107
22.7902165736328
22.8473953148904
22.9098807035666
22.9734416305668
23.0401498729455
23.1051111428417
23.1528185877558
23.1775269330464
23.1943183541846
23.2124795313627
23.2341809636756
23.2579944980101
23.2899493584097
23.3372853788779
23.4051351838008
23.4674861199163
23.5266830563461
23.5836574183769
23.6035282058468
23.5768495426969
23.5474172056654
23.5020586846745
23.4359357238447
23.3866960828849
23.3497544558282
23.3098399800172
23.3132786639007
23.3767262826399
23.4662126944199
23.5842521877571
23.7313162580335
23.8705930493118
23.9860590929705
24.1015806162732
24.2155672445752
999.99
999.99
999.99
999.99
999.99
999.99
999.99
999.99
999.99
999.99
999.99
22.1820190757751
22.5538644407345
22.6185060051291
22.7081351018169
22.7643685133612
22.8357823637108
22.9100244151178
22.9841902552212
23.0555241060346
23.1195313261287
23.1601342789045
23.1788226251686
23.1873490646917
23.2033648117639
23.2318287398961
23.2716117584727
23.3208999109824
23.3842784578568
23.4634902111006
23.5289976945804
23.5807980980617
23.6276281055774
23.6482186190345
23.6242842077681
23.5924973569456
23.5495622139229
23.4867168382602
23.4312105962375
23.3842211981826
23.3363151685027
23.3283359185202
23.3782302847476
23.4546442091732
23.5669438562027
23.716547397841
23.8612380759954
23.9832935772861
24.1070229310648
24.2225479098119
999.99
999.99
999.99
999.99
999.99
999.99
999.99
999.99
999.99
999.99
999.99
22.1507754498695
22.4945198902823
22.5646395259259
22.6631200315509
22.7346393789603
22.8208739131953
22.908263585039
22.9950768910261
23.0724601830577
23.1356656980276
23.1738412135894
23.1915662693221
23.1940165866141
23.2060755412281
23.2385206744867
23.2898177651611
23.3540429061814
23.4336659210402
23.5264698301334
23.5970538475956
23.6437104655448
23.678049043466
23.6949668644822
23.6699655983884
23.637109197897
23.5999695551245
23.5467831317133
23.4936423192523
23.4455974565284
23.3946099706861
23.3772014249145
23.4140831429838
23.4763316725644
23.5801595582988
23.7286513112154
23.8742836677752
23.9986953907618
24.1256746917136
24.2377642407429
999.99
999.99
999.99
999.99
999.99
999.99
999.99
999.99
999.99
999.99
999.99
22.203213004443
22.4551414424102
22.5202905533503
22.6230714001351
22.7085429981675
22.8062369807516
22.9047013422816
23.0268048874368
23.13675550599
23.2270637772394
23.2943692146928
23.3410870034581
23.3188085294746
23.3006372974758
23.30736917296
23.3378692106745
23.3879335657246
23.4810028361505
23.587909763512
23.6661164735002
23.7133877440742
23.7376559941475
23.7486852357992
23.7218589925953
23.6910372839381
23.6610694561919
23.6211705348477
23.5766668604251
23.5327636476221
23.4816948089503
23.4565577642843
23.480285934
23.5291353045316
23.6238955989844
23.7668614195501
23.9093684650963
24.0324494924517
24.1566042474159
24.2601705530889
999.99
999.99
999.99
999.99
999.99
999.99
999.99
999.99
999.99
999.99
999.99
22.4134343216469
22.4486190100239
22.5067089832696
22.5977257058979
22.6949762162042
22.8000091287281
22.904504115727
23.0578557951966
23.200386276855
23.3200169163848
23.4203556999385
23.5006745513766
23.4568989875322
23.4080663096249
23.3855065400343
23.3902207664878
23.4215798767218
23.5262690731546
23.6456267806494
23.7317318154822
23.7823572797227
23.7991625022188
23.8042119941087
23.7787768657875
23.7561075857671
23.737673652117
23.716193457707
23.6854828349934
23.6477161209413
23.5970726591711
23.5646375007389
23.5727954542082
23.6068836201028
23.6913489695522
23.8243305085968
23.9598111032046
24.0800621586819
24.1985911373365
24.2912057076127
999.99
999.99
999.99
999.99
999.99
999.99
999.99
999.99
999.99
999.99
999.99
22.4361874695185
22.4516926110147
22.5087281058295
22.592753383584
22.6977790441478
22.8035260180286
22.9060040236377
23.0832087439526
23.2546662681705
23.4026477053015
23.5374161764266
23.65519910783
23.5953825074441
23.5191362436399
23.4679149327275
23.4450169396149
23.4525631073503
23.5631219745851
23.6900391283266
23.7834636362993
23.8404092584903
23.8577085631788
23.8640919054236
23.8491806179747
23.842998292103
23.8414124124939
23.8409221119266
23.8255518878742
23.7942394733557
23.7438285366973
23.7051931827249
23.6974527335515
23.7171234992795
23.7881357422642
23.9045871470263
24.0259582442671
24.1377875020133
24.2443458312959
24.3234195971153
999.99
999.99
999.99
999.99
999.99
999.99
999.99
999.99
999.99
999.99
999.99
22.4708301498476
22.4544062750914
22.5200175794782
22.6055095635324
22.7260178891285
22.8380256107854
22.942739622517
23.1463821875099
23.3480777574392
23.5117728121194
23.6699388429271
23.8154432682465
23.735154776912
23.6301483252636
23.5555139689478
23.5066307889234
23.489153763457
23.600912332741
23.7289330666238
23.8265589771027
23.8914524515653
23.9145143667838
23.9256082534762
23.924381041066
23.9350733154368
23.9474734857277
23.9637351747359
23.9628011748841
23.9395859498345
23.8931516293554
23.8537567060215
23.834894533334
23.8430374508664
23.8992581731514
23.9957718091055
24.09853811818
24.1977300002246
24.287931688435
24.351604937186
999.99
999.99
999.99
999.99
999.99
999.99
999.99
999.99
999.99
999.99
999.99
22.371323032884
22.4419148747619
22.5171081279267
22.6160574370297
22.750846657429
22.8709669885474
22.9786534217239
23.2242314980559
23.4724397668934
23.6692288204483
23.8638526661051
24.0509932535926
23.9336976436245
23.7870272496029
23.6753958388947
23.5866331117952
23.5256486793993
23.632959115065
23.7530707445103
23.8483547062622
23.9183957801047
23.9512188921087
23.9722692707141
23.9901599070084
24.0191668876024
24.0440116237229
24.0717435291009
24.0808548598485
24.063270244133
24.0224462368138
23.9854420543675
23.9599350721765
23.9612279271145
24.0057833005629
24.0836242173841
24.1694809425786
24.2569665582669
24.3307405875366
24.3793550463453
999.99
999.99
999.99
999.99
999.99
999.99
999.99
999.99
999.99
999.99
999.99
22.3093619587278
22.3982731038381
22.4911449421525
22.6062941737218
22.7584037729208
22.8929618919931
23.0091449777308
23.2519938702645
23.4977672288344
23.6762167213633
23.8529498696382
24.0297523333874
23.9195927395722
23.783574281382
23.6881869794431
23.6122522757334
23.5538366797237
23.6528536775661
23.7569089533718
23.8416975140461
23.9100322801146
23.9535379815557
23.98742068842
24.0266676849383
24.0751297984001
24.113408030123
24.1490163141982
24.1661130434164
24.1548309247471
24.1223264340045
24.0913890553305
24.0661296164003
24.0653664382548
24.1017014042385
24.164564582994
24.2370206609597
24.3144263115697
24.3744256515659
24.4098077365552
999.99
999.99
999.99
999.99
999.99
999.99
999.99
999.99
999.99
999.99
999.99
22.1986008466949
22.3366601491551
22.4399979692493
22.569252948113
22.7405376331582
22.8963600899039
23.0302100315432
23.2771508025858
23.5233756704211
23.681872898959
23.8361562904656
23.9964058910191
23.8897433774616
23.7642066179907
23.6874870646244
23.6267030574341
23.5712770962279
23.6580826345727
23.7420102694602
23.8111407339739
23.8711165289008
23.9209366053205
23.9660321539295
24.0228709396484
24.0874021270974
24.1395318506773
24.1837923788608
24.211277828562
24.2120748323749
24.1938579128655
24.1746071123258
24.1560233280313
24.1573442970659
24.187817157088
24.2393190755258
24.300137931824
24.367580735497
24.4153115141352
24.4389363235179
999.99
999.99
999.99
999.99
999.99
999.99
999.99
999.99
999.99
999.99
999.99
22.0835097733599
22.2654770433105
22.3760472627501
22.5153043727511
22.7058933242945
22.8882265087841
23.0475741300935
23.3040712624754
23.5544582949166
23.693577479655
23.8197292383469
23.9542915466519
23.8473332456367
23.7278532507017
23.6677977917303
23.6232633468283
23.5740476232947
23.6478332552001
23.7121317115003
23.7634588545887
23.8114379593888
23.8617621366236
23.9130845980643
23.9810419172069
24.0567314670059
24.1200100604117
24.1731862190084
24.2131670116664
24.2299068567782
24.2299669060192
24.2267566386667
24.219828626636
24.2258665412982
24.2539454385742
24.2991713237435
24.3528195798556
24.4132016383446
24.4542320433765
24.4698566546112
999.99
999.99
999.99
999.99
999.99
999.99
999.99
999.99
999.99
999.99
999.99
22.0607465814609
22.2139449814007
22.3215394323492
22.4605172776962
22.652172688723
22.8448719459316
23.013836813563
23.2634516691882
23.5048853623846
23.6420164231119
23.7565798617036
23.8815749739394
23.788997795269
23.6838547964046
23.6338110658916
23.600599818102
23.5538733575003
23.6122802310647
23.6592633687425
23.6930010210744
23.7272697009012
23.7753597304367
23.830859819995
23.906559347799
23.9924975663653
24.0673503875494
24.1309364889719
24.1844363503281
24.2186586289744
24.2374656349358
24.2517955801382
24.2590830454891
24.2732034660419
24.3028462262242
24.3463688151752
24.3969412356419
24.4533428095339
24.4912185075556
24.5022051038854
999.99
999.99
999.99
999.99
999.99
999.99
999.99
999.99
999.99
999.99
999.99
21.9832354824167
22.1889931914014
22.2914117494932
22.4190211666758
22.6160336326518
22.820935542647
22.9995469339363
23.2048586277625
23.3967504283973
23.4898466634961
23.5542434894891
23.6315716103666
23.5875068354806
23.5283230099027
23.5211241136773
23.5305526661495
23.5195816108691
23.5607156759299
23.5926728796541
23.6093702612974
23.6291860502387
23.6721070298313
23.7291941268249
23.8080304265286
23.9018753059846
23.9878868585583
24.0634405602357
24.1316254974665
24.1853764596181
24.2239865713356
24.2573365762304
24.2802489743868
24.3040849816083
24.3372385599063
24.3811527155351
24.430414793654
24.4839850099757
24.5207924861569
24.5298047893497
999.99
999.99
999.99
999.99
999.99
999.99
999.99
999.99
999.99
999.99
999.99
22.1437618913542
22.184393547228
22.2645583979937
22.3855248007249
22.5894042983774
22.8060911192137
22.9948474475102
23.1811608553139
23.3490789338987
23.4221915943757
23.4625021786253
23.5155060403014
23.4961018113123
23.4529253284948
23.4601459253138
23.482045189852
23.4806837131447
23.5030169157659
23.5233052999542
23.5258055128526
23.5341941777599
23.5704827255635
23.6260204056285
23.7025385805924
23.7990222633704
23.8919017703963
23.9777591591018
24.0590834290248
24.1314444427844
24.1892293624519
24.2411474949883
24.2793582456234
24.3139483246459
24.3525724749674
24.3983218626444
24.4471808463542
24.4988846164165
24.5357798025363
24.5451939789872
999.99
999.99
999.99
999.99
999.99
999.99
999.99
999.99
999.99
999.99
999.99
22.4377059444621
22.1683676620859
22.2362926645258
22.3619121357735
22.5758013869403
22.8022540763296
22.9978883524662
23.1616810228414
23.3003989433837
23.351752720145
23.3696156453956
23.4007005564024
23.4080352859428
23.3831635845292
23.4039206131001
23.4360124691413
23.442518447622
23.4467605694588
23.4566651495229
23.448169694532
23.4494872084545
23.4806545338801
23.5326384463827
23.6032524047543
23.6972858514963
23.7903239148846
23.8801340173019
23.9693529674324
24.0554841783645
24.128882109384
24.1969933037056
24.2512206913432
24.2991366784937
24.3468398229514
24.3974938170642
24.4492004930517
24.5010622599382
24.5390985970165
24.5509080494502
999.99
999.99
999.99
999.99
999.99
999.99
999.99
999.99
999.99
999.99
999.99
22.2656934063669
22.1207230698183
22.1927901525315
22.3334190563826
22.5618420827828
22.7974442031653
22.9968349802788
23.13788436423
23.24463191914
23.2755104842948
23.2792369106369
23.2992328806194
23.3330455321974
23.3317986462707
23.3675907848061
23.4064614619606
23.415162762427
23.4028416824796
23.4008131435781
23.3820067223016
23.3776961200541
23.4050858070935
23.452370255823
23.5155266235014
23.6032190966369
23.6914981795205
23.7792687611399
23.870338293457
23.9635377491139
24.0471037299429
24.1268049536526
24.1942589153711
24.2558445391212
24.3145421841758
24.3724947984063
24.4299140840141
24.4852742238599
24.5260538303407
24.5428979890556
999.99
999.99
999.99
999.99
999.99
999.99
999.99
999.99
999.99
999.99
999.99
22.0574143475572
22.0220947346733
22.1167462561801
22.2818884837316
22.536316245571
22.7898040861482
23.0014705935394
23.1288746768559
23.2098302101085
23.2137982380234
23.1980416227946
23.2020446524277
23.2570088203896
23.2817444206155
23.3408181792084
23.3924432952443
23.4069676512537
23.3813214699555
23.3658609665335
23.3361396216514
23.3254730538077
23.3481341878011
23.3890403529596
23.4426278178923
23.5189869968846
23.5977142315264
23.6777135938355
23.7642942779478
23.8574604736274
23.9459435579419
24.0315149399862
24.1083088016905
24.1810674143273
24.2506273407033
24.3170304115892
24.3828576619216
24.4451708700198
24.4928500036895
24.5188196072447
999.99
999.99
999.99
999.99
999.99
999.99
999.99
999.99
999.99
999.99
999.99
21.7589591149591
21.8797439437469
22.0180152084784
22.2164275487307
22.4926674274437
22.7570089035679
22.9757941424795
23.1076942534596
23.1828710230774
23.1836546933915
23.1738471977511
23.1867106142396
23.2470446518675
23.2868952037041
23.35717979775
23.4085929693361
23.4142043088779
23.3797521687586
23.3515919466018
23.311211862125
23.2931114781896
23.309324143687
23.3416742030356
23.3832102897333
23.4443712513108
23.5098103895455
23.5776502629883
23.6547201398515
23.7418978600586
23.8298047557753
23.9156523949132
23.9975866728472
24.0784267808202
24.1574291784091
24.2324330545469
24.307669959375
24.379189916783
24.4368586198779
24.4753798495578
999.99
999.99
999.99
999.99
999.99
999.99
999.99
999.99
999.99
999.99
999.99
21.601582972583
21.7064729448646
21.9163512842812
22.1737488082572
22.4638337610812
22.7269979139337
22.9386390501147
23.0647739397001
23.1262027710744
23.1237476772365
23.1212153137044
23.1468502946547
23.2139526706362
23.2770998861811
23.364197467387
23.4240829698242
23.4287647488322
23.3933484347725
23.3555300170798
23.3064508524745
23.2785437348775
23.2849862599382
23.3062843322358
23.3340477896596
23.377671025088
23.4280894728157
23.4819539386423
23.5465142036112
23.6240137019824
23.7071987236141
23.7897472995555
23.8732963152025
23.9591628206045
24.044808372564
24.1276626375575
24.2120586419916
24.2935068275851
24.3629256502928
24.4165607751828
999.99
999.99
999.99
999.99
999.99
999.99
999.99
999.99
999.99
999.99
999.99
21.5350966056785
21.577334852183
21.84710787588
22.1504338430027
22.4441246997121
22.696577719043
22.8914884449327
23.0085133813845
23.0611383228325
23.0614279436339
23.0716075530081
23.1160189851316
23.1926670729533
23.2777618067564
23.3817706438962
23.4526097642264
23.4590123369592
23.4248081426194
23.3799922395538
23.322289758849
23.280997767454
23.2733225805727
23.2805210819775
23.2917761532703
23.3157394782136
23.3501464802139
23.3901109894778
23.4417355109593
23.5089108318694
23.58597002922
23.6634301048683
23.744796099291
23.8313911967605
23.919392338029
24.0068198739956
24.0977652194202
24.1881183879737
24.2696922420728
24.3396147427949
999.99
999.99
999.99
999.99
999.99
999.99
999.99
999.99
999.99
999.99
999.99
20.7308499060625
21.5216126517812
21.8267689098243
22.1519724925988
22.4421175387847
22.6783945937478
22.8528874731562
22.957578659977
23.0033108377568
23.0072450787646
23.0294571609492
23.08953630603
23.1766140204292
23.2790943037017
23.3963321662433
23.4777447585149
23.4896034573535
23.4587387659929
23.4114163890251
23.3483647324241
23.2941876697643
23.2697920651935
23.2605607484685
23.2528630403617
23.2559652906431
23.2742969928963
23.3019608442632
23.3427695528458
23.4023164327225
23.4748050834146
23.5479059871113
23.6263158611629
23.711076797275
23.7980300999971
23.8862836842294
23.9800068644654
24.0757658387224
24.1671402465461
24.2511731335587
999.99
999.99
999.99
999.99
999.99
999.99
999.99
999.99
999.99
999.99
999.99
20.7856301692887
21.5350411669833
21.8567883913124
22.1939671707405
22.4739524503545
22.6895554342504
22.8423293181682
22.9321948597987
22.970971007409
22.9768303477376
23.009053814623
23.0808248400285
23.1744120790053
23.2867589914529
23.4099525149949
23.4967349290484
23.5127401276854
23.486762505732
23.4404440930211
23.3759377301598
23.3116444362179
23.2713839515795
23.2451576000883
23.2183617894915
23.2017605693429
23.2052167005754
23.2231030025882
23.2569042712718
23.3129988741909
23.3836020849251
23.4550571420102
23.5310411430345
23.6125806405348
23.6954605263757
23.780338027008
23.8714789255967
23.9674930017118
24.0638352256477
24.1576720408699
999.99
999.99
999.99
999.99
999.99
999.99
999.99
999.99
999.99
999.99
999.99
21.1060723863825
21.6045869622096
21.9207390036324
22.2704771687001
22.5342322650737
22.7284962487339
22.8604561924339
22.9330183956898
22.9650423037442
22.9731524506615
23.0121770064749
23.0926140248572
23.1923141175994
23.3087545539362
23.4301828134526
23.5167204348419
23.5332587511766
23.5095380339905
23.4638809109861
23.4005291472508
23.3291888726736
23.2752600020836
23.2333556338551
23.1905378141139
23.1568304857676
23.1477878238151
23.1593632020594
23.1911858795917
23.2482961197628
23.3210358612748
23.3942973623516
23.4692732594503
23.5463592274978
23.6225650607391
23.7000559344378
23.7837289526317
23.8745536480866
23.9703078594004
24.0681937692679
999.99
999.99
999.99
999.99
999.99
999.99
999.99
999.99
999.99
999.99
999.99
21.3240146093422
21.7232219665458
22.0227529284044
22.3435171279606
22.5888145330911
22.7663463805
22.8859358464705
22.9484850682047
22.9834579321254
22.9999613072186
23.0481292403662
23.1377880823795
23.2447147337024
23.3591342808232
23.4715340570101
23.5496055549609
23.5584857711101
23.5300832390646
23.4812650318764
23.4174064418695
23.3405500506495
23.2750551056488
23.2194104704882
23.1639344764989
23.1181700242994
23.1018553585646
23.1135071584979
23.150859821407
23.2159250994632
23.2959917879991
23.3744462272287
23.4496999164916
23.5209080845099
23.5876344728332
23.6535342695245
23.7248449693738
23.8048796052458
23.8938358232452
23.9887822411807
999.99
999.99
999.99
999.99
999.99
999.99
999.99
999.99
999.99
999.99
999.99
21.3728350738177
21.8391147834091
22.1254340179979
22.4202035130341
22.6436324427846
22.8042858049568
22.91519915403
22.9694627012571
23.0065317013188
23.0318113113121
23.0876441735933
23.182181453623
23.2938649862809
23.4050757379509
23.5056215062763
23.5713494789246
23.5721988470509
23.5388804262073
23.4856882188173
23.4217650576567
23.3429658622059
23.268687107487
23.2025439102262
23.1402768751125
23.0894229594528
23.0730646319777
23.091958683146
23.141894237637
23.220246034142
23.3119355863771
23.398151609075
23.4753166267259
23.5404002861842
23.5961940230672
23.6474309713562
23.702280176622
23.7661094464472
23.8417231768208
23.9263706755975
999.99
999.99
999.99
999.99
999.99
999.99
999.99
999.99
999.99
999.99
999.99
21.5733834093381
21.9722752685405
22.2343873755862
22.501762217297
22.6895698090689
22.8131420354423
22.9070604420789
22.9705821430788
23.0050082708008
23.0446300670792
23.1326176317621
23.2385904166751
23.3428271244719
23.4709266018419
23.5590990581414
23.595299785158
23.5793456465327
23.5375742540842
23.4813110565955
23.4150539349734
23.3310474880077
23.2513983186704
23.1788086717877
23.0985573228888
23.0476247513301
23.0383906315439
23.0748277994091
23.1515715859226
23.2542903783801
23.3692391750724
23.47303696736
23.5472704554555
23.6051425637024
23.6487371130559
23.6743514827157
23.7107803699916
23.7526797268011
23.8096692973351
23.8753722064729
999.99
999.99
999.99
999.99
999.99
999.99
999.99
999.99
999.99
999.99
999.99
21.5768677248677
22.1280072187066
22.369023334831
22.5797407959601
22.7118427449557
22.7961107160773
22.8707939766365
22.9341453675077
22.9759726073656
23.0415668957233
23.1531773081959
23.2669245725226
23.3739902091243
23.5136144534269
23.6041824980933
23.6240651227684
23.6006716696335
23.5439964157936
23.486545307907
23.4045262834913
23.3133311309639
23.2271983827524
23.15297590886
23.055598434876
23.0137891795178
23.0259862498179
23.0849674015563
23.1927201757975
23.3219328813699
23.4593057614915
23.5710457243589
23.6428165944281
23.6921054856178
23.7236927304262
23.729450148362
23.7477211795942
23.7654128747719
23.7979664978868
23.8419284307418
999.99
999.99
999.99
999.99
999.99
999.99
999.99
999.99
999.99
999.99
999.99
21.6982086804665
22.3797495210944
22.667051362304
22.9055354339814
22.6085739324555
22.6798082567839
22.8171966210637
22.6979690081502
23.099227702611
23.2152933600146
22.810856608226
23.2520344158358
23.746411893952
23.8384133922601
23.5517379971944
23.8225749279756
23.5669472374316
23.4626486190929
23.5207686974272
23.2264692050755
23.5287518691142
23.1800965654555
22.946191456627
23.0784502566733
22.8284851099346
22.826882161586
22.9792199647043
23.0523750798176
23.5525488818834
23.6296382088682
23.6980527675963
23.8985050186618
23.836110447431
23.840434690358
23.8353797205505
23.7843971672926
23.6695288876822
23.8252850623373
23.7815395694124
999.99
999.99
999.99
999.99
999.99
999.99
999.99
999.99
999.99
999.99
999.99
999.99
999.99
999.99
999.99
999.99
999.99
999.99
999.99
999.99
999.99
999.99
999.99
999.99
999.99
999.99
999.99
999.99
999.99
999.99
999.99
999.99
999.99
999.99
999.99
999.99
999.99
999.99
999.99
999.99
999.99
999.99
999.99
999.99
999.99
999.99
999.99
999.99
999.99
999.99
999.99
999.99
999.99
999.99
999.99
999.99
999.99
999.99
999.99
999.99
