999.99
999.99
999.99
999.99
999.99
999.99
999.99
999.99
999.99
999.99
999.99
999.99
999.99
999.99
999.99
999.99
999.99
999.99
999.99
999.99
999.99
999.99
999.99
999.99
999.99
999.99
999.99
999.99
999.99
999.99
999.99
999.99
999.99
999.99
999.99
999.99
999.99
999.99
999.99
999.99
999.99
999.99
999.99
999.99
999.99
999.99
999.99
999.99
999.99
999.99
999.99
16.7284033867797
16.5689625976037
16.4093461778897
16.4195093141469
16.5693669413565
16.6789832320216
17.0529833275513
17.1733884590052
17.3212527213398
17.1620866555048
16.953635418395
16.9556333016577
17.197411308204
16.8920067340067
17.0835822318087
16.9984949394392
17.0121714808614
17.4230299963297
16.9641714708056
17.1726867982966
17.2731081547179
17.853303701525
17.8286839324052
17.6055197587288
17.75094329306
17.8857629505609
18.1155431484247
18.1498597246733
18.1494687039635
18.0546720515257
18.4011447576813
18.4482670759361
18.6491981721982
18.3050874297983
18.3179763371227
18.3992463795077
17.4661390158428
17.6588902162491
18.2437763196927
999.99
999.99
999.99
999.99
999.99
999.99
999.99
999.99
999.99
999.99
999.99
16.6702168298214
16.5584050370236
16.5608103577537
16.571567448864
16.6478688959507
16.7647446132163
16.90361036741
17.0206339112619
17.0936351914405
17.1198809407096
17.119910338798
17.0773383646238
17.0366874195052
17.0156691182286
17.007649236908
17.0317595526809
17.071021727208
17.1363506238921
17.2267758776844
17.3581426405512
17.4661649329237
17.5826187753708
17.6858415006317
17.7879899832451
17.8574609520002
17.9292865844468
18.0034685950207
18.0575704142671
18.1191561828083
18.1751513622436
18.2335693262353
18.2848723742405
18.3452886350225
18.3830156201055
18.3455088249504
18.2908426787899
18.27692676574
18.2854471719605
18.3510484931921
999.99
999.99
999.99
999.99
999.99
999.99
999.99
999.99
999.99
999.99
999.99
16.6037250755439
16.5636928441971
16.5593498028059
16.5790992328113
16.6487814223054
16.7535943545332
16.878344123045
16.9862184597165
17.0594294719996
17.0863151570552
17.0897928064585
17.052938403238
17.0174627146005
16.9909662919556
16.9855482487889
17.0045373152678
17.0379429010275
17.1023029227359
17.1968662802949
17.3226739130465
17.4418966372026
17.5745332460601
17.6949186662859
17.7978076120569
17.8745966305725
17.9426796436775
18.0155564182391
18.0664000277593
18.1240097105007
18.1733423544662
18.2261977134249
18.2642991305965
18.3087685111745
18.3399416565777
18.3267290446472
18.3134019222737
18.3244809428695
18.3532223502776
18.4125225564462
999.99
999.99
999.99
999.99
999.99
999.99
999.99
999.99
999.99
999.99
999.99
16.5984155844156
16.5802861790803
16.5668460541771
16.5875894512043
16.6442312456666
16.7306210711475
16.8354311719029
16.9381658530807
17.0168023568595
17.0589267791692
17.0672378417941
17.0492218487433
17.0149613582864
16.9849261934601
16.9798155856652
16.9950594628173
17.033454671535
17.1052619276032
17.2050444170043
17.3168019932942
17.4453087734273
17.5819746532322
17.7108953635093
17.8160692425231
17.9018533066185
17.9685376692373
18.0263263294662
18.066844134235
18.1053130870235
18.1466349106703
18.1888828610284
18.2318021987414
18.2805255672222
18.3277614383342
18.3681996219169
18.4066972003828
18.4285941339769
18.4613199478294
18.4964716227334
999.99
999.99
999.99
999.99
999.99
999.99
999.99
999.99
999.99
999.99
999.99
16.5015381163552
16.5880896985813
16.5664309688865
16.5811804492967
16.6265782806006
16.7006341269794
16.7929482524438
16.8897475235608
16.9682609309997
17.015901381424
17.0330247444332
17.026584343974
17.0032697901262
16.9826977017536
16.9850011118438
17.0051543404471
17.0441142713748
17.1084384179784
17.1999798549571
17.3060635416598
17.4342007543013
17.5766061559387
17.7192461207087
17.8376218022723
17.9302615751877
17.9950207687306
18.0444042852886
18.0736075054752
18.0996506816042
18.1345428011256
18.1776375058888
18.2235424904536
18.2807777268447
18.3430958288282
18.398038685959
18.4485349334982
18.4818236715333
18.5140843611251
18.5389905073566
999.99
999.99
999.99
999.99
999.99
999.99
999.99
999.99
999.99
999.99
999.99
16.6607608891302
16.5948318952109
16.5693844093472
16.5795303260272
16.6140299242097
16.6741095990695
16.7514389125796
16.8387637589916
16.9157285198787
16.9681800555896
16.9943059798221
17.0008932720281
16.9916831181917
16.9837885652584
16.9967793889759
17.0260610633054
17.0680974842247
17.1262383750376
17.2079793219857
17.303816839503
17.4231454612426
17.5642164713014
17.7133446418484
17.8402392156776
17.9385968358106
18.0051346424618
18.0501403043221
18.0734245390986
18.0917358550617
18.1243219029331
18.170311911036
18.2207687127844
18.2860738606493
18.3612139836889
18.4263372703789
18.4846668060717
18.5272470572565
18.5614023646265
18.5829022650423
999.99
999.99
999.99
999.99
999.99
999.99
999.99
999.99
999.99
999.99
999.99
16.6624353288987
16.5983123338577
16.5711424368401
16.5808823957871
16.6066731073961
16.6535984447958
16.7145243020346
16.7897547630119
16.8625003234143
16.9169748420282
16.9502367649334
16.969459856112
16.9749963454216
16.9815462889084
17.0076810634076
17.0477562131015
17.094157920881
17.1484333907921
17.2207340753557
17.3041771507824
17.41199146312
17.5474735809866
17.6963348239981
17.8258916966153
17.9279612702977
17.99648311302
18.0404660247689
18.0632324348612
18.0793798476685
18.1122360720969
18.1622738148349
18.2166226936464
18.2862013604437
18.3692115740733
18.4411326160886
18.503998538795
18.5540026028287
18.594807801162
18.6214700232067
999.99
999.99
999.99
999.99
999.99
999.99
999.99
999.99
999.99
999.99
999.99
16.5744967947268
16.5983711620612
16.5765114192406
16.5864788963747
16.6070359222991
16.6435635013887
16.6893256160084
16.7512870817477
16.8172393140637
16.8704308408414
16.9084419017917
16.937982238987
16.9564849594621
16.9756783971195
17.0131941318405
17.0620505872218
17.1115114741704
17.1629042669298
17.2270074043849
17.2989380410014
17.3948073768009
17.5226281905566
17.6656514513532
17.7928400087784
17.8964626833684
17.9685300890403
18.0148896945419
18.0431296497932
18.0635301447362
18.0992312010548
18.1524869209935
18.2100867769584
18.2809254057133
18.3676218497376
18.4448800596944
18.5115741192499
18.567565669016
18.617735973037
18.6542474232084
999.99
999.99
999.99
999.99
999.99
999.99
999.99
999.99
999.99
999.99
999.99
16.4982347843794
16.5904816275913
16.5786675434988
16.6010804693756
16.6187598805428
16.6466370323589
16.6784188354923
16.7265884858523
16.7842257696803
16.832977730184
16.8724416344669
16.9082725176467
16.9356549534245
16.9629503954621
17.0083354308586
17.0637915742215
17.1160464144845
17.1671828833185
17.2277586925257
17.2921044702345
17.3773367284195
17.4962302297956
17.6300616525094
17.750083945245
17.8521309217912
17.9284044848144
17.9800134939548
18.0167521366647
18.0450441173417
18.0854353836722
18.1394066555904
18.1974141952479
18.266103111006
18.3527110580556
18.4321939480547
18.5033971124585
18.5661345273111
18.6286431421434
18.685671921988
999.99
999.99
999.99
999.99
999.99
999.99
999.99
999.99
999.99
999.99
999.99
16.4532982337059
16.595872340154
16.5853118760546
16.6218974967833
16.638378821027
16.6598403611326
16.6813775605607
16.718322243386
16.7692090629175
16.8130196774789
16.8526193090661
16.891460888253
16.9231698476483
16.9530879088536
17.0018231342087
17.0594727017539
17.1125847639289
17.165060726737
17.2265876801313
17.2878921059657
17.3662645048918
17.4764499265254
17.5987721814996
17.7071895937045
17.8023189830517
17.8796207273126
17.9351688374678
17.9794390519476
18.017347911241
18.0631389727879
18.1157098749356
18.1730682717974
18.2382127577566
18.3200555220383
18.4002425170082
18.4769792826876
18.546675260538
18.6233351132355
18.7041967334803
999.99
999.99
999.99
999.99
999.99
999.99
999.99
999.99
999.99
999.99
999.99
16.3740517419089
16.616935676114
16.6072180212704
16.6450788801273
16.6591739605147
16.6762452642158
16.6916818676119
16.7218782734463
16.7684920895403
16.8088452162981
16.8481444677619
16.8878574930015
16.9205791304795
16.9499581820396
16.999027630261
17.0555334725079
17.108132433897
17.1618715831271
17.225389656214
17.2859579876145
17.3614182603899
17.464430551611
17.5759471345759
17.6729763452701
17.7596190607996
17.8337986609669
17.8894301388062
17.9373915127552
17.9813887202504
18.0293184042374
18.0787546361088
18.1347693519754
18.195787656452
18.2723653983939
18.3546279369445
18.4386863677683
18.5168194377712
18.6087376508415
18.7149798891564
999.99
999.99
999.99
999.99
999.99
999.99
999.99
999.99
999.99
999.99
999.99
16.3743492063492
16.6538659565408
16.6486290285674
16.6787144310817
16.6885098557873
16.6999494505538
16.7107252078961
16.7356436834026
16.780143284622
16.8188747993831
16.8590503196914
16.8988209453469
16.9314603604007
16.9578599245877
17.0037108047941
17.0565759621831
17.1077036833901
17.1622508495451
17.2276822691799
17.2899164130077
17.3632115646077
17.4591222705962
17.559627665258
17.645975354063
17.7227343953747
17.792359704706
17.8453214136888
17.8940008257121
17.9413699788424
17.9898787330243
18.0353462870667
18.0894335702995
18.1461579961866
18.2155017476597
18.2972019449702
18.3870940548913
18.475570766541
18.5832173980712
18.7165718670852
999.99
999.99
999.99
999.99
999.99
999.99
999.99
999.99
999.99
999.99
999.99
16.6230392997026
16.7154446819699
16.7070345889519
16.7220006904731
16.7262832509756
16.730781853997
16.7370650790935
16.7581932085952
16.8022133553223
16.841240884449
16.882722682713
16.9224994501461
16.9545583177234
16.9775663954665
17.0192422541631
17.0690049733519
17.1197476982954
17.175484785743
17.2426370027004
17.3061599583764
17.3756026855056
17.4623621699013
17.5513068193602
17.626446706846
17.6927319353442
17.7565927808167
17.8049054889201
17.8506786746544
17.898726613374
17.9468723939781
17.9889981307694
18.0424343681156
18.0970812136213
18.159843634254
18.2388030615998
18.331911451716
18.4293378851763
18.5503026898533
18.7102322957347
999.99
999.99
999.99
999.99
999.99
999.99
999.99
999.99
999.99
999.99
999.99
16.8044044979411
16.7706034289392
16.7642475994071
16.7669415304762
16.7677280927802
16.7677086814234
16.7715567280651
16.7904892091541
16.8345464195472
16.8745942940642
16.9173195124805
16.9574513760198
16.9894680319133
17.0106596252498
17.0492833845481
17.097088071684
17.1484256870222
17.2047823212969
17.2709899933562
17.3323379290447
17.3940280773355
17.467794272728
17.5428575305415
17.6061398509284
17.662478917242
17.7206437502031
17.7641909531715
17.8059634466923
17.8530782070656
17.9005106034663
17.9413540193872
17.9960339669615
18.0523248136883
18.1130159483873
18.191221833687
18.2860265846354
18.3901855812861
18.5194356287216
18.6855354746009
999.99
999.99
999.99
999.99
999.99
999.99
999.99
999.99
999.99
999.99
999.99
16.9714340417616
16.8085776708772
16.8163247333631
16.809391378289
16.8114096823632
16.8106846224341
16.8126160466783
16.8273730634835
16.8668492090549
16.9028780293539
16.9430604364142
16.982997946518
17.0180889509743
17.0431999329924
17.0850267798399
17.1366460127711
17.1917464587888
17.2473458113646
17.3080357807459
17.3615884525184
17.4099690468356
17.4669421848412
17.5280585606667
17.582119276066
17.6322830747466
17.686818967051
17.7271515488615
17.7643088669057
17.8081563310718
17.8541942078116
17.8956232902147
17.9534727423332
18.0156466469141
18.0799604901227
18.1591092083073
18.2539206343445
18.3603219242105
18.4903517933421
18.6529039537358
999.99
999.99
999.99
999.99
999.99
999.99
999.99
999.99
999.99
999.99
999.99
16.8598190868365
16.8239277555734
16.8494847166471
16.839605398967
16.8470358089385
16.8477514666456
16.8467122369662
16.8543986598002
16.885102708237
16.9138148623638
16.9501596287703
16.9924973200182
17.0359980873308
17.0713824725103
17.1225108027761
17.1822787070956
17.2418709534121
17.294064646742
17.3449939158022
17.385338121656
17.4156872341511
17.4532934116867
17.5012344319622
17.5486110877228
17.5968556644813
17.6522178286275
17.6931821916546
17.7273849873719
17.7683271877889
17.8131323692132
17.8554359333497
17.9166460368254
17.9866378439288
18.056551578593
18.1362805192223
18.228168993061
18.331041770253
18.4531104221397
18.6022031013005
999.99
999.99
999.99
999.99
999.99
999.99
999.99
999.99
999.99
999.99
999.99
16.8462256235828
16.8024256948771
16.8441289750198
16.8497504405732
16.8666172421835
16.8723510285347
16.8693649689147
16.8694652501117
16.8872538115724
16.9051299602965
16.9353835421482
16.9811855104742
17.0366744760278
17.0894270516502
17.15776395552
17.2316225608309
17.2973950168783
17.3443593737145
17.3808789587987
17.4006078186146
17.4071091039335
17.4227112610701
17.4576864337925
17.4994512551136
17.5491593244677
17.6083722843748
17.6530895764356
17.6864598844082
17.7264173370898
17.7712590162045
17.8159396250968
17.8817677413601
17.961038759344
18.0391317656407
18.1211966052249
18.2096141758617
18.3029689294308
18.4100933614035
18.5371360324163
999.99
999.99
999.99
999.99
999.99
999.99
999.99
999.99
999.99
999.99
999.99
16.9192366648063
16.7514027859414
16.8109539809993
16.8361630436396
16.8644833870023
16.8778986988102
16.8752754765213
16.8677533721311
16.8700763329931
16.8749308507863
16.8978123503265
16.9457344760819
17.0157405122042
17.0914287573193
17.1823665078943
17.2738865050505
17.3479499831848
17.3875797819187
17.4051937545289
17.3993867078886
17.379579639021
17.3729139088244
17.3963094670883
17.4352832048938
17.4892247542919
17.5543113269238
17.6052159979433
17.6412785958352
17.6820090833404
17.7283875092535
17.7761609901919
17.8454938103437
17.9323164061092
18.0185774245578
18.1030187851235
18.1881680108468
18.2695407078276
18.3651796468565
18.4702987948781
999.99
999.99
999.99
999.99
999.99
999.99
999.99
999.99
999.99
999.99
999.99
16.6020139347682
16.6937064892549
16.7612310628153
16.8033725420376
16.8405120544298
16.8596225540985
16.8564769815064
16.8402079112559
16.8250431718479
16.8162560044942
16.8317786005065
16.881374816059
16.9674575360829
17.0699206896749
17.1866438489236
17.2982630569307
17.3816443733328
17.4137576522672
17.4114987985661
17.3797284622619
17.3343930665916
17.3084168654067
17.3231887458759
17.3617359349915
17.4211727889172
17.493000259999
17.5509097563751
17.5912744913023
17.6337122384609
17.6818459005023
17.7324243889742
17.8035263347395
17.8953582890917
17.988406925581
18.0751349801637
18.1577941738808
18.2276700983889
18.3198382909259
18.4163457418949
999.99
999.99
999.99
999.99
999.99
999.99
999.99
999.99
999.99
999.99
999.99
16.5858713491309
16.6378814763799
16.7087244280482
16.7601992310012
16.799980958814
16.8218662958062
16.8197494207206
16.7988999760807
16.771917517827
16.7570569900525
16.7693636923822
16.8197470300228
16.9171713384182
17.0415089220045
17.1780874996576
17.3049355606465
17.3958488292435
17.4233502635192
17.4052365535481
17.3515224418534
17.285408706279
17.2437196886053
17.2494765119575
17.2852058525256
17.3475824757856
17.4240631708115
17.4879245261106
17.5338848204118
17.579832093481
17.6305129438175
17.6840678112802
17.7556467679791
17.8492335486191
17.9457151499706
18.0330033886058
18.1120591026737
18.1721691067047
18.2625822792907
18.351216590721
999.99
999.99
999.99
999.99
999.99
999.99
999.99
999.99
999.99
999.99
999.99
16.4226905289832
16.5941525790723
16.6606192783008
16.7198139496468
16.7614558091752
16.7873062829335
16.7912258912684
16.7731411411557
16.7406836026031
16.7229332119134
16.7309579186134
16.7745095163253
16.871054105857
17.0068065248912
17.1539197218711
17.2915616512267
17.3912494676179
17.4210813990672
17.3944837608647
17.3270020729022
17.2459271245939
17.1918658544147
17.1870078267969
17.2160605895678
17.2763284396941
17.352931388036
17.4195832917474
17.4707966274566
17.521418233722
17.5760971673074
17.6337843560838
17.7053694948355
17.7981947818145
17.8952304926337
17.9812407117252
18.0565903520756
18.1103220488918
18.2035910722476
18.2880141129498
999.99
999.99
999.99
999.99
999.99
999.99
999.99
999.99
999.99
999.99
999.99
16.4815671121368
16.571507618573
16.6275574752456
16.683245003719
16.7263764897678
16.757621350109
16.7723897745251
16.7646700051304
16.7348117595467
16.7183770193483
16.7221748619522
16.7541042574368
16.8390944996727
16.9724434760172
17.1170807395139
17.2565545481119
17.3619547201553
17.3973035765372
17.3711089042689
17.3014599801982
17.2163723803611
17.156768917041
17.1445935876059
17.1672173564468
17.22336539621
17.2972983003742
17.3642173503249
17.4189310786377
17.4722679437668
17.528972199698
17.5885991572536
17.6579085020304
17.7469264320028
17.8412551451063
17.9239385238226
17.9944739247782
18.0453249250923
18.1462357250649
18.2304778527416
999.99
999.99
999.99
999.99
999.99
999.99
999.99
999.99
999.99
999.99
999.99
16.5819711274014
16.5529389246733
16.5999830277609
16.6552267011378
16.6995396674802
16.7361962793611
16.7631080210648
16.770102102623
16.7497834632598
16.7388497727472
16.7414829136106
16.7635457795516
16.8311855525381
16.9506986282121
17.0832070198383
17.2158525579981
17.3201321964037
17.3628720961143
17.344867488367
17.2813800101536
17.1997882986024
17.1394897628349
17.1210644907331
17.135465221827
17.1853940911246
17.2542087718063
17.319809380708
17.3754801890161
17.4297272931351
17.4857957355483
17.5454091737645
17.6110107271219
17.6942720378807
17.7833911927317
17.8623024832228
17.9275558066599
17.9777580200626
18.0769377814033
18.1552672822983
999.99
999.99
999.99
999.99
999.99
999.99
999.99
999.99
999.99
999.99
999.99
16.5392411119658
16.5457905304849
16.5862183546257
16.6350883370556
16.6817918741234
16.7255512015084
16.7670293854543
16.7934251836433
16.7897855763354
16.7899588773536
16.7956072161469
16.8101700140533
16.8576332951228
16.9553821955114
17.0680689921883
17.1862348639553
17.283994553892
17.3328172820999
17.3251222630151
17.2708536548374
17.1969105802582
17.1369524143415
17.1121830295683
17.1171136385766
17.1593912963516
17.2210918235697
17.2852137970915
17.3409052032976
17.3955034868425
17.4494475556199
17.506761872192
17.5665151974727
17.6410551141627
17.7225275338096
17.7970418709531
17.857705065039
17.9095867502555
17.9964671438487
18.0603378008981
999.99
999.99
999.99
999.99
999.99
999.99
999.99
999.99
999.99
999.99
999.99
16.4664693425042
16.5386592245977
16.5732508118893
16.6203494704858
16.6706432543869
16.7208131518121
16.7750375861767
16.8217944302008
16.837539230351
16.8506708066469
16.8635463007161
16.8758890063133
16.9061128322227
16.9803743759171
17.0707256292596
17.1705377825268
17.2570124398027
17.3066727968479
17.3068076713403
17.2618531359267
17.195531499726
17.136009514333
17.1070000188861
17.1042072068366
17.1397722167418
17.1960641349456
17.2614655883621
17.3173593291656
17.372451657891
17.4234011282428
17.4763572734305
17.5271377914509
17.5920743075018
17.6650185221855
17.7353043609508
17.7930294154715
17.8487135173872
17.9277461806464
17.9859514299391
999.99
999.99
999.99
999.99
999.99
999.99
999.99
999.99
999.99
999.99
999.99
16.4929043269932
16.5313645258022
16.5621002380493
16.6108770314004
16.6609283450962
16.7128382811999
16.774562531839
16.8373195300153
16.8735945375521
16.9041977064154
16.9325827033259
16.9525755730847
16.9759281879421
17.0289048363133
17.0964979714798
17.1728079178123
17.2408444921449
17.2816864983494
17.2854666212066
17.2476948267812
17.189012799398
17.1301753277122
17.0998660246145
17.0908909416555
17.1206852333858
17.1732680053993
17.2440559992478
17.3029095737142
17.3619772045311
17.41328136436
17.4640189183677
17.5064194112997
17.5628034630587
17.6272981157076
17.6931981458708
17.7479011331594
17.8062721690815
17.8793314702023
17.9378406692135
999.99
999.99
999.99
999.99
999.99
999.99
999.99
999.99
999.99
999.99
999.99
16.4686476763654
16.5381518518666
16.5630962776033
16.6069343833638
16.652872705685
16.7020207249116
16.7644177881714
16.8356874344561
16.8901976710258
16.9403464514949
16.9905669738929
17.0270793259544
17.0555024438284
17.0958959396239
17.1461049327575
17.1987352757802
17.2457366168752
17.2715607295145
17.2717325078923
17.2350935791631
17.1800169195885
17.119114357444
17.0867461136871
17.0721026562342
17.0966514232928
17.1472323960119
17.227643115187
17.2942348887287
17.3625217548949
17.4202518709846
17.4742521564408
17.5112310610066
17.560666411843
17.6175889461316
17.6790753378738
17.7295080935373
17.7876144136865
17.8540059381282
17.9155021792292
999.99
999.99
999.99
999.99
999.99
999.99
999.99
999.99
999.99
999.99
999.99
16.4730886390033
16.5635472899548
16.5748889535528
16.6058971417175
16.6450265448914
16.6888482442101
16.7482877011817
16.824252432761
16.8940877145572
16.9635214512311
17.0362534560793
17.0914667519811
17.129588978845
17.1633013776605
17.1997016167154
17.2313309690058
17.2600062922371
17.2705051368787
17.2649067403982
17.2293139563238
17.1787481503698
17.1173085813315
17.0849089164899
17.0669227585482
17.0863923620114
17.1340501267006
17.2230573401632
17.2991634284146
17.3794550936557
17.4485054077929
17.5125294708385
17.549809131112
17.5960690666197
17.647716700637
17.7048735501181
17.748201974746
17.8019595888347
17.8647255168831
17.9323624351782
999.99
999.99
999.99
999.99
999.99
999.99
999.99
999.99
999.99
999.99
999.99
16.5838223398746
16.5869991975343
16.5858305441312
16.6084258404386
16.6395419735031
16.6753941458682
16.7281454707205
16.8038052567902
16.8835241661413
16.9674991170681
17.0614120073219
17.1366263967674
17.1885551561622
17.22041496316
17.2479732867738
17.2623313235196
17.275640165617
17.2735493478726
17.2655233676764
17.2351853879307
17.1925304098439
17.1347414167318
17.1039787508441
17.0837296003634
17.0959970348208
17.1374186088541
17.2301213637393
17.3141919342984
17.4062119659418
17.4896526761506
17.5682023586923
17.6112363383012
17.6594747187287
17.7072730799604
17.7592446040602
17.7954140864199
17.8426964587142
17.9043217719682
17.9829032073863
999.99
999.99
999.99
999.99
999.99
999.99
999.99
999.99
999.99
999.99
999.99
16.6995282441136
16.6101766562362
16.6011761123014
16.6148292937579
16.6382176455016
16.6655489947425
16.7098364578039
16.7787356496453
16.8612891706419
16.9524956266203
17.0606075055959
17.1521015441718
17.2192834115906
17.2533967605546
17.2777341743876
17.282153788874
17.2861343029646
17.278444055418
17.2748226208754
17.2557388952944
17.2256235264663
17.1767613811706
17.1472556810327
17.1224272912406
17.1232362376699
17.1527788904609
17.2400605627632
17.3293559223025
17.43265621125
17.533031876825
17.6321342211858
17.6905002817427
17.7466317848921
17.7964105788678
17.8475818195525
17.8778942380683
17.9186120818154
17.9763933604423
18.056619494821
999.99
999.99
999.99
999.99
999.99
999.99
999.99
999.99
999.99
999.99
999.99
16.6234023409808
16.6379361447587
16.6189548372325
16.6196519752105
16.6366923570599
16.6561242030177
16.6903405457019
16.7482549839983
16.8256920221508
16.9156024385752
17.0286709246103
17.1317865167688
17.2129650420676
17.2558977227982
17.2852269469354
17.2906713243039
17.2939801158893
17.2901419693065
17.2947651358248
17.2894652435287
17.2728224686071
17.2353967996983
17.2052491322463
17.1753011912012
17.1639760387562
17.178940393211
17.2521477807161
17.3415414314977
17.4507655552304
17.5626001230892
17.6790571282414
17.7548187493961
17.821428518719
17.8781054042962
17.9355691150107
17.9678675330763
18.0104425958272
18.0674114796252
18.1449117553943
999.99
999.99
999.99
999.99
999.99
999.99
999.99
999.99
999.99
999.99
999.99
16.6328270459699
16.6542637424695
16.6330257709121
16.6264420540886
16.6387792061166
16.6515137318312
16.676642830416
16.7221441750388
16.7883408903319
16.8694923852971
16.9774907222658
17.0831138733818
17.1724460754579
17.2257072874909
17.2643898842786
17.2809632932638
17.2940509495009
17.3037432278257
17.3222887803158
17.3348639450446
17.3326017643442
17.3065914786876
17.273711622204
17.237889258873
17.2130072929642
17.2098633581154
17.2620576149394
17.3453312741414
17.4525284057292
17.5672348599041
17.6923456305245
17.7809396752384
17.8646829637226
17.938310394236
18.0139849795118
18.0679747614215
18.1345811610999
18.1928953760429
18.2639796181941
999.99
999.99
999.99
999.99
999.99
999.99
999.99
999.99
999.99
999.99
999.99
16.7456263707257
16.6535702632072
16.637053055763
16.6347455291873
16.6442733892635
16.6517388541453
16.6688107014676
16.7001888360121
16.7509400174603
16.8180716137527
16.9144143932577
17.0159898231814
17.1109326863797
17.1765756524496
17.2284448126092
17.2632485344006
17.292975749665
17.319997376277
17.3522521360081
17.3802806556945
17.3889199659893
17.3702974407616
17.3324955433643
17.2918595017718
17.2570838238126
17.2388148361504
17.2719079812183
17.3469699199212
17.4467853978218
17.5556194749176
17.6756936403234
17.7653791427012
17.8614724024715
17.951242917035
18.0476514691189
18.1356517764655
18.2421182713261
18.3130830657074
18.3851245739017
999.99
999.99
999.99
999.99
999.99
999.99
999.99
999.99
999.99
999.99
999.99
16.7470255843653
16.6518438350248
16.6405742154427
16.6417273877569
16.6503535853021
16.6558591361398
16.6673954064522
16.6856715814573
16.7200930599751
16.7712458607623
16.8484690637189
16.9372573785733
17.0309018404981
17.1066759662408
17.1705933011756
17.2280966350275
17.2805621943488
17.3275808630393
17.3725108886662
17.4139838032632
17.4316699694517
17.419274541785
17.3818241674675
17.3435900861546
17.3089784965724
17.2833831783487
17.3019290066338
17.3640091821131
17.4480122569731
17.5397050310827
17.6431990963293
17.7244135989051
17.8434236511693
17.9657439646089
18.1005313337203
18.2408653593565
18.4079739734119
18.4860026544475
18.5491456079987
999.99
999.99
999.99
999.99
999.99
999.99
999.99
999.99
999.99
999.99
999.99
16.6032766339352
16.6485017070274
16.6400590108604
16.6456545432406
16.6534529252565
16.6593141153289
16.6675712966642
16.6763380379885
16.6971601906179
16.7345945812916
16.7919397370601
16.8642394675165
16.9512029368134
17.0340678458565
17.1079692343504
17.1874038230071
17.2652253961535
17.3316425181128
17.3857920424801
17.4366243179472
17.4617395074463
17.4528795005437
17.422554579325
17.3971807207022
17.3739516837253
17.3487624104944
17.3600181698078
17.4049055910933
17.4634036001711
17.5270638330062
17.6010019616177
17.6618123960587
17.7999709929159
17.9542871186687
18.1267575653528
18.3241906582201
18.5559440207358
18.644396469101
18.7053576196525
999.99
999.99
999.99
999.99
999.99
999.99
999.99
999.99
999.99
999.99
999.99
16.5620908943664
16.6373426969311
16.6333034186672
16.6481534572881
16.6562695203894
16.6646382841345
16.6725783517668
16.6756939616737
16.6866640233954
16.7119004132168
16.7493256978381
16.8020820435996
16.8784159810009
16.9637702939263
17.0462047936279
17.1458658499743
17.2494780860925
17.3332490881076
17.3945311517664
17.450787647855
17.4826227961272
17.4777214907617
17.4626805534648
17.4591505719853
17.4559258944995
17.4369627726781
17.4452866038051
17.4680211263983
17.493306082989
17.5231754958931
17.5634634063491
17.5998356970935
17.7542084767949
17.9390967170421
18.1434645896784
18.3889697773043
18.6742392498612
18.7708996524009
18.8322288309572
999.99
999.99
999.99
999.99
999.99
999.99
999.99
999.99
999.99
999.99
999.99
16.5354680830203
16.6281430685536
16.6238059978135
16.6473403921229
16.6558873517439
16.6676897314778
16.6770342532574
16.6775408783788
16.682973856012
16.6989305706861
16.7190616746976
16.7542010618828
16.8195990305894
16.9032079348088
16.9918354960456
17.1074805626303
17.23018637969
17.3256122238245
17.3917904912393
17.4489496011414
17.4850362715972
17.4867438568554
17.4915337457876
17.5121185795196
17.533610015684
17.5270704132767
17.5363476966587
17.5392539505332
17.5355837391885
17.5351567552231
17.5476541792293
17.5645566398548
17.7219053892459
17.9198560080398
18.1381753673065
18.4023162344603
18.7081302678332
18.8130942407283
18.8815196154122
999.99
999.99
999.99
999.99
999.99
999.99
999.99
999.99
999.99
999.99
999.99
16.5311473333922
16.6286017948193
16.6237502178398
16.6472061499485
16.6557117616069
16.6711150918998
16.682499556569
16.6826590124536
16.6851566162656
16.6932035096507
16.6970291193688
16.7152523458178
16.7677190980566
16.8443896598366
16.9356824256161
17.0628068881489
17.1986340847696
17.303327514687
17.3768965739084
17.436193591014
17.4750574147995
17.4850402404441
17.5092754128804
17.548832796673
17.5899702206987
17.5968823034793
17.6069950053579
17.5937991457069
17.5686664846948
17.5472290246093
17.5439086018004
17.5535676790239
17.7171899486884
17.9268179519774
18.1549354412926
18.4244902206041
18.7306120985033
18.827884501049
18.8931254367032
999.99
999.99
999.99
999.99
999.99
999.99
999.99
999.99
999.99
999.99
999.99
16.5318752960164
16.64234253265
16.6281909047407
16.6502651362799
16.6575042032254
16.6748123233507
16.6874561919461
16.6876539789585
16.6884128156638
16.6894060824322
16.6804585427841
16.6851732738691
16.7265521722757
16.7952468685516
16.8891084287261
17.0241199764519
17.1675696675226
17.2784643692293
17.3586228013221
17.4162773012639
17.4512530586797
17.4627623833764
17.4929160754559
17.5365330437869
17.5855496433579
17.6025961857839
17.6151581922879
17.6007040716382
17.5724930267652
17.5469488562073
17.5437218624396
17.5592628251127
17.7021980947975
17.8925330318032
18.1005555732601
18.340454998379
18.6087387661028
18.7180777873128
18.8003550998129
999.99
999.99
999.99
999.99
999.99
999.99
999.99
999.99
999.99
999.99
999.99
16.603240981241
16.6524226292018
16.6335022506574
16.6558514700918
16.6639950183033
16.6832838498999
16.6970394170726
16.6966982271329
16.6940464124318
16.6862480288472
16.6654779934284
16.6590419716651
16.691737503426
16.7532599509503
16.8498378550054
16.9904696351283
17.1356457140727
17.2484478590803
17.3324570386695
17.3844553263817
17.4092780538769
17.4181446517442
17.44385731258
17.4791281977485
17.5262961469168
17.5503679771167
17.565323808578
17.5598976580102
17.5437502039782
17.5285124486096
17.5390802122945
17.5708104864631
17.6913223949323
17.8568787255123
18.0413543474579
18.2451520188902
18.4690514608981
18.5920774878142
18.6917652499842
999.99
999.99
999.99
999.99
999.99
999.99
999.99
999.99
999.99
999.99
999.99
16.5960831309612
16.6623498385563
16.640880690584
16.6641139516442
16.6736089148762
16.6947241669605
16.7093923466598
16.7082142752567
16.7022477799606
16.6870329869527
16.6569966445286
16.6413064893114
16.6651751781911
16.7162501796867
16.8089408151287
16.9477089762003
17.0881558681397
17.1995053697675
17.2879202730481
17.3376207824375
17.3527853985487
17.3561147243224
17.3687310048947
17.3851319558294
17.4195972326189
17.4454555192411
17.4647156944704
17.4794645762703
17.4904193396408
17.4984609810954
17.5335901131021
17.587560310687
17.6891852478256
17.8293805949425
17.9959357739525
18.1689361533383
18.3545698800019
18.4893734128822
18.601884527462
999.99
999.99
999.99
999.99
999.99
999.99
999.99
999.99
999.99
999.99
999.99
16.5703902966952
16.6702567319474
16.6472268971447
16.6747284400921
16.6868803511105
16.7094939412589
16.7245356232906
16.7227383816183
16.7135224992668
16.6917904311353
16.6550397098203
16.6313908499946
16.6451510406591
16.6846031241194
16.7693728262499
16.9007801204019
17.0343259035037
17.1440314129871
17.2362893992526
17.2875365359526
17.2976367899136
17.2966155446471
17.2964756526804
17.2937940901752
17.3107692707637
17.3326299614785
17.3519123544075
17.3815620319144
17.416790677447
17.4487737968914
17.5099904178602
17.5892137215157
17.6853690704926
17.8151677934531
17.9762649649474
18.1317706058463
18.2920407494434
18.4370046438507
18.554194201057
999.99
999.99
999.99
999.99
999.99
999.99
999.99
999.99
999.99
999.99
999.99
16.5745844155844
16.6759346635521
16.6501362577345
16.6839539411222
16.6998044772651
16.7238050197183
16.7387382280559
16.7362908440087
16.7242894123488
16.6983633312665
16.659021520416
16.6312361362314
16.6382015194922
16.6694463791859
16.7465831499451
16.8683774829831
16.9937845734732
17.0981483743464
17.1881727412663
17.2382277101595
17.2450946016917
17.2405372296504
17.2304105161333
17.213916548669
17.2153658633067
17.2293385963233
17.2446185164283
17.2815896156521
17.3333048325981
17.3843585814542
17.4692798369009
17.5709122268633
17.6661961933803
17.7930208574345
17.9539729740934
18.0976692792964
18.244791019467
18.4127327348642
18.5407386923933
999.99
999.99
999.99
999.99
999.99
999.99
999.99
999.99
999.99
999.99
999.99
16.5130157196655
16.6696424414874
16.6518566691933
16.6908568256341
16.7110496766222
16.7366250771193
16.7512706473288
16.7483813934265
16.7344427249767
16.7069736314665
16.6684278776536
16.6410160010672
16.6449731496937
16.6715218030218
16.7417495360011
16.8524819337976
16.9665363319339
17.0619373908925
17.1448773181156
17.1918506424832
17.1990414382645
17.1973122413422
17.1866718391387
17.1668229380488
17.1594714673009
17.1648994540125
17.1715378896555
17.2030487874008
17.2577023617787
17.3183760707376
17.4192222344755
17.5362063335019
17.6473773196575
17.7886570584169
17.9636486872307
18.1130501473162
18.268076647615
18.4508062795789
18.58501592461
999.99
999.99
999.99
999.99
999.99
999.99
999.99
999.99
999.99
999.99
999.99
16.5429745463596
16.6648864400326
16.6546191785732
16.6964381057819
16.7199806156484
16.7469356923635
16.7620744749596
16.760589617552
16.7478545603706
16.7226581467678
16.6883343734702
16.6640419183841
16.6660013672776
16.6887008224418
16.7518539640011
16.8497045116585
16.9508837033591
17.0363559247092
17.110159135202
17.1527953259035
17.1628619268873
17.166944788275
17.1606661738714
17.143487480498
17.1325815369115
17.1300808460272
17.1262772130329
17.1466345015886
17.1966693621424
17.2594847891666
17.3698132711861
17.4965425517079
17.6263178756847
17.7858649198311
17.9774374272032
18.1340853433301
18.2992892704768
18.4896269945488
18.6289040819962
999.99
999.99
999.99
999.99
999.99
999.99
999.99
999.99
999.99
999.99
999.99
16.5614111573676
16.6594674305517
16.6546702417545
16.6965464154456
16.7247455103536
16.7558333194269
16.7752995301882
16.7797004403698
16.7723955132181
16.753192804383
16.7254561620144
16.7062029644874
16.708339318178
16.7298657158906
16.7881485457475
16.8743511960139
16.9627905754314
17.0384482065547
17.102383057711
17.1395316346126
17.154681106517
17.1690654245914
17.1731874047487
17.165868795904
17.1597936679099
17.1543689249381
17.1413487167678
17.1482181504496
17.1877360180856
17.2467176271291
17.3584642033757
17.4894480767523
17.6323143006504
17.8030005470065
17.99543270934
18.146950883851
18.3082322071017
18.4939630738431
18.6357688234437
999.99
999.99
999.99
999.99
999.99
999.99
999.99
999.99
999.99
999.99
999.99
16.5716248623618
16.6474919529364
16.6474783180335
16.689325807162
16.7227039044341
16.761388326713
16.7897693205129
16.8044941293352
16.8066312373457
16.7964758448262
16.7759170405405
16.7621586264651
16.7660101395478
16.7872666882691
16.841614801509
16.9172910815029
16.99300360361
17.0590097145512
17.1143611572449
17.145560632282
17.1662778594748
17.1918427462158
17.2069584585916
17.2117952980691
17.2164986516393
17.2139359157421
17.1997542012043
17.2021450322277
17.2353633963018
17.2912640380497
17.3996618290689
17.5264095994543
17.6694082728369
17.8352900970642
18.0114751591106
18.1478901593389
18.295884491673
18.4691790652864
18.6162663392811
999.99
999.99
999.99
999.99
999.99
999.99
999.99
999.99
999.99
999.99
999.99
16.6229332171893
16.6246613993621
16.6325371022627
16.6750559241367
16.7146554883576
16.7639945583326
16.8064820232254
16.8367774873983
16.8529524213417
16.8538128330647
16.8404561044297
16.8298861279703
16.8321339846516
16.8490065844253
16.8955601269962
16.9588429789798
17.0217820639808
17.0808442361441
17.1328722271449
17.1637929450081
17.193663183597
17.2332695073301
17.2621290613747
17.2809800807705
17.3007165242697
17.3079561916802
17.3011630295629
17.3075726550281
17.340602847126
17.3941258856761
17.4942281014988
17.6103700622887
17.7420670817925
17.8877794521475
18.0361179059512
18.1488673559032
18.2701950485898
18.4171246352438
18.5647502792752
999.99
999.99
999.99
999.99
999.99
999.99
999.99
999.99
999.99
999.99
999.99
16.5288974765072
16.6105685048286
16.6247171730217
16.6561101863486
16.703115191761
16.7662388669385
16.8278265287808
16.8792535276548
16.9136570997836
16.9268831325822
16.9195165860537
16.9074564815462
16.9019296122962
16.9076451308439
16.9411764538486
16.9901395823588
17.0426171318722
17.098854955224
17.1552169132748
17.1938643732926
17.237139802096
17.2913093253088
17.335305574209
17.3681880498001
17.4041838329564
17.4264175442589
17.4362044562352
17.4554999761129
17.4943598668738
17.5469251908848
17.6366643832411
17.737947047973
17.8492370697786
17.9663146972885
18.079643001321
18.1610464817077
18.2449359876824
18.3549431445981
18.4895098007325
999.99
999.99
999.99
999.99
999.99
999.99
999.99
999.99
999.99
999.99
999.99
16.506695045695
16.5994632888044
16.6102078258919
16.6337683729252
16.6880832671041
16.7659999966548
16.8479841444315
16.9222655320271
16.9761343466428
17.0019180487349
16.999516044236
16.9837594944997
16.9679842787483
16.95908430394
16.9764174003972
17.0107945940292
17.0550210286505
17.1123551575567
17.1803631230868
17.236778169227
17.3005771129366
17.3739376468679
17.4376223292799
17.4876639028694
17.539808637157
17.5792171855338
17.6104223740039
17.6453018825869
17.6915908268804
17.7443152759639
17.8222085452635
17.9061758219876
17.9928197397543
18.0753125341941
18.1461499346356
18.1899279830259
18.2293717335505
18.2971605646899
18.4064356594094
999.99
999.99
999.99
999.99
999.99
999.99
999.99
999.99
999.99
999.99
999.99
16.8037647706533
16.585937414486
16.5919537188604
16.6156539179765
16.6744685480804
16.7629665806537
16.8602904441005
16.9526828199768
17.0216346646153
17.0565939849076
17.0573561414818
17.0376320259278
17.0111529596157
16.9881523451123
16.9902280765002
17.0120262609624
17.0486937046657
17.1065773983874
17.1842136802905
17.2571759854259
17.3386709992441
17.4299669067379
17.5135052129699
17.581262485301
17.6485679450754
17.7039854965638
17.754857845685
17.8026366920963
17.8545400252453
17.9063098615744
17.9730636487657
18.0393251319232
18.1027101675055
18.1567785747758
18.1981853855857
18.2178564225564
18.2292052505905
18.2698549226809
18.3586111611263
999.99
999.99
999.99
999.99
999.99
999.99
999.99
999.99
999.99
999.99
999.99
16.7118835073818
16.5779335296982
16.5797878861232
16.6003492164894
16.6605632729163
16.7544069997617
16.8606959867331
16.9656891475887
17.045576610768
17.0875617780969
17.0918789267984
17.069949692702
17.0347996285791
17.0001424029443
16.9889497548158
17.000539089628
17.0318071175468
17.0892392948137
17.173348445808
17.2611800713141
17.3577607161323
17.4645067272023
17.5687047884185
17.6558652920538
17.7375295978213
17.8067525403536
17.8722323466394
17.9257547924079
17.9767922764529
18.0222916050353
18.0768668536569
18.1271233139599
18.1745130583539
18.2130198406953
18.242978457763
18.2538868346716
18.2533682411304
18.2765213909676
18.3431713239758
999.99
999.99
999.99
999.99
999.99
999.99
999.99
999.99
999.99
999.99
999.99
16.563940287226
16.5801459041961
16.5746314278367
16.5898872769118
16.6462676244268
16.7389192554729
16.8460390065889
16.9565099715456
17.043126358168
17.0920458472255
17.1012471190485
17.08141632366
17.0431978890481
17.0027214675871
16.9846626008068
16.9912977817344
17.0200291803946
17.0763520808724
17.1628207793119
17.2589947922738
17.3658378688119
17.4838681890201
17.6062031217528
17.7129379659948
17.8079205044532
17.8862074950092
17.9599570153247
18.0130917032867
18.0563759712057
18.0930967054222
18.1380820295566
18.177008093662
18.2164362065962
18.2539432635041
18.2858489639612
18.3011401333461
18.3031606140851
18.3203993309327
18.3659368964818
999.99
999.99
999.99
999.99
999.99
999.99
999.99
999.99
999.99
999.99
999.99
16.5392626765414
16.5829413452903
16.5658770193872
16.5822304306231
16.6295697116578
16.7133617495787
16.8126988727199
16.920334237338
17.0093365819027
17.0650680484165
17.0823301157813
17.0708597244199
17.0382011726611
17.0006817229136
16.9834436987067
16.9905273189489
17.0191884582798
17.0733627737404
17.1565070802493
17.254605859755
17.367120905808
17.4939263628379
17.6315406577861
17.757707648086
17.8644054324442
17.9469676551424
18.0202187595014
18.0661425689917
18.0971021801503
18.1237563777117
18.1618322681603
18.1959450952626
18.2362705298628
18.280169386413
18.3227853871973
18.3505177522777
18.3641813262045
18.3823229013332
18.4144928865412
999.99
999.99
999.99
999.99
999.99
999.99
999.99
999.99
999.99
999.99
999.99
16.5446291503051
16.5900866666693
16.56550276526
16.5776567117547
16.6126241149977
16.6815230392285
16.7671359329482
16.8657944824612
16.9534189881332
17.0148511232142
17.0419091479896
17.042248138512
17.0214869957635
16.9940571733663
16.9843152207149
16.99656470153
17.027461249054
17.0775971732979
17.151221587925
17.2417768124088
17.3512593880065
17.4804487890553
17.6270390252229
17.7684761685506
17.8865619719357
17.9726690876457
18.0418652010438
18.0807034950641
18.1004131766445
18.1179431203316
18.1520154557407
18.1856342644725
18.2293778434741
18.2840198552292
18.3435012075934
18.3894087387631
18.4221714490101
18.4511349835867
18.4826053900921
999.99
999.99
999.99
999.99
999.99
999.99
999.99
999.99
999.99
999.99
999.99
16.6409300236478
16.6051075123359
16.5768106721289
16.5755919756677
16.5979724173314
16.6498439212125
16.7194733576803
16.805838483566
16.8901768253566
16.9566684596984
16.9944527950485
17.0078916812298
17.0021060015694
16.9879184871901
16.9889091985164
17.0097921140001
17.0466791977234
17.0956972488489
17.1618021743005
17.2441040517831
17.3463831021373
17.4718836278846
17.6204931880276
17.7699752054382
17.8946998296528
17.9839414641454
18.0503503851979
18.0847370295475
18.0966748785268
18.108128753222
18.1402431322054
18.1756270689587
18.2246823848346
18.2911187415043
18.3659502817403
18.42711788001
18.4763228498947
18.51549989108
18.548451610692
999.99
999.99
999.99
999.99
999.99
999.99
999.99
999.99
999.99
999.99
999.99
16.6586153873227
16.616117864612
16.5866861319763
16.5784764649969
16.5902767826815
16.6259448403313
16.67997516107
16.7520039798795
16.8304980881205
16.8996817279192
16.9464984217254
16.9715760312445
16.9808051311124
16.9809796437513
16.9949244686039
17.0264731772455
17.0705803407046
17.1208944615769
17.1818327750462
17.2554048869921
17.347865715185
17.4665439304659
17.610436570007
17.759945319442
17.88526054839
17.9758782598049
18.0410595177562
18.0760344798726
18.0871859114131
18.0999825464802
18.134904794155
18.1749680731375
18.2295755667422
18.3051764832421
18.3896635540418
18.4609201102019
18.5204494397353
18.5675170933696
18.604143672672
999.99
999.99
999.99
999.99
999.99
999.99
999.99
999.99
999.99
999.99
999.99
16.7425218855219
16.6196689565938
16.5959316825849
16.5857729585883
16.5914680893223
16.6148505779151
16.6559550550387
16.7138577632433
16.7838614491661
16.8513161354241
16.9034069055063
16.9368610425876
16.9585064858032
16.9713752002695
16.9965582532399
17.0371512813948
17.0871468724063
17.139319943047
17.1973897798745
17.2652596153345
17.3491887335883
17.4607887600775
17.5964048720199
17.7395150408972
17.859821459711
17.9500102014369
18.0145547053578
18.0529402860187
18.0691807212868
18.087939134049
18.1274675695346
18.172429480315
18.2315375156548
18.3115753558719
18.4012811365783
18.4779051492852
18.5449750672801
18.5991503920617
18.6436937922548
999.99
999.99
999.99
999.99
999.99
999.99
999.99
999.99
999.99
999.99
999.99
16.6062097329693
16.6161902093191
16.6026125217834
16.6016669370934
16.6050161065579
16.6203135718952
16.6508275388486
16.6956816040687
16.7550070047309
16.8165606448967
16.8688237586922
16.9064723050971
16.9362238582079
16.9583524158095
16.9912919075811
17.038333562429
17.0918782636868
17.144995605173
17.2016869257457
17.2663295478978
17.3429571287356
17.4469205156007
17.5728797075502
17.7052722836438
17.8166532021629
17.9051492992709
17.9712035236357
18.0151918063786
18.0406155618325
18.0689123978712
18.113218012367
18.1605564317878
18.2215338434909
18.3027000471893
18.3937587576167
18.4746110048279
18.5495564415616
18.6133442503717
18.6695134797069
999.99
999.99
999.99
999.99
999.99
999.99
999.99
999.99
999.99
999.99
999.99
16.5661455923094
16.6293705152995
16.6178016208248
16.6255090495774
16.6296578133219
16.6413017575056
16.6641127578231
16.6983025178569
16.7472097489335
16.8011378886811
16.8501003850203
16.8887486910829
16.9218069325632
16.9481848380506
16.9844086142943
17.0344551203844
17.0889236312712
17.1426086455734
17.2003643729062
17.2657399639875
17.3382948942
17.4357534962211
17.5526060289469
17.6724888289096
17.7710776579932
17.8545037299751
17.9208598319418
17.9682006637441
18.0024431205846
18.0409984582328
18.0896155672409
18.1382027184703
18.2009372336959
18.2806476686892
18.3700933352675
18.4541373941477
18.5364009966541
18.6103694161685
18.6804452512077
999.99
999.99
999.99
999.99
999.99
999.99
999.99
999.99
999.99
999.99
999.99
16.4712401272197
16.648139738797
16.6386591596731
16.651449751583
16.6570242009748
16.6678521303535
16.685842764264
16.7129792241011
16.7541470804721
16.8012755935382
16.8461667587175
16.8844852358344
16.9182479402856
16.9457670677179
16.9822564154917
17.0316737826473
17.0844421528827
17.1374001823885
17.1959409562449
17.2631298844692
17.3359352171817
17.4298153744306
17.5391864172124
17.6477936791586
17.7336791549445
17.8082020423672
17.871113178851
17.918527920273
17.959608126638
18.0067050665368
18.0589258355469
18.1084131704936
18.17196448236
18.2466539379227
18.331776153798
18.4179966264257
18.5067662880225
18.5913293665283
18.6774929422262
999.99
999.99
999.99
999.99
999.99
999.99
999.99
999.99
999.99
999.99
999.99
16.5788552372908
16.6703685598332
16.6663177953033
16.6867401435263
16.6928069316547
16.7022130861995
16.7147804533092
16.7365350172372
16.7723091645557
16.8144401402441
16.8565110006642
16.8952640074541
16.9283286174839
16.9540525777106
16.9873002753648
17.0329533023813
17.0821370955139
17.1339218367787
17.1941705515778
17.2643687227808
17.3387680335387
17.4292417709353
17.5313076684344
17.6281397147206
17.7017078546648
17.76628839429
17.8235303446192
17.8676431142261
17.9119788857891
17.9631867389714
18.0162155054907
18.0650806093302
18.127832740282
18.1962897399453
18.2765304637899
18.3637432784753
18.4608944185112
18.5601609863562
18.6665670076151
999.99
999.99
999.99
999.99
999.99
999.99
999.99
999.99
999.99
999.99
999.99
16.7695173405582
16.7090185633356
16.7029762653487
16.7297676883155
16.7356069126462
16.742181990048
16.748239423367
16.7643413709599
16.7957519460841
16.8340841457397
16.8745393998937
16.9144720516422
16.9474575041169
16.9717152090465
17.0019911278573
17.0441041769969
17.0904851985207
17.141531644141
17.2029423125701
17.2745852683323
17.3481414284746
17.4324144362364
17.525728343507
17.6104864428335
17.6726628708808
17.7287335717134
17.7807055294672
17.8202056852075
17.8652045522989
17.9180284133354
17.9698814970298
18.0176107607734
18.0792880694728
18.141723194046
18.2160404194638
18.3026501965521
18.4054865145958
18.5177067180196
18.6426597817937
999.99
999.99
999.99
999.99
999.99
999.99
999.99
999.99
999.99
999.99
999.99
16.5966203498399
16.7465464689507
16.7434075859939
16.7724799328827
16.7798757111929
16.785130023393
16.7867952505494
16.7981942236816
16.8259505086758
16.8607897968529
16.8997876593655
16.9402548093334
16.973344868479
16.9968391716983
17.0264069335682
17.0671651507397
17.1131220534923
17.1652364866815
17.2275803514919
17.2978403012372
17.3667328322939
17.4415643292422
17.5233695491357
17.5958968342597
17.6484229710401
17.6976470742484
17.7439630831578
17.7781233388522
17.8204660689351
17.871858883828
17.9218708131676
17.9700707782408
18.0321283752488
18.0924335755408
18.1630734224678
18.2487954166666
18.3549307422396
18.4770457938266
18.6156919163118
999.99
999.99
999.99
999.99
999.99
999.99
999.99
999.99
999.99
999.99
999.99
16.6054199704026
16.7598996214978
16.7697485923388
16.8065032773387
16.818234601631
16.8242425388287
16.8239155810187
16.8306596068432
16.8528931324118
16.8813960386654
16.9168024110123
16.956840238463
16.9918150529653
17.0191227944976
17.053652553653
17.0987363468737
17.1489309858049
17.2043004868832
17.2656197981677
17.3304509038361
17.3896713175961
17.4505829305194
17.517988816199
17.5788916103468
17.6245904909433
17.6697774986941
17.7121614597354
17.7418780967158
17.7797435681185
17.8273987905538
17.8751301436697
17.9243050616568
17.9881908540581
18.0509630837585
18.1217449629983
18.2084126333889
18.315922818677
18.4425586040348
18.5860398245847
999.99
999.99
999.99
999.99
999.99
999.99
999.99
999.99
999.99
999.99
999.99
16.6343323713324
16.7631337478298
16.7894728810228
16.8307694363938
16.8482360800435
16.8555176236126
16.8525348570048
16.8524898633019
16.8655686643491
16.8850875211536
16.9148044375665
16.9547854380532
16.9951203163306
17.0322159479363
17.078506008853
17.1350251226186
17.193611152484
17.2521348814014
17.3094378232327
17.3634605172257
17.4057932122832
17.4481627271489
17.5002417513961
17.5514362764742
17.5941678133333
17.6410945599086
17.6841504267449
17.7126016106076
17.7457296102728
17.7888143310368
17.8331292958148
17.8826662151353
17.9485293697279
18.0168252711087
18.0895937410321
18.1763741714048
18.2809481212882
18.4045905003046
18.5428989556064
999.99
999.99
999.99
999.99
999.99
999.99
999.99
999.99
999.99
999.99
999.99
16.5997778464921
16.7591028672835
16.7994261153759
16.8326583873617
16.8577478884117
16.8688541464516
16.8655555058841
16.8588110247478
16.8600886909352
16.86749849226
16.8882864701122
16.927275814436
16.9762593702074
17.0305067623839
17.0972534011329
17.173650144773
17.2456093809377
17.3061737390591
17.3535869669244
17.3888359810685
17.4070136866785
17.4265825066347
17.4638899597437
17.5095527629002
17.5541955096385
17.6071100798001
17.6541836673497
17.6833964713675
17.7123615272813
17.7520234823466
17.7941060338464
17.845360800755
17.9150887028711
17.9907942578346
18.0663779608292
18.1531409185817
18.2502074779182
18.3617527548123
18.4852761788109
999.99
999.99
999.99
999.99
999.99
999.99
999.99
999.99
999.99
999.99
999.99
16.8452089787874
16.7194401398796
16.7749716327999
16.8122864641826
16.8458191902754
16.8624864862248
16.861336411062
16.8501132849115
16.8396752052545
16.8339996565033
16.8441883283621
16.8805631840609
16.9374986237098
17.0109178978435
17.1018909763224
17.2022602690975
17.2903629069899
17.3532991505699
17.3884760386999
17.400302204929
17.3911216012965
17.3866211615246
17.4093271762872
17.4513245467249
17.5010253924558
17.5611756833012
17.6138105810479
17.646627982141
17.6741135374894
17.7119323513067
17.7541723857925
17.8081111621622
17.8827832699398
17.9670038454805
18.0471240374611
18.1347065081611
18.2244814844888
18.3186076143321
18.4189823346233
999.99
999.99
999.99
999.99
999.99
999.99
999.99
999.99
999.99
999.99
999.99
16.9067219079797
16.6751381080585
16.7362949083924
16.7744952800854
16.8144603895387
16.8354869753584
16.836437462582
16.822234474485
16.8014729837402
16.783384820798
16.7836494550925
16.8173776309033
16.8815729020297
16.9745081426161
17.0900408807102
17.2151067552726
17.3198972547027
17.385366703704
17.4083359070995
17.3966284319284
17.359970575536
17.3316550444414
17.3404666123991
17.3787574166781
17.4339526751852
17.502078377872
17.5620269393788
17.6005975704374
17.6299091974103
17.6675714774076
17.7115920949465
17.7682366587152
17.8477858881431
17.9393413345963
18.0248383529551
18.1125434370142
18.1947908167911
18.2681918469513
18.340331065576
999.99
999.99
999.99
999.99
999.99
999.99
999.99
999.99
999.99
999.99
999.99
16.5147887972139
16.6365769944248
16.7005536960955
16.7319145420906
16.7740194522521
16.7974266106011
16.7997384925009
16.7851403804965
16.7587915102296
16.7338183088707
16.72777694535
16.7592026200012
16.8272800740251
16.9346590843346
17.0693706038195
17.2137267749109
17.3313687815698
17.3984087397861
17.4107202497086
17.3773217937745
17.3162557629455
17.26754115996
17.2637881748737
17.2974220478634
17.3565569334506
17.4311056758459
17.4975122473314
17.5424556100792
17.5755282626189
17.6147259582854
17.6618332167495
17.7220626166882
17.8060112388367
17.9030072033466
17.9928899817059
18.0775741731689
18.1513962833378
18.2035227573468
18.2473471587374
999.99
999.99
999.99
999.99
999.99
999.99
999.99
999.99
999.99
999.99
999.99
16.503262778775
16.5965685015866
16.6553522633295
16.6888848381314
16.7331028868033
16.7610004349585
16.7700455013557
16.7622055570807
16.7373368847003
16.7101026802044
16.7000212779837
16.7258633109123
16.7895997800658
16.901956881449
17.0463954597255
17.1999259482014
17.3255129155943
17.3954778835201
17.4013690662832
17.3520299413742
17.2747143205099
17.2106502504145
17.194808092454
17.2210901527476
17.2800381320985
17.3560130710791
17.4251396913083
17.4742211181374
17.511531509712
17.553266801993
17.6047646900758
17.6693694309292
17.7575432091159
17.8583943579093
17.9519385599348
18.0328539568118
18.100368599464
18.1354274953819
18.1547468285622
999.99
999.99
999.99
999.99
999.99
999.99
999.99
999.99
999.99
999.99
999.99
16.5823624347004
16.5652708848337
16.6136801962294
16.6519362085162
16.6977122532563
16.731237864559
16.7500244814899
16.754372722997
16.7386622606808
16.7146216585795
16.7035995026421
16.7223768343223
16.7749478929544
16.8804991843546
17.0214027006337
17.1713331970456
17.2975107922953
17.37126724581
17.3773359240911
17.3239018145658
17.2424309598403
17.1713590808915
17.1445693886601
17.1612531141661
17.2151148788915
17.2884423688191
17.3574836414478
17.4103847316155
17.4525185053616
17.4961394551709
17.5503396010223
17.6170858755975
17.7063895485252
17.8078135924032
17.9040946453485
17.9814575431193
18.0456267792737
18.0704946665795
18.0710921757519
999.99
999.99
999.99
999.99
999.99
999.99
999.99
999.99
999.99
999.99
999.99
16.5853398980681
16.5532001217283
16.5930197185205
16.6230061694228
16.6696652653913
16.7091553050438
16.7385089447506
16.7573212919505
16.7557759436918
16.7403490174994
16.7332785160636
16.7484645265812
16.7895970942543
16.8817834468877
17.0091526651228
17.1456860617672
17.2639263948166
17.3380090452278
17.3473555636672
17.2985474232593
17.2208233806966
17.1492800924567
17.1143930549591
17.1212799675507
17.1666090948013
17.2347959310631
17.3014921921977
17.3561499156489
17.401220322582
17.4447690752409
17.4987713684541
17.5649241333608
17.6510418172312
17.7483956603245
17.8455319713009
17.9190477474798
17.9804611434162
18.0038624159605
17.9992993814301
999.99
999.99
999.99
999.99
999.99
999.99
999.99
999.99
999.99
999.99
999.99
16.5900078367883
16.5438731401475
16.5775924922066
16.6021178662483
16.6490933100884
16.6945423717742
16.7345262599823
16.7696536759398
16.7862517229638
16.7854836297644
16.7878537295919
16.8040216319545
16.8348153708044
16.9111558957245
17.0193431202256
17.1349990212823
17.2387236001213
17.3092810851451
17.3206040668319
17.2783996953413
17.2095920789029
17.1415971508374
17.1007373625782
17.0990631624371
17.134645102366
17.1950839228549
17.2580240156226
17.3135222800147
17.3596342169852
17.4022954077694
17.4529178172714
17.5146764251293
17.5929292577221
17.6823137082643
17.7771311286618
17.8483418184741
17.909491490527
17.9394281508927
17.942388411509
999.99
999.99
999.99
999.99
999.99
999.99
999.99
999.99
999.99
999.99
999.99
16.5512935058231
16.5320572306681
16.5607706657898
16.5876918789246
16.6347012617484
16.6843150495363
16.7329055796163
16.7837765972477
16.8200001018715
16.8376954282832
16.8554282390281
16.8791511209738
16.9042026695922
16.9650483114135
17.0504676348834
17.1404267763991
17.224641476475
17.2874519774912
17.2987807598333
17.264977021822
17.2071836547013
17.1437423153426
17.0980661445877
17.0886236533981
17.1135388379203
17.1659852397906
17.2269965682831
17.2847760575096
17.3327775014629
17.3755739530859
17.4212434148862
17.4742706733169
17.5408565941412
17.6196063338103
17.7096870511305
17.7807115374458
17.8453202959155
17.8881012441119
17.9073110899614
999.99
999.99
999.99
999.99
999.99
999.99
999.99
999.99
999.99
999.99
999.99
16.5065478092691
16.5277430606325
16.5545276062701
16.5840347439056
16.6286136994327
16.678234935083
16.7299233712134
16.792486092877
16.8473240131073
16.8854204491277
16.9230693487186
16.9608895800534
16.9860234594627
17.0330121583769
17.0940944991391
17.157182730211
17.2183796975067
17.2693197613889
17.278576312714
17.2545089755977
17.2071801126567
17.1490917893077
17.0993977908744
17.083522191351
17.0980347212775
17.1436358186182
17.2057070852759
17.2709618016743
17.3244897566929
17.3705152600409
17.4135130655243
17.4574189032787
17.5099528326088
17.576978543615
17.6602453812081
17.7308318929182
17.7986814345801
17.8552823045293
17.894992868355
999.99
999.99
999.99
999.99
999.99
999.99
999.99
999.99
999.99
999.99
999.99
16.4251197774996
16.5379866762263
16.561381361468
16.5901091236935
16.6297889138044
16.6755156358407
16.7254135295708
16.7943326073544
16.8626071035063
16.9197363090296
16.9791704611457
17.035240450974
17.0654814266789
17.1040259679965
17.1460711740682
17.1854956502835
17.2240460781084
17.2611876394688
17.2663894273694
17.2476823721509
17.2073028646994
17.1525607423081
17.0997814080972
17.0781567031215
17.0839492183813
17.1236946430061
17.1896081072105
17.266268786536
17.3296850132277
17.3847819694177
17.4319281652175
17.4712492908109
17.5114929402041
17.5682198322123
17.6429605797346
17.7110247382107
17.7791931071015
17.8465076811935
17.9065959757728
999.99
999.99
999.99
999.99
999.99
999.99
999.99
999.99
999.99
999.99
999.99
16.45988316381
16.5682424000577
16.5807750410882
16.6026787046171
16.6350000969496
16.6738990487131
16.7186452296585
16.7902268702515
16.8680076812981
16.9414275644314
17.020703736157
17.0945630722195
17.1315760267765
17.1660081221145
17.1950779970081
17.2153521077468
17.235411173198
17.2612747504673
17.2628876184657
17.2482491033327
17.2162689621042
17.1663081992086
17.1134529206316
17.0875896547087
17.0859763616668
17.118041755513
17.1862693890503
17.273435086799
17.3491207931674
17.417103264861
17.4753491200802
17.5175983969926
17.5526986637934
17.6044464620923
17.6708913329639
17.7345563765453
17.7981977079358
17.866958260123
17.9363554107245
999.99
999.99
999.99
999.99
999.99
999.99
999.99
999.99
999.99
999.99
999.99
16.5937765895222
16.6005734943341
16.6031928257548
16.6190364845495
16.6436940655709
16.6742230733202
16.7113073403234
16.7806921153677
16.8616487312334
16.9440857920141
17.0382891742097
17.1277709904098
17.173911166045
17.2080952519869
17.2302037871115
17.2374402606815
17.2432156564752
17.2606161051189
17.261441882772
17.2535731723567
17.2319810971799
17.1907306569769
17.1425491592038
17.1156417817719
17.1083506477323
17.1319609774131
17.1984452055528
17.2914306524358
17.3780233613105
17.4587645114265
17.5324818855044
17.5841669123369
17.6211060434791
17.6729671622104
17.7326424427718
17.7898624899038
17.8456695863979
17.9088812581632
17.9770459976288
999.99
999.99
999.99
999.99
999.99
999.99
999.99
999.99
999.99
999.99
999.99
16.7189909313812
16.6309819283232
16.6270090445949
16.6353234652227
16.6532365416796
16.6761007556018
16.7050089813375
16.7679500769366
16.8446694329738
16.9270523165513
17.0267898647118
17.1255618104952
17.1806179852804
17.2196882601465
17.2434525672051
17.2473598401805
17.2468999969162
17.2612142495819
17.2658243737109
17.2670028362162
17.2584321528542
17.2291260223821
17.189399008238
17.1616879927022
17.1488010254877
17.1608724030697
17.2191510819253
17.3108133582663
17.4055932310998
17.4977657002814
17.590848121137
17.6601023454875
17.7146237831009
17.7797378659936
17.845988194924
17.9054281963121
17.9608172404213
18.0088980986329
18.0629088073952
999.99
999.99
999.99
999.99
999.99
999.99
999.99
999.99
999.99
999.99
999.99
16.6769798264711
16.6581656077456
16.6444865022818
16.6447911718318
16.6570188668929
16.6731321684903
16.6932846238057
16.7449415053404
16.8101138603061
16.8842075127944
16.9804981983753
17.0821363651635
17.1464998765072
17.1963675446672
17.231184972593
17.2419043161182
17.2451564497485
17.2635260265211
17.2755618467737
17.2864608793306
17.2920450963526
17.275458680978
17.2453195481532
17.2170492388669
17.1983533860215
17.1973380588966
17.2420471997788
17.3240312435897
17.4217383693742
17.5220795036879
17.6321722648043
17.7500525686621
17.8563260534969
17.9675710165196
18.0754636526979
18.1720209315679
18.2043600164142
18.2141054181951
18.2254847999482
999.99
999.99
999.99
999.99
999.99
999.99
999.99
999.99
999.99
999.99
999.99
16.6422184429327
16.6699291247807
16.653143900592
16.6494444140312
16.6572452767556
16.6679088782514
16.6802180570467
16.7193044973904
16.7704017456689
16.8327437686551
16.9198416476875
17.018950418662
17.090911482132
17.153726171152
17.2029358411788
17.2279949814234
17.2435449209064
17.2723965020243
17.2942341588324
17.3162413673063
17.3351295948147
17.3304834905494
17.3085000086911
17.2789289746111
17.2541395352885
17.2386747872603
17.2641566208523
17.3289487490045
17.4234266924303
17.5242547991926
17.6436005268668
17.8046026761758
17.9609047297423
18.1177982612391
18.2706052074337
18.4097154132061
18.430178038361
18.4136997165241
18.38992019267
999.99
999.99
999.99
999.99
999.99
999.99
999.99
999.99
999.99
999.99
999.99
16.6686213135168
16.6631909408319
16.6490173024177
16.6491108523659
16.6548309965371
16.6625106891343
16.6695543476049
16.696518970582
16.7314550951435
16.7787794450225
16.8520908716507
16.9425346547442
17.0187318829904
17.0949864692217
17.1602450833621
17.2047285878371
17.2394255020824
17.2827416450509
17.3146609810219
17.3457192065025
17.3731488833155
17.3767940727781
17.3607812068309
17.3316615253223
17.3054633961195
17.2814391789519
17.2893472288595
17.3346599832389
17.419355580482
17.5121458262259
17.6283551745656
17.8504092160496
18.0782024340682
18.3067888084693
18.5352542393988
18.7527523766759
18.7446503103452
18.6888584738454
18.6145400101095
999.99
999.99
999.99
999.99
999.99
999.99
999.99
999.99
999.99
999.99
999.99
16.6888613461645
16.6570895783529
16.6458093303359
16.6467727208284
16.6518091706403
16.6591332074149
16.6640074540939
16.6810835557525
16.701429618956
16.7347351883493
16.7911883047506
16.8669003459988
16.9409339901326
17.0261236743851
17.1042862023635
17.1686959687337
17.2274739472631
17.2892154188323
17.3328124374429
17.3718377443195
17.4059879445004
17.4144725301977
17.4029041633726
17.3770557713506
17.3561151411043
17.3312320840334
17.3298104479326
17.3596723262634
17.43055638063
17.5083636143501
17.6113122702057
17.8819206180896
18.1717198571794
18.4693295686441
18.7746526135231
19.0740856091798
19.0440976785909
18.9602961538994
18.845834292257
999.99
999.99
999.99
999.99
999.99
999.99
999.99
999.99
999.99
999.99
999.99
16.6224926618097
16.6494805963393
16.6390541823796
16.6427410498467
16.6473913207465
16.6555824400211
16.660620420541
16.6709366493126
16.6813879713284
16.7043385110987
16.7454852192079
16.8039214527375
16.8702695638523
16.9565867431153
17.0420484866237
17.1237352263091
17.2083451933884
17.2917427420814
17.3487565404239
17.3956085500313
17.4343644905174
17.4460629564122
17.4385454397671
17.4222239460642
17.4133765754097
17.3951392990381
17.3899472386084
17.4063357103962
17.4562943690014
17.5114062630678
17.5902519442832
17.8983331279422
18.229214728058
18.5809558574404
18.9474558875176
19.3157240964091
19.2495982957631
19.1523959843681
19.0144071630667
999.99
999.99
999.99
999.99
999.99
999.99
999.99
999.99
999.99
999.99
999.99
16.6624453868127
16.6438161768266
16.6361643142693
16.6397601946063
16.6441038502424
16.653885398441
16.6610012070799
16.6686072226569
16.6739434731533
16.6902458348725
16.7179275684076
16.7590802957332
16.8148293695061
16.8971435791908
16.9867245628388
17.0848030382693
17.1939720527142
17.2960324388195
17.3653717712997
17.4162348113899
17.4553526387997
17.4692001983398
17.4704981400605
17.4693348677081
17.4801555737812
17.4750187882741
17.4697749401931
17.471287119891
17.4949584426383
17.5202719719111
17.5687534919579
17.8519177442115
18.1648839448974
18.5135556609781
18.8829141871988
19.2607156938469
19.2110470448034
19.150453833811
19.044338136573
999.99
999.99
999.99
999.99
999.99
999.99
999.99
999.99
999.99
999.99
999.99
16.5762123692542
16.6436986747616
16.635034880757
16.6385211971659
16.6423745413551
16.6540211749461
16.6639833165913
16.6709985819773
16.6741728448054
16.6853482441113
16.7005360393328
16.7247842816909
16.7694316285165
16.8441907304742
16.9351311841276
17.0458706214755
17.1746433673755
17.2894760864824
17.3694825776353
17.4223323546322
17.46075040685
17.4774813746671
17.4913770013255
17.5090239866597
17.5427608749148
17.5563768186348
17.5568658102194
17.5468798083566
17.5434050708213
17.5391796006864
17.5560535510047
17.8163589591772
18.1148199647161
18.4650802551453
18.8396386541087
19.2256509556098
19.1798568562942
19.1377636892426
19.0476727690908
999.99
999.99
999.99
999.99
999.99
999.99
999.99
999.99
999.99
999.99
999.99
16.6712435236721
16.6522048709448
16.6440454038294
16.6442821930699
16.6467024693932
16.6589686451729
16.6706838418352
16.677041644579
16.6797891482194
16.6867510602263
16.6903569570984
16.6995797815144
16.7328218859019
16.7965892770203
16.8855335205287
17.005000932116
17.1469504823549
17.2706768544976
17.3613296789774
17.4174645884751
17.4542874030993
17.471878029551
17.4946253992526
17.5253035645851
17.5744887632881
17.6059061832545
17.6184304293605
17.6066552229532
17.5858208485438
17.5625702453782
17.5560827437191
17.7395117855012
17.9668877156898
18.2609164988165
18.5803218290371
18.9104083712979
18.9158464753776
18.9351195593339
18.904202195789
999.99
999.99
999.99
999.99
999.99
999.99
999.99
999.99
999.99
999.99
999.99
16.6854338624339
16.6708709903529
16.6547879094034
16.6532288961794
16.6540460536172
16.6661334188931
16.6791633090286
16.6853468745294
16.6885057445281
16.6911348846144
16.6842619312091
16.6802380335494
16.7033391229083
16.7555827110834
16.8416601850013
16.9686535256604
17.1196575337159
17.2478174699405
17.3477990364077
17.4072015630276
17.4381533030506
17.4516389925135
17.4756276294648
17.5060757643735
17.5555727470163
17.5965004767196
17.6166821514199
17.6069799957291
17.5835029057746
17.5578344909924
17.541963732308
17.6646688742694
17.8316484105521
18.0696695999587
18.3329848478486
18.6063890286135
18.6573042073643
18.7276378910156
18.7478146226367
999.99
999.99
999.99
999.99
999.99
999.99
999.99
999.99
999.99
999.99
999.99
16.7095202849802
16.6908902258354
16.6713468987536
16.6635248919755
16.6642207201138
16.6768207065933
16.6913262136089
16.6969542551304
16.6986687278594
16.6952251019716
16.6774786106634
16.6616647794977
16.6765944261601
16.7200036011541
16.8028799052521
16.9340116757249
17.0872182918878
17.2126190163255
17.316010281768
17.375504507341
17.3989466039775
17.4061922874447
17.4269352117812
17.448424797846
17.4908306428995
17.5360663668522
17.5639815263062
17.5637734617463
17.5544510106181
17.540717633361
17.5299532189319
17.6037122008373
17.7191325828872
17.9010294760266
18.1096777880815
18.3305504706471
18.4328025635683
18.5514429816183
18.6192990016256
999.99
999.99
999.99
999.99
999.99
999.99
999.99
999.99
999.99
999.99
999.99
16.7167150398962
16.7036260063662
16.682554907672
16.6747533061998
16.6769580960864
16.69128812964
16.7081517159566
16.7134602937032
16.713077981623
16.7038328439186
16.6772721852102
16.6512383014779
16.6576693359019
16.691304004333
16.7652314508747
16.8914757295834
17.0393977313299
17.1589855271624
17.263396450733
17.3265633069548
17.3473312479551
17.3485273979111
17.3599351810739
17.3657607156494
17.3919777775368
17.4336740164758
17.4685235057709
17.4855450228408
17.5010676510594
17.5107282001594
17.5166324800139
17.5773189278205
17.6698871750568
17.8224636902631
18.005072621102
18.2009617443778
18.3265710039205
18.4698269417006
18.5572723946052
999.99
999.99
999.99
999.99
999.99
999.99
999.99
999.99
999.99
999.99
999.99
16.7653253557644
16.7066581851444
16.6838657950936
16.6819296287928
16.6877842271648
16.7049285537417
16.7251279024978
16.7309498002625
16.7285531470947
16.7146252004889
16.6825152449261
16.64866976314
16.6461921448658
16.6701185034012
16.7325638296204
16.8484305700048
16.9873195659373
17.1010086171714
17.2039002920932
17.2716496551379
17.2931989551214
17.2895823964954
17.2906710187155
17.27995094873
17.2868807676542
17.3178761970023
17.354428580758
17.3847932255201
17.4260567505831
17.4614670624997
17.4898731675428
17.548502826124
17.627625408341
17.7564959333336
17.9207828171028
18.1003698923408
18.2481093439892
18.4197694251729
18.5314208730691
999.99
999.99
999.99
999.99
999.99
999.99
999.99
999.99
999.99
999.99
999.99
16.7383875556628
16.7029290545703
16.6757480288868
16.6825574163295
16.6938616595824
16.714590473946
16.7385085021296
16.7458388099599
16.7418341974676
16.725159494556
16.6915946585926
16.6536570508362
16.6453239739475
16.66258314132
16.7150127870187
16.8187927794407
16.9481105012307
17.0540776540879
17.1514567527366
17.2206098006861
17.2443041434541
17.2393826340418
17.2353213321843
17.2144577623348
17.2062684841017
17.2230685944911
17.2499423917221
17.2809552004358
17.3367360649508
17.3908879028949
17.4418618382652
17.5331061972992
17.635170578492
17.7748240991673
17.9548620692519
18.1486703690955
18.2951502060836
18.4738248596174
18.5917551811382
999.99
999.99
999.99
999.99
999.99
999.99
999.99
999.99
999.99
999.99
999.99
16.622197885609
16.6875476595549
16.6668530982645
16.680981214367
16.697957867321
16.7219314313575
16.7480508494991
16.7555818144438
16.7494792484795
16.731669943785
16.700142372706
16.6633689364298
16.6535111266868
16.6687225176336
16.7144110074175
16.8050956100765
16.9214079888113
17.0177822421206
17.1048443373292
17.1701473582187
17.1970120317065
17.196448803246
17.1939556519554
17.173842562906
17.1610753840057
17.1668195123104
17.1816929269359
17.2062640459857
17.2627488286401
17.3235482107097
17.390281240158
17.5067431648089
17.6270244283956
17.7791636023726
17.9745729403384
18.1797292557702
18.3260305747639
18.5163082876874
18.6483291017962
999.99
999.99
999.99
999.99
999.99
999.99
999.99
999.99
999.99
999.99
999.99
16.5741310986085
16.6749264732502
16.6605388673314
16.6803753364084
16.7025651671157
16.7295078368192
16.757500101771
16.7665099125223
16.7603896914565
16.7444321017254
16.7179755142277
16.685893828019
16.6764985884127
16.6909999299703
16.7316801182852
16.8102492047081
16.9130540359453
16.9999628055327
17.075851117941
17.1350598206012
17.1632868983674
17.1681163088606
17.1698247328999
17.1551676787708
17.1408826002651
17.1380446150317
17.1390401889517
17.1505749416474
17.195087136882
17.253446379863
17.3263407774121
17.4598079933923
17.5966682975237
17.7671043176161
17.9814651439819
18.1981909649749
18.3452128479175
18.5420677145641
18.6851686109778
999.99
999.99
999.99
999.99
999.99
999.99
999.99
999.99
999.99
999.99
999.99
16.6134050409521
16.6578744364944
16.6475073068525
16.6766470969808
16.7101221103821
16.741469762548
16.7634356279932
16.7755669955812
16.7674666298599
16.7478776580445
16.7224350605038
16.6965699634433
16.6909947976141
16.7129913284952
16.7627140890531
16.8432949502927
16.9424161569007
17.0206413628369
17.0759366302802
17.1227481014572
17.1401427198268
17.1412215361701
17.1459878156122
17.1582096586546
17.1426519695324
17.1281441822332
17.1134440308578
17.1229588707557
17.1393140714301
17.1895974148453
17.2643922208727
17.4129374775473
17.554719725945
17.7170518718215
17.9086498431816
18.1451291186209
18.3074438956854
18.4996220803987
18.6618730861754
999.99
999.99
999.99
999.99
999.99
999.99
999.99
999.99
999.99
999.99
999.99
16.7010067340067
16.6441850632142
16.6393328503458
16.6711809016758
16.7168812091206
16.7600502681475
16.7804691746012
16.8007701326442
16.7954629744091
16.7834324296343
16.7588414780934
16.7377545545007
16.7282384974577
16.7542906458807
16.7986843843137
16.8735287417664
16.9646720611739
17.0392303135915
17.0784366245793
17.1142122806053
17.1222900467894
17.1259157016362
17.1271072236578
17.1585015837754
17.1512213864666
17.1298186277924
17.1029863113551
17.1141271867344
17.1095808179086
17.1417901807067
17.2115225799163
17.3612235730513
17.5025850382371
17.6372125450344
17.7973196237352
18.0461651988211
18.2496351632484
18.4382590091432
18.6269438235604
999.99
999.99
999.99
999.99
999.99
999.99
999.99
999.99
999.99
999.99
999.99
16.5474346182918
16.5042246707996
16.6066634211704
16.7855955322262
16.6917949429587
16.7649034496282
16.8407549914275
16.8271768673964
16.7586946920675
16.8013045621304
16.6850999022915
16.6490984710218
16.6539557345481
16.6977417781599
16.8370378448497
16.9377299425313
17.1091429275332
17.2118605894686
17.2384181938851
17.1409138824783
16.9258495557868
17.1715725900116
17.0641460850416
17.0997046648667
17.1495974930993
17.4313783881624
17.0577257341961
16.855462419114
16.9005246005769
17.3714988938665
17.1320553519264
17.2139406659929
17.2173716608595
17.6770651462359
17.8803138804672
17.4956886284447
17.4258378307716
18.5852334042264
18.8409274879205
999.99
999.99
999.99
999.99
999.99
999.99
999.99
999.99
999.99
999.99
999.99
999.99
999.99
999.99
999.99
999.99
999.99
999.99
999.99
999.99
999.99
999.99
999.99
999.99
999.99
999.99
999.99
999.99
999.99
999.99
999.99
999.99
999.99
999.99
999.99
999.99
999.99
999.99
999.99
999.99
999.99
999.99
999.99
999.99
999.99
999.99
999.99
999.99
999.99
999.99
999.99
999.99
999.99
999.99
999.99
999.99
999.99
999.99
999.99
999.99
