999.99
999.99
999.99
999.99
999.99
999.99
999.99
999.99
999.99
999.99
999.99
999.99
999.99
999.99
999.99
999.99
999.99
999.99
999.99
999.99
999.99
999.99
999.99
999.99
999.99
999.99
999.99
999.99
999.99
999.99
999.99
999.99
999.99
999.99
999.99
999.99
999.99
999.99
999.99
999.99
999.99
999.99
999.99
999.99
999.99
999.99
999.99
999.99
999.99
999.99
999.99
22.117200310723
22.1730254611823
22.6027582796607
22.8269922620933
23.0119069188651
23.0033861160133
22.6124435620516
22.2579448190215
21.9855630018452
21.9164732793339
21.7008742728429
21.2670146009623
21.08409679171
21.5502727272727
21.9540842756418
21.9159118964659
21.9655775776682
21.8631847544635
21.8661819991855
22.0071672172195
21.8886432618872
22.2962746806039
22.5564009331745
22.3968561305774
22.352297979798
22.400574078264
22.963317773722
23.6452352419164
23.4846738917296
23.6508498524317
23.9444693877551
24.1613738882101
24.139721981722
24.1061234796949
24.2643155807285
24.2515823709134
24.3658349422548
24.4161515402909
24.3883195116923
999.99
999.99
999.99
999.99
999.99
999.99
999.99
999.99
999.99
999.99
999.99
22.2259203759848
22.4025422941289
22.5738596986651
22.6992171972789
22.7362839682439
22.6881756382447
22.5715051171707
22.4091505447386
22.2370800725181
22.0891073413357
21.9702184348774
21.9284813311492
21.9456612402519
21.9822248384023
22.0640877836979
22.1528965920214
22.1947009906679
22.2049474062718
22.2227368331853
22.2601516985967
22.3172967264039
22.3811991454669
22.4527492616612
22.5434973334111
22.6703077745378
22.8683084513347
23.0783295495308
23.3127525509899
23.5481557408845
23.7607763124096
23.8939551998565
24.0156329842684
24.1143082966945
24.1958416974269
24.2500456534551
24.3061404187728
24.3621637686867
24.4167405932871
24.4676634695265
999.99
999.99
999.99
999.99
999.99
999.99
999.99
999.99
999.99
999.99
999.99
22.3225434735609
22.531313918793
22.6666928506716
22.765477142888
22.799031946376
22.7547615144148
22.6595492548139
22.5350653823357
22.4115006639684
22.3043023860292
22.229522455969
22.202055998851
22.217679768912
22.2579073580645
22.3301737819797
22.406369331282
22.459659644836
22.4897875451391
22.4997501154971
22.5087958757175
22.5255036187352
22.5467172304924
22.5856352799768
22.6686208484741
22.7924864987864
22.9727837983029
23.1796050204491
23.396049619354
23.605452103333
23.7873371026998
23.9209400105961
24.0318173771671
24.125518021878
24.2003827421868
24.2628992786736
24.3188079475438
24.3732275667295
24.4252034566645
24.4725200565643
999.99
999.99
999.99
999.99
999.99
999.99
999.99
999.99
999.99
999.99
999.99
22.5376681096681
22.6082181060809
22.7052208450753
22.7796009098156
22.7996538013029
22.765956585217
22.6996283432929
22.6152458969171
22.54370643331
22.4942316616089
22.4762616167971
22.4771917896644
22.5019170555262
22.5435887932707
22.5965397464943
22.6475472059785
22.6932460276178
22.7244725342303
22.7327488803549
22.7226865217082
22.7033670294771
22.695391111811
22.7182778796426
22.7912477996973
22.9085163375933
23.0744398389657
23.2717457246673
23.4693038207662
23.6445619291746
23.803036793516
23.9384920716828
24.04322924484
24.1302105128377
24.2107689368669
24.281111418214
24.3388357189844
24.3922557422588
24.4407028468029
24.478196707121
999.99
999.99
999.99
999.99
999.99
999.99
999.99
999.99
999.99
999.99
999.99
22.5497108667562
22.6431488207618
22.7262296742356
22.7910231895259
22.8118543881409
22.7885158382069
22.7444620115246
22.6918424368336
22.6550250066231
22.6385160118939
22.6509145214468
22.6753553307772
22.7127132487349
22.7573516606637
22.8064978280834
22.8503485664771
22.8885482065306
22.9132871381638
22.9117154055397
22.8908063496528
22.8578975427626
22.8331090464465
22.8393607753098
22.9019152266049
23.0113568924728
23.1684757112093
23.3530440996338
23.5350152569183
23.6927540201457
23.8338372192742
23.955615272502
24.0539941378008
24.1408559970718
24.2245465365867
24.2990054149486
24.3599954274867
24.4132094988391
24.459149521018
24.4897111825673
999.99
999.99
999.99
999.99
999.99
999.99
999.99
999.99
999.99
999.99
999.99
22.543205029388
22.6343891621736
22.7156928353426
22.777606149381
22.8055749903548
22.7975848428308
22.7766558763383
22.7542258927942
22.7474456534108
22.7571200937948
22.7931310307374
22.8367494151993
22.8841782827499
22.9309575285317
22.9770177120895
23.0140286018814
23.0445404350765
23.062756991888
23.0536965123691
23.0261273959626
22.9864474072814
22.9519513365331
22.9478189847799
23.004011399517
23.1072558994183
23.2554270090425
23.4278353806202
23.5961219425166
23.7381452160443
23.8638667385989
23.9734216416456
24.0668224838624
24.1539570864497
24.2408841942478
24.3197678449321
24.3850170208111
24.4377137182504
24.4797791744731
24.5025404541704
999.99
999.99
999.99
999.99
999.99
999.99
999.99
999.99
999.99
999.99
999.99
22.5242356139795
22.5988667851429
22.680455099424
22.751684887482
22.7914882497722
22.8019892746437
22.8019948727783
22.8038123031179
22.8195876632219
22.8474923319693
22.8999691864689
22.9586039418176
23.0145760779726
23.0629392327153
23.1067147641596
23.1371782591887
23.1594337670696
23.1704661915347
23.1565372281671
23.126567835719
23.0868013879681
23.0508187703766
23.0448191933569
23.099540655832
23.198615845492
23.3376434409599
23.4981846071719
23.6535320743299
23.7818234186111
23.8951110899902
23.9956031391609
24.0862563427957
24.1742747473746
24.2635878115639
24.3452458798144
24.4127826258127
24.46245864157
24.4979143139802
24.5113907091276
999.99
999.99
999.99
999.99
999.99
999.99
999.99
999.99
999.99
999.99
999.99
22.39900735076
22.5600798420788
22.6378804628446
22.7165711095068
22.7694519194719
22.7986689298168
22.8174101545431
22.8396229633058
22.8731710637431
22.9149364039987
22.979217483113
23.0487928312229
23.1102498445779
23.1590751809515
23.2013667964819
23.2269679544411
23.2415059122043
23.2452010461127
23.2289258893973
23.1990722195143
23.1638818937873
23.1345296845063
23.1359362372832
23.1934440790773
23.2902803582775
23.4196448937743
23.567477360989
23.7095236011679
23.8263003450336
23.9309621481505
24.0267839753948
24.1173421792657
24.2066711673558
24.2973705401614
24.3795373501416
24.4463862607932
24.4906096654036
24.5174343291012
24.5202449003783
999.99
999.99
999.99
999.99
999.99
999.99
999.99
999.99
999.99
999.99
999.99
22.3029109688221
22.5095286904012
22.5889646733108
22.6771191211125
22.743000639349
22.790458674776
22.8271545755638
22.8660560178058
22.9132393391822
22.9647023279613
23.0353841523315
23.1108065457884
23.1765426332982
23.2267894356464
23.2701927709929
23.2944507261698
23.3033181667271
23.2999881902038
23.2820743261534
23.2531393147211
23.2257234799318
23.2092058763782
23.2239457180966
23.2865708319897
23.3818540324268
23.5014513538901
23.6362956849669
23.7657572077662
23.8746888713863
23.9747306205908
24.0689544955717
24.160136572174
24.2498953413846
24.3393759048846
24.4193784134201
24.4824648134245
24.519777571306
24.5369914511833
24.5291005911436
999.99
999.99
999.99
999.99
999.99
999.99
999.99
999.99
999.99
999.99
999.99
22.3339885691157
22.4620591195725
22.5385680488346
22.635533632663
22.7117403285161
22.7743821761318
22.8263586599056
22.8794877820419
22.9379328525765
22.9974942042912
23.0729397624272
23.1532641127408
23.2230720486921
23.2762560784573
23.3218632616659
23.3454605132774
23.3485429500795
23.338342048646
23.3185907433638
23.2925485558979
23.2769223904292
23.2782953416069
23.3102059132409
23.3794087202354
23.4728446386913
23.5818636697695
23.7033721241858
23.8207015642848
23.9242942519101
24.022839986075
24.1181371781571
24.2107511032981
24.3008411500575
24.3874047087391
24.462352968614
24.5178185236272
24.5456001218088
24.5510285551718
24.5321142706324
999.99
999.99
999.99
999.99
999.99
999.99
999.99
999.99
999.99
999.99
999.99
22.2597333833967
22.4344447464248
22.4978352374396
22.5961280562726
22.6797045384683
22.7537705412196
22.8181922318481
22.8825747326317
22.9494823752931
23.0162933234733
23.0963807982097
23.1814989601533
23.2564055044525
23.315396039632
23.3641168625518
23.387277306876
23.3852584319124
23.3696636010901
23.3488018132794
23.3281571552571
23.326816328292
23.3480958269059
23.3967071250373
23.4707846474888
23.5607894303551
23.6587348686564
23.7665308552825
23.873096367131
23.9738013594743
24.0730599214438
24.1710083308211
24.2654573150995
24.3547761563042
24.4366344852175
24.5040657638731
24.5492185161816
24.5665185622438
24.561218742368
24.5329338136021
999.99
999.99
999.99
999.99
999.99
999.99
999.99
999.99
999.99
999.99
999.99
22.2215346320346
22.4070815197895
22.4600529532917
22.5516783293576
22.6388664631743
22.721803378537
22.7994593326466
22.8761270008065
22.9521169376639
23.0268927111056
23.111467813974
23.2006496851842
23.2811994378932
23.3485389712767
23.4025914875369
23.4272556445642
23.4220121299878
23.4028600998194
23.3807975693445
23.3649167633842
23.3766524434844
23.415538111098
23.4768962435543
23.5530694919197
23.6397880104383
23.7290069935599
23.8260279511361
23.9254948246603
24.0256807484331
24.125886067811
24.2252230461193
24.3191854799917
24.4052640449056
24.4810068602822
24.5400058489028
24.5749313307019
24.5837507445419
24.5711760719196
24.5372915473822
999.99
999.99
999.99
999.99
999.99
999.99
999.99
999.99
999.99
999.99
999.99
22.264747489472
22.3678794657308
22.4189003793
22.5075589764036
22.5978287168793
22.6905584561033
22.7819489473808
22.870687203029
22.9557100210833
23.0369919607527
23.1236809779917
23.2155627190173
23.3020538524202
23.3781281662167
23.4386177464346
23.4663087226559
23.4598776927302
23.4385162758017
23.4142351342717
23.4008022387612
23.4209700677728
23.4713190580029
23.5400536478963
23.6184229599928
23.7059247575858
23.793731823364
23.8871039463708
23.9847488408222
24.0847662232902
24.1823209345083
24.2770158705795
24.3649725609549
24.4436435428728
24.5111645169601
24.5621204466349
24.5896525133703
24.5937474588178
24.5788596861034
24.5450728187301
999.99
999.99
999.99
999.99
999.99
999.99
999.99
999.99
999.99
999.99
999.99
22.3057149544223
22.3362077887461
22.3802851152415
22.4640476682425
22.5567128019845
22.6592520324125
22.763101378504
22.8639418559721
22.9588628288157
23.0473113985557
23.136611580029
23.2324385467679
23.3252906722607
23.409230926943
23.4752352266414
23.5061270480669
23.5000628885563
23.4770601702084
23.4502843163843
23.4379091938969
23.4620036136179
23.516664109051
23.5888976047212
23.670627479254
23.7624753513675
23.8538395835732
23.9493574639477
24.0478571569722
24.1454525649191
24.2362392694751
24.3215408459414
24.3994169525802
24.4678646072389
24.5264408736394
24.5705184731318
24.5942735424784
24.5976657087736
24.585495873438
24.5576147411768
999.99
999.99
999.99
999.99
999.99
999.99
999.99
999.99
999.99
999.99
999.99
22.2362046447552
22.3008711641908
22.3446508762747
22.4240853681056
22.5184372834006
22.6297116280495
22.7443737301786
22.8565678066988
22.9618797713744
23.0580248112427
23.1505794391917
23.2503757249587
23.3491598127928
23.4393357203392
23.5099678876551
23.5442872124188
23.5403292024688
23.5160371808338
23.4868589652741
23.4732857892329
23.4975128914756
23.5522237229098
23.6274433642918
23.7154396831773
23.8164858870002
23.9161623683979
24.0174847360682
24.1172311104505
24.2091716586639
24.2886099705065
24.359992200394
24.4239861710114
24.4796325825985
24.5289875571288
24.5681999880963
24.592159233958
24.599584131057
24.5955825669869
24.5786017856249
999.99
999.99
999.99
999.99
999.99
999.99
999.99
999.99
999.99
999.99
999.99
22.1983743206078
22.2675362023895
22.3099042522053
22.3822248675849
22.4773857965273
22.5958534014463
22.7202232404215
22.8427708625333
22.9576507929666
23.0604257672482
23.1562461674166
23.2593510709084
23.3636165532504
23.4588670012902
23.5344662112586
23.5733311279885
23.5727431700128
23.5470943061499
23.5157015664526
23.4996818866238
23.5226328568758
23.5782427266214
23.6607910213412
23.7608432016022
23.8761392351161
23.9873648632078
24.0948338315458
24.1930007695418
24.2743865809619
24.3376269842122
24.391238504221
24.4392464808686
24.4818222809413
24.5237164598426
24.5616796295964
24.5902592203751
24.6056628802799
24.6129472145669
24.6096664988678
999.99
999.99
999.99
999.99
999.99
999.99
999.99
999.99
999.99
999.99
999.99
22.1440251494537
22.2399453215597
22.2775000104601
22.3422552159073
22.4396436625214
22.5641424422486
22.6961519927102
22.8269582900741
22.9486605486139
23.0555608558393
23.1539761879245
23.2593044095692
23.3677811270696
23.4670485894619
23.5466309345151
23.5901464371117
23.5936913655488
23.56713579047
23.5344665847377
23.5178040031769
23.5410740042658
23.6010658770413
23.69590221125
23.8129485154019
23.9444897590969
24.0670027842721
24.1779945851168
24.2708684275307
24.3377496821293
24.3822500046307
24.4171566170028
24.4496636621219
24.4806064320961
24.5171717846623
24.5570190764708
24.5932021556106
24.618865701341
24.6382902154115
24.649246277577
999.99
999.99
999.99
999.99
999.99
999.99
999.99
999.99
999.99
999.99
999.99
22.2372236074031
22.2175915498399
22.2458896740989
22.3006438632363
22.3996472872759
22.5276452095174
22.6655818978221
22.8031008153075
22.9296724465481
23.0399004375556
23.1415275870998
23.24901448896
23.3607776271626
23.4634785418237
23.5458689170316
23.5938673552824
23.6019186828041
23.576497534242
23.5456973293204
23.5333615586092
23.5621783979781
23.6319045696105
23.742063110064
23.8761074980742
24.0195706585483
24.1471161497946
24.2556199322135
24.3393206140999
24.3910837732654
24.4195817877504
24.4402335678833
24.4617583532354
24.4850943079979
24.5195472907673
24.5631280185066
24.6077334458104
24.6436969725729
24.6737577662351
24.6964708945597
999.99
999.99
999.99
999.99
999.99
999.99
999.99
999.99
999.99
999.99
999.99
22.3093231870723
22.1895295502294
22.2136303910638
22.2572895504546
22.35794205169
22.4877254824147
22.6302455298778
22.7730959093038
22.902398786723
23.0141318160265
23.1181589169143
23.2262624904656
23.339328880977
23.4447784909523
23.5298968552825
23.5822583432614
23.5956442989215
23.5742495289621
23.5489007367855
23.5453710364357
23.5852041910366
23.6700055733442
23.7970004045177
23.9453669849167
24.0952312065068
24.2218459518309
24.3221485162318
24.3944315150939
24.4335440038319
24.4508621090078
24.4628188141485
24.479060500266
24.49995994553
24.5358250351868
24.5848916708884
24.6380674850888
24.6833812516484
24.7213433123242
24.7516178200012
999.99
999.99
999.99
999.99
999.99
999.99
999.99
999.99
999.99
999.99
999.99
22.2909339789131
22.1666990349032
22.1785533855737
22.2123924765129
22.3158338654707
22.4474085345575
22.5940790780008
22.7405020060408
22.8698607688044
22.9806349082167
23.0850501145103
23.1918371468526
23.3050282871214
23.4132388155858
23.5015276799721
23.5592146149586
23.5793492229801
23.564650514574
23.5476509437658
23.556345553659
23.609520103522
23.7101534132203
23.8511934327352
24.008592899847
24.1583309595829
24.2793552077939
24.3690963130814
24.4314518852625
24.4624954465833
24.4745646005514
24.4835357188839
24.5000853071978
24.5231269941452
24.5635660963643
24.6197110788254
24.6816208971976
24.7349011498251
24.778170459392
24.8122856478172
999.99
999.99
999.99
999.99
999.99
999.99
999.99
999.99
999.99
999.99
999.99
22.2752999859219
22.1309931826417
22.1353274221478
22.166294490463
22.2732261964111
22.4078214119064
22.5589600616834
22.7092362921372
22.8392181721043
22.9493481559756
23.0530696457577
23.1579200049032
23.2697794178118
23.3793963836232
23.4696785192814
23.5323665378966
23.559386168621
23.5530628757581
23.5462331331875
23.5689577048762
23.6358920063968
23.7495481666521
23.8987210018888
24.0578086049129
24.2009428369536
24.3123603837667
24.3917344334522
24.4477456968866
24.4767855285317
24.4898281610664
24.5012004661233
24.5219232263796
24.5500328837993
24.596409370419
24.6595733996665
24.7293293495218
24.7894631783694
24.83655804713
24.8721806110644
999.99
999.99
999.99
999.99
999.99
999.99
999.99
999.99
999.99
999.99
999.99
22.2007092201256
22.0885403911744
22.0873202567436
22.121307359904
22.2305729847819
22.3685249798305
22.5240362409266
22.6781298338608
22.8101774475051
22.9211425014264
23.0238787320747
23.1265485549331
23.2362439357987
23.3454258639851
23.4364540810702
23.5035621438034
23.5378121918773
23.5412133256051
23.5462647265487
23.5839310363995
23.6640891028205
23.7866512714482
23.9378169921428
24.0912461209916
24.222092331529
24.3205651019248
24.3899570892425
24.4421317630112
24.4741239178807
24.4929942030211
24.5109933590399
24.539123365019
24.5746167492814
24.6277444748665
24.6973183426379
24.7738011037402
24.8392243898511
24.8898826884555
24.9261365624575
999.99
999.99
999.99
999.99
999.99
999.99
999.99
999.99
999.99
999.99
999.99
22.120996576014
22.0429472621044
22.0417753732433
22.0817923092977
22.1928931906019
22.3340776187895
22.4932925160844
22.6507622779311
22.7859821837489
22.898692916494
23.0003494697203
23.1005744059946
23.2072328737851
23.3142874755868
23.405216470643
23.4761882411398
23.5178520610264
23.5316007706144
23.5490637363326
23.6005494383316
23.6914805552187
23.818608644184
23.9671120166054
24.1104173679399
24.2268673584265
24.3120243441778
24.3725220814523
24.4220535241849
24.4586846490041
24.4844898724119
24.5098879565725
24.5459089209507
24.5893722752744
24.6490858601921
24.7248074532751
24.8074486687361
24.8778409631728
24.9329388622539
24.9712088142618
999.99
999.99
999.99
999.99
999.99
999.99
999.99
999.99
999.99
999.99
999.99
22.0405160464777
22.0053101109975
22.0063218778487
22.0516411160123
22.1634290136447
22.3073685615377
22.469912307485
22.6303068938785
22.7694616773368
22.8846455809597
22.9852747582384
23.083114518898
23.1863135201023
23.2898375179249
23.3796700413835
23.4537945646905
23.501875787802
23.5256852048891
23.5552886623903
23.6187312612637
23.7171215712767
23.8451430950661
23.9875496317279
24.1186649252827
24.2211587759446
24.2948669299023
24.3484194558869
24.3961235122474
24.4368338014383
24.4682292014728
24.4991648641437
24.5409950582849
24.5904083910698
24.654988908873
24.7357426911075
24.8237466079062
24.8994385341706
24.9608121910366
25.0039608515914
999.99
999.99
999.99
999.99
999.99
999.99
999.99
999.99
999.99
999.99
999.99
21.9614591132832
21.9785926597597
21.9827436697809
22.0326370857042
22.1435585868776
22.289469117223
22.454874626445
22.6187495752132
22.7628834300664
22.8817776698674
22.9823221924572
23.078684536763
23.1782992076156
23.2774153609243
23.3649907447597
23.4404411937728
23.4929531641861
23.5256605995726
23.5662078772849
23.6396569046067
23.7437733165456
23.8710710254682
24.0063197024823
24.1250045719394
24.214601719992
24.2775054487788
24.3244006535881
24.3686745324705
24.4115794816484
24.4467813016456
24.4815425306766
24.5267028572796
24.5800457834546
24.6471735462754
24.7306836765961
24.8226312011906
24.9038716677644
24.9728692500006
25.0233474872635
999.99
999.99
999.99
999.99
999.99
999.99
999.99
999.99
999.99
999.99
999.99
21.9956368412849
21.9714624908504
21.9782138925797
22.0338184980504
22.1447043674321
22.2920866931173
22.4590897115197
22.6246836285751
22.7715143771949
22.892302842314
22.9919505598571
23.0860451124525
23.1817228885342
23.2760694977437
23.3609600362061
23.436382627598
23.492528415024
23.5330230666539
23.5830419304483
23.6641640852795
23.7723089290489
23.8973775160465
24.0250470475614
24.1322606158563
24.2108164380798
24.2642333730295
24.3048132310435
24.344505962541
24.3874662842528
24.4244835067623
24.4612321001299
24.5076600353628
24.5624520023919
24.6290977782578
24.7120921920409
24.8053997473323
24.890876750527
24.9675001319946
25.0269978577599
999.99
999.99
999.99
999.99
999.99
999.99
999.99
999.99
999.99
999.99
999.99
21.9770755816
21.9818142025813
21.9954991234167
22.0553410804444
22.1699694116436
22.3201447834308
22.4875931634688
22.6521624355169
22.7977596141364
22.9168923765506
23.0134458902172
23.1040146107338
23.1951723014703
23.284621281687
23.3667601951059
23.441484211057
23.5001059442985
23.5469071047197
23.6043790202218
23.6901389376734
23.7999232853372
23.9221299315585
24.0424531409331
24.1401733432899
24.2103709206993
24.2569586925046
24.2924442148326
24.3281625995693
24.3698505860677
24.4072994217912
24.4439840263514
24.4889701230295
24.542030698656
24.605193117459
24.6848088401922
24.7769739254634
24.8657571469237
24.9490250588111
25.0179152940817
999.99
999.99
999.99
999.99
999.99
999.99
999.99
999.99
999.99
999.99
999.99
21.9825127406469
22.0030457069115
22.0239929886313
22.0922679956371
22.2145958542666
22.3699922474669
22.5382250017266
22.6999457561472
22.8403697585847
22.9543385222713
23.0451132079796
23.1302840791938
23.2161561454586
23.3008310899471
23.3801326677091
23.4534730677058
23.5133517428139
23.5646219416773
23.6270557573559
23.7145511120282
23.8239729446058
23.9427451509862
24.0559274934968
24.1457075051869
24.2099106048439
24.2519225967121
24.2840094248032
24.317605461079
24.3585861134055
24.3961356632366
24.4318649064315
24.473513464022
24.5221674370183
24.5794268314712
24.6533239077981
24.741996262934
24.8327092488609
24.9209881942867
24.9980831226363
999.99
999.99
999.99
999.99
999.99
999.99
999.99
999.99
999.99
999.99
999.99
22.0863056724537
22.0206949357266
22.0530821411044
22.1399972123183
22.2748411102644
22.438505206321
22.6082785372772
22.7652410633281
22.8967439664379
23.0023208801417
23.0849211185195
23.1630926715933
23.2437350136601
23.3245601762506
23.4011248093465
23.4728206234356
23.5332332964113
23.5866307923704
23.6507270369988
23.7371627569835
23.843947011181
23.9577994799282
24.0634696326584
24.1461513719119
24.2053925110618
24.2437652499161
24.2740111296083
24.307861095528
24.3499412475979
24.3887492060784
24.4247198774525
24.4632569851936
24.5067327832055
24.5571225834358
24.6236970113385
24.7065595084919
24.7962938064742
24.886261844658
24.9684900082732
999.99
999.99
999.99
999.99
999.99
999.99
999.99
999.99
999.99
999.99
999.99
22.0366516886134
22.0372332093713
22.088532247798
22.1965805231556
22.3481665187076
22.522531070573
22.6940547872754
22.8436373396618
22.9631134931582
23.0575455436582
23.1298569452507
23.1994536107597
23.2741464063418
23.3507959886584
23.4243700565462
23.4945393474094
23.5554099920955
23.6102068163312
23.6745854252309
23.7583736092003
23.8603351662676
23.967205750595
24.0639278873701
24.1390677221808
24.1934495822831
24.2294530615999
24.2601783541953
24.2977919055791
24.3437350810001
24.3860163590737
24.4240693408819
24.4608591432346
24.4991683870435
24.5426982527971
24.6009915454086
24.675655812495
24.76077264263
24.8486014604837
24.932468417499
999.99
999.99
999.99
999.99
999.99
999.99
999.99
999.99
999.99
999.99
999.99
21.9333173848993
22.0508396854746
22.1257843590925
22.2552719796458
22.4239195135332
22.6085571423262
22.7811763232176
22.9218990717033
23.0288899284144
23.1123721377679
23.1749192359835
23.2364912874972
23.3056632138568
23.3784119580152
23.4490203604829
23.5178269175981
23.5780856136959
23.6330743235601
23.6958978550704
23.7750205091432
23.8694351867264
23.9676956094665
24.0543791655235
24.1217621441305
24.1716949897502
24.2073971390467
24.2415784632883
24.2865724682149
24.3395825972752
24.3882348927362
24.430422184918
24.4670001074143
24.5013130147039
24.5396032346012
24.5906836423301
24.6572340824767
24.7362873604403
24.8193040788707
24.9009194564232
999.99
999.99
999.99
999.99
999.99
999.99
999.99
999.99
999.99
999.99
999.99
21.9492724180581
22.0622596704686
22.1602781742815
22.3187400976301
22.5002341217638
22.6906848743703
22.8619562179818
22.9930422170258
23.088505288097
23.1627066568419
23.218181705474
23.2734012108651
23.3378552177843
23.4072002572447
23.4750096121491
23.5419528478338
23.6008986538372
23.6551146881952
23.7151153425872
23.7885167860334
23.8735217384322
23.9610717605626
24.0367919233316
24.0960803379331
24.1418725574827
24.1791567574959
24.2200083393305
24.2750722960084
24.3379356817027
24.3954036110584
24.4436756226112
24.4818422651917
24.5141043268248
24.5489837975032
24.5942903255393
24.6538849308733
24.7263362059017
24.8030811155547
24.879651704037
999.99
999.99
999.99
999.99
999.99
999.99
999.99
999.99
999.99
999.99
999.99
21.9580747369162
22.0842243276873
22.2065719042192
22.3916227710738
22.581236235896
22.7718689769114
22.9375316987653
23.0574905900948
23.1426637240361
23.2096436521586
23.2612855232299
23.3124797582948
23.373021032325
23.4388089867213
23.5033600319875
23.5672914237565
23.6238056647572
23.6761874431331
23.732834745934
23.8002619478331
23.87497350794
23.9507415280939
24.0157712753098
24.0675605573785
24.1100865723331
24.1510203203677
24.2011679125383
24.2675329422214
24.3412229986789
24.4087868442092
24.4642472083097
24.5058314326847
24.538622815296
24.5723142628959
24.6136484535956
24.6677930247052
24.7332807753956
24.8022925056712
24.8717556951605
999.99
999.99
999.99
999.99
999.99
999.99
999.99
999.99
999.99
999.99
999.99
21.8413566501249
22.1224608651008
22.2705368891528
22.4753230747401
22.6680126792795
22.85288998671
23.008133740482
23.1153828338415
23.1914547505382
23.2533675210643
23.3039861057309
23.3534074907375
23.4104187336432
23.4719545833496
23.5327083026573
23.5924635578567
23.6458201513811
23.6960325901807
23.7495881479367
23.8106576216542
23.8750699010305
23.9389418537901
23.9946373759632
24.0409341267392
24.082687032364
24.1296988570435
24.1907524421623
24.2678396403197
24.3509020032683
24.4276484079798
24.4897915650955
24.5357036612858
24.5714832506866
24.6066257651309
24.6464448590702
24.6974457127216
24.7572709079275
24.8188793252084
24.8807640961608
999.99
999.99
999.99
999.99
999.99
999.99
999.99
999.99
999.99
999.99
999.99
21.8270345088516
22.1659273980569
22.3442990581757
22.5681213144524
22.7587961029139
22.9318713955278
23.0720172232333
23.1649529590823
23.2323433563684
23.290911036923
23.3427855081055
23.3923326020299
23.447631656773
23.5059953590312
23.5631795744952
23.6183253245456
23.6678687255901
23.7142551648552
23.7630803656002
23.8164271644145
23.8706193612785
23.9240410957008
23.973607648349
24.0187081628522
24.064118504513
24.1199090642201
24.1920912738914
24.2777455410606
24.3669166007885
24.4496339911177
24.5164811375757
24.5667248821611
24.6075233428849
24.6469554712557
24.6887750290772
24.7400402540908
24.7968814595124
24.8524793028781
24.9066963876499
999.99
999.99
999.99
999.99
999.99
999.99
999.99
999.99
999.99
999.99
999.99
21.8735105869187
22.2085451545032
22.4209593989755
22.6627029528411
22.848083002249
23.0061128668804
23.1283891033949
23.2068103099948
23.2662833573929
23.3225130211809
23.3764701870801
23.4269156700014
23.4808106938862
23.5358508923652
23.5887808338406
23.6384695342637
23.6841194001079
23.7264673908127
23.7706454881721
23.8175040719927
23.864389920452
23.910776004609
23.9585632361017
24.0071707725603
24.0598569384894
24.1251090643119
24.2062350582898
24.2964739026603
24.3867639641272
24.4708761283387
24.5401612795034
24.5952394177759
24.6430331780278
24.6897616101509
24.7369511334717
24.7907570076292
24.8458091324593
24.8959061754896
24.942565086955
999.99
999.99
999.99
999.99
999.99
999.99
999.99
999.99
999.99
999.99
999.99
21.8784707980753
22.2455496716635
22.4899079210906
22.7479111597896
22.9270714627528
23.0702535167862
23.1747334497915
23.2395411341356
23.2920277924901
23.3469631721009
23.4023024892846
23.4536946768389
23.5068523696633
23.5591329728037
23.6074516195087
23.6517661297531
23.6931966768597
23.7311827735791
23.7706605564572
23.8121433780743
23.8551195199656
23.8993081501336
23.9498633670905
24.0063139244551
24.0693987309391
24.1434447422581
24.2297147644512
24.3200169545731
24.4061480142548
24.4866168269726
24.5561327550779
24.6162740679851
24.6723998658389
24.7289045559777
24.7842009492407
24.8414311016238
24.8947437970575
24.9389712296639
24.9777815370594
999.99
999.99
999.99
999.99
999.99
999.99
999.99
999.99
999.99
999.99
999.99
21.8757795741673
22.2812722761137
22.5499356614617
22.8187261923166
22.9910426899458
23.1202624366945
23.2083784433874
23.2606242964074
23.3062372027546
23.359187122137
23.4137762690582
23.4649926387543
23.5184684612521
23.570077191519
23.6160283647666
23.6578792680604
23.6973309609612
23.7319369509938
23.7669933210241
23.8037234137374
23.8447812445207
23.8900186257265
23.9460265340163
24.0124624587929
24.0870266468875
24.1683930711324
24.2559607546629
24.3427100091211
24.4211581250194
24.4948622667066
24.5628501292348
24.6274673476063
24.6915456999845
24.7586671619829
24.8227661670795
24.8835367460215
24.9351072008788
24.9742538283466
25.0053761536918
999.99
999.99
999.99
999.99
999.99
999.99
999.99
999.99
999.99
999.99
999.99
21.7383459457693
22.3080886778786
22.5961833462416
22.872621054458
23.0372863470341
23.1539263455432
23.2276692783438
23.2691659510219
23.3089042553584
23.3593968747279
23.4120271187702
23.4623179688648
23.5167318300812
23.5685799494098
23.6133085609522
23.6543097347564
23.6927927878544
23.7252208939771
23.7573687095275
23.7921432915957
23.8342025821014
23.8839971558136
23.9470466792268
24.0234469677779
24.1077894075567
24.1937944461523
24.2792222621963
24.360334172605
24.4300586917624
24.496079437042
24.5618556441677
24.6301918779133
24.7005388593904
24.7769069737521
24.8488880712344
24.9123766650552
24.9620527791298
24.9971501898643
25.021443568714
999.99
999.99
999.99
999.99
999.99
999.99
999.99
999.99
999.99
999.99
999.99
21.7831825396825
22.3363263778957
22.6347368204645
22.9073861192558
23.0646171859228
23.1718442394497
23.2351349034034
23.2701328865724
23.3069438108575
23.3559075178742
23.4065388903539
23.4558682603166
23.5093322102113
23.5590099575995
23.601080479281
23.6402131002977
23.6774795972864
23.7101059470237
23.7434667998015
23.7809342333969
23.8278640949687
23.8847955008988
23.9547082049456
24.038301535457
24.1283259985444
24.2154265181148
24.296114476071
24.37073387655
24.4322861166484
24.4913906875694
24.5548031999263
24.6260032966138
24.7006169519479
24.7838698122204
24.8617090138965
24.9268027462688
24.9741778099279
25.0063570079826
25.0256179906308
999.99
999.99
999.99
999.99
999.99
999.99
999.99
999.99
999.99
999.99
999.99
21.8188911338371
22.3628801037132
22.6570080807795
22.9296428281106
23.0803431715253
23.1809327261572
23.2371855155322
23.268685631138
23.3040309745909
23.3516313988698
23.3999758552398
23.448120360054
23.4995922849239
23.5460123614927
23.5850852237937
23.6225758253248
23.659189293023
23.6939751174558
23.7318396211446
23.7748977160023
23.8280359385746
23.8921564408606
23.966948641702
24.0535463386842
24.1447829126733
24.2300670120558
24.3049847445947
24.3734728518065
24.4288801120694
24.4829055386459
24.5440483220584
24.6163888054092
24.6927674529395
24.7793641287733
24.8600814908282
24.9258564942856
24.9714360764205
25.0027847887695
25.0196468238905
999.99
999.99
999.99
999.99
999.99
999.99
999.99
999.99
999.99
999.99
999.99
22.029513990075
22.4000381278258
22.6825920817116
22.9447612358036
23.0900034057807
23.1860931820371
23.2383389192361
23.2691558984476
23.3041283590272
23.3499026345421
23.3958568670966
23.4420188364113
23.4898106301763
23.5315587201708
23.5678118261968
23.6044571119176
23.6421035149711
23.6812166934124
23.7260980357925
23.7759332167806
23.8341777859547
23.9026747803651
23.9791089560096
24.0644166612662
24.1529367603795
24.2351206300573
24.3050157125162
24.3685051094502
24.4201218592683
24.4716538292771
24.5306613830875
24.6029412266145
24.6794051806948
24.7666064299376
24.8475952056789
24.9139494494804
24.958755644544
24.9914064837959
25.008568809982
999.99
999.99
999.99
999.99
999.99
999.99
999.99
999.99
999.99
999.99
999.99
21.8926919191919
22.431737821645
22.7033028078173
22.9530807944452
23.0934240741673
23.1868700195625
23.2378974629561
23.2711505271933
23.3076213318893
23.3528046938621
23.3977129721224
23.4421507105071
23.4846796828923
23.5196655348025
23.5509667252354
23.5843435339504
23.6214387841032
23.6644393380213
23.7165402913743
23.7729907046667
23.8353518224703
23.9058246501813
23.9816615978011
24.0632255312535
24.1474627030176
24.226535609378
24.2933006687992
24.3537295550119
24.4042114830053
24.4555452606986
24.5137970864631
24.5864669930565
24.6632946476345
24.7500700776593
24.8306261775867
24.8976773879844
24.942861382746
24.9777658052662
24.996966451338
999.99
999.99
999.99
999.99
999.99
999.99
999.99
999.99
999.99
999.99
999.99
22.006785075745
22.4604285216485
22.7172335598065
22.9530260382648
23.0881184587578
23.1796604830666
23.2323569692371
23.2708169663236
23.3099816677879
23.3558178428506
23.4003975029137
23.4428703799435
23.4792472180373
23.5072550948248
23.5334556104238
23.5633215803162
23.5994870156404
23.6448421947298
23.7017723724988
23.7613230903091
23.8243668424279
23.8931164037669
23.96636776929
24.0430735773008
24.1234437888425
24.2005049053723
24.2667331750946
24.3264467966327
24.3785004470683
24.4320540953011
24.4918241280112
24.566593119513
24.6458413554734
24.7333653363367
24.8143599378313
24.8828574865335
24.9290616203435
24.9657978741535
24.9869172458415
999.99
999.99
999.99
999.99
999.99
999.99
999.99
999.99
999.99
999.99
999.99
22.0850776128633
22.4893063177881
22.7290124207718
22.9475576177397
23.0761414980507
23.1647747362646
23.2201535352945
23.2643720522403
23.3059520659014
23.3518258093314
23.3953823032153
23.4345194732257
23.4659165984155
23.4898628644554
23.514085653557
23.5428351382791
23.5788206264
23.6233166846564
23.6792056429113
23.7352423180643
23.7930374450944
23.8556333419692
23.9244092417897
23.9966021122524
24.0747103147379
24.1519277617281
24.2202949158524
24.2819158431382
24.3382601947425
24.3969773966001
24.4617257731776
24.5417291492312
24.6266563699849
24.7171800602166
24.7998862106943
24.8701715594424
24.9175296577951
24.9549218033449
24.9769407821678
999.99
999.99
999.99
999.99
999.99
999.99
999.99
999.99
999.99
999.99
999.99
22.1321161917834
22.5037464283103
22.7247305678869
22.9129709296047
23.0345512849162
23.1172036922576
23.1698130298318
23.2111781821587
23.2442572428047
23.2790286075462
23.3127522960375
23.3426780960975
23.3675445380086
23.389830298225
23.416095294012
23.4460770754205
23.4814919373513
23.5229446054452
23.5738998939171
23.6228062676702
23.6741968421457
23.7322318398962
23.7990087117279
23.8711366896307
23.9528127448408
24.0363949765677
24.1141809250963
24.1868095028225
24.2559622945352
24.327080115534
24.4035596191723
24.4935976426512
24.586714192059
24.6812734061437
24.7660677704632
24.8374202324154
24.8855532109346
24.9226950796929
24.945707787857
999.99
999.99
999.99
999.99
999.99
999.99
999.99
999.99
999.99
999.99
999.99
22.3853203815155
22.5051506272655
22.7042739092226
22.8606302332567
22.9748790675737
23.0488125232441
23.0926524394327
23.122441455303
23.1368885807174
23.1505878068463
23.1663461473672
23.1818400019093
23.1968299493263
23.2180715421559
23.2480034710389
23.2802501199967
23.3145322149814
23.352797516257
23.3970442323819
23.4379792364099
23.4833455168389
23.5389070998084
23.6054253381601
23.6806415849123
23.769602826332
23.8638943813432
23.9571698956688
24.0494334362936
24.1392983980304
24.2293333076402
24.3234609425196
24.4266516638588
24.5284253221044
24.6267301989693
24.713651070148
24.7853330042124
24.8345101479048
24.871691380163
24.8965402336087
999.99
999.99
999.99
999.99
999.99
999.99
999.99
999.99
999.99
999.99
999.99
22.4325790684345
22.4343837937336
22.6407838551099
22.8012629293097
22.9080072662648
22.9709561214333
22.9996104937921
23.0088054581897
22.9953914317745
22.9796183591964
22.9701163405859
22.9665532308477
22.9684245992227
22.9886126064146
23.023839629755
23.0618081469482
23.0976096467351
23.1359472915986
23.1752659304095
23.2097757976285
23.2489336553925
23.302363846706
23.3679604849249
23.4465168361565
23.543231063971
23.6505271783305
23.7635008186072
23.8819676244523
23.9981992722366
24.1117597207543
24.2267799022419
24.3437111590878
24.4522666787886
24.5525655826237
24.6404231633769
24.7114496812572
24.7617981074444
24.8002181960692
24.8281509728551
999.99
999.99
999.99
999.99
999.99
999.99
999.99
999.99
999.99
999.99
999.99
22.4981669658255
22.3799004908886
22.583031434987
22.7430608512348
22.842018380095
22.8910722048385
22.897253775119
22.8764959185859
22.8278541061412
22.77694291591
22.7383501079754
22.7142110223
22.7027794904867
22.7227017458219
22.7639830206978
22.8096154665098
22.8492879615012
22.8910930699743
22.9279488473827
22.9583330320588
22.9917627636605
23.0427146812113
23.1055177225314
23.1866729523608
23.2908011840268
23.4125320973947
23.548075219838
23.6973471906361
23.8431062781953
23.9822882351908
24.1188034911437
24.2479809374247
24.3598624005779
24.4590234880251
24.5455903566262
24.61467944851
24.6664489340272
24.7077886123421
24.7411863446518
999.99
999.99
999.99
999.99
999.99
999.99
999.99
999.99
999.99
999.99
999.99
21.6453083213083
22.3307460706793
22.5169065884785
22.6867817833312
22.7774982034019
22.8101571713056
22.7877343297009
22.7291779853152
22.6396556354184
22.5510384331156
22.4830565843549
22.4406870033804
22.4179947141768
22.4387033771302
22.4853442219025
22.5380753008794
22.5815885829833
22.6290328047839
22.6663319891921
22.6958207613591
22.7255111630578
22.7743584519239
22.8335409336048
22.9170341154341
23.0288451094224
23.1661575472435
23.3267416822011
23.5096461189335
23.6859490128871
23.8498823409848
24.0060379060169
24.1440270019807
24.254749129011
24.3492473289966
24.4327765731608
24.4988096397873
24.551945802342
24.5973504965232
24.637699211249
999.99
999.99
999.99
999.99
999.99
999.99
999.99
999.99
999.99
999.99
999.99
21.8025592493711
22.3298181891428
22.5020412087143
22.6762415868873
22.7554938040944
22.7735372239361
22.7302562632745
22.646963765918
22.5354566002269
22.4298683075319
22.3500857696621
22.3017741443424
22.2750484686614
22.2974649440186
22.3463197492442
22.4039244065946
22.4516851384138
22.5042409008378
22.540195513792
22.5655669211176
22.5850852662453
22.6220076930097
22.6691867567113
22.7482848014909
22.8612509396939
23.0080264616512
23.1863223338666
23.3918131551346
23.5862001967175
23.7637716870018
23.9294293863232
24.0686237482681
24.1745245777798
24.2641010062986
24.3451597798325
24.4091839408923
24.4645196249792
24.5143777149199
24.5597659359039
999.99
999.99
999.99
999.99
999.99
999.99
999.99
999.99
999.99
999.99
999.99
21.806016325525
22.3574096505764
22.5220763447061
22.6936146592804
22.7590896452255
22.76490126216
22.7090399555053
22.6140872909872
22.4986409568578
22.3953161902871
22.319704200174
22.2772024662098
22.2555070955904
22.2817315749538
22.3312687248178
22.3919424424192
22.4434858201474
22.4985162840806
22.5309497241967
22.5487521364781
22.5540120716118
22.5726727029257
22.602732483265
22.6726272731161
22.78253670803
22.9331119398223
23.1210500659758
23.3372621930257
23.537762020131
23.7178124270574
23.8834972007837
24.0179948056882
24.117419730149
24.2024951413548
24.28189321107
24.3451075461206
24.4028034781812
24.4565920224981
24.504986359777
999.99
999.99
999.99
999.99
999.99
999.99
999.99
999.99
999.99
999.99
999.99
22.1699804616599
22.4592686112641
22.5871295565712
22.7207571735715
22.7723376045854
22.7684860701322
22.7093616097501
22.6163848594
22.5132335889708
22.4282301509912
22.3717805437819
22.3468936302424
22.3400665936686
22.3732180305233
22.4225358269846
22.4814083189767
22.5319497446769
22.5831044128868
22.6076858698564
22.614657432286
22.6053531892745
22.6041983643785
22.6161942273319
22.6749364090468
22.778883072686
22.9279864044245
23.1178819335817
23.3339722826138
23.530729944462
23.7050046837367
23.8640670468307
23.990978236787
24.0849887989569
24.1676353521222
24.2470992250026
24.3109294155881
24.3701316228487
24.4255580226208
24.4737115807674
999.99
999.99
999.99
999.99
999.99
999.99
999.99
999.99
999.99
999.99
999.99
22.509451144932
22.5460012582316
22.6423889469213
22.7446996688585
22.7857748681935
22.7787339872607
22.7277524080413
22.650876978719
22.5727545084413
22.5166815402447
22.4881047384963
22.487324817674
22.4999727583276
22.5408052461781
22.5889173928125
22.6423319127093
22.6871640252426
22.7291548047121
22.7432448071892
22.7383177561405
22.715453190917
22.6960521387775
22.6918076401433
22.7391826019532
22.8356615944827
22.9800569389009
23.1656479586266
23.3728563512477
23.5582688604874
23.720331129422
23.8673241914844
23.9849268189068
24.075359938676
24.1583968351388
24.2400152155677
24.3059557435929
24.3659243539185
24.4204919263194
24.464255017681
999.99
999.99
999.99
999.99
999.99
999.99
999.99
999.99
999.99
999.99
999.99
22.5683254010153
22.6095553310239
22.6917974737573
22.7608392936513
22.7963245478458
22.7936508501186
22.7612866234725
22.712561140311
22.6694602016582
22.6483553848771
22.6510003963524
22.6753710452419
22.7073878347571
22.7548317250313
22.8021010938159
22.8503043656556
22.8891132073829
22.9209650444354
22.9246034213152
22.9076287834201
22.872267735264
22.8364023639561
22.8177985990316
22.8536792831209
22.941822527625
23.0783127995763
23.2542167017472
23.4458998136735
23.6147363068991
23.7604238712233
23.8917516321657
23.9988179515829
24.0868658501256
24.1721156113033
24.2566780553006
24.3262269001024
24.3875772655012
24.4403662384482
24.4773194224602
999.99
999.99
999.99
999.99
999.99
999.99
999.99
999.99
999.99
999.99
999.99
22.5804327663561
22.6170083378212
22.6966440218773
22.7496052721166
22.7863214957754
22.7936586989416
22.7824994714747
22.7617275355392
22.7499026135066
22.7575070990509
22.7843288069331
22.82852608596
22.8760028154034
22.9275721936712
22.9737104741579
23.0173003597736
23.0495963313225
23.0716661421784
23.0681053849663
23.0434646636171
23.0015507651756
22.9571632313458
22.9310209337992
22.9591689660796
23.0414415557077
23.1705974986889
23.3364038450971
23.5138711950043
23.6690213517354
23.8009919804369
23.9190891438212
24.0181309173326
24.1052071420788
24.1922685533081
24.2788574906993
24.3513715207814
24.4127892570959
24.4615870951452
24.4906130581836
999.99
999.99
999.99
999.99
999.99
999.99
999.99
999.99
999.99
999.99
999.99
22.6401284623236
22.5886475305793
22.6658991708234
22.719130600512
22.7628300909697
22.7841703931584
22.7945716386768
22.7986560060718
22.8118587774781
22.840870719777
22.8858183780683
22.9455836301419
23.0059767073275
23.0606728630033
23.1058666889361
23.1450402710106
23.1698135690807
23.1817922942488
23.1726067231103
23.1439534518869
23.1003589607618
23.0546901930749
23.0279776124797
23.0536962005467
23.1322416412491
23.2544142974883
23.4102004808836
23.5748239125015
23.7183735828152
23.8404189676101
23.949517064505
24.0440418076413
24.1322618247242
24.2219071515293
24.3098750672573
24.3840023277462
24.4434333283361
24.4854119732722
24.5039060733336
999.99
999.99
999.99
999.99
999.99
999.99
999.99
999.99
999.99
999.99
999.99
22.5152674362674
22.5506937271054
22.6214203210103
22.6778762550587
22.7312663778195
22.7690398033396
22.7990840617056
22.8243451768096
22.8571180117571
22.9015427340198
22.958334684736
23.0284032414876
23.0971987485822
23.1538957784031
23.1992572597303
23.2368731909702
23.256251336386
23.2602288419509
23.2470500472319
23.2165285602161
23.1739440060208
23.1328821387359
23.1127559797741
23.1419166804209
23.220499810616
23.3368372124271
23.4825327471171
23.6349213395237
23.7681448917953
23.8822612778403
23.9857060251192
24.0781147023979
24.1678918129255
24.2592657368443
24.347024240944
24.420775681147
24.4769828674798
24.5110490832849
24.518635162085
999.99
999.99
999.99
999.99
999.99
999.99
999.99
999.99
999.99
999.99
999.99
22.4238457848772
22.5057945964576
22.5754200070254
22.6336158591811
22.6955205864115
22.7483497946058
22.7948928164085
22.8379010809457
22.8860337324539
22.9418164267051
23.0064998838998
23.0829070441411
23.1566225297114
23.215521939319
23.2630401473404
23.3013717102639
23.3174929755693
23.3152112413119
23.2986084446434
23.2669046290657
23.2284165623257
23.1975433479214
23.1906004022986
23.2282063598507
23.3094903993409
23.4198408193519
23.5548849204381
23.6953926070788
23.8199262820793
23.9288847415559
24.0303036973716
24.1225392284768
24.2132299057916
24.3042550882721
24.3893955094713
24.4601033358361
24.5109695807471
24.5361754400836
24.5330320564601
999.99
999.99
999.99
999.99
999.99
999.99
999.99
999.99
999.99
999.99
999.99
22.3912650999794
22.4589924043028
22.5240502314963
22.589997496409
22.6590049133738
22.7254290191451
22.7856818166543
22.8437401693907
22.904581260961
22.9700711680453
23.0404230177542
23.1216110545748
23.1991746162716
23.2609591025549
23.3107693724667
23.3498619439365
23.3623918254473
23.3541687200763
23.3341241605004
23.3028495948541
23.2717431617986
23.2564626393087
23.2665946162779
23.3148607751153
23.3985206401795
23.5022323794624
23.624994298049
23.7535857420139
23.8710654601432
23.977968212438
24.0802305997558
24.1742341072158
24.265602844825
24.3542038091528
24.4339605598428
24.4981192862154
24.5402340762302
24.5552436383761
24.5420346212671
999.99
999.99
999.99
999.99
999.99
999.99
999.99
999.99
999.99
999.99
999.99
22.4144372294372
22.4304119904878
22.4808088984045
22.5466887548895
22.6222628441989
22.7006147793446
22.7722302915872
22.8424384445179
22.9125486423805
22.985097941588
23.0597801608096
23.1452834873302
23.2272968490164
23.2946285609233
23.3486795354856
23.3889132440076
23.3977835044012
23.3844011236466
23.3612653193401
23.3321496986696
23.3115502641936
23.3152798704198
23.3443100346905
23.4033373313289
23.4881701673394
23.5840899516352
23.6937229525421
23.8097975844193
23.9207180031745
24.0264650113546
24.1305951562507
24.2265462004035
24.3179131866945
24.4029014773785
24.4759761445043
24.5317079325324
24.5638458134326
24.5696231919134
24.5486173560004
999.99
999.99
999.99
999.99
999.99
999.99
999.99
999.99
999.99
999.99
999.99
22.3105346915312
22.3987449674144
22.4387332497158
22.5037625146458
22.5827685215533
22.6700311703298
22.7517726286154
22.8340587291543
22.9133759484818
22.9929329030049
23.0715876811164
23.160734928837
23.2466853261248
23.321371140694
23.3822103472889
23.4250886274238
23.431677645734
23.4150200068644
23.3894082676799
23.3623057821694
23.3520239021743
23.3740109507884
23.4201819049611
23.4878465668948
23.5735101083138
23.6641436686468
23.7634527423121
23.8694340850439
23.9756931978294
24.0799186791707
24.1834508802167
24.2783567809774
24.3665112202851
24.4453122188016
24.5104629227409
24.5570306873472
24.5800388776926
24.5791774739877
24.5542799024865
999.99
999.99
999.99
999.99
999.99
999.99
999.99
999.99
999.99
999.99
999.99
22.3768730845874
22.3558232886834
22.3942394199811
22.4628737004228
22.5441007856339
22.6390499048512
22.7321209710757
22.8262637961355
22.9142237828054
23.0000189259379
23.0813627036993
23.1724475888256
23.2621869137497
23.3449831110636
23.4135201708778
23.4599844540618
23.4657456443735
23.4476134061899
23.4200050721198
23.3938027967359
23.3910569453971
23.4266939255997
23.4837554117461
23.557214572947
23.6447280651569
23.7353269679416
23.8302147449666
23.9320949382153
24.0360082188737
24.1376008570497
24.2360209703766
24.3252351733476
24.406195479384
24.4765245854352
24.5334926490123
24.5721978581099
24.588485718572
24.584338741629
24.5598080611066
999.99
999.99
999.99
999.99
999.99
999.99
999.99
999.99
999.99
999.99
999.99
22.2671116038433
22.3236260650909
22.3569003148148
22.4244754198997
22.5087044851503
22.6115604870569
22.7155353774221
22.8200493506584
22.9173178279736
23.010319155254
23.0948340901212
23.1885893747862
23.2833070996979
23.3735039739707
23.448269594043
23.4983985262961
23.5049188640867
23.4869985297394
23.4581483043888
23.4322542915388
23.4329343315551
23.4751792455382
23.5363180403361
23.6130866526959
23.7042298315169
23.7997583755243
23.8958717656422
23.9980596825004
24.099940693874
24.1956808724859
24.2842763397466
24.363402204137
24.4341111544639
24.4947113554408
24.544157996824
24.5774371897467
24.5910740456661
24.5880495565367
24.5689985667768
999.99
999.99
999.99
999.99
999.99
999.99
999.99
999.99
999.99
999.99
999.99
22.1188565160482
22.2910841429425
22.3253029609018
22.387416959573
22.4734854615297
22.5825093851483
22.6963029847842
22.8100460399918
22.91649694295
23.016842446227
23.1056115736113
23.202027642816
23.3017396278155
23.3982880333543
23.4785302113718
23.5324243059696
23.5419108995318
23.5251750242972
23.4954466503646
23.4691987953553
23.4703014737799
23.5139159323178
23.5777768036157
23.6599019134648
23.7592102537236
23.8647259067003
23.9673498160477
24.0716061872567
24.1694375359163
24.2545292966204
24.3285767827834
24.3934157512379
24.4512785152664
24.5020461132923
24.5460865533775
24.577856716016
24.5938283717379
24.5963776267397
24.5865694305741
999.99
999.99
999.99
999.99
999.99
999.99
999.99
999.99
999.99
999.99
999.99
22.2692914862915
22.2546946314403
22.2887669632091
22.3508254474608
22.4355127122335
22.5478244088005
22.6693861369676
22.7914931116914
22.907181519114
23.0151179840957
23.1090049124219
23.2082448468981
23.3124143482226
23.4140684634468
23.4996043847462
23.5579462307154
23.5728170484039
23.5583147848448
23.5275674632998
23.4998708632225
23.4992053445123
23.5413584367403
23.6089556563392
23.7008061636923
23.8134430093604
23.9333182505573
24.0453573365811
24.1519093393519
24.2432317330271
24.3137390911511
24.3693962003339
24.4173982588999
24.4610837030167
24.5025207364463
24.5434224064449
24.5776840105926
24.6004772079899
24.6121095314276
24.6137251217445
999.99
999.99
999.99
999.99
999.99
999.99
999.99
999.99
999.99
999.99
999.99
22.2694275407133
22.2278241588647
22.2571989920433
22.3113757666259
22.3951585048971
22.5107881478279
22.6392117275872
22.7688232550387
22.8930462951901
23.0073851705678
23.1059172685829
23.2073607140344
23.3147936756088
23.4196603991839
23.5086704663013
23.5708482080768
23.5920598613786
23.5804059554182
23.5492827370911
23.5212563335344
23.5201786126375
23.5622423541118
23.6367624774659
23.7427668294909
23.8721144892275
24.0064484102598
24.1265402717175
24.2333645047474
24.315490427643
24.369337813288
24.406209143639
24.4378799279899
24.4681288088267
24.5016674248696
24.5413288820502
24.5808842271807
24.6131182436328
24.6358936488769
24.649689791246
999.99
999.99
999.99
999.99
999.99
999.99
999.99
999.99
999.99
999.99
999.99
22.1712414052588
22.2072159684678
22.2268526268988
22.267922396333
22.3505805899057
22.4690129630052
22.6024198652743
22.7389432772778
22.8713532203897
22.9914468084247
23.0948737861991
23.1988576909067
23.308668315842
23.4151755779196
23.5059777677274
23.5708848558202
23.598635880016
23.5903175438808
23.5608064180065
23.5364843185074
23.5401093409382
23.5870746946096
23.6740674265013
23.7964227641982
23.9406879316235
24.0838076503063
24.2060998882323
24.3074942895234
24.3783152732824
24.4165779625731
24.438446069183
24.4577369129423
24.478311273946
24.5068766666204
24.547108560921
24.5933222314105
24.6359774622562
24.6701899391043
24.6950587567984
999.99
999.99
999.99
999.99
999.99
999.99
999.99
999.99
999.99
999.99
999.99
22.2446179582451
22.1749665308375
22.18933764147
22.223035912299
22.3035169879649
22.4232831412583
22.5601824991015
22.7026248568673
22.8406962420166
22.9637551744195
23.0704103903666
23.1755095594793
23.2860341343228
23.3936179539815
23.4867525090118
23.5544284622552
23.5887902476432
23.5852750140288
23.5600495968385
23.5436354236682
23.5580195141821
23.6163116050379
23.7196544421618
23.8583939773323
24.0129612874456
24.1578711624451
24.2759624989205
24.3676234026061
24.4269620826617
24.4534576881676
24.465690624895
24.4779894341577
24.4939409244166
24.5214485231851
24.5645439164769
24.6184103610842
24.671222627763
24.7157644352535
24.7489437418244
999.99
999.99
999.99
999.99
999.99
999.99
999.99
999.99
999.99
999.99
999.99
22.203022005353
22.1497244340575
22.1507738480541
22.1774730426186
22.2565453278295
22.3777866875076
22.5178422786645
22.6653147470014
22.8069602972549
22.9311884762649
23.0395248901465
23.1443360139721
23.2541080507078
23.3624438861004
23.4579554313522
23.5282575784404
23.5689929219442
23.5717560656118
23.553084503886
23.5470396650507
23.5755234495839
23.6482283651045
23.7667186299631
23.9177251317677
24.0764411606357
24.2169880718866
24.326389809912
24.4077756019354
24.4583393312773
24.4784363333203
24.4868157673044
24.497652873167
24.5140263929677
24.5443276125838
24.5927293717919
24.6549480488616
24.7171697528435
24.7700699278499
24.8088229689348
999.99
999.99
999.99
999.99
999.99
999.99
999.99
999.99
999.99
999.99
999.99
22.2014634967562
22.1208136895633
22.1134721959532
22.1317973489613
22.21121357897
22.3350064964736
22.4789653978323
22.6316446767204
22.7760732100095
22.9007737524533
23.009376162918
23.1124930635534
23.2199977332723
23.3284956062406
23.4253449693055
23.4977922391662
23.5439469915682
23.5536645105309
23.5431217987219
23.5490832900111
23.5929156100055
23.6804209894907
23.8103954571097
23.9672433991885
24.1233496025689
24.2542868037602
24.3524782689453
24.4247496168669
24.4704047897378
24.4897858159843
24.4999429785145
24.5138406105643
24.5343416221079
24.5700576106886
24.6249502777421
24.6950014454738
24.7650733480523
24.8246265309005
24.8671253396497
999.99
999.99
999.99
999.99
999.99
999.99
999.99
999.99
999.99
999.99
999.99
22.2037321631782
22.087848052841
22.0744190291245
22.08957758966
22.1695091552767
22.2955043861063
22.443455019475
22.6012317808997
22.7482442567892
22.8737261370781
22.982215026156
23.0830715830453
23.1875868824861
23.2954353503416
23.3929972889807
23.467841035892
23.5194790977611
23.5370924339583
23.5362336024335
23.5551814848254
23.613724200174
23.7136333913028
23.8499974724688
24.0054452469906
24.152023487592
24.2688667573321
24.3541281727016
24.418032756539
24.4620853858767
24.4852914494847
24.5015713200001
24.5223990920132
24.5505410992715
24.5938883484763
24.6559950962018
24.7334362706112
24.8099363356358
24.8746433183053
24.9200824369127
999.99
999.99
999.99
999.99
999.99
999.99
999.99
999.99
999.99
999.99
999.99
22.1572823925333
22.0538437935405
22.0404245153992
22.0542154340619
22.1348616133822
22.2623348454943
22.4137926209284
22.5755192822065
22.7248065120949
22.8518047598815
22.9604330513564
23.0592213459687
23.1607355441966
23.2672212177082
23.3648883005707
23.4421051841153
23.4988258168612
23.5246728258916
23.5340659021689
23.56512833712
23.635793817982
23.7441806097289
23.8817084533686
24.0306866318349
24.1645150781215
24.2666851783727
24.3401744679448
24.3975976237785
24.4417580812579
24.470366487941
24.4936576280931
24.5220043700855
24.558379785445
24.609617283804
24.6785355694781
24.762488750527
24.8441052318962
24.9131460868462
24.9616873515939
999.99
999.99
999.99
999.99
999.99
999.99
999.99
999.99
999.99
999.99
999.99
22.1250266142426
22.022152503811
22.0107016717351
22.0253743935563
22.1075788049052
22.2367601198539
22.3920126785291
22.5575137765309
22.7097125741476
22.8392623945779
22.9483347287764
23.0452164200492
23.1436040731684
23.2477663777285
23.3440018700709
23.4231798792987
23.4842970670729
23.5177452363556
23.5372077937564
23.5788817218597
23.6578027466582
23.7703809639893
23.9055256901237
24.0449329295222
24.1656284918527
24.2553894692537
24.3195490150324
24.3719880431379
24.4165440483132
24.4496938191204
24.4780762960751
24.5117858997153
24.554428296177
24.6119827932848
24.6862402042794
24.775710225188
24.8622643221758
24.9359514264061
24.9893739832491
999.99
999.99
999.99
999.99
999.99
999.99
999.99
999.99
999.99
999.99
999.99
22.0775942484409
21.994524378295
21.9869273394948
22.0087311646654
22.0929209592939
22.2231549700395
22.3811723103609
22.5493006893156
22.7040378968098
22.8357569137414
22.9453259568628
23.0413732517436
23.1374778493439
23.239249408962
23.3336263737035
23.4143773250246
23.4785214795266
23.51830221172
23.5468540088283
23.5977871650207
23.6824755904262
23.7965915891096
23.9278777754757
24.0568535291364
24.1646745512453
24.2431936998229
24.2989382126532
24.3456720548267
24.3892303084497
24.4255023267163
24.4573421129765
24.4944063791457
24.5410963881389
24.602137208831
24.678371255902
24.7705526570111
24.8607818653742
24.9393852491277
24.9996177632653
999.99
999.99
999.99
999.99
999.99
999.99
999.99
999.99
999.99
999.99
999.99
22.0553432382561
21.9817961000468
21.977350400909
22.0081688615667
22.0966022633288
22.2285558784741
22.3881799561636
22.5566238981606
22.712187186603
22.8440576125871
22.9532561113508
23.0485083187019
23.1429653981729
23.2419304618094
23.3342443349788
23.4157631691959
23.4820590314789
23.5268900371721
23.5634084959205
23.6220982986916
23.7108383275127
23.8247284148162
23.9515349575288
24.0705362654506
24.1664357438718
24.2348893197339
24.2828941151807
24.3234171074099
24.3647050035393
24.403002384679
24.4371329364379
24.4760356620688
24.5247801721036
24.5863136246272
24.6606482335068
24.7519025841223
24.8437589775747
24.9264314649009
24.9943446165816
999.99
999.99
999.99
999.99
999.99
999.99
999.99
999.99
999.99
999.99
999.99
21.9598674516863
21.9845617630923
21.9870610491898
22.0246512445349
22.120719807042
22.2564929854657
22.4170081654213
22.5832086264885
22.7363183310671
22.8654544035195
22.9722030835503
23.0655365385074
23.1578127302197
23.2533828409249
23.3426826198122
23.4231116498745
23.4898387689941
23.5382986983021
23.5815813530949
23.646663860957
23.7387173983297
23.8522425546053
23.9750186838137
24.0854956816467
24.171491302975
24.2320629122364
24.2739775591093
24.309091697378
24.3479118213695
24.3873561874031
24.4222789454324
24.4606355055985
24.5083263904913
24.5667951916685
24.635876869913
24.7229658651221
24.8145321458608
24.9004339393055
24.9759465023985
999.99
999.99
999.99
999.99
999.99
999.99
999.99
999.99
999.99
999.99
999.99
21.9669797510529
21.9912534776362
22.0001399770313
22.0537414150263
22.1613293840827
22.3037742876007
22.4660945331088
22.6292807301058
22.777037954381
22.9000837987105
23.001503610755
23.0907452411046
23.1793392467834
23.2707210339305
23.3561822514992
23.434096230116
23.4996894846363
23.5500924200411
23.5982817562544
23.6676606461026
23.7616460116989
23.8745882854146
23.9938301582716
24.0970746938253
24.1751874314527
24.2299755174268
24.267263351307
24.2983965193518
24.3357100888064
24.3762171656649
24.4113739361788
24.4480328248015
24.4926572056413
24.5458726162317
24.6079579021099
24.6887905223209
24.7783480754852
24.8661509040443
24.9479389208226
999.99
999.99
999.99
999.99
999.99
999.99
999.99
999.99
999.99
999.99
999.99
22.1175457126433
22.0009885457596
22.0195670869826
22.0921580918084
22.2147087858603
22.3663173434481
22.5320185285113
22.6918227682003
22.8320954679605
22.9467684421464
23.0409303612303
23.124260972172
23.2080336134519
23.2946236646659
23.3755590734516
23.449709067215
23.5130422417733
23.5638351469579
23.6148971316041
23.686543082656
23.7814796110285
23.8930619912977
24.008168373912
24.1045846625753
24.1757661979503
24.2250348092868
24.2585546300557
24.2878737768446
24.3260936825095
24.3691739654813
24.4064512576932
24.4427059096369
24.4840777737434
24.5308042111481
24.5845840064813
24.6567707186965
24.7410928086936
24.8277460478058
24.9125780912413
999.99
999.99
999.99
999.99
999.99
999.99
999.99
999.99
999.99
999.99
999.99
21.9509853286474
22.011716891907
22.0457342303124
22.1347981426584
22.2757193321514
22.4398425835015
22.611081471958
22.7676559781388
22.8990502755472
23.004049883193
23.0889617858103
23.1640745209426
23.2411097555183
23.3212106628026
23.3962194491361
23.4659176300265
23.5270827482269
23.5780473916467
23.6315324458402
23.7044600377171
23.7989089627062
23.9071663930897
24.0161935110628
24.1048398957861
24.1691284406581
24.2136555973929
24.2454278719902
24.2765389882995
24.3191096818847
24.3670340781741
24.4085990007337
24.4461590048124
24.4846973915696
24.5253598830019
24.5714829263855
24.6343515775401
24.711212921609
24.7939467410364
24.8779108473432
999.99
999.99
999.99
999.99
999.99
999.99
999.99
999.99
999.99
999.99
999.99
21.9485145615773
22.0200116164023
22.0738507857
22.1807820191897
22.3397597550565
22.516142838946
22.6930977476762
22.846304085537
22.9681325871625
23.0637688453099
23.1394826926092
23.2061164739936
23.2755908604773
23.3485696330164
23.417232806909
23.4826655220357
23.5416404180984
23.5927752048147
23.6479068968993
23.7204760142872
23.8118804878049
23.9139019174483
24.0142795994711
24.0941502608645
24.1520989483902
24.1936765602493
24.2271120619515
24.2643280994957
24.3149522114847
24.3700264601549
24.4176149747658
24.4576425532739
24.4938815900971
24.5296284656085
24.5698883569339
24.6247339327317
24.6939240664632
24.7714191318635
24.851309713307
999.99
999.99
999.99
999.99
999.99
999.99
999.99
999.99
999.99
999.99
999.99
21.9895007215007
22.0272530699623
22.1011269013671
22.233470483159
22.4078845637199
22.5929026983205
22.7733487375953
22.922280084744
23.0349765490297
23.1223346656703
23.1906362300026
23.2502729631868
23.3125529554356
23.378453948555
23.4410042145652
23.5028369477771
23.5597423487317
23.6106875736214
23.6660477342556
23.7360571170466
23.8211230129732
23.9133441584041
24.0024580815433
24.0729163468651
24.1254745598109
24.1660617664358
24.2043172368302
24.2510846914729
24.3121312668256
24.3759254713571
24.4311504790925
24.4753857865271
24.5113343353855
24.5446101454575
24.5815528053181
24.6303924340016
24.6926636815895
24.7638717084494
24.8372060389452
999.99
999.99
999.99
999.99
999.99
999.99
999.99
999.99
999.99
999.99
999.99
21.9898128991927
22.0419025283893
22.1378507539836
22.2963288641475
22.4829409921497
22.6720464065154
22.8515927668361
22.9937900061282
23.0970609880829
23.17688689324
23.2399204253758
23.2947818495234
23.3510495948522
23.4107542284346
23.4680914355664
23.5268649493784
23.5819103823555
23.6327576924722
23.6877171767339
23.754457140221
23.831441367317
23.9115586902489
23.9875788032235
24.0483855459665
24.0959922617945
24.1371892522644
24.1828376111699
24.2413043490502
24.3139340783211
24.3874203680994
24.4514035218605
24.5014323428774
24.5394592325374
24.5725654698375
24.608226114368
24.6525244268248
24.7085589181271
24.7726811918249
24.8379950000873
999.99
999.99
999.99
999.99
999.99
999.99
999.99
999.99
999.99
999.99
999.99
21.9523686072606
22.0728075698673
22.1933338444984
22.3714452264362
22.567066163536
22.7555499143585
22.9283463996663
23.060211571282
23.153060891738
23.2257485216658
23.28552621655
23.3385701113378
23.3910147845564
23.4460341047273
23.4994086442374
23.5554105888786
23.6081306435283
23.658040679678
23.7111064294368
23.7731309140811
23.840207994179
23.9070209132146
23.9701267105025
24.0231926224898
24.0679697463599
24.1126737483899
24.1678771039322
24.238152073993
24.3206924002039
24.4025618209691
24.4742679047289
24.5304006061866
24.5726860357078
24.6088363503404
24.6462672286486
24.6888245265483
24.7405590394817
24.7981779992178
24.8554843196438
999.99
999.99
999.99
999.99
999.99
999.99
999.99
999.99
999.99
999.99
999.99
21.7725482466946
22.1054992874029
22.256619347006
22.458416093943
22.6593820743177
22.8418656466127
23.0022265336615
23.120379094386
23.2019876551344
23.2677953444289
23.3262907346087
23.3799408452749
23.4311036163975
23.4837973968984
23.5348861776022
23.588162067376
23.6378261365215
23.6851087101366
23.7333307712406
23.7879036374964
23.8435597096332
23.8974110858131
23.9495759050635
23.9986956868457
24.0449954602812
24.096766722904
24.1628146495414
24.2436033955322
24.3330278419148
24.420037614015
24.4968984939528
24.5579915226744
24.605826643096
24.6473123489444
24.6892637966252
24.7329400213628
24.7831188950626
24.8357362928239
24.886217290464
999.99
999.99
999.99
999.99
999.99
999.99
999.99
999.99
999.99
999.99
999.99
21.9443862237536
22.1330835390202
22.3194835774614
22.5484847338511
22.7514988170231
22.9245372254308
23.0689712693706
23.1716319661966
23.2423556796771
23.3021875517681
23.3606334671776
23.4161400229162
23.4671794600605
23.518324244739
23.5672313013128
23.6166685858165
23.6623355043238
23.7063110113626
23.749284091372
23.7965746086085
23.8428480334514
23.8876714529403
23.9333395673413
23.9827802063409
24.0343795246597
24.0950316664867
24.1703059310563
24.2578718133785
24.3495613544244
24.4371860549777
24.516031961139
24.5809845068152
24.6354517808369
24.6844200322441
24.7336620784049
24.7809924026368
24.8315247934643
24.8798651590176
24.9242326984181
999.99
999.99
999.99
999.99
999.99
999.99
999.99
999.99
999.99
999.99
999.99
21.8812910673015
22.1581856183963
22.3783753556442
22.6302703520266
22.8334485543527
22.9966771314788
23.1242859304129
23.2109734644646
23.2711615802411
23.3254763756021
23.3837245406624
23.4409520920732
23.4930949209295
23.5441361698981
23.5918585058373
23.6370682309867
23.6783494002091
23.7182367440446
23.7555251435245
23.7963206574804
23.8362792615305
23.8772490189357
23.921808906349
23.9761733631319
24.0361156986685
24.1065451936313
24.1886270788195
24.2790808013689
24.3688177053549
24.4530405518595
24.5307459130452
24.597933306902
24.658632366505
24.7156803387831
24.7735752142842
24.8259084870908
24.8776633520339
24.9223430024968
24.9613370122098
999.99
999.99
999.99
999.99
999.99
999.99
999.99
999.99
999.99
999.99
999.99
21.7523806775235
22.186498745799
22.4335097282826
22.7002064249617
22.9010314743805
23.0542896162853
23.1657153545164
23.2371395139318
23.2879270713573
23.3379272143435
23.395428957315
23.4534316209758
23.5069847179069
23.5587326872744
23.6059138286538
23.6478045182185
23.6857624322671
23.7219953525953
23.7540805323592
23.7892971488063
23.8254110406103
23.8664330948849
23.9141055518779
23.9763960851514
24.0464707842166
24.1261085497468
24.2117486530193
24.3010541454338
24.3849482338157
24.4623442369445
24.5363198587905
24.6043085331096
24.6702919208142
24.7356454688365
24.802927810204
24.8614162237255
24.9152372771617
24.957184414344
24.991632981974
999.99
999.99
999.99
999.99
999.99
999.99
999.99
999.99
999.99
999.99
999.99
21.7511221741222
22.200768447044
22.47013598161
22.7561326263257
22.9521416069733
23.095901370509
23.1935391808948
23.2523098862714
23.2954529531439
23.3420499935085
23.3977730588224
23.4544782787586
23.5076443207749
23.5591613472244
23.6051484030411
23.6440857832439
23.6799218019876
23.7142604152339
23.7439293596258
23.7768682394238
23.8133102377022
23.8581938603258
23.9117890244884
23.9822476909214
24.0616465464258
24.1480467274906
24.2345132102261
24.3203639691637
24.3975483883473
24.4670897680704
24.5363023245418
24.6034142719128
24.6725163899662
24.7438349844702
24.8189268000487
24.8826234564726
24.9387368656541
24.9791323129337
25.0102001179433
999.99
999.99
999.99
999.99
999.99
999.99
999.99
999.99
999.99
999.99
999.99
21.6849354135347
22.2175151110755
22.5004570361466
22.7966130521739
22.9853738274421
23.1201657335686
23.2064408732052
23.2555992765038
23.2937073710149
23.3385378416422
23.3925435246748
23.4473331529547
23.4983385044575
23.5473019424865
23.5898803880316
23.6247806368969
23.6582557708859
23.6926301281704
23.7246322069764
23.7611815189642
23.8036999401972
23.8568549056909
23.9187062902513
23.9960136926879
24.0814136447954
24.1705570362153
24.2545680781177
24.3348122803452
24.4049429929418
24.4668725231404
24.5310550137635
24.5966929119989
24.6674298844221
24.7425702403255
24.8232687273926
24.8912233604349
24.9490966633091
24.9884147826295
25.017334424043
999.99
999.99
999.99
999.99
999.99
999.99
999.99
999.99
999.99
999.99
999.99
21.6533823383998
22.2502917750109
22.5319120909439
22.8256721457855
23.0068124702923
23.1340584770189
23.2117896476888
23.2539919556734
23.2886563866976
23.3322090061586
23.3839585196384
23.4361031368661
23.4845169211991
23.5303386033148
23.568550069367
23.5999682371096
23.6316985609536
23.6671194798075
23.7035427672995
23.7473935212985
23.7983050102211
23.860663361157
23.9305280602863
24.0128297182523
24.1004060462962
24.1888729552077
24.2685150662481
24.3421570111696
24.4052405653809
24.4605300448407
24.5199400733254
24.5839604175963
24.6555068417838
24.733072932727
24.8172443799213
24.8885729326464
24.9477397594327
24.9866632587563
25.0146327201661
999.99
999.99
999.99
999.99
999.99
999.99
999.99
999.99
999.99
999.99
999.99
21.7198758314856
22.2902543402345
22.5626115751829
22.8487593773627
23.021879278885
23.142418588467
23.2142949731892
23.2525383181994
23.2853244647437
23.3279635098988
23.3771504781844
23.4264317825108
23.4716438562002
23.5137052395483
23.5471966687511
23.5765181514465
23.6075350359295
23.6457078851632
23.6885311561778
23.741020068506
23.7996668843769
23.869057298691
23.9438133661299
24.0273647041883
24.1137224582384
24.1991997581981
24.2739299243172
24.3410962252396
24.3978740621301
24.4478036525109
24.5032719876577
24.5663371808991
24.6389430102241
24.718696676793
24.8048909231328
24.8787629476388
24.9387010029561
24.9776741899371
25.0055831857561
999.99
999.99
999.99
999.99
999.99
999.99
999.99
999.99
999.99
999.99
999.99
21.8493243971153
22.3303950203746
22.5933193738185
22.866116969827
23.0310186169859
23.145358122984
23.2135271972286
23.2509657259021
23.2835049152484
23.3255263426607
23.37261800252
23.4196455044099
23.4614267395347
23.4991005249039
23.5273018523902
23.5540014462461
23.5833582336509
23.6239436077369
23.6729007058405
23.7334927535236
23.7985189434883
23.8724756759753
23.9487586540138
24.030914874896
24.1140297455497
24.1958944873135
24.2671684732803
24.3303841772871
24.3832936886636
24.4304641942719
24.4838507952248
24.5469919130378
24.6212265962361
24.7031461188504
24.7903740391645
24.8660307560677
24.9261968663814
24.9655269667413
24.993734924377
999.99
999.99
999.99
999.99
999.99
999.99
999.99
999.99
999.99
999.99
999.99
21.9507617656573
22.3720820781527
22.6212107856116
22.8752131900589
23.0316106144692
23.1398110277381
23.2060059492674
23.245361908032
23.2793628798152
23.3213677116504
23.3673303163495
23.4126508558155
23.4515722225326
23.4855235620462
23.5096328998483
23.5341319496434
23.5614322365812
23.6027433961396
23.6544343608375
23.7186976480276
23.7854262816625
23.8597958621959
23.9342960304462
24.0138590028334
24.093691081806
24.1730952879866
24.2425598508128
24.304342909654
24.3557572817634
24.4031373801221
24.4571643134045
24.5234769865947
24.6019148615272
24.6881049371324
24.7771106802956
24.8550388740312
24.9149242352444
24.9540412843658
24.9817642509998
999.99
999.99
999.99
999.99
999.99
999.99
999.99
999.99
999.99
999.99
999.99
22.0021655915384
22.412513113068
22.6448323564726
22.8757657731293
23.0236612516189
23.1262695806728
23.1922089054876
23.2356641540918
23.2723488338276
23.3147087986351
23.3594302234343
23.4023972060301
23.4389736687613
23.4708773984879
23.4937838020169
23.5185348746841
23.5449689316782
23.5849381013359
23.6337254809599
23.6939989749602
23.7548380800338
23.82319037727
23.8916560529416
23.9676492833643
24.0450456453381
24.1240346111964
24.1943800045573
24.2578865046496
24.3107560183806
24.3619914998855
24.4205675827933
24.4936422237654
24.5794816551592
24.6729361685747
24.7654910319776
24.8460596038822
24.9057178447183
24.9443074662832
24.9701275751804
999.99
999.99
999.99
999.99
999.99
999.99
999.99
999.99
999.99
999.99
999.99
22.0636470612882
22.4517219251
22.6760300050755
22.8820631598145
23.0092101135302
23.1110649663504
23.1766303376436
23.2200208494422
23.268004673512
23.3182820519139
23.3540382141937
23.3885486557588
23.4238736016853
23.4553572909919
23.4752754640857
23.5037399481592
23.5319113266355
23.5652702459203
23.6027572032936
23.6474603388268
23.690375307433
23.741825270403
23.8007949593268
23.8753464494167
23.9550974757725
24.0423107808022
24.1196618841235
24.1896096095664
24.2456232621513
24.3050646649056
24.3690749072219
24.4571945863573
24.5546530412685
24.6611854551166
24.7590523681266
24.8417214985655
24.8989003976382
24.9326282382437
24.9540475820451
999.99
999.99
999.99
999.99
999.99
999.99
999.99
999.99
999.99
999.99
999.99
22.2007792207792
22.4775821011991
22.6942966528682
22.8823744310575
22.9910973109599
23.0887950476083
23.1505501513479
23.1959761523005
23.2596836543205
23.3183897075014
23.3523323797859
23.3760650907348
23.4024326278628
23.4255136211225
23.444970031982
23.4741286169195
23.5045838129682
23.531352437089
23.5556848994193
23.5840278460369
23.6085077711068
23.645566525453
23.6938436124041
23.7650287383569
23.8451685220695
23.9390142680899
24.0168175104018
24.0932581425685
24.1584312935883
24.2262105594119
24.3011383189023
24.4091088833515
24.5248651327933
24.6451990907073
24.7533397402463
24.839965888481
24.8979381987923
24.9297989377833
24.9483819370918
999.99
999.99
999.99
999.99
999.99
999.99
999.99
999.99
999.99
999.99
999.99
22.1369495502562
22.7181892745273
22.7745516363234
23.0042956292643
23.1495828267745
22.8681611385131
23.0247627444178
23.3240960308243
23.3240802374165
23.3191011642893
23.3081763545527
23.4336475104454
23.336026642734
23.3448280515458
23.4891210160339
23.4717624829681
23.4784978908045
23.5434006817805
23.5272160882091
23.5292956912748
23.4545926462233
23.4335974227089
23.4650485844005
23.5152773554359
23.7093873025929
23.846265909468
23.9029461061586
24.0656875675621
24.028329587563
24.1656135973976
24.1750015234475
24.3324265284335
24.45691698468
24.7084688849671
24.8170490469654
24.9004441829947
24.8983991633608
24.8922009190964
24.9534711148317
999.99
999.99
999.99
999.99
999.99
999.99
999.99
999.99
999.99
999.99
999.99
999.99
999.99
999.99
999.99
999.99
999.99
999.99
999.99
999.99
999.99
999.99
999.99
999.99
999.99
999.99
999.99
999.99
999.99
999.99
999.99
999.99
999.99
999.99
999.99
999.99
999.99
999.99
999.99
999.99
999.99
999.99
999.99
999.99
999.99
999.99
999.99
999.99
999.99
999.99
999.99
999.99
999.99
999.99
999.99
999.99
999.99
999.99
999.99
999.99
