999.99
999.99
999.99
999.99
999.99
999.99
999.99
999.99
999.99
999.99
999.99
999.99
999.99
999.99
999.99
999.99
999.99
999.99
999.99
999.99
999.99
999.99
999.99
999.99
999.99
999.99
999.99
999.99
999.99
999.99
999.99
999.99
999.99
999.99
999.99
999.99
999.99
999.99
999.99
999.99
999.99
999.99
999.99
999.99
999.99
999.99
999.99
999.99
999.99
999.99
999.99
21.8421609876767
21.5729291973996
21.5884331216596
21.1935861426611
21.6502458013016
22.0147879005754
22.4847996188867
22.8834137140444
23.1597822224233
23.476146733638
23.6646653895853
23.7568013132822
23.6835849812209
23.7390235690236
23.6007748565797
23.6298677340855
23.7339660266176
23.6022603285217
23.6030110412236
23.4764161777054
24.375785661493
24.7119123640587
24.3976538103785
24.4250236896927
24.4624087892363
24.3822523744161
24.4640539424442
24.7301518017407
24.6028226013243
24.7726881457683
24.6904022353953
24.7504014208788
24.848164983165
24.9986703169073
24.6724167475317
24.9441323572543
24.7959156321804
25.0740045351474
25.0731888471575
999.99
999.99
999.99
999.99
999.99
999.99
999.99
999.99
999.99
999.99
999.99
21.7417355662146
21.6777963375745
21.6295983426875
21.6825839184652
21.8486611520669
22.0895856406642
22.4148150844164
22.7549393305103
23.0529924560957
23.2987952211385
23.4749974512311
23.6082653702058
23.6809742339754
23.7095533491289
23.7116162242112
23.6964324273657
23.6863821484733
23.7034567307279
23.8091774619304
23.9617349291569
24.1266387242433
24.287803168138
24.427276263056
24.4921075497514
24.5251277920804
24.5734605889484
24.6182879384762
24.6732794280633
24.7202386951754
24.767780282906
24.8032168909778
24.8417895482826
24.8532529110008
24.8811848960915
24.9006143932519
24.9479039006464
24.9966522030915
25.0894457603196
25.1564983499907
999.99
999.99
999.99
999.99
999.99
999.99
999.99
999.99
999.99
999.99
999.99
21.7398333006521
21.7134680296699
21.6992884551545
21.7706127285612
21.9337808739393
22.1620064938672
22.4507059159385
22.7444254289971
23.0221174538241
23.2573464669352
23.4393400775969
23.5775932414854
23.6697394302876
23.7208430015395
23.741068274179
23.7391535689411
23.737251903399
23.7511580203763
23.8319328954171
23.9640582437697
24.125702060417
24.2884927529203
24.4424208411214
24.5361212119657
24.5902637866436
24.6425854158536
24.6847291189378
24.7301276694484
24.7748108286623
24.8182495869557
24.8490002437972
24.8833250694421
24.8929374687455
24.9161236030161
24.9334327932586
24.9721899648082
25.0137740069713
25.0960915812742
25.15876242585
999.99
999.99
999.99
999.99
999.99
999.99
999.99
999.99
999.99
999.99
999.99
21.7683405483406
21.7298526452499
21.7367787078604
21.8313131979788
21.9910614652046
22.2123435010466
22.471315345177
22.741114791401
22.9967258760266
23.219473906344
23.401219771332
23.5439176194921
23.6555250806924
23.7278607466924
23.7635369849254
23.7746829075906
23.7857723522211
23.8136004344128
23.8787405573907
23.9929484955907
24.1503512696314
24.3091434917176
24.4498597814414
24.5645319665974
24.6438114439996
24.6930834793115
24.7371049158933
24.7783942066894
24.8201743451398
24.8620859091958
24.8984863774697
24.9247413560567
24.9448262582969
24.9616391281013
24.9787329383445
25.009108499786
25.0503346948362
25.1059694283308
25.1604068860833
999.99
999.99
999.99
999.99
999.99
999.99
999.99
999.99
999.99
999.99
999.99
21.6663418782147
21.7497701968522
21.7701299080227
21.8833005576321
22.0441819910511
22.2625533085948
22.5116243905965
22.7671229582703
23.0035357131387
23.211007074653
23.3826310004669
23.5231816991082
23.6399903353616
23.7242138892372
23.7756504506877
23.8027828964622
23.8244081794511
23.8577239602945
23.9240938630761
24.0346030078666
24.1838943841682
24.3382563943668
24.4777623590516
24.5914332761375
24.6711370476412
24.7224341267797
24.7671662853697
24.8079008683537
24.8509916319512
24.8954826266582
24.9381416330432
24.9694969549592
24.9950153403931
25.0131656896464
25.0265830791016
25.0449533633478
25.0734375733093
25.114353478635
25.1566339440263
999.99
999.99
999.99
999.99
999.99
999.99
999.99
999.99
999.99
999.99
999.99
21.5172794068108
21.8144881672662
21.8400936646143
21.9633577236416
22.1231118481889
22.337857433179
22.5758787371482
22.8138731306749
23.026745804636
23.2134366290816
23.368544507116
23.5002999693259
23.6162877340493
23.7090697110799
23.7753315305328
23.8197543950204
23.8557799804194
23.8995456468196
23.9704794340941
24.0785405089193
24.2176089046268
24.3626756664304
24.4955533849247
24.6038640427236
24.6809617910246
24.7342583615146
24.7813091174268
24.823573919139
24.8695097130763
24.9186978942744
24.969206407212
25.0081925193706
25.042001977752
25.0656646697752
25.0790201061781
25.0878311992693
25.103981012859
25.1286005252163
25.1558508703789
999.99
999.99
999.99
999.99
999.99
999.99
999.99
999.99
999.99
999.99
999.99
21.604968764298
21.932139305981
21.95621525975
22.0752561055186
22.2292038793719
22.435761948103
22.6588137193096
22.8747456502062
23.0605458425838
23.2229516047003
23.3576643305673
23.4759825591811
23.5866117770493
23.6849844393281
23.7644781939673
23.8263705123077
23.8793553761627
23.9369930228035
24.0143560939344
24.1196207416082
24.2471761587523
24.3799526382166
24.5022448137931
24.602880788641
24.677417112013
24.7333274814245
24.7841267295611
24.8303405408183
24.8798716780866
24.9338592756881
24.9915409132131
25.038488240714
25.0810019761463
25.1126998851148
25.1285146999307
25.1320881954319
25.1386676628511
25.1493060732221
25.162552864074
999.99
999.99
999.99
999.99
999.99
999.99
999.99
999.99
999.99
999.99
999.99
21.9404058227874
22.0894916428717
22.1059732775359
22.2177920257994
22.361477301922
22.5527151942255
22.7557761821809
22.9450783928614
23.1019388208215
23.2391373248507
23.3535729707179
23.457257543855
23.5607116570735
23.6610333483473
23.7492582808119
23.8247793466135
23.8924640578325
23.9626201731092
24.0461706515727
24.1496183312642
24.2671322143955
24.3885593381495
24.5009860758102
24.5948847133408
24.6678120440352
24.7268302272072
24.7816755497883
24.8325744181019
24.8859223454984
24.9440792023069
25.0074009614432
25.0616241192423
25.1123935183377
25.1521235846539
25.1721141635696
25.1744313646226
25.1744561599869
25.172844912673
25.1743290471464
999.99
999.99
999.99
999.99
999.99
999.99
999.99
999.99
999.99
999.99
999.99
22.430396986289
22.2703583853324
22.2855674226736
22.3805722707114
22.5084437588256
22.6778792310993
22.8563342829176
23.0172995213424
23.1475659532266
23.2632920810941
23.3605721934389
23.4509882064254
23.546396542858
23.6445167671108
23.7352538081962
23.8179434254436
23.8948801735701
23.9729635101271
24.0601265685671
24.1623203548061
24.2724114266518
24.3858176268862
24.4923484065731
24.5832576062646
24.656908708863
24.7204503367544
24.7798037887614
24.8348864870103
24.8906712093955
24.9510899956757
25.0172729001557
25.0768458083936
25.1337872672614
25.1816788732991
25.2077900342247
25.2123345956077
25.2089875368112
25.1994411238236
25.1916487231514
999.99
999.99
999.99
999.99
999.99
999.99
999.99
999.99
999.99
999.99
999.99
22.4949235988557
22.4447964045145
22.4631983681993
22.5372972129621
22.6472002920624
22.7936452592923
22.9468288290119
23.0818480262806
23.1911044545887
23.2910897369035
23.3757128030409
23.456533456285
23.5448435832323
23.6387378627352
23.7279126587045
23.8125343913679
23.8939062968287
23.976414298134
24.0655361545453
24.166642572235
24.2718374157377
24.3797739891768
24.4825369288104
24.5720761025887
24.6474963778046
24.7154806282231
24.7786597426068
24.8370224433894
24.894449859398
24.955601876768
25.0222868040908
25.0854253622568
25.1466320140535
25.2010869428022
25.2335821356864
25.2430082565992
25.2392602897367
25.2255678236553
25.2119888692363
999.99
999.99
999.99
999.99
999.99
999.99
999.99
999.99
999.99
999.99
999.99
22.607081455959
22.5897907467846
22.6158017629081
22.671417779295
22.7629255330557
22.8859671502778
23.0152355344002
23.1294092447231
23.2250237800081
23.3168142197261
23.3959072439816
23.4726657158119
23.5561372770372
23.6450622644961
23.7297525921055
23.8115475183487
23.8927640597841
23.9770619345976
24.0671806941226
24.1674594504045
24.2703823564034
24.3758171598721
24.4764066495186
24.5657865880471
24.6438246980001
24.7154921459581
24.780803492134
24.8408441622708
24.8985340169183
24.9585891384604
25.0241828918525
25.0896170917337
25.1539636166747
25.2130335762437
25.2510302899019
25.2658174619402
25.2632868595474
25.2485595558287
25.2334746670346
999.99
999.99
999.99
999.99
999.99
999.99
999.99
999.99
999.99
999.99
999.99
22.7162770562771
22.6905240234629
22.7280665827589
22.7737097278311
22.8484191175321
22.9500596095014
23.0598934304808
23.1603974398089
23.2508949062016
23.3428993830792
23.4243160043336
23.5027325928586
23.5848421730017
23.6692671437594
23.7474934200205
23.8226348257794
23.8993776504255
23.9814341919213
24.0700935242211
24.1694103979942
24.2717805741733
24.3765725931197
24.4762762064723
24.5659050391846
24.6451237105081
24.7181540313792
24.7831664907754
24.8426002988583
24.8991777023362
24.9575212350978
25.0220441754544
25.0898799973464
25.157658118618
25.2207966941694
25.2646215305203
25.2849804213966
25.2845509265925
25.2701552507527
25.2554182972926
999.99
999.99
999.99
999.99
999.99
999.99
999.99
999.99
999.99
999.99
999.99
22.8463078893895
22.7579724911137
22.8066666765477
22.8376682330896
22.8981448329612
22.9834856428105
23.0803012376303
23.1756257343407
23.2689691761886
23.3686255710685
23.4586560780246
23.5431749690106
23.626019411275
23.7074650322616
23.77892726167
23.8453776505471
23.9155105859034
23.9940181427748
24.0801688527709
24.1784373716002
24.2811420277618
24.3852914893094
24.4831256479001
24.5711898654977
24.6487259595708
24.7201162349834
24.7828818109208
24.840082475943
24.8939217130593
24.9498850810893
25.0131526543114
25.0828401564324
25.1539849782675
25.2223026552885
25.273421268357
25.3009364892203
25.304979296261
25.2939260617191
25.2814212785116
999.99
999.99
999.99
999.99
999.99
999.99
999.99
999.99
999.99
999.99
999.99
22.9675273994298
22.7970038660514
22.8446704356799
22.8679972977633
22.9190812215775
22.9930314985902
23.0814147002818
23.1754797976461
23.2750192025314
23.3856214629182
23.4885717067509
23.5838587254174
23.6723376881957
23.7553331027862
23.8234138209361
23.8827147931097
23.9458434789636
24.0196821074247
24.1015226223003
24.1961477570301
24.2969875958324
24.3987121408042
24.4921855223812
24.5764058411421
24.6502909700325
24.7181302391285
24.7770543082786
24.8312812375257
24.88198960201
24.9353495515772
24.9972088304048
25.0683508280388
25.1429681867822
25.2164192413713
25.2754700497656
25.3115182280636
25.3227504201941
25.3176217468601
25.3098167277079
999.99
999.99
999.99
999.99
999.99
999.99
999.99
999.99
999.99
999.99
999.99
22.9810790659205
22.808721479224
22.8546577623563
22.8772057082616
22.9224293989664
22.9874723993851
23.0693111667133
23.1630970508006
23.2696709501626
23.3928409883386
23.511824463315
23.6215713623226
23.7200934172445
23.8088231798611
23.876910819271
23.9311867921032
23.9872420605467
24.0544439261354
24.1286921773363
24.2159516227562
24.3116629365885
24.408441380927
24.4961108888059
24.5757890768046
24.6456154151071
24.7091636588679
24.7642676766757
24.815734511997
24.8632787082787
24.913750365362
24.9742507676343
25.0464608982639
25.1242328100604
25.203593244938
25.2722651900072
25.318331944465
25.3391390002024
25.3423494525362
25.3405471428195
999.99
999.99
999.99
999.99
999.99
999.99
999.99
999.99
999.99
999.99
999.99
22.8018076383546
22.7835665364279
22.8399044549026
22.8719196414915
22.9158169607445
22.9753342728172
23.052329953711
23.145171720125
23.2571018255346
23.3917426988085
23.5270230267194
23.6525471606163
23.7646978098528
23.8627268937052
23.9337160683468
23.9853702942228
24.0349581801581
24.0924725579192
24.156147242636
24.2341538731037
24.3229645463918
24.413918755266
24.4971001024594
24.5726858231438
24.6377808530458
24.6957829529055
24.7460571366325
24.7937151708306
24.837489352482
24.8845393048881
24.9435704222816
25.0167475943219
25.097537356778
25.183856665506
25.263799993055
25.3217813089404
25.3541496109633
25.3674566129154
25.3714255079942
999.99
999.99
999.99
999.99
999.99
999.99
999.99
999.99
999.99
999.99
999.99
22.6779035250464
22.7365838802939
22.8102353781834
22.8597379106308
22.9068721871222
22.9633885774894
23.0354616729179
23.1252430673121
23.2385801723798
23.3807889913609
23.5301367878749
23.6707698599293
23.7964807040096
23.904850645481
23.9802471095282
24.0307663993403
24.0746264025614
24.1231859832941
24.1772291897222
24.2467860501253
24.328922141688
24.4145575207485
24.4938793837545
24.56542490149
24.6253266041103
24.6775654028922
24.7227175820816
24.766195805743
24.8059460383459
24.8499338367628
24.9070713578557
24.9807850519199
25.0643499290204
25.157260665657
25.2471008866465
25.3162912396396
25.3604473335411
25.3844002762066
25.3949009321852
999.99
999.99
999.99
999.99
999.99
999.99
999.99
999.99
999.99
999.99
999.99
22.5444681031319
22.6812824623149
22.776328154793
22.8464637748221
22.9007734257391
22.9556422188649
23.0212459070908
23.103795202951
23.2129669935258
23.3567725369762
23.5151758844446
23.6679349384403
23.806166824345
23.9245381127887
24.0060932425526
24.0579921699678
24.0979788585547
24.1385138310881
24.183890217622
24.2446981151968
24.3195114296776
24.4002147518068
24.4770978239565
24.5464455076171
24.6034512919016
24.6526433310896
24.6946649961369
24.734927261564
24.7718980417133
24.8138508151554
24.869078099735
24.9430264890672
25.029245020142
25.1271465320576
25.2245859962707
25.3027601193002
25.3568022343723
25.389614471963
25.4062458433708
999.99
999.99
999.99
999.99
999.99
999.99
999.99
999.99
999.99
999.99
999.99
22.488588691796
22.6154642411733
22.7380247095639
22.8296620598753
22.8936835126336
22.9488738057878
23.0085765781552
23.0821875350619
23.1834337836825
23.3238366378019
23.4856929224255
23.6457387708121
23.7933062716577
23.9196944629598
24.0074577076985
24.0626619106385
24.1018611705212
24.1371300875609
24.1765822206133
24.2306400769963
24.2985721914724
24.3739944691273
24.448894261744
24.5170548016807
24.5726267739509
24.6212335182963
24.6631426070374
24.7024298909681
24.7384574516293
24.7801495766733
24.8340761551858
24.9073113058402
24.994247469139
25.094361314336
25.1955816118028
25.2795602107955
25.3410851247259
25.3814194681643
25.4037846465183
999.99
999.99
999.99
999.99
999.99
999.99
999.99
999.99
999.99
999.99
999.99
22.4677614799061
22.5431273978759
22.6928048239367
22.8053684696857
22.8815197084621
22.9399404670914
22.9959052472802
23.0601706375197
23.1507640952937
23.2829602351305
23.4421853425391
23.6039011910108
23.7576384493
23.8902922108639
23.9847047566892
24.0452275833148
24.0872817332562
24.1214502837487
24.1595038704067
24.2104660159759
24.2734129089629
24.3439222990362
24.4154712768743
24.4809692497137
24.5342183452618
24.5831815617707
24.627097761041
24.6688396364481
24.7074032136504
24.7521118497696
24.8060057123081
24.8772033498013
24.9614081564019
25.0585634992245
25.1572166210638
25.2421749957005
25.3079825513124
25.3544267647894
25.3830147289507
999.99
999.99
999.99
999.99
999.99
999.99
999.99
999.99
999.99
999.99
999.99
22.2877924013656
22.4757328938832
22.6454515306816
22.7740296655877
22.8635517121184
22.9271925734639
22.9809129071971
23.0360107009059
23.114460299675
23.2347870664488
23.3861482358625
23.5452833453352
23.7019439424489
23.8395039540076
23.9416581791688
24.0094497019721
24.056680649602
24.0936766421219
24.1330818107473
24.1815988736477
24.2392397246961
24.3033563293543
24.3683817752679
24.4295812530361
24.4811517005247
24.5335690912577
24.5845291727308
24.6348863028533
24.6813928754638
24.7336216102609
24.789177212254
24.8566266942918
24.9340332859774
25.0220581646939
25.1108982834846
25.1907491986988
25.2568558206388
25.3072700866545
25.342819392604
999.99
999.99
999.99
999.99
999.99
999.99
999.99
999.99
999.99
999.99
999.99
22.1737028070652
22.4004578889046
22.5897239118231
22.737071928163
22.8398321344562
22.9098726188247
22.962351317942
23.0081741017368
23.073580470989
23.1791245410039
23.3180541684387
23.4711460146083
23.6295572605658
23.772501360205
23.8849276445262
23.9636024326839
24.0192201254315
24.0607197140357
24.1013542460329
24.1457361076476
24.1958915187448
24.2510066403889
24.3077699854775
24.3643231286121
24.4161368005175
24.4747272979203
24.536990862585
24.6005651011257
24.6590815811636
24.721171383822
24.7797564168501
24.8423145668572
24.9096716370219
24.9847454461683
25.0598128347447
25.1306330451876
25.1937728669284
25.2462257179527
25.2877770173693
999.99
999.99
999.99
999.99
999.99
999.99
999.99
999.99
999.99
999.99
999.99
22.140290294684
22.3162503391627
22.5262695586145
22.6937325280896
22.8090285769914
22.8860291869912
22.9384678576037
22.9759919288589
23.0286729529722
23.1185202801963
23.2435393277725
23.3893320704185
23.5494027361801
23.6995531987833
23.8246326911605
23.9170148873182
23.9834963114952
24.0310724935729
24.0729207854835
24.1125734719996
24.15416857553
24.1989023572067
24.2461260095362
24.2970365987668
24.3490921281922
24.4136656193634
24.4879308310609
24.566302028429
24.6386628454916
24.7117528861041
24.7746523254285
24.8322777177301
24.8877252248505
24.9474216458395
25.0059610290702
25.064837913143
25.1223901341512
25.1754418868761
25.2219839522539
999.99
999.99
999.99
999.99
999.99
999.99
999.99
999.99
999.99
999.99
999.99
21.9841111261948
22.2420061915937
22.4655381700543
22.6493088587189
22.7760821042132
22.8594967189211
22.911545069859
22.9410697530433
22.981202257585
23.0547989899137
23.1655829634041
23.3039880841104
23.4656224395272
23.624872853927
23.7649520001488
23.8730521841531
23.9519943207687
24.0071102297922
24.0505668165176
24.0859963567931
24.1203297457214
24.1560380238744
24.1942325708225
24.2386386255373
24.2894723462064
24.3572013408175
24.439995274532
24.5305906120813
24.6157656245012
24.6991412030871
24.7667581008519
24.8210561468181
24.8662888610022
24.9115048097434
24.9541833133592
25.0004371806708
25.0507458306188
25.1021653640503
25.1519560016478
999.99
999.99
999.99
999.99
999.99
999.99
999.99
999.99
999.99
999.99
999.99
21.8855359141439
22.1786160991431
22.4120763923945
22.6101155184029
22.7461569736442
22.8338133492375
22.883741156604
22.904937853499
22.9327498892385
22.9900040595448
23.0863644131496
23.2169937564421
23.3785374263719
23.5469100839824
23.7031446943394
23.8292681431672
23.9228874282791
23.988088580822
24.0344916741626
24.0666739809939
24.0948459027735
24.12323188242
24.1543026804591
24.1933069894847
24.2427992766182
24.3113843238022
24.3982189877913
24.4956187538662
24.5891729621444
24.6795134178902
24.7513679222127
24.8050436872337
24.8448612545069
24.8805606453974
24.9120680147444
24.9476461898588
24.9902363800849
25.0372329472391
25.0865464009506
999.99
999.99
999.99
999.99
999.99
999.99
999.99
999.99
999.99
999.99
999.99
21.7753511269992
22.1207691014341
22.362008724134
22.5738392174193
22.7172508389285
22.8082305542406
22.8558735072068
22.8697034315131
22.8867296371031
22.9288015147942
23.010322968912
23.1311795946457
23.2894998967971
23.4642702567993
23.6349283989669
23.7804537204466
23.8920379318226
23.9711995670781
24.0241571215778
24.0564672540772
24.0806472372653
24.1034254069536
24.1288869834258
24.1629799315618
24.2098854030653
24.2757149685821
24.3606902889013
24.4580644418326
24.5542964006282
24.6474857263727
24.7232412969784
24.779956446473
24.8203080425131
24.8536653030494
24.8813479412449
24.9109904973907
24.9474851308814
24.9893461553166
25.0347909501814
999.99
999.99
999.99
999.99
999.99
999.99
999.99
999.99
999.99
999.99
999.99
21.7055891367634
22.06440768884
22.3124643469974
22.5353604101905
22.6860059872647
22.7811864255068
22.8281344719081
22.8367247497386
22.8452139660524
22.87435847238
22.9414202066593
23.0499954500988
23.2009713570736
23.3771697720715
23.5576093794115
23.7201314379193
23.8510843509152
23.9476186351224
24.0119007533735
24.0494319009722
24.0742034735716
24.0945786785445
24.1161186510548
24.1457556306131
24.1888868249175
24.2491516281474
24.3280637284315
24.4210507649584
24.5163569006716
24.6099750319294
24.6898902786699
24.7523645505944
24.7977500007877
24.8335328730035
24.8627649743307
24.8906951551862
24.9235916351757
24.9608529710002
25.0012803494966
999.99
999.99
999.99
999.99
999.99
999.99
999.99
999.99
999.99
999.99
999.99
21.6743218421145
22.0106544272753
22.2618344906775
22.494919057951
22.6532733093443
22.7539135821825
22.8021853916152
22.8083338618118
22.8111248909765
22.8296127148746
22.8822386501471
22.9756791329656
23.1137350144739
23.2838101988004
23.4668970565466
23.6409883306642
23.7897021891482
23.905057359068
23.9847683139113
24.0329881572614
24.0648658834826
24.087823695572
24.1089118931448
24.1363661213616
24.1762472372197
24.2295772329889
24.3001402392413
24.3863268660978
24.4781409437451
24.570302747692
24.6542444768696
24.7244517259792
24.7782294175684
24.8207538676655
24.8562267876281
24.8866193618065
24.9186936450699
24.9525337136529
24.9874227148311
999.99
999.99
999.99
999.99
999.99
999.99
999.99
999.99
999.99
999.99
999.99
21.5780359568809
21.95187805795
22.2076324475658
22.4486282310639
22.6156943276656
22.7236870039757
22.7762385207469
22.7836323815396
22.7842218185452
22.794887275315
22.8335014535721
22.9091069653482
23.0284778116563
23.1831683103248
23.3591733581067
23.5365239401347
23.6981269054199
23.831194079535
23.9293761577735
23.9936179631296
24.0392399547008
24.0706086244787
24.0963765572365
24.1258638554558
24.1652310184211
24.2132686163805
24.2769772454795
24.3570021741986
24.4449126859798
24.5352389159945
24.6233342459806
24.7016728926135
24.764876098104
24.8164374526067
24.8605872807477
24.895913977449
24.929108531644
24.9605775207834
24.9893907876951
999.99
999.99
999.99
999.99
999.99
999.99
999.99
999.99
999.99
999.99
999.99
21.5021823813043
21.8868744094913
22.1457744187895
22.3928104647966
22.5703222500995
22.688601232151
22.7494311772901
22.7624603165848
22.7646588627835
22.7709436987831
22.7974598203438
22.8544372864373
22.9512860051506
23.0825911369786
23.2409182728751
23.4101807975504
23.5756221191185
23.7207497597458
23.837022884575
23.9211844058317
23.9870618974923
24.033977367
24.0714818728798
24.1084603770843
24.1511730162243
24.1973891175984
24.2574311648826
24.3335960149737
24.4194917880809
24.5097656325753
24.6022994742474
24.6879291136727
24.7594123951685
24.8191458825722
24.8705220439792
24.9107589803567
24.9460264567212
24.9765112993093
25.0003657228961
999.99
999.99
999.99
999.99
999.99
999.99
999.99
999.99
999.99
999.99
999.99
21.4375630294986
21.814868654945
22.0750317270116
22.3274308187741
22.5166299415512
22.6478045244816
22.7207437871089
22.7434708112336
22.7502338051241
22.7550479142418
22.7723399189331
22.8120895719163
22.8854950010542
22.989337263722
23.1223414690472
23.2726388895385
23.4310582146871
23.5797015823475
23.7102186157121
23.8155543850478
23.9067582942831
23.9762656738937
24.0329033015189
24.0830710071909
24.1333403128293
24.1819479933887
24.2422302846162
24.3179299444661
24.4051307820022
24.4980712015995
24.594976460114
24.6860319195191
24.7635058710563
24.8280514182194
24.8824027378869
24.9251738465458
24.9616476566065
24.990463492038
25.010521717281
999.99
999.99
999.99
999.99
999.99
999.99
999.99
999.99
999.99
999.99
999.99
21.3952090290662
21.7428448299267
22.0008937570373
22.2557180489581
22.456084952226
22.6013688020418
22.6892509731865
22.7254303193243
22.7394996605697
22.7449574036884
22.7555407641121
22.7807915905697
22.8314829479048
22.9069188593881
23.0113372456372
23.1358943207721
23.2771797328095
23.4203314454914
23.5586003108092
23.6822991167194
23.7995885615262
23.8964796473871
23.9783510423165
24.0473223362643
24.1096327665816
24.1652153485891
24.2290962178715
24.3067995831302
24.3974254892972
24.4948010163509
24.5952319442758
24.6897645826475
24.7708035586937
24.837436324864
24.8913934660067
24.9343856358173
24.970680866808
24.9972152469336
25.0141781581971
999.99
999.99
999.99
999.99
999.99
999.99
999.99
999.99
999.99
999.99
999.99
21.3576755986948
21.6729190721566
21.9235002845226
22.177635275245
22.3874409236213
22.5471848065841
22.6521083196314
22.704648463685
22.7285296897292
22.7370338871408
22.7435623051535
22.7573629824309
22.787969567064
22.8367803548827
22.9122159382605
23.008033646789
23.1254354812925
23.2550820650978
23.3936535261285
23.530594116383
23.6702693348134
23.7950360359117
23.9052706565174
23.9968136003681
24.0745621154733
24.1417314183048
24.2128939303775
24.2951717771651
24.3914864057191
24.4952546639487
24.5991184603428
24.6955549936962
24.7780386625601
24.8440464368818
24.8947348205286
24.9356287347609
24.970364162059
24.9939613293285
25.0085684104772
999.99
999.99
999.99
999.99
999.99
999.99
999.99
999.99
999.99
999.99
999.99
21.3033334112655
21.6073882461949
21.8455463290661
22.0951306754928
22.3118799941424
22.4852680932422
22.6078710294457
22.6781841778042
22.7132097090096
22.7263120598959
22.7313467362224
22.7379179516359
22.7535101360631
22.7815436077781
22.8324913236458
22.9012545820864
22.9917769217387
23.1012289528391
23.23152647937
23.3730900719572
23.5273152438688
23.67616677346
23.8143563445871
23.9295881440831
24.0253244846464
24.1077407193725
24.1887000933533
24.2774906950645
24.3813886287686
24.4927490819215
24.5998739082996
24.6973950858859
24.7795708927799
24.8425019909472
24.887545948251
24.9245664508628
24.9563462730636
24.9768396457459
24.9903335745064
999.99
999.99
999.99
999.99
999.99
999.99
999.99
999.99
999.99
999.99
999.99
21.2586803223876
21.5459354806246
21.769063693895
22.0106070811863
22.2307942693924
22.4156109125608
22.5547803092922
22.6423545702252
22.6886849211035
22.7067845351223
22.7118392369832
22.7145198278872
22.7211428178597
22.7363965854024
22.7705426262789
22.818140744747
22.8838099416972
22.970218173302
23.0852867136543
23.2225560352616
23.3821552648173
23.5480322336292
23.7102214894232
23.8482601874832
23.9633423956965
24.0632294619206
24.1562063226783
24.2534078648935
24.3656033795081
24.4837646811229
24.5930797295095
24.6905630206439
24.7709683238893
24.8300436437501
24.8705908712336
24.904922336598
24.9341752927944
24.9520327323481
24.9647572720265
999.99
999.99
999.99
999.99
999.99
999.99
999.99
999.99
999.99
999.99
999.99
21.2429741879436
21.4898162812385
21.6972240349657
21.92690817894
22.1464498803823
22.3388632359073
22.4913508522747
22.593815848074
22.6508240463867
22.6741010249939
22.6808254142696
22.6829050658229
22.6858789903991
22.6949185963258
22.7190727777113
22.7514835252172
22.7962032695322
22.860130460211
22.9567827568469
23.0836925141805
23.2418071252746
23.4183770883291
23.5997511416462
23.7588825762189
23.8939562895808
24.0122056873252
24.1181643561962
24.2246513808008
24.344278980395
24.466916178985
24.5769486466811
24.6733805943017
24.7507642709188
24.8065625522519
24.8453875465816
24.8793889334824
24.9079652513496
24.9258189664787
24.9385887601187
999.99
999.99
999.99
999.99
999.99
999.99
999.99
999.99
999.99
999.99
999.99
21.2313739535726
21.4467547266718
21.635156371847
21.8482932519983
22.0633907847108
22.2591751884433
22.4201318179883
22.5330860628105
22.5990739298297
22.6277986165417
22.6380545653435
22.6429575895437
22.6476764231155
22.6558689565645
22.6743850158864
22.696056472092
22.7242031673772
22.7676274212821
22.8456266294971
22.9601921571819
23.1130801515311
23.2949813445217
23.49067021161
23.6678397747259
23.821759522267
23.9577413337423
24.0770838439618
24.1934101838171
24.3199372738676
24.4452255732335
24.5548070471239
24.6494217035709
24.7231542570349
24.7761763675223
24.8152780202244
24.8509770799018
24.8805154698418
24.9001227365741
24.9134134124507
999.99
999.99
999.99
999.99
999.99
999.99
999.99
999.99
999.99
999.99
999.99
21.2378680095415
21.4198857056636
21.5850602185155
21.7761199680443
21.9830141790865
22.178426155932
22.3430004024411
22.4617192579775
22.5349686551528
22.5694764663817
22.5851878045139
22.5969359904495
22.6088208563498
22.6211475154045
22.6383862781884
22.6534354712508
22.6690455924275
22.6954222184744
22.7567498453937
22.8590676522282
23.0051817714019
23.1882195527463
23.3925087385589
23.5827522211466
23.7522142569652
23.9034389053975
24.0354340083372
24.1617893350884
24.2948028688738
24.4212487253842
24.5289705072427
24.6207812438815
24.6902552763916
24.7410159803683
24.7822208600685
24.8218288136274
24.8541145294205
24.8771347205395
24.8915229619093
999.99
999.99
999.99
999.99
999.99
999.99
999.99
999.99
999.99
999.99
999.99
21.2744509052697
21.4068434267589
21.5502221077153
21.7196216157261
21.9159280161137
22.1080959186501
22.2721082396808
22.3920960582466
22.4698148537143
22.50931983005
22.5304449393023
22.5496572497851
22.5705948092064
22.5890328024176
22.6068272805143
22.6182579232666
22.6260372740633
22.6409694488675
22.690057018065
22.7831476504149
22.9232177517016
23.1045420973395
23.3117475471955
23.510116372902
23.6907573865923
23.853802485772
23.9974105286643
24.133771662804
24.2726228665663
24.3990054107728
24.5040252206573
24.5920012988626
24.6569511847455
24.705915528388
24.7511659408489
24.7969078535429
24.8343259935004
24.8630240516676
24.8803400756034
999.99
999.99
999.99
999.99
999.99
999.99
999.99
999.99
999.99
999.99
999.99
21.3524379509379
21.4068139432755
21.5336535149689
21.6869285099331
21.8714695605452
22.0576196830702
22.2167916315028
22.3337069281451
22.4123729642048
22.4553422363819
22.4811255670861
22.5076904658796
22.5369638838801
22.5611026615457
22.5799158239168
22.5893680418429
22.5923720656411
22.6011730382807
22.6429655363068
22.7301217206203
22.8655340848606
23.0439312375695
23.2497244418725
23.4513899473288
23.6383924087247
23.8092007668579
23.961744689547
24.1067596967217
24.2505179365306
24.3769666649072
24.4798910618582
24.5646550822235
24.6259773086741
24.6734181969779
24.7219563164731
24.7730580770113
24.8157426737507
24.8513226533423
24.8741597904248
999.99
999.99
999.99
999.99
999.99
999.99
999.99
999.99
999.99
999.99
999.99
21.3779506991267
21.4293578844521
21.5404668537369
21.681643564016
21.8539903111657
22.0318124407487
22.1825873178539
22.2925448100948
22.3686585443076
22.4130152097211
22.4419236217954
22.4747230586323
22.511291983825
22.5411453864116
22.5623633063227
22.5721903115103
22.5731638367182
22.5795480611994
22.6171551734463
22.6997632864891
22.8302236498782
23.0038502015361
23.2045533317696
23.40474436957
23.5932115293874
23.7676515899198
23.9259589181625
24.0773184601815
24.2247936924143
24.3518687943284
24.4537766300318
24.5368370534046
24.5965938471246
24.6433548067436
24.6944256318812
24.7496742966297
24.7965205654934
24.8379503766377
24.8676950768064
999.99
999.99
999.99
999.99
999.99
999.99
999.99
999.99
999.99
999.99
999.99
21.3419599479112
21.4643548025958
21.5683933664783
21.7023078312195
21.8638639542716
22.0317482592432
22.1714194353881
22.2710087753548
22.3410759736436
22.3838453353736
22.4134238167287
22.4498534616952
22.4912844525963
22.5260981667815
22.5511492928226
22.564002500363
22.5664230530838
22.5749986694917
22.6118228671189
22.6911869139023
22.816520235554
22.9837713183908
23.1758446638877
23.3700032192552
23.5549827758787
23.7283886644593
23.8882003030873
24.0426285375707
24.1917671337952
24.3196056354129
24.4220272596908
24.5057075676738
24.5665751187949
24.6148418148454
24.6688933192354
24.7274752669292
24.7776324466274
24.8241093711587
24.8611854313147
999.99
999.99
999.99
999.99
999.99
999.99
999.99
999.99
999.99
999.99
999.99
21.3855375180375
21.5095084754108
21.6153417805398
21.7487093318089
21.903809773907
22.0615804185877
22.188156495096
22.2743400913653
22.332676023387
22.3681082327479
22.3938812073213
22.4292853572902
22.471703840344
22.5103284476288
22.5400970711448
22.5582731859441
22.5659536771022
22.5809122728543
22.6200900392436
22.6973174170053
22.8174867309109
22.9775010190144
23.1590625284469
23.3445798215197
23.5234266642332
23.6924209173856
23.8494413029301
24.0028971120208
24.1506144286241
24.2782460654972
24.3822551720074
24.4688673606133
24.5336283848031
24.5857738091893
24.6430548619629
24.7040555278955
24.7567986314661
24.8078037941787
24.8525491511578
999.99
999.99
999.99
999.99
999.99
999.99
999.99
999.99
999.99
999.99
999.99
21.4455795511109
21.5487030738901
21.6628984837645
21.8052221006642
21.9570238987358
22.1055347232846
22.2182850715913
22.2892034097377
22.3330050492488
22.3577064450994
22.3765364828266
22.408275004512
22.4499713196662
22.4918971108892
22.5272095106512
22.5528759351605
22.5683975385969
22.5919205383438
22.6351206547345
22.7107871060698
22.825270184068
22.9774547592319
23.1478153015042
23.3233360491432
23.4944385795543
23.6566700193198
23.807067043515
23.9555470384174
24.0985381838977
24.2246950503073
24.3308949463696
24.4228324411234
24.4943223196639
24.5531955689914
24.6141262279755
24.6764359622574
24.7304748509351
24.7844776893085
24.8350669079486
999.99
999.99
999.99
999.99
999.99
999.99
999.99
999.99
999.99
999.99
999.99
21.5348840068178
21.5851165869077
21.7046777699343
21.855612569278
22.0063874946029
22.1483355561522
22.249077851811
22.3052152080084
22.3343256971614
22.3471854270919
22.3569134914943
22.3827546359108
22.4227353826461
22.4671424492531
22.5077134782529
22.5422216473881
22.5680382684894
22.6018887541216
22.651090590916
22.7272935329241
22.8368778257277
22.9809521358332
23.1398912467928
23.3044012324607
23.4662262918925
23.6196236990164
23.7605911018142
23.900988588392
24.0369306046079
24.1602208353333
24.2686183164393
24.3673233106308
24.447332850248
24.5149196500663
24.5807551268383
24.6448627498425
24.7002460760343
24.756749463601
24.8116085609196
999.99
999.99
999.99
999.99
999.99
999.99
999.99
999.99
999.99
999.99
999.99
21.406557792962
21.609169361354
21.7247887163227
21.8757844338162
22.0244513895068
22.1649131245557
22.2660856119529
22.3234180653296
22.354313154554
22.3695594793316
22.380419846352
22.4051771226974
22.4443867598916
22.4892356620595
22.5313481014774
22.571161017368
22.6061654565016
22.6510475550809
22.7090839214873
22.7901991252227
22.8989059435798
23.0362641883605
23.1827905537485
23.3331804362309
23.4815813947003
23.6214631100693
23.7490803725954
23.8780441116163
24.004267323663
24.1218106179405
24.2300649287392
24.3327136428563
24.4186299679389
24.4929329981601
24.5622800455834
24.6274532421142
24.684399846769
24.7437920886878
24.8021202556858
999.99
999.99
999.99
999.99
999.99
999.99
999.99
999.99
999.99
999.99
999.99
21.3768988415765
21.6232131455146
21.7225441544873
21.8697278237185
22.0149792443767
22.1599125037587
22.2741773112066
22.3489806420146
22.3972700159089
22.4283660354184
22.4498562190131
22.4784972800043
22.5181667365327
22.5622111935201
22.6027723416451
22.6434436167361
22.6840126389255
22.737346167716
22.8039914948845
22.8911608896022
23.0019693297079
23.1351295554168
23.2702986959075
23.4062636876212
23.54062060692
23.6653467163542
23.7777812874482
23.8939140755596
24.0085349336283
24.1178023523464
24.2228021139525
24.3256790526818
24.4135268317729
24.4911653531459
24.5608517077072
24.6254693949108
24.6839213807268
24.7466540586472
24.8087027436187
999.99
999.99
999.99
999.99
999.99
999.99
999.99
999.99
999.99
999.99
999.99
21.4658615145985
21.6492595868652
21.7233718208935
21.8414622563957
21.9800736983158
22.1339204940837
22.2720872423052
22.3789475696913
22.460720857295
22.5221649199223
22.5646113186151
22.6036336675278
22.6468189016067
22.6901301329606
22.7266021754764
22.7637473391449
22.8044829662519
22.8610225036735
22.9326785510147
23.0255435178035
23.1412127250833
23.2740922680021
23.4015321623657
23.5261078886894
23.6475540548662
23.7567205558475
23.8536884311655
23.9567102484517
24.058502078036
24.1573549755823
24.2557030963747
24.3538448572293
24.4384385799243
24.5149307890493
24.5820950475507
24.645124794531
24.7057291957504
24.7720631387215
24.8379865430385
999.99
999.99
999.99
999.99
999.99
999.99
999.99
999.99
999.99
999.99
999.99
21.4802673424137
21.6800529926697
21.7190290376511
21.8003889637037
21.9298286677748
22.094480144941
22.26468693875
22.4160126977732
22.5453764665457
22.6505280343451
22.7258002824609
22.7834790769108
22.8344289386046
22.8780563712667
22.9090455956532
22.9376318021214
22.9721700587585
23.0262898900389
23.0992450485489
23.1970254972824
23.3211217854564
23.4584635947891
23.5825562224414
23.6990073590499
23.8088272366338
23.9020830239733
23.9838097465848
24.0737644567219
24.1620395920821
24.2487158642325
24.3364550218052
24.4234299194554
24.49840906197
24.5681570503696
24.6296137200296
24.6911996353795
24.7558234560532
24.8271644653551
24.8983297927957
999.99
999.99
999.99
999.99
999.99
999.99
999.99
999.99
999.99
999.99
999.99
22.0496810966811
21.7111418841114
21.7155274904076
21.7559735131424
21.8735494701574
22.0484257067801
22.2557480725691
22.461593939705
22.6513282078673
22.8136647577444
22.935417449598
23.0226675805046
23.0881534330637
23.1355481084386
23.1610504885309
23.1768786633148
23.1987187111118
23.2442960402539
23.3133800428563
23.4132528308363
23.5471966729381
23.6926088379424
23.8170144925103
23.9286190026081
24.0289778514315
24.1070516873168
24.1741311387604
24.2511802405968
24.3252333188504
24.3976885208132
24.4706137469991
24.5400768012576
24.5989080928656
24.6561213470373
24.7079463836601
24.7656522381164
24.8333546922968
24.9084498085725
24.9835560287246
999.99
999.99
999.99
999.99
999.99
999.99
999.99
999.99
999.99
999.99
999.99
22.0115116537869
21.7413229836027
21.7249476902652
21.7404134423686
21.8517017848986
22.0343249513767
22.2656179747191
22.5079999125524
22.7393560233066
22.9429330006955
23.1004197202689
23.2140517650371
23.2961715899141
23.3518968338557
23.377075874055
23.3843170111629
23.3941166118782
23.4282619561093
23.4885658529466
23.5857300207035
23.7268831373017
23.8817186398379
24.0119586061444
24.1266408903356
24.2248873967336
24.2940704810253
24.35110460426
24.4182861555391
24.4803576111525
24.5411825191339
24.6008589353096
24.6540996565355
24.6974001375936
24.7420438350587
24.783306154441
24.8352832413305
24.9039313321179
24.9799257228613
25.0564947283393
999.99
999.99
999.99
999.99
999.99
999.99
999.99
999.99
999.99
999.99
999.99
22.0227101427415
21.7723282690546
21.7431971007637
21.739813105679
21.8491295411671
22.0366520019508
22.2815976146492
22.545758677555
22.803378944093
23.034715146077
23.2186658455911
23.3551694581816
23.4551884897865
23.5229254436102
23.5527036675043
23.5568603461863
23.557636258185
23.5805466782589
23.6302776030114
23.7230745964868
23.868737373559
24.0318788611692
24.1705904621888
24.2925443912575
24.3917780818197
24.4557660719355
24.5066755192556
24.5657200646129
24.6181857107059
24.6701960565026
24.7193514618091
24.758946911511
24.7899059324421
24.8235137883712
24.8562072244382
24.9022205046677
24.9689821913712
25.0418625738922
25.1161764689966
999.99
999.99
999.99
999.99
999.99
999.99
999.99
999.99
999.99
999.99
999.99
21.9248862475761
21.7729574848495
21.7460940062245
21.7536070330623
21.8645419051668
22.0543289209225
22.3043529171777
22.5769524879215
22.8461903420037
23.091672709041
23.2919788370461
23.4456620233756
23.5619705105182
23.6429510601834
23.6817674723327
23.6887769379583
23.6865652512891
23.7031327394684
23.7456270858926
23.8343238625981
23.9812583755927
24.1483331915914
24.2928735852073
24.4201541382231
24.5201462934813
24.5814961794631
24.6290716858299
24.681940438781
24.7279173551476
24.7741859001872
24.8165021058463
24.847786162849
24.8714453253276
24.8975541202501
24.9238753914188
24.962210807643
25.0213320945469
25.0859909304332
25.1528425205055
999.99
999.99
999.99
999.99
999.99
999.99
999.99
999.99
999.99
999.99
999.99
21.9095862239451
21.7679251099574
21.7565715342883
21.785930941264
21.9017551199655
22.092404618283
22.3396183618605
22.60839371409
22.8739422496704
23.1179741122511
23.3210685373677
23.4825952587484
23.6099654157235
23.7036077569898
23.7549513049996
23.7718522451353
23.7750442995369
23.7923283131927
23.8324997832662
23.918304888551
24.0627474030942
24.2282442139745
24.3745460720736
24.5039436065543
24.6037025141315
24.6642666733491
24.7105134615282
24.7591961741054
24.8018588442675
24.8458304460017
24.8863769652456
24.9167463880336
24.9397973355456
24.9633901499977
24.9856456973987
25.0133905684514
25.0580124315744
25.1075635351732
25.1604139962371
999.99
999.99
999.99
999.99
999.99
999.99
999.99
999.99
999.99
999.99
999.99
21.8533616134801
21.7845571350177
21.7900747845282
21.843708927314
21.9684066728851
22.1590678476043
22.3969624630456
22.6501534487681
22.8955698369526
23.119622140005
23.3088274080537
23.4646740393495
23.5939007394871
23.6961166116127
23.7616133181773
23.7941246123689
23.8107887268933
23.8361325577125
23.8802213160911
23.965424412502
24.1047676575223
24.2637553909106
24.4080834861252
24.5361487255244
24.6341925657585
24.6949100624992
24.7420267275965
24.7889453289584
24.8316710808339
24.8775440602876
24.9223786463138
24.9591879548242
24.9889255548791
25.0162279451492
25.0383889454814
25.0567802726518
25.0845819673637
25.1159721472056
25.1516092032855
999.99
999.99
999.99
999.99
999.99
999.99
999.99
999.99
999.99
999.99
999.99
21.6778991440873
21.8409743531388
21.8525613054574
21.9243072597741
22.0536651954501
22.2411058679149
22.4697396477226
22.7072236622981
22.9304482858262
23.1309631795989
23.3017824730571
23.4452347954501
23.569515551363
23.6754311551795
23.7531322720056
23.8019779974197
23.8352397005556
23.872952284948
23.9256357369454
24.0125139939686
24.1452101539597
24.2940341399943
24.4322568259801
24.5543627398404
24.6479064335447
24.708592647552
24.75769111669
24.8043991088358
24.8487015336186
24.8973644255624
24.9480969376942
24.993380578965
25.0321753443658
25.0664096827133
25.0922575860252
25.1044751709858
25.1168937560252
25.1309663589604
25.1489490550248
999.99
999.99
999.99
999.99
999.99
999.99
999.99
999.99
999.99
999.99
999.99
21.8119435821631
21.9496230616676
21.9603998437304
22.0397192871164
22.1683741556661
22.3475587067937
22.5625789066775
22.7802003110982
22.9769092698957
23.1499879222335
23.2986418156547
23.4250410041009
23.5394319547405
23.6451289126306
23.7324872969561
23.7967079197255
23.8480353276991
23.9009775328275
23.9651959666992
24.0551750637016
24.1807564899009
24.3177084891265
24.4471071990544
24.5607943767199
24.6492525178413
24.7106827879257
24.7627089982536
24.8114006185755
24.8587238271009
24.9105806611198
24.9670486364683
25.0206252508797
25.0677515281003
25.1095264944782
25.1397740355756
25.1486549617017
25.1491282501174
25.1490967988012
25.1512896869743
999.99
999.99
999.99
999.99
999.99
999.99
999.99
999.99
999.99
999.99
999.99
21.9451976911977
22.1062754846129
22.1096012832187
22.1847133643815
22.308485814864
22.4740781812763
22.6700568337404
22.8637447681403
23.031105930777
23.1750605842277
23.3007651539712
23.4088573832256
23.5115835221089
23.6145338347633
23.7082483611381
23.784966033308
23.8524513047469
23.9193680238885
23.9944835778146
24.0874814213521
24.2062894270498
24.331943553187
24.4530734711005
24.5592395233911
24.6438596814253
24.7066656784765
24.7626122295615
24.8144387519345
24.8655227417221
24.9211685696465
24.9830587802063
25.0431994456655
25.0973387440094
25.1453370549248
25.1794631456527
25.1880629141209
25.1819673022828
25.1718193674253
25.1625612398295
999.99
999.99
999.99
999.99
999.99
999.99
999.99
999.99
999.99
999.99
999.99
22.3192944560924
22.2775994527349
22.2792849422015
22.3478927361875
22.4608821223298
22.6067198189933
22.7800988513517
22.9478319894878
23.0874024013479
23.2059342150485
23.3126036177331
23.4044207924049
23.4960749968894
23.593458036242
23.6887611470422
23.7719564821601
23.8496305712546
23.9257723639271
24.0088056757649
24.1035874387597
24.2166187573629
24.3330145651719
24.447929282447
24.5491484515992
24.6323972157283
24.6981998453865
24.7598918730107
24.8161611586207
24.8712401346545
24.9302070533631
24.9958327202682
25.0595082491137
25.118351575727
25.1711775975958
25.2097139972691
25.2216620477163
25.2148889839892
25.2001674870875
25.184546660347
999.99
999.99
999.99
999.99
999.99
999.99
999.99
999.99
999.99
999.99
999.99
22.6572795048544
22.4369719226145
22.4416133282878
22.5068324440355
22.6037599913559
22.7268216035605
22.8760501295462
23.0187065595546
23.1353438099561
23.235834872622
23.3299128935747
23.4108064515939
23.4948845531918
23.5866128979624
23.6800625596789
23.7638079498133
23.8448421268814
23.9246487755467
24.0116550669361
24.1069633710213
24.2159396205056
24.3264008502822
24.4375393770421
24.5369099626752
24.6213436021388
24.6917517730894
24.7597464757049
24.8206656248458
24.8784102769755
24.9384093748106
25.0044653560538
25.0685308318977
25.1297005286313
25.1859489704026
25.2289766396145
25.246499661444
25.2430046083798
25.2278929863959
25.2102876089988
999.99
999.99
999.99
999.99
999.99
999.99
999.99
999.99
999.99
999.99
999.99
22.5633074182054
22.5823593763506
22.5954144992344
22.6429312909979
22.7236158770644
22.8246577012916
22.950398080396
23.0712325529331
23.172117184773
23.2625060895779
23.3514984803108
23.428860535211
23.5099898130411
23.5972850396939
23.6871932878141
23.7672611507684
23.8462306169791
23.9254094357125
24.0127465287717
24.1069896010291
24.2134412029676
24.32063086225
24.4298049051373
24.5293226098114
24.6164029311266
24.6911658333064
24.7639432486613
24.8275095393917
24.8857259114868
24.9445058273576
25.0084144269776
25.0714389959459
25.1345311599342
25.1938117027701
25.24113728692
25.2656512653728
25.2673096236387
25.2538997831103
25.2371420556086
999.99
999.99
999.99
999.99
999.99
999.99
999.99
999.99
999.99
999.99
999.99
22.5345849803829
22.6844632703543
22.7103262148036
22.7468587372179
22.8125738875757
22.8942065178849
22.9997538694043
23.1043396450484
23.1975038967362
23.2859995165643
23.3772286852492
23.4582139387682
23.5413317310558
23.626404782198
23.7127015096696
23.7871528975227
23.8601469781278
23.9349941852659
24.019547463133
24.1106366917148
24.2144115747174
24.3195968358726
24.4274925522311
24.5273620641154
24.61656231073
24.6940698368714
24.7690450672028
24.8324896957354
24.888671017981
24.9442399902474
25.0047225008761
25.0667253637264
25.1324987706099
25.1961054019293
25.2496079879701
25.282559115872
25.2910870615523
25.2810503713491
25.2666071461283
999.99
999.99
999.99
999.99
999.99
999.99
999.99
999.99
999.99
999.99
999.99
22.8862306642715
22.74331020373
22.7822827167076
22.814693652774
22.8660905090542
22.931680236205
23.0225110102767
23.1178369673715
23.2114126260482
23.3064363364322
23.4066545612034
23.4971634563403
23.5856855507023
23.670295466044
23.752868387463
23.8205966528042
23.8848895915614
23.9532251623429
24.0331851816182
24.1203178953045
24.2212753927026
24.3251647812647
24.4312076303539
24.53021031924
24.6190640528226
24.6964566780213
24.7699375111944
24.8308191314599
24.8825041945491
24.932922979903
24.9889637275441
25.0505341488002
25.1194342105093
25.1894276190781
25.2517223484611
25.2947889700228
25.3118425874223
25.3075766278619
25.2964450100016
999.99
999.99
999.99
999.99
999.99
999.99
999.99
999.99
999.99
999.99
999.99
22.9275922054459
22.7868075077419
22.8263079321455
22.8460977839373
22.8880855485097
22.9439354020853
23.0251795286019
23.1158692057562
23.2134694516111
23.3187407101961
23.4312044486945
23.5352488317354
23.6331907007049
23.7222532060133
23.8038765434402
23.8667130386546
23.9229532817446
23.9848202099407
24.0585963359759
24.140675225994
24.2375908351585
24.3391528782309
24.4406442233013
24.5360413668458
24.6214456058965
24.6954540977298
24.7635456884631
24.8200070132379
24.8661543777235
24.910776051699
24.9624729288545
25.0247101836738
25.097317618407
25.1744460064944
25.246404363501
25.3006642226161
25.3273539176216
25.3307555360062
25.324681325273
999.99
999.99
999.99
999.99
999.99
999.99
999.99
999.99
999.99
999.99
999.99
22.9187493183033
22.8110405196682
22.8507146308536
22.8561147516928
22.893957226404
22.9439254300345
23.0182570048078
23.1057077086416
23.2079013813466
23.324145511177
23.4500511721396
23.5695140167227
23.6792502775256
23.7762486114495
23.8598246758374
23.9211221003512
23.9714696625346
24.0275225967745
24.0933951616538
24.1679280676412
24.2574961780067
24.3540903443773
24.448595727541
24.5382693502554
24.6182978265045
24.6873879233464
24.7483325275073
24.7997695618113
24.8411585091008
24.8811171403472
24.9294459256683
24.993245599012
25.0696302076755
25.1535145573429
25.2353183294312
25.3011564445981
25.3384597912576
25.351143268641
25.3516506850683
999.99
999.99
999.99
999.99
999.99
999.99
999.99
999.99
999.99
999.99
999.99
22.9076065416065
22.7851380958309
22.836871790305
22.8530285861958
22.8912329078849
22.938483392707
23.0077996059288
23.0923496172892
23.1972552746971
23.3229083581951
23.4616226418535
23.5962911072369
23.7187825183067
23.825747800321
23.9132113078
23.9751079500265
24.0215248145617
24.0722070402364
24.1298874982592
24.1965033979546
24.2775930671645
24.3678208572075
24.4540587178095
24.5367700349951
24.6096495434772
24.6720855377504
24.7249533760783
24.7718612626996
24.809630795629
24.8462228452016
24.8925901221563
24.9583110748625
25.0377074290543
25.1273896641965
25.2186959949194
25.2954996472679
25.3437882256865
25.3669227065482
25.3746323416211
999.99
999.99
999.99
999.99
999.99
999.99
999.99
999.99
999.99
999.99
999.99
22.8741234109806
22.7322586967663
22.8020916667339
22.8397111892913
22.8832966610026
22.9309333221211
22.9967041783204
23.0776404775333
23.1826048808115
23.3141981582553
23.463421646246
23.6110590004585
23.7454498956822
23.862238890931
23.9539715204742
24.0167261092369
24.0606755869267
24.1067825839974
24.1571590756223
24.2172289371376
24.2912376224433
24.3753379955062
24.4533054457349
24.5289890675866
24.5943761273448
24.6495559442292
24.6946763346597
24.7383024352511
24.7739092420481
24.8087547154691
24.8544644577259
24.9219576370429
25.003494189409
25.0973662096749
25.1957277750029
25.2810355693996
25.3388716723192
25.3721086973725
25.3878088429938
999.99
999.99
999.99
999.99
999.99
999.99
999.99
999.99
999.99
999.99
999.99
22.5940959872493
22.6654627627903
22.7563535826344
22.8203146879983
22.8748472369435
22.9262319894937
22.9885787464544
23.0634583342099
23.1638172227253
23.2951677285347
23.4495634269934
23.6058609517508
23.7506169695884
23.8770708216983
23.9743748362108
24.0394807145783
24.0834022416379
24.1259205218617
24.1696053430271
24.2235430168082
24.2909033664952
24.3690077615136
24.440285224892
24.5109696047503
24.571483055122
24.6226322058883
24.6636445165885
24.7063145461585
24.7417825832441
24.7764873363534
24.8218508727843
24.8894189997416
24.9712459427405
25.0669531141768
25.1694217147349
25.2607069672159
25.3266078279808
25.3688638972355
25.3922420412333
999.99
999.99
999.99
999.99
999.99
999.99
999.99
999.99
999.99
999.99
999.99
22.3768315559779
22.5885270152744
22.7064260056198
22.7976827811173
22.865875270145
22.9224847966669
22.9816415068072
23.0491825707696
23.1414750114183
23.2674211097831
23.4216349177871
23.5816645246224
23.7331341977934
23.8666102267178
23.9695943808364
24.0388658431724
24.0850450763685
24.125858874479
24.1651899172471
24.2141211261847
24.2747046208144
24.3470101014083
24.4136590288067
24.4815287158172
24.5399399450312
24.5912456409149
24.632399080437
24.6764895596389
24.7136198851002
24.7497754507504
24.7949200253754
24.8609483383133
24.9408095762228
25.0359541942806
25.139573318125
25.2337900425406
25.3059356217546
25.3561134176127
25.3862341107615
999.99
999.99
999.99
999.99
999.99
999.99
999.99
999.99
999.99
999.99
999.99
22.2768734046957
22.4999085503932
22.6441291413903
22.7676991750376
22.851412062032
22.915451008777
22.9730053890194
23.0331660572689
23.1146046780867
23.2306603766887
23.3792574791727
23.5383607617425
23.6935776276922
23.8327799106968
23.9420766736085
24.0171752995654
24.0679550708425
24.109676435169
24.1482279581654
24.1953074487138
24.2515856718719
24.3191195818534
24.3815701912693
24.4460790316317
24.5021880274133
24.5539101282357
24.5971597300552
24.6452305429057
24.6865068358153
24.7262554847724
24.7728504136074
24.8367061801476
24.9120132482107
25.0034156970776
25.1037771962841
25.1964514322317
25.2716842377678
25.3281541462235
25.3640088977514
999.99
999.99
999.99
999.99
999.99
999.99
999.99
999.99
999.99
999.99
999.99
22.2626399535424
22.4193499869577
22.5825587498197
22.7294183740038
22.8294905070576
22.9025185592484
22.960292288013
23.0132887394911
23.0827561324866
23.1856726786364
23.3239270973749
23.477735692641
23.634059933868
23.7782225868306
23.8952281274815
23.9782262817322
24.0356858379796
24.0806292436641
24.1203127930696
24.1660701149434
24.2179388365044
24.2801344845931
24.3376397740913
24.3977393095434
24.4521076088296
24.5068184288734
24.555952942289
24.6120791312602
24.6619395777774
24.7090184902431
24.7589569876271
24.8202704267832
24.8884130108223
24.971603217741
25.0628378560706
25.1484692609989
25.2226713381447
25.2828064522832
25.3240858810169
999.99
999.99
999.99
999.99
999.99
999.99
999.99
999.99
999.99
999.99
999.99
22.0958432407701
22.3416406581628
22.5233648835406
22.6860864705646
22.8020014488083
22.8845803525402
22.9435984461398
22.989697463546
23.0459756459541
23.133364604504
23.2570991158373
23.4018794185452
23.5572126204309
23.7070123100593
23.8341269909864
23.9288672167569
23.9960411805341
24.0461661601058
24.0869906996496
24.1296990678955
24.17463017601
24.2292288552946
24.2809472686969
24.3367732535791
24.3907521498321
24.451043628913
24.5093132780709
24.5759944435696
24.6371153411105
24.6939097928185
24.7486047369812
24.8076722629983
24.867799566098
24.9400943832954
25.0190448282781
25.0944600893903
25.164421669441
25.2256144941863
25.2711843269449
999.99
999.99
999.99
999.99
999.99
999.99
999.99
999.99
999.99
999.99
999.99
22.0046611359991
22.2569066601049
22.4588079885632
22.6387507169495
22.768722421459
22.8603477406834
22.9213277630005
22.9612233250454
23.0044739931909
23.0758088747317
23.1837708916234
23.3181612513427
23.4714201407471
23.6277335837928
23.7672333244829
23.8765604668782
23.9558409386756
24.013677230298
24.0567359512269
24.0959053251547
24.1330637680834
24.1787425292085
24.2227028976381
24.2725648016907
24.3251285749923
24.3899051481545
24.4572767325701
24.5352602386433
24.6091561793384
24.6775474197626
24.7390832823889
24.7976269565461
24.8506094790292
24.9109569235518
24.9755627088781
25.0377722022052
25.0998632593343
25.1589255378098
25.2070385623429
999.99
999.99
999.99
999.99
999.99
999.99
999.99
999.99
999.99
999.99
999.99
21.9418585188202
22.1757722725553
22.3903706644624
22.5896390450193
22.7320414879561
22.8320560092433
22.8947444588684
22.9287417732084
22.959726317402
23.0149955674495
23.1070278504025
23.2311736392336
23.3824046594406
23.5460904839978
23.6999906314916
23.8255316416516
23.918511954131
23.9856124003479
24.0322003884245
24.0687385641033
24.1003563800702
24.138451731652
24.1750791159875
24.2179974632444
24.2671248287849
24.3321475573642
24.4052262470599
24.4920018211369
24.5777695489261
24.6580758791713
24.7282581565031
24.7882622182214
24.8363308694699
24.8850867483369
24.934535851699
24.9818414608739
25.0333101501063
25.0869014763544
25.1359148489628
999.99
999.99
999.99
999.99
999.99
999.99
999.99
999.99
999.99
999.99
999.99
21.768825162191
22.1056224132589
22.328587168374
22.5423963143497
22.6950808465354
22.8019262775423
22.8657057509745
22.894139146553
22.9143985434273
22.9545400971494
23.031077827468
23.1442060308316
23.2918496387857
23.4611095564358
23.6291756495206
23.7719993728089
23.8810983262765
23.9600068377473
24.0124258438146
24.0478509037707
24.0753883686951
24.1070372983151
24.1378637291394
24.1751887007322
24.2208237361784
24.2844834345191
24.360260981237
24.4513287285465
24.5449233724415
24.6348021750178
24.7127181402691
24.7754037003156
24.8223729839668
24.8628121473893
24.9001963267304
24.9347736493067
24.9759467113598
25.0220060158888
25.0699406172265
999.99
999.99
999.99
999.99
999.99
999.99
999.99
999.99
999.99
999.99
999.99
21.6701667328671
22.0436624802718
22.2725573564401
22.4976813560634
22.658563361226
22.771160454944
22.8358758188381
22.8597672750924
22.8707851669762
22.8976193774989
22.9591111705621
23.0597690283904
23.200812357867
23.3716980389634
23.5506049115465
23.7106655035679
23.8386135035706
23.9333730143606
23.9962814843373
24.0350816858534
24.061650596448
24.0888158093871
24.1149602692021
24.1477348350229
24.1891790527354
24.2485257701877
24.3222767389414
24.4118619359629
24.506856718661
24.6014827725578
24.6851330185519
24.7518295461534
24.8021802765575
24.8407576412809
24.8733666330643
24.9013862683862
24.9357764410255
24.9750622331508
25.0198625109351
999.99
999.99
999.99
999.99
999.99
999.99
999.99
999.99
999.99
999.99
999.99
21.6040506659426
21.9821763534693
22.2160092592117
22.4519258744887
22.6203982251599
22.7390203222871
22.8059781256601
22.8276714189608
22.8324400902484
22.8489018324302
22.8970666322827
22.9843505166964
23.1149799160867
23.2811888972821
23.4648254501826
23.6379969475984
23.7842246407208
23.8978523747942
23.9769641675491
24.0252442997944
24.056198301719
24.0829772994132
24.1059324860592
24.1340545115304
24.170698333518
24.2237638672613
24.2920458900202
24.3774178948335
24.4708337400982
24.5670388914115
24.6551043629124
24.7268947933424
24.7825492344477
24.8234046719848
24.8561436333844
24.8819641622879
24.9125535983549
24.9466924321442
24.9870553520739
999.99
999.99
999.99
999.99
999.99
999.99
999.99
999.99
999.99
999.99
999.99
21.593080338812
21.9240154149251
22.1586213242724
22.4031447258113
22.579994953595
22.7058409704719
22.7772555690195
22.799659731656
22.8010602693697
22.8095156449513
22.8452999241058
22.9174458441056
23.0329955666303
23.1871614313207
23.3675644191308
23.5474840213839
23.7089587631765
23.8418447459604
23.9406994883
24.0035469694563
24.0444348152237
24.0760383438929
24.0997714580817
24.1261067887489
24.1600041688737
24.2070590688233
24.2681648061219
24.3474748975751
24.4368310877616
24.5315674149734
24.6224061147771
24.69982013959
24.7622484616921
24.8087274824918
24.8461989963186
24.8748061893466
24.9056777634611
24.9375263067362
24.9739075656649
999.99
999.99
999.99
999.99
999.99
999.99
999.99
999.99
999.99
999.99
999.99
21.5387134946613
21.8633065821862
22.1007605937644
22.3509161390148
22.5372423213157
22.6719125204673
22.7503872125697
22.7765416949492
22.7774048619515
22.7805577060856
22.8050328271707
22.8603601747745
22.9562791519804
23.0907103548242
23.2581982021536
23.4362503785947
23.6071136479365
23.756978928945
23.8770103114021
23.9585929088865
24.0145725687913
24.056263783234
24.0854933744319
24.1145312526211
24.1496764948908
24.1938789323251
24.2494498552232
24.3234505637708
24.4078368878404
24.4990754158757
24.5908452453937
24.6735742857599
24.743240203302
24.7982198799155
24.8443749047133
24.8799366432468
24.9145363283353
24.9466523529746
24.9786387611318
999.99
999.99
999.99
999.99
999.99
999.99
999.99
999.99
999.99
999.99
999.99
21.4167008914431
21.7998578713433
22.0392084761469
22.2917408453501
22.4887373744507
22.634428009738
22.7228104878619
22.7561751069775
22.7596221372537
22.7606165833265
22.7764387385586
22.8159517998408
22.8904454628314
23.0001178433252
23.145646715051
23.3107288093076
23.4804220238503
23.6400581690675
23.7780866004716
23.8801414776456
23.9561336407178
24.0145093121197
24.0556667809162
24.0930345248885
24.134208656381
24.1797011530805
24.2331522776596
24.3046445047602
24.386098308085
24.4747262621771
24.5677085554158
24.6557155218755
24.731999605164
24.7958125205411
24.8509998126062
24.8935585324625
24.9319056812479
24.9646185050492
24.9913793201368
999.99
999.99
999.99
999.99
999.99
999.99
999.99
999.99
999.99
999.99
999.99
21.390281274668
21.7271202897011
21.9667080711693
22.2240239143008
22.4324553817961
22.591231614245
22.6926108125878
22.7369429519003
22.7463013203614
22.7475243581902
22.7573287800172
22.7832011106304
22.8366300832396
22.9199426400229
23.0387252920323
23.1818596463778
23.3395116423944
23.4993022427159
23.6484161400553
23.7686304900366
23.8670851324903
23.9475094146925
24.0071961221064
24.0588597898092
24.1110987517639
24.1623973361114
24.2181672941661
24.2908876768937
24.3733864286133
24.4626263125082
24.5583566416097
24.6510628423676
24.7322575175079
24.8022802579664
24.862659332004
24.9084507993062
24.9482038097196
24.9800585188926
25.0012366147327
999.99
999.99
999.99
999.99
999.99
999.99
999.99
999.99
999.99
999.99
999.99
21.3847037724181
21.6523031880064
21.8884992546761
22.1481885188364
22.3668449814611
22.5393542822689
22.6559849263576
22.7142319462053
22.732825975076
22.7367047935978
22.7426872854201
22.7576390822314
22.7926323715528
22.8509110716906
22.9417869595819
23.0583527605847
23.1955257594334
23.3453592212395
23.4961512007198
23.6288677363296
23.7484661580508
23.8533590984667
23.937350856742
24.010036419429
24.0784786472865
24.139993655485
24.2022259209419
24.2782884357858
24.3636785150917
24.4558922662867
24.5550096525633
24.6512215705336
24.7364726101768
24.810727079066
24.8732560252832
24.9198749903119
24.9596750330152
24.9894509856761
25.00555267041
999.99
999.99
999.99
999.99
999.99
999.99
999.99
999.99
999.99
999.99
999.99
21.2721217584841
21.5835639905053
21.8112693860274
22.0676155416574
22.2932860542083
22.4782756830955
22.6108615518241
22.6855037005763
22.7167541961353
22.7266333887647
22.7317905778498
22.7393801452126
22.7598062857463
22.7964717711459
22.8608388866995
22.9493748433958
23.0607083866761
23.1921435206977
23.3353561061791
23.4739093753992
23.6107518642105
23.7391978711872
23.8498108263199
23.9470970293449
24.0343344825844
24.1090915492754
24.1810897526269
24.2627492037454
24.3534111653751
24.4514539476036
24.5549748565673
24.653933564493
24.7418890324033
24.8175355090696
24.8783611667491
24.9229046011226
24.9607160154158
24.9870755241304
24.9989692863768
999.99
999.99
999.99
999.99
999.99
999.99
999.99
999.99
999.99
999.99
999.99
21.2158992882198
21.5195374927706
21.7332751102796
21.9817543413201
22.2104715910583
22.4056439846032
22.5541085395507
22.6469494203134
22.6938631379357
22.7128109054768
22.7205685508407
22.7248625363233
22.7358244490236
22.7568056980297
22.7994504279816
22.8622461964896
22.9461785290156
23.0535016166748
23.1803592143635
23.3162120158147
23.4626931201717
23.6099586540544
23.7456003773865
23.8682392789438
23.9754606395991
24.065985559704
24.1502762957996
24.2398373555221
24.3381087653099
24.4445688268092
24.5535196134698
24.6549120848758
24.7440789391042
24.8178738654558
24.8734760444248
24.9135877099339
24.9477256322828
24.9699147190677
24.979716287995
999.99
999.99
999.99
999.99
999.99
999.99
999.99
999.99
999.99
999.99
999.99
21.171466969345
21.4586700080943
21.6558579537099
21.8939210882197
22.1215737368516
22.3243614536717
22.4873785679953
22.5982508707532
22.6617369493246
22.6904175106698
22.7015221573944
22.7046440013389
22.7104153156663
22.7220057082442
22.7506420574849
22.7946219931041
22.8553983639793
22.9376781746114
23.0431086931944
23.1682146198794
23.3154974539368
23.473836074119
23.6301360245667
23.7764375026285
23.9040653008693
24.0121034148784
24.1105374233588
24.2095665602882
24.3164101076256
24.4312237471201
24.5444095580916
24.6469132008645
24.7355301822543
24.8056527421068
24.8555976548443
24.8926655666195
24.9246916973565
24.9449002802726
24.9553731346882
999.99
999.99
999.99
999.99
999.99
999.99
999.99
999.99
999.99
999.99
999.99
21.1776501163236
21.4084260069819
21.5890937222361
21.8096875333955
22.0315761950036
22.2377225887937
22.4115134925087
22.5371293835183
22.6159222354476
22.6545316025432
22.6702860798899
22.6749118815158
22.6800862559561
22.6877692773863
22.708002728773
22.7384630286083
22.7800906535881
22.8384019313936
22.9209481046337
23.0314039041659
23.1740179719072
23.3381081379311
23.5112420937087
23.6788644670605
23.8266464771995
23.9530939445005
24.0663316419236
24.1753635721635
24.2905040112753
24.4118834067022
24.5270186782404
24.6293465656381
24.7159364792929
24.7815680055506
24.8272619697736
24.8641974355014
24.8963275111039
24.9172410652077
24.9309590391347
999.99
999.99
999.99
999.99
999.99
999.99
999.99
999.99
999.99
999.99
999.99
21.1725358613512
21.3731514004597
21.5351002930434
21.7355731384635
21.9484996894065
22.1540110129299
22.3334832771878
22.4689302660243
22.5589607310192
22.6057603773601
22.6266363962143
22.635230564956
22.6435087274855
22.652241971702
22.6686641264601
22.6898725935417
22.7165205811083
22.7541150319918
22.8155309183108
22.9108606448429
23.0463702656897
23.2126098753117
23.3981923683917
23.5830179761321
23.7487492703873
23.8925903851903
24.0199479686335
24.1392216114638
24.2626973890432
24.389246671558
24.5048609485149
24.6061890702314
24.6895628143182
24.750171453204
24.7930752098012
24.8318336339092
24.8655146231287
24.8890280530301
24.9072533358806
999.99
999.99
999.99
999.99
999.99
999.99
999.99
999.99
999.99
999.99
999.99
21.1982314495784
21.3546793583922
21.4950009359552
21.6727379811412
21.8746364785354
22.0771800143954
22.2581167981741
22.3978405465008
22.4941544322047
22.5469771747931
22.5724733262343
22.5867971806298
22.6016713431743
22.6153625446541
22.6316898479252
22.6476470106363
22.6635886728251
22.6848420942354
22.7291636409008
22.810846994389
22.9383077007446
23.1036697331463
23.29701189272
23.4939672309419
23.6745034608558
23.8337788925188
23.9745527537613
24.1041005749071
24.2357311740305
24.3659607267851
24.4807404090777
24.5799797105748
24.6593971490042
24.7155841546752
24.7579870376972
24.8007199185491
24.837775443285
24.8656337632843
24.8886000125586
999.99
999.99
999.99
999.99
999.99
999.99
999.99
999.99
999.99
999.99
999.99
21.2260745550746
21.351425696609
21.471579069469
21.6261489584477
21.8150973056254
22.0122281081408
22.1915587578086
22.3311854779311
22.4290581094945
22.4848961148659
22.513452860107
22.5329345284287
22.5550706150898
22.5754449089811
22.5943498398521
22.6083366659567
22.6179378123127
22.6285125377981
22.6612829931461
22.7327983541779
22.8536196724293
23.0166366660067
23.2135841992873
23.417514205043
23.6089104358018
23.7803964488922
23.9330544580407
24.0722340569875
24.2116265071279
24.3442559505082
24.4573512799042
24.5538108551911
24.6293761044493
24.6824182858191
24.7263506183931
24.7747135378485
24.8169186676265
24.8507301492511
24.878420997597
999.99
999.99
999.99
999.99
999.99
999.99
999.99
999.99
999.99
999.99
999.99
21.2940691635117
21.3615308689299
21.4667287715261
21.6035737060438
21.7789630644043
21.9677183820873
22.1418501404766
22.2768556720966
22.3717798232981
22.4280446437701
22.4589372304311
22.483086312974
22.5121289239572
22.5392706615384
22.561116786287
22.5743318268027
22.579842443782
22.5844291954017
22.610683063008
22.6759587543544
22.7920173287125
22.9526226144043
23.1496190751722
23.3556427293734
23.5529420588749
23.7322899144647
23.893704047423
24.0407991323004
24.1868347711876
24.3217968001605
24.4340274527692
24.5285076500379
24.6013802941221
24.6524738204104
24.6977289393075
24.7504609120173
24.797089196592
24.8363829434778
24.8692264531256
999.99
999.99
999.99
999.99
999.99
999.99
999.99
999.99
999.99
999.99
999.99
21.3884933925282
21.3884011333122
21.4787591657443
21.6056885508932
21.7685769985959
21.9476876089585
22.114284114393
22.2420896579524
22.3304050907534
22.3846736671723
22.4160574693788
22.4432230154318
22.4774536197093
22.510914934057
22.5368719916041
22.5521196940576
22.5572313889508
22.5602405756342
22.5837615966274
22.6446552781524
22.7555905976277
22.911640909806
23.1045336309501
23.3078592077692
23.5058772641018
23.6884560245282
23.8550096923291
24.0075628866727
24.1583582835028
24.2954469000078
24.4078660797476
24.501549840061
24.5737950399167
24.6249698799311
24.6718793404548
24.7278769347598
24.7779987096699
24.8216463367951
24.8592087807125
999.99
999.99
999.99
999.99
999.99
999.99
999.99
999.99
999.99
999.99
999.99
21.3711712830981
21.4296196136376
21.5130142499853
21.6299860171979
21.7825843085992
21.9518673026339
22.1096638409796
22.2283308796881
22.3074624435983
22.3573991323602
22.3872107943361
22.4146038973156
22.4512746248535
22.4895788002137
22.5202872206465
22.5399492029092
22.5483781333389
22.5545230151642
22.5789953180537
22.6375485406474
22.7429931553242
22.8925375582732
23.0773005426482
23.2734115196234
23.467007891154
23.6482288363463
23.815753915321
23.9706015639847
24.1235680470881
24.2617089252836
24.3748274322133
24.4691382993736
24.5429681483763
24.5964942959599
24.6461770679927
24.7053953798154
24.7589266814423
24.8067876348225
24.8496563657069
999.99
999.99
999.99
999.99
999.99
999.99
999.99
999.99
999.99
999.99
999.99
21.3490723562152
21.4760168606952
21.5600988676719
21.673659614359
21.8194064242371
21.9788445520411
22.1263307827007
22.233608819228
22.3009036901874
22.3423416072495
22.3679239316986
22.3926474664924
22.4291307075373
22.4711238142688
22.5078250874754
22.5337983025436
22.5487880362249
22.5617118890608
22.5897286500083
22.6473301415992
22.7471806807749
22.8892151675802
23.0637437917774
23.2501214480856
23.4358417961208
23.6122913644224
23.7764435215832
23.9296569412043
24.0811512066153
24.2186718698637
24.3325870311075
24.4292083644676
24.5069087767846
24.5650764771257
24.6184624184785
24.6802470126532
24.7362666396502
24.7875336666925
24.8355910412236
999.99
999.99
999.99
999.99
999.99
999.99
999.99
999.99
999.99
999.99
999.99
21.5186860457906
21.5125192518569
21.6048011057769
21.7281296566662
21.8720602486669
22.024616489029
22.1611123702195
22.2545766052843
22.3073457444959
22.3369995562407
22.3548181433502
22.3743562013525
22.4086654326226
22.4527553379959
22.4946256165022
22.5278764354466
22.5516253385382
22.5738263840878
22.6076302157584
22.6660343634131
22.7605828073508
22.8947934449844
23.0582137993454
23.2336876208174
23.4095577186392
23.5789755600592
23.7360820939872
23.883856853927
24.0299912566783
24.1645967975759
24.2787374487399
24.3789428739963
24.4624627198294
24.5274853102426
24.5860354557863
24.6502550472718
24.7077210496336
24.7614234399572
24.814093885963
999.99
999.99
999.99
999.99
999.99
999.99
999.99
999.99
999.99
999.99
999.99
21.5459794108331
21.5470874500143
21.6449965443585
21.7768930371148
21.922105895402
22.0713945236523
22.198808720589
22.2789146854106
22.3171799288535
22.3342932446496
22.3420832351134
22.3543805240297
22.3851026755935
22.4296155971542
22.475531993209
22.5166746252329
22.5510372388655
22.5846891583631
22.6269464417797
22.6888660759873
22.7800768811781
22.9070410830093
23.0590665160233
23.2228502649994
23.3873277851071
23.5473518749157
23.6945642742769
23.8340098315225
23.9720886844245
24.1018681072212
24.2157257403985
24.3201398673981
24.4107175531549
24.4840560868885
24.5493327615521
24.6166085431558
24.675446706875
24.7314711231003
24.7878081680304
999.99
999.99
999.99
999.99
999.99
999.99
999.99
999.99
999.99
999.99
999.99
21.4141125407049
21.5595494788455
21.6530845562176
21.7942235091811
21.9621340229788
22.1234328396934
22.246115824283
22.3198654249051
22.3425174666754
22.3287724969677
22.3195934146321
22.328955064195
22.3573540464087
22.3991527100747
22.4451053761052
22.4938445375675
22.5368020936386
22.5834392366512
22.6360007732463
22.7055882475058
22.793711837936
22.9124264502024
23.0516985743923
23.2080655384735
23.3622958515864
23.5144089574759
23.6502785888338
23.7807848480209
23.9025197340077
24.0253299565155
24.1405727783841
24.251825443881
24.3500877435326
24.4370706035018
24.5098719910691
24.5800877352627
24.6378481532927
24.691596757554
24.7455879045279
999.99
999.99
999.99
999.99
999.99
999.99
999.99
999.99
999.99
999.99
999.99
21.4356782106782
21.5624537444677
21.6433681918947
21.7941749334661
21.9846030288067
22.1562239326559
22.2774314987633
22.3507001411386
22.3655640073876
22.3182220648295
22.2929291508146
22.2941115526032
22.3145538016086
22.3504180506911
22.4021512531092
22.4574659867633
22.5077917154234
22.5677368966801
22.6306025766944
22.7097321057155
22.8010653351702
22.9169134244425
23.0471236483836
23.1948878643746
23.3359809492503
23.480492079474
23.6055285062874
23.7237719018236
23.830278745363
23.9450973476594
24.0639807257335
24.1853752903409
24.2937315159439
24.3918640452938
24.4707772743382
24.5392418849561
24.5925918825434
24.6466152488174
24.7006791971844
999.99
999.99
999.99
999.99
999.99
999.99
999.99
999.99
999.99
999.99
999.99
21.4466212867014
21.4898139081205
21.4138263496086
21.6747160706115
21.8617700901499
22.3103226541171
22.7568878481178
22.4969022965678
22.2988697150701
22.2537689454693
22.2711080323728
22.213913020197
22.2160022323785
22.3614157553635
22.3870768360559
22.4184493315434
22.395669618032
22.5298469387755
22.6371094569387
22.7560500173462
22.7990902982035
22.8600371660859
22.9446253777195
23.1398777420798
23.3189798884816
23.5578681840807
23.5503349472827
23.647712294674
23.7020662389617
23.8836651130519
23.9258952541845
24.078662520342
24.2568241247719
24.350436067997
24.4562802640642
24.5482299651568
24.5188377654092
24.6299562323081
24.59828419838
999.99
999.99
999.99
999.99
999.99
999.99
999.99
999.99
999.99
999.99
999.99
999.99
999.99
999.99
999.99
999.99
999.99
999.99
999.99
999.99
999.99
999.99
999.99
999.99
999.99
999.99
999.99
999.99
999.99
999.99
999.99
999.99
999.99
999.99
999.99
999.99
999.99
999.99
999.99
999.99
999.99
999.99
999.99
999.99
999.99
999.99
999.99
999.99
999.99
999.99
999.99
999.99
999.99
999.99
999.99
999.99
999.99
999.99
999.99
999.99
