999.99
999.99
999.99
999.99
999.99
999.99
999.99
999.99
999.99
999.99
999.99
999.99
999.99
999.99
999.99
999.99
999.99
999.99
999.99
999.99
999.99
999.99
999.99
999.99
999.99
999.99
999.99
999.99
999.99
999.99
999.99
999.99
999.99
999.99
999.99
999.99
999.99
999.99
999.99
999.99
999.99
999.99
999.99
999.99
999.99
999.99
999.99
999.99
999.99
999.99
999.99
17.7356736353078
18.007555369524
18.0967286805336
17.9085298203539
17.5436803274155
17.8301582474823
17.5860478654137
17.7686483953522
17.8342432437868
17.8435423623995
17.7996147135868
17.8300593088677
18.2107557581791
18.3002996632997
19.3894416522953
19.3109223770809
19.6599322442946
19.1768422150826
18.3971859963497
18.9165920227662
19.3742138457748
19.2259895470383
18.7789074719318
19.465605479048
19.6856088008005
19.8886154024063
19.7505645705437
19.8002784992785
19.2658920061742
19.2437038126411
19.1466563211171
20.1771443303116
20.0071592111592
19.65015517042
20.2523614710235
20.344767537663
20.0925591102664
20.478087771694
20.3918140941521
999.99
999.99
999.99
999.99
999.99
999.99
999.99
999.99
999.99
999.99
999.99
17.9729467145321
17.8848195337461
17.9295028893563
17.9608387664703
17.9280813662038
17.9109455671145
17.8978088950605
17.8996644735921
17.8970570990207
17.9293117330156
17.9946637676221
18.112175401024
18.3428302316478
18.5816710924718
18.8523083774074
19.0530023345571
19.1339217071595
19.0773400297101
19.0723131821819
19.0332335140528
18.9927545491658
19.0969780678167
19.2559727287301
19.3633282138257
19.4669699809926
19.5919392058565
19.5912658800776
19.5681935726268
19.5716900413057
19.6136727523149
19.6496214284246
19.7379366422743
19.8518035499272
19.9643108426989
20.0557469660274
20.1690334507525
20.2866864419111
20.3432089330551
20.3919228579098
999.99
999.99
999.99
999.99
999.99
999.99
999.99
999.99
999.99
999.99
999.99
17.9579549326013
17.9239344086548
17.9851946291665
18.0270420059813
18.0125005338386
18.0052723980313
17.9965973012024
17.9963739923096
18.002193995312
18.037582286016
18.0907718619009
18.1849572334005
18.3692903792476
18.5635020652867
18.7798012795163
18.9462069728779
19.040121505563
19.0602520994126
19.0800945556685
19.0580482000801
19.0475723394596
19.1135163552928
19.1953248524374
19.2895184176324
19.404121282541
19.5211117653911
19.5626245015542
19.5721419744336
19.5618349161926
19.5841709100134
19.6275644340458
19.7094200091439
19.831034116352
19.9500788904957
20.0239190483037
20.0954225521657
20.1750646483726
20.2267687475103
20.3009991255847
999.99
999.99
999.99
999.99
999.99
999.99
999.99
999.99
999.99
999.99
999.99
17.7216645021645
17.8993749775434
17.9809712722719
18.0397857651801
18.0576883228156
18.082905793846
18.0942701178172
18.0976172593226
18.1182023268048
18.1544984619797
18.1934875004929
18.2751748527492
18.4093653330947
18.5553376144709
18.7117388769581
18.8553929921186
18.9575041414939
19.0025388121829
19.0240804106665
19.0221348287963
19.0310476257461
19.0620874247583
19.1273478278602
19.2208157932469
19.3408520366418
19.4448582495095
19.5199843908365
19.5689120867015
19.6090179580215
19.6286932610469
19.6785427589549
19.7596212438357
19.8544169789729
19.9331714417831
20.0185406499643
20.0774885315617
20.1379502893223
20.2083284866089
20.2946871164219
999.99
999.99
999.99
999.99
999.99
999.99
999.99
999.99
999.99
999.99
999.99
17.6191728107355
17.8509069601785
17.9406453143518
18.0198127904085
18.0595629079247
18.111256586377
18.1502756440839
18.1842692101523
18.2242000527404
18.2685742648023
18.2975221829766
18.3549451726007
18.4519153553588
18.556067007935
18.6688007650945
18.784359353404
18.8697946467791
18.9110907794199
18.9378749486033
18.9465647682828
18.9577625178669
18.9902139389153
19.0559960465917
19.1480933472009
19.2715028101369
19.3920691402453
19.4911621394049
19.5664832338559
19.6354731981582
19.678602396681
19.7398283303829
19.8194638707715
19.9039613575266
19.9651890088965
20.0296738275712
20.0735976460946
20.1275551287006
20.1988061797105
20.2934051196082
999.99
999.99
999.99
999.99
999.99
999.99
999.99
999.99
999.99
999.99
999.99
17.5669231941113
17.8062418715687
17.9118649629967
18.0090759586242
18.0671454040241
18.1357695395108
18.1928761677157
18.2500247669845
18.3039239299344
18.3520348854853
18.3746475309551
18.4128905862072
18.4775153731494
18.5476234997944
18.6236971699273
18.7116571072169
18.7811163990434
18.8198913979295
18.8491900201712
18.8673240630362
18.8842988972948
18.9203267849103
18.9872841634275
19.0809000550037
19.2066735284298
19.3421226133376
19.4663974058084
19.5711974710057
19.6706862975445
19.7429972646837
19.8172247784687
19.893447457681
19.9663480161553
20.0104983533527
20.0540440386834
20.0868519066677
20.1384537111242
20.2108268370635
20.3111065386931
999.99
999.99
999.99
999.99
999.99
999.99
999.99
999.99
999.99
999.99
999.99
17.5854929257734
17.8002927765355
17.9127713696146
18.0147066378652
18.0826342005039
18.1561801242125
18.2197643642437
18.291533558441
18.3550912659697
18.4060888704529
18.4277997662551
18.4543247693144
18.4947183635983
18.5391262891859
18.5874468048048
18.6527318048039
18.710376727438
18.7494773288797
18.782130743988
18.8099961735013
18.8338046056672
18.8723774923735
18.9385096059302
19.0325748062651
19.1571278837236
19.3019084209149
19.4452886940013
19.5743959647331
19.698350794551
19.7970910808489
19.8845315082749
19.9620578921757
20.0282047132534
20.0607745418841
20.0873778548505
20.1111794400369
20.1583477062033
20.2290053981709
20.3312531865756
999.99
999.99
999.99
999.99
999.99
999.99
999.99
999.99
999.99
999.99
999.99
17.6021508414157
17.8242876022923
17.9401905651457
18.0368229258467
18.1074102095427
18.1748893839097
18.2359974840487
18.3138860871647
18.3814480521447
18.4359126569326
18.4625926316289
18.4853521809203
18.5110268675288
18.5395600010667
18.5696779227179
18.6202044900016
18.6710719427835
18.7129684255216
18.7500461874868
18.7859472201489
18.8138345161147
18.8514358255774
18.9136699643671
19.0040201327328
19.1232465190355
19.2713821575348
19.4270337875758
19.5731917508723
19.713987308242
19.8326399458036
19.9310995251391
20.0118852412297
20.0748195650901
20.102214649669
20.1187093206006
20.1375865638672
20.1814920938344
20.2514182217049
20.3543851308117
999.99
999.99
999.99
999.99
999.99
999.99
999.99
999.99
999.99
999.99
999.99
17.6784582635715
17.8846647536592
18.0005323718375
18.0841173939832
18.1482896834338
18.1951393541894
18.2395613489723
18.3100194896894
18.3745929129216
18.4298049255104
18.4674095262254
18.495867943405
18.518397765328
18.5428586095915
18.5687010689557
18.615511727016
18.6681401219082
18.7174402227038
18.7619883852086
18.8042667630441
18.8324745959452
18.8640163520027
18.9167632337688
18.9966117518212
19.1052502700792
19.2508289879015
19.4114822786961
19.5666248726805
19.7160832015241
19.8459430911676
19.9494363063532
20.0322603798196
20.0943633848072
20.1221796732231
20.1358698752453
20.1553678312163
20.1989372933089
20.2702228420782
20.3731347658806
999.99
999.99
999.99
999.99
999.99
999.99
999.99
999.99
999.99
999.99
999.99
17.8561601153396
17.9503149089618
18.0630059629143
18.1368797126226
18.1926268988984
18.2143183962985
18.2391262432811
18.2941929441648
18.351578079478
18.4055429845886
18.4566582082687
18.4964684560936
18.5256593743837
18.5554266655598
18.5885591330518
18.6403994314342
18.7000334400138
18.7579016675048
18.8093236241197
18.8541642566534
18.8796285420267
18.9018251286555
18.9419674451397
19.0077870995167
19.1028868117483
19.2402750290548
19.3989464023377
19.5550492606564
19.7045488499221
19.835880213663
19.937698123503
20.0194254967415
20.0810425637007
20.1136530760507
20.1320222139681
20.1583519327559
20.2062428894617
20.2822449256234
20.3859000708069
999.99
999.99
999.99
999.99
999.99
999.99
999.99
999.99
999.99
999.99
999.99
18.0152691933917
18.0148888242518
18.1156751732302
18.1756171989959
18.2203879525822
18.220786896098
18.2310693562884
18.275051106916
18.3303914459237
18.3903153228837
18.4581502972662
18.5126154248008
18.5526916001505
18.5895233616642
18.6296985948032
18.685678519563
18.7491136729368
18.8110666751189
18.866240610565
18.9112030564241
18.9329407766233
18.9461069813792
18.9734674609301
19.0232700202166
19.1027034826285
19.2270182456029
19.3773486851358
19.5287470328438
19.6738804849307
19.8008381796477
19.8991978858188
19.9812301788792
20.0446033324284
20.0863757318072
20.1172639955716
20.1562962597027
20.2118374625247
20.2945840641667
20.3981250958787
999.99
999.99
999.99
999.99
999.99
999.99
999.99
999.99
999.99
999.99
999.99
17.9740966810967
18.0576461244555
18.1489365120107
18.1956202801949
18.2314459389535
18.2155391546154
18.2169147757865
18.2532517484891
18.3107353754641
18.3800097527721
18.4662557941224
18.537228838987
18.590665439421
18.6356836973803
18.6815101484974
18.7380098582325
18.7997288220962
18.8602003870215
18.9139308981077
18.955737705628
18.9726083420332
18.977423816379
18.9927317966599
19.0270939363835
19.0917912297041
19.2033109125288
19.3444345163894
19.4901690366505
19.6300019815908
19.7497360656664
19.8416939592831
19.921537087353
19.9854094062288
20.0371642031878
20.0847862728104
20.1424612817322
20.2118969753152
20.3054047528613
20.409849290617
999.99
999.99
999.99
999.99
999.99
999.99
999.99
999.99
999.99
999.99
999.99
18.0303185352063
18.070483298261
18.1609291649722
18.1980866417475
18.2239015625861
18.1951253403713
18.1907284462307
18.2237249190889
18.2875095005282
18.3692829953395
18.4747015111864
18.5632439903057
18.6304461269465
18.6827695857484
18.7320251678621
18.7840335022109
18.8378591063183
18.8917454527584
18.9400904082658
18.9766901425689
18.9902732948079
18.9907782955758
18.9975395453707
19.0195834129228
19.0726243671976
19.173224965617
19.3056759219384
19.4467282242896
19.5836185044096
19.6970698419782
19.7824143860196
19.8588151271674
19.9218587243925
19.9805515106264
20.0444336780545
20.1218364473464
20.2070802653249
20.3113044605348
20.4174676138874
999.99
999.99
999.99
999.99
999.99
999.99
999.99
999.99
999.99
999.99
999.99
18.0143662232077
18.0397959524251
18.1407353893842
18.1836100048499
18.2034566606828
18.1719508923771
18.1696459503679
18.2035157947964
18.2749358737438
18.3692043750172
18.488419756561
18.5898128472061
18.6669175718107
18.7228157514607
18.7700888658756
18.8123692084985
18.8528012829187
18.8978842467643
18.9399158911141
18.971817169258
18.9846715953767
18.9846680262421
18.9853462681577
18.9984098025929
19.0443462697149
19.13881135324
19.2676192860645
19.4096352650822
19.5494736012693
19.6606200361335
19.7410779496704
19.8130362363036
19.8729517484323
19.9327560810552
20.0073117058032
20.0999931890962
20.198130449128
20.3098250891377
20.4188617454886
999.99
999.99
999.99
999.99
999.99
999.99
999.99
999.99
999.99
999.99
999.99
17.9989823823099
18.0059943411953
18.113746609748
18.1543634404543
18.1716684298678
18.1446193442147
18.1477104701254
18.1850160468516
18.2642668666502
18.3702447160905
18.4996005274462
18.6113379088016
18.6963191760661
18.7541474779904
18.7961062729753
18.8251331473395
18.8486567399941
18.883225022991
18.9181841290313
18.9456333253161
18.9591413456033
18.9612536676735
18.9577605988183
18.9641512769235
19.0074867112577
19.101099065606
19.2315321601875
19.3810070559138
19.532529173088
19.6479624757674
19.7277963895176
19.7968673949886
19.8520650184615
19.9045849734371
19.9806788795088
20.0810840283929
20.1862523186551
20.3016185576057
20.4149542517078
999.99
999.99
999.99
999.99
999.99
999.99
999.99
999.99
999.99
999.99
999.99
17.7447985781156
17.9625986260914
18.0735055405216
18.1157550115892
18.1350104887987
18.1163287312832
18.1245745445624
18.1644535071953
18.2474245448952
18.3585311464704
18.4928053663137
18.6131050736249
18.7042174832124
18.764493379011
18.8036432548357
18.8219181025028
18.8297224339276
18.8551166895874
18.8839794636382
18.907443448506
18.921889354112
18.9273899184498
18.9220372148635
18.9256866137255
18.9708750574921
19.068371991678
19.2051363120254
19.3663504834067
19.5328796505867
19.6558427141553
19.7364079529578
19.8008162209427
19.8470267462181
19.8859199202898
19.955246341324
20.0566887627778
20.1652357974402
20.2839281456407
20.4036911431725
999.99
999.99
999.99
999.99
999.99
999.99
999.99
999.99
999.99
999.99
999.99
17.8659893836323
17.9174428330267
18.0262334799306
18.0789404299825
18.1018397040106
18.0950371670816
18.1089210921846
18.1503595443504
18.2318468118881
18.341774733336
18.4736451105655
18.5978626874336
18.6924869801422
18.7545916636578
18.7925093403252
18.804455593651
18.8008134754095
18.8190862087245
18.8445935217221
18.8665608720515
18.8828907516355
18.8929396510652
18.8888854623234
18.893144928423
18.9425844116075
19.046160172331
19.19149128075
19.365393753752
19.5475950710283
19.6794844350162
19.7620784470891
19.8210582155848
19.8570194935167
19.8796949374005
19.9378726655465
20.0344925538867
20.1422598937083
20.2625510596115
20.3892979814148
999.99
999.99
999.99
999.99
999.99
999.99
999.99
999.99
999.99
999.99
999.99
17.8265880708529
17.8791563353797
17.9819591653318
18.0511766433514
18.0832816339845
18.0927636893374
18.1147733058409
18.1569527831425
18.2322901233781
18.3335128890578
18.453915402401
18.5730989746276
18.6655120178912
18.7262508250677
18.7622689370613
18.7725192565201
18.7642209281828
18.7790388226208
18.8048917960276
18.8284673877531
18.8468039398505
18.860587515059
18.859620923301
18.8667280777096
18.9209569556028
19.0300134698275
19.1824690545139
19.3655515928638
19.5584850604804
19.697785169033
19.7840111049114
19.8401532590521
19.8696563782373
19.8812203792965
19.9300675857617
20.0208442235529
20.12697743986
20.2487020547871
20.3812724502634
999.99
999.99
999.99
999.99
999.99
999.99
999.99
999.99
999.99
999.99
999.99
17.6458822923108
17.8814928012107
17.9734833388566
18.0417616835057
18.0834062473294
18.1071909833279
18.1350683485071
18.1764235046292
18.2424363907306
18.3305623597434
18.4342655443555
18.5422786024761
18.6288571341314
18.6867386651181
18.7221572199285
18.7357369696313
18.730326802292
18.7437988892087
18.770885788331
18.7961257583273
18.8152017296295
18.8312482035085
18.8357369199505
18.8480425598893
18.906664961702
19.0174029856152
19.1695833164082
19.3518251383253
19.5440648838624
19.6845107559926
19.7736973083186
19.8309878513155
19.8607815302171
19.8721202256727
19.9201172438961
20.0115378980768
20.1208419185101
20.2476008062413
20.3849856692507
999.99
999.99
999.99
999.99
999.99
999.99
999.99
999.99
999.99
999.99
999.99
17.5901237813677
17.8838137126393
17.9688451681521
18.0387254173445
18.0905729050693
18.1271807542785
18.1612224408103
18.2028490216129
18.2594925022141
18.3316084085695
18.4153147669843
18.5072532480095
18.5837958445996
18.6364864628498
18.671032790148
18.6905039624585
18.6924581778991
18.7064868637703
18.7357656833569
18.7641806885299
18.7844283890815
18.8029467998492
18.8155007146548
18.8358147282803
18.8984400494663
19.0080906119674
19.15379352895
19.325205129853
19.502873699257
19.6341917067191
19.7208610933533
19.779454032411
19.8151912363656
19.8401210331783
19.9008427745878
20.003647021348
20.1241563155377
20.2608993727271
20.4020006482438
999.99
999.99
999.99
999.99
999.99
999.99
999.99
999.99
999.99
999.99
999.99
17.8721424699961
17.8792727346362
17.966648109585
18.0381322385749
18.0978024571677
18.1460100900185
18.1886065329599
18.2333551980049
18.2839630864477
18.3426850215136
18.4057842274988
18.4768985851828
18.5402018618024
18.5855465992743
18.6168234605595
18.6417078596739
18.6534600820684
18.6685048807464
18.6997059846046
18.7323091729627
18.7552107736935
18.7769183544233
18.7993911023948
18.8291718381184
18.8956127075581
19.0027942298619
19.1391289840606
19.294819355631
19.451717416953
19.5693513272161
19.6519840585098
19.7141364370152
19.7614306929041
19.8085242834558
19.8905835137517
20.0094631844699
20.1434386886083
20.2892190805376
20.4302709223645
999.99
999.99
999.99
999.99
999.99
999.99
999.99
999.99
999.99
999.99
999.99
17.9530085398535
17.8692291463565
17.961690324736
18.0307165728672
18.0965420147719
18.1543961011207
18.2079174760795
18.2604733719206
18.3108139735755
18.3609528887146
18.4063821001037
18.4550070681462
18.5012963470806
18.5362606078854
18.5613545796012
18.588866205468
18.6094569934889
18.6271880922609
18.6608205256816
18.6986467945035
18.726597418208
18.7536791979124
18.7865239436475
18.8261487875992
18.896192675196
18.999524216585
19.1248330579584
19.263530020568
19.3982852486545
19.5017273184381
19.5816980534745
19.6498778293544
19.7108823184612
19.7828314507973
19.8883535420064
20.0238715676077
20.1704751121636
20.3224936924312
20.4589710215921
999.99
999.99
999.99
999.99
999.99
999.99
999.99
999.99
999.99
999.99
999.99
17.8899467472133
17.8555368112437
17.9463618532845
18.010315166654
18.0794978846495
18.1448165004035
18.208874628681
18.2718353285822
18.3235070362543
18.3686868380055
18.4019119205613
18.4329249114315
18.4648129383284
18.4934353941325
18.5145052249564
18.5429011831861
18.5699072506234
18.5895323816724
18.6233457936873
18.6650788942097
18.698453366882
18.7311920487423
18.7734360884438
18.8226089963796
18.8964512060308
18.9976646721149
19.1147875971086
19.2400416110144
19.3563863646212
19.448269204397
19.5257276730269
19.5987954970739
19.6715921947251
19.7662756421973
19.8923274253308
20.0421321957307
20.1985117689857
20.3536040129947
20.4813000352756
999.99
999.99
999.99
999.99
999.99
999.99
999.99
999.99
999.99
999.99
999.99
17.7368299370007
17.8214721586866
17.9086472663948
17.9974186299717
18.0933826069337
18.1913699381739
18.2921318405042
18.3941515684776
18.423391499272
18.4430736539781
18.4457128548116
18.4414390408111
18.4371380463309
18.4635209273381
18.4810494352223
18.506435339232
18.5337797544906
18.5532659079274
18.5847709153335
18.6297686852276
18.6695992698473
18.7084388622834
18.7585993879073
18.8166677272181
18.8935677229035
18.9943541440903
19.1083546779962
19.2259706193818
19.3305154376592
19.4165923945933
19.4934234724896
19.5702732699432
19.6531209854577
19.7662798229449
19.9075369671509
20.0659484088457
20.2266969846103
20.3789844515103
20.4936648532231
999.99
999.99
999.99
999.99
999.99
999.99
999.99
999.99
999.99
999.99
999.99
17.6604782921299
17.7814892244281
17.858936469856
17.9728147650033
18.0938624666968
18.2251466072062
18.3638098523643
18.5071999825558
18.5186973510825
18.5177104791486
18.495538481313
18.4617838238592
18.425012172659
18.4502356812686
18.4650575046835
18.484761967601
18.50905962717
18.5269089209104
18.5542599970865
18.5993549120728
18.6444971493639
18.6872375388409
18.741945289938
18.8065844568559
18.885403067563
18.9855331461755
19.0996151795694
19.2146713903367
19.3148228719087
19.4030453843402
19.4844713964922
19.5671649450778
19.6602530273366
19.7866783926539
19.9357965233634
20.0957774575126
20.2540009939233
20.3964124531447
20.4947420976676
999.99
999.99
999.99
999.99
999.99
999.99
999.99
999.99
999.99
999.99
999.99
17.7420359141439
17.7494767641425
17.8102344844268
17.948068309957
18.0943473896299
18.257119150988
18.430954218047
18.6129156639245
18.605974884364
18.587081942638
18.5460092437452
18.4898269647494
18.4265632804693
18.4541479636384
18.4680164361585
18.4808368556861
18.4987680968477
18.5114719967459
18.5302877206966
18.5694576648838
18.6150562966127
18.6587910936221
18.7157139279331
18.7856403033836
18.8668570865932
18.9672642049793
19.082726369645
19.197887589776
19.2989086758154
19.3940230926461
19.4827690151356
19.5728921013178
19.6766997515906
19.8127086342489
19.9646229717262
20.1234747638536
20.2759201399721
20.4055703351913
20.4881092232563
999.99
999.99
999.99
999.99
999.99
999.99
999.99
999.99
999.99
999.99
999.99
17.7387140594597
17.7271653158379
17.7641021079904
17.9275263971968
18.1003280045273
18.2988571734621
18.5081861047431
18.7281756088766
18.7008901645527
18.6639540205966
18.6038762738444
18.5272744577196
18.4405231958622
18.4732834249596
18.4880092914477
18.4949582682776
18.5061717266174
18.51028690701
18.5160119698367
18.5424525075182
18.5814749489117
18.6214438619867
18.6776352129062
18.7506144662004
18.833790417135
18.9353895038294
19.0515711919849
19.1679628906875
19.273537391642
19.379947541743
19.4792268763105
19.5813413737387
19.6985906983021
19.8432409592309
19.995578912542
20.1518313742529
20.2959891371736
20.4127869394459
20.4828829593523
999.99
999.99
999.99
999.99
999.99
999.99
999.99
999.99
999.99
999.99
999.99
17.7152340653926
17.7025343059713
17.727831583703
17.9120503549711
18.107636633813
18.3505224749824
18.6029163712615
18.8668480114747
18.8331415103781
18.7921644357213
18.7046886051392
18.5992913079849
18.4811516227286
18.5064573480032
18.5101228579004
18.5116013876867
18.5160473241591
18.5108401888244
18.5030428123465
18.5150492632648
18.5451279703476
18.5800662178218
18.6346544102167
18.7083910254883
18.7918736503029
18.8926598657677
19.006482678444
19.122961163749
19.2350973787492
19.3546084663821
19.4675668847586
19.5865338264986
19.7201359218936
19.8723924380195
20.0250644767301
20.1780736970515
20.3126730914374
20.4159777777228
20.4773102985548
999.99
999.99
999.99
999.99
999.99
999.99
999.99
999.99
999.99
999.99
999.99
17.5883014414931
17.7233571156723
17.6815898306012
17.8492739645078
18.0139823387001
18.2439393793392
18.4821734995069
18.7307078273662
18.745217991952
18.7522112793863
18.6906329750387
18.6097582767292
18.5160555061952
18.5321151825185
18.5264244393616
18.5259808867571
18.5261807597072
18.5118933252016
18.4920763496951
18.4883584309114
18.5062088076907
18.5351832390204
18.587797524193
18.6598697469817
18.7435133264713
18.8438241841867
18.9541283482738
19.0709501078735
19.1923852692071
19.3254378742621
19.4532344966104
19.5903566647232
19.7396403740796
19.8961729994164
20.0476737131876
20.1957884535898
20.3197760641665
20.4100982644269
20.4661262990603
999.99
999.99
999.99
999.99
999.99
999.99
999.99
999.99
999.99
999.99
999.99
17.6003017909307
17.7425048553055
17.6377151131506
17.792057200501
17.9236961597789
18.1348546588892
18.3529188564749
18.5804919091858
18.6370080835394
18.6921441474948
18.6580988521684
18.6043450590711
18.5384341973091
18.5495496339572
18.5365612096599
18.5385348163267
18.5372129674284
18.515415327074
18.4848325656753
18.4661762055585
18.4691553126902
18.4913051562474
18.5412788289425
18.6101806064347
18.6936537408638
18.7948290977484
18.901852871416
19.01975864779
19.1521242292928
19.2983040882829
19.4407070574187
19.5952514393177
19.7576323671733
19.915702459821
20.0633112814329
20.2031829048809
20.3148374161995
20.3924874773942
20.4440640161321
999.99
999.99
999.99
999.99
999.99
999.99
999.99
999.99
999.99
999.99
999.99
17.2615705763459
17.7222967735083
17.6289369132049
17.7679766445507
17.8597616726663
18.0423152651608
18.2322995410442
18.4372084506878
18.5349868544185
18.6415098131208
18.6392515906521
18.6157945947332
18.5699414420252
18.5679572872239
18.5419686244373
18.543632124267
18.5398339147064
18.5169177755481
18.4823375236325
18.4552088926109
18.4463113952775
18.4613498244003
18.5058882784869
18.5692732274475
18.6498622333412
18.7497810122181
18.8534824737261
18.9729143752816
19.1145382727316
19.2722101290389
19.4290165387621
19.5988991096363
19.770684553237
19.9286625442023
20.0704535215208
20.1985144430936
20.2967628513574
20.3623709018052
20.4088368610344
999.99
999.99
999.99
999.99
999.99
999.99
999.99
999.99
999.99
999.99
999.99
17.2108324056895
17.7195248074407
17.6397765476575
17.7631549334248
17.8134942836347
17.9671314515573
18.1419000649751
18.3483360976271
18.5101459161776
18.6921693690381
18.7326456944917
18.7306761812624
18.6749105037908
18.6309473071924
18.564868345576
18.5469336291264
18.5331889797318
18.5146320297468
18.4881477459036
18.4658175509488
18.4576527644886
18.4711269479297
18.5143954994806
18.5656319398528
18.6361365252429
18.7262204061582
18.8240053728973
18.9402221892508
19.0883208084905
19.2532591559416
19.4215718620643
19.6006285560484
19.7768147585307
19.9325532710395
20.0678060094786
20.1826248662571
20.2683445690884
20.3216904936425
20.3607857824161
999.99
999.99
999.99
999.99
999.99
999.99
999.99
999.99
999.99
999.99
999.99
17.3754242650497
17.7691026594117
17.7100060547422
17.8196824356277
17.8339949082055
17.9364848481233
18.0799458843854
18.2763477571376
18.4842959609517
18.7131573754388
18.8133095161614
18.8409746080533
18.7755572243863
18.692815218484
18.6013557264882
18.5564832728522
18.5306135766262
18.5203628846056
18.5058864865209
18.4914812894381
18.4855458984472
18.4956696035505
18.5339807878874
18.5729938596979
18.6340640104898
18.7155671435994
18.8126243918271
18.9292343130594
19.0812118514163
19.2497158407917
19.4249047064502
19.6050892537168
19.77850766203
19.9291291356967
20.0558886959001
20.156626582199
20.2306567674745
20.2737528472887
20.3050116464527
999.99
999.99
999.99
999.99
999.99
999.99
999.99
999.99
999.99
999.99
999.99
17.344286747515
17.8000118605935
17.8307889026589
17.9493447659442
17.9599508098445
18.0393081364799
18.178102302032
18.3895366986691
18.6031005305776
18.8325494041399
18.9513660730178
18.9716715350214
18.8630706780379
18.743434711554
18.6335459960203
18.56701638869
18.5334634018114
18.5374181192769
18.5394236254228
18.5371838608476
18.5373126973665
18.5440342293698
18.5737515152999
18.5982704390351
18.6481179917061
18.7189724447068
18.8170696649537
18.9362988634523
19.0905430957902
19.2607519890848
19.4404256217327
19.6173113319879
19.7835991276292
19.9283615261354
20.0461580273307
20.1338073079989
20.1973325495815
20.2316574345766
20.2538120790992
999.99
999.99
999.99
999.99
999.99
999.99
999.99
999.99
999.99
999.99
999.99
17.6712312673776
17.8691409628516
18.0147428523265
18.1613315033332
18.1887431455719
18.2677758629634
18.4124154284871
18.6403350652642
18.8648315434803
19.0810019450717
19.1876397062127
19.1763579811211
19.0077857664879
18.8260415489292
18.6823330020046
18.589146418789
18.5437108300682
18.5580594849708
18.579260608813
18.5937260150235
18.6045457572869
18.6096759109674
18.6290856589862
18.6366613608224
18.6724075712672
18.7303046004337
18.8305504937216
18.9551413589374
19.1122217661102
19.2837534303273
19.4662539244143
19.6360290690174
19.7916241589745
19.9290736641128
20.0392851165093
20.1171622387625
20.173199417793
20.2015551805696
20.2152329228586
999.99
999.99
999.99
999.99
999.99
999.99
999.99
999.99
999.99
999.99
999.99
17.7599521306358
17.96411825585
18.1585457213856
18.3475239005318
18.42555536118
18.5562388753426
18.7378734591664
19.0048279917027
19.2572260601244
19.4490405950548
19.5076475748103
19.4341456902933
19.1814538272574
18.9196139331004
18.7322309257982
18.6136200672817
18.5607694232692
18.5889873330107
18.6335828216807
18.6685716542843
18.6923759593325
18.6973388662837
18.7058686892137
18.6910062006842
18.7070554590434
18.7498950536295
18.8520957255149
18.9839817176434
19.1480552189943
19.3235181158595
19.5067087336709
19.6662055892357
19.807646720868
19.9342560780358
20.0359868270689
20.1061330779262
20.1554176999776
20.1785121362791
20.184367329405
999.99
999.99
999.99
999.99
999.99
999.99
999.99
999.99
999.99
999.99
999.99
17.7607781196736
18.0532780150466
18.3040518174536
18.5307342577961
18.6631150071427
18.8370048664598
19.019600516385
19.2654044510277
19.4972633640534
19.6079442694776
19.5936110798318
19.4696135393189
19.1909891304078
18.9036782374231
18.7263800415127
18.6213949717865
18.582976336237
18.6233345437844
18.6788306651154
18.7260217443606
18.7520209565087
18.7500123857877
18.7402021173779
18.714110281219
18.7198039057754
18.7607971244474
18.8753597599196
19.0263192432449
19.2002026225587
19.3806226091123
19.5602788848173
19.7052149682994
19.8276189744566
19.9386648671593
20.0288008359452
20.0906433779678
20.1321679796025
20.1505736970921
20.1503352411687
999.99
999.99
999.99
999.99
999.99
999.99
999.99
999.99
999.99
999.99
999.99
17.6228477780723
18.0814478704126
18.3680668197074
18.6247884775725
18.799252482955
19.0210951762149
19.2085567428135
19.4281554432835
19.6392995120025
19.6990888366547
19.6144097813436
19.4414330506362
19.1543318237406
18.8584537124792
18.6841591349146
18.6005206885227
18.5863614549402
18.6395938073137
18.7090131270872
18.774406934421
18.8095463138635
18.8079607573302
18.7898991874591
18.7559259597781
18.7519802786807
18.7918213922637
18.9157466021309
19.0807044619876
19.2642262829833
19.4485181026979
19.6198776743542
19.7470783422219
19.8474101731398
19.9378657093436
20.0118919524246
20.063035204971
20.0948419160525
20.1073819548771
20.1011990407449
999.99
999.99
999.99
999.99
999.99
999.99
999.99
999.99
999.99
999.99
999.99
17.6142031816422
18.0691434901063
18.3763899193909
18.6504164100989
18.8553680299465
19.1280440476794
19.3376721493428
19.5521380274796
19.7712578985141
19.8263285560466
19.7000854468421
19.4752003576638
19.167735977743
18.845493293929
18.6434335312322
18.5567054883331
18.5613183259447
18.6242600143115
18.7070589166115
18.7940850705683
18.8440669455134
18.8500243606173
18.8353278825445
18.804292205872
18.7963362300217
18.8396186069611
18.9713630529396
19.1454229073743
19.3340269581607
19.5180874349263
19.6742041621431
19.7788183771552
19.8523913602545
19.9160716546446
19.9680534637866
20.0050231453022
20.0251642669463
20.031691681713
20.021672789804
999.99
999.99
999.99
999.99
999.99
999.99
999.99
999.99
999.99
999.99
999.99
17.6246868686869
17.9871402135434
18.2746439427431
18.5258614468449
18.7178059136658
18.9995361641342
19.2150407794727
19.4317054387998
19.6591518622091
19.742685943191
19.6361596073022
19.4041882251087
19.0893576583186
18.7727149766457
18.5591477177166
18.4655588982996
18.4893146000395
18.5739985418131
18.6727820220873
18.7825150340219
18.8522706636097
18.8727244173427
18.8742155506257
18.858451967905
18.8567082952141
18.9096962610496
19.0490123435986
19.2264988168219
19.4134739827308
19.5892535161317
19.7208087921921
19.7961585005082
19.8361260741513
19.8655286083512
19.8885788202095
19.9068553195572
19.9126459255574
19.9123828335224
19.9006776364405
999.99
999.99
999.99
999.99
999.99
999.99
999.99
999.99
999.99
999.99
999.99
17.6099832923561
17.9069804826364
18.1548413608302
18.3549605642275
18.4827738900719
18.6996680207906
18.8849805202807
19.063650029918
19.2635914458267
19.3785004765427
19.3304995315422
19.1241346051397
18.8592048132471
18.6006102335569
18.411507312123
18.3275415726454
18.3789283252219
18.4776573887405
18.5858486552643
18.7143033402958
18.807077545882
18.8502933392375
18.8818504487415
18.8981081711406
18.9171509470829
18.9876776263675
19.1343423551147
19.309169768559
19.4859482111422
19.6445014274987
19.7441525185904
19.7855207457966
19.7875627749386
19.7779876277051
19.7680830682397
19.7650004793477
19.7564016287162
19.7513141182112
19.7412704460303
999.99
999.99
999.99
999.99
999.99
999.99
999.99
999.99
999.99
999.99
999.99
17.5728886601204
17.7973959180859
17.9890714352669
18.1288419495627
18.1812686631842
18.335549908648
18.5142734866273
18.6939514444564
18.896522251144
19.0863530650101
19.1046345896549
18.9200926267961
18.6740109835753
18.4456886647604
18.2519257491312
18.1657033462234
18.2342500920879
18.3498634557411
18.4753246115532
18.6234481615112
18.7448780320199
18.8197634740574
18.8914557321745
18.9414207487074
18.9827139316564
19.066443612813
19.210090424387
19.3699903436276
19.5274060736829
19.6622563460947
19.726648912455
19.7335762869236
19.6979670384534
19.650573146415
19.6085090219733
19.5862569402123
19.5670473003858
19.5612673443593
19.5567094540442
999.99
999.99
999.99
999.99
999.99
999.99
999.99
999.99
999.99
999.99
999.99
17.5687561327561
17.6926901368941
17.8297782223861
17.9055075933875
17.8980061466657
18.0057930259658
18.1852785932059
18.3790804970539
18.5962925086115
18.8447858683558
18.9079495719226
18.7417966265244
18.5065236427104
18.29610116653
18.1005537438789
18.0157976961165
18.0943081150725
18.2206654640462
18.3571166343347
18.5164722027295
18.6598323760559
18.762746453026
18.8694578669254
18.9522891833202
19.0141244613194
19.1067676313599
19.2430150586469
19.3853561158638
19.5188849444329
19.6287092223741
19.6611445575516
19.6364931000612
19.5675940158003
19.4886521860798
19.4207642051992
19.3849169985235
19.3614449199384
19.3601361073566
19.3648655751314
999.99
999.99
999.99
999.99
999.99
999.99
999.99
999.99
999.99
999.99
999.99
17.4924668713014
17.5881559756518
17.6759145490456
17.6993875072365
17.6392050268612
17.6985566297251
17.863901220376
18.0564587042325
18.2705795382142
18.546125801929
18.6340037942155
18.4929969808462
18.2827195150166
18.1075077097759
17.9359824201892
17.8747074254134
17.9684272889348
18.1057984424819
18.2503543223012
18.415482549804
18.5726323499029
18.6960097329814
18.8291631395099
18.9359565879106
19.0106675724948
19.1043384213021
19.2280862471632
19.3489247570793
19.456367037157
19.541087040584
19.5472161764303
19.4971165683421
19.4030197185366
19.3024649782082
19.2193999610024
19.177871502921
19.1573916095013
19.1664139756389
19.1844583591026
999.99
999.99
999.99
999.99
999.99
999.99
999.99
999.99
999.99
999.99
999.99
17.6231928242102
17.5156504477763
17.5705972962451
17.5602659483794
17.4741132317427
17.5188565598412
17.6971787994655
17.9049552055985
18.1335335703258
18.4328660920447
18.5083407234539
18.3492091768994
18.1405892504155
17.969079470726
17.800047860123
17.7620323355294
17.8753204482919
18.0181322156344
18.1674886473361
18.3335329176256
18.4952928350772
18.6288726765515
18.7748253466887
18.8918113540971
18.9666919336575
19.0504116759109
19.1535311817655
19.2484739630746
19.3290021939521
19.3926722689808
19.3827702958009
19.3191821285951
19.2140667163113
19.1067379657575
19.0213418087066
18.9825653397328
18.9719464353426
18.9961406956708
19.0304453517541
999.99
999.99
999.99
999.99
999.99
999.99
999.99
999.99
999.99
999.99
999.99
17.4011438803164
17.466957779242
17.5023788773386
17.4781036605586
17.3950516300567
17.4554546029908
17.6552802758883
17.8953064694925
18.1553920729272
18.4774846598439
18.5377708960808
18.3637100193054
18.1392696957505
17.9537975093378
17.7780518736669
17.7536940695131
17.8757253567926
18.0222019601493
18.16892236008
18.323082405827
18.4761632962993
18.6071591183915
18.7511958734007
18.8687949664624
18.9402845879442
19.0090056760913
19.0898115098206
19.1599112815763
19.2152544418547
19.2607967446786
19.2454882408274
19.1802876062124
19.0812631068072
18.9857075090644
18.9155349564455
18.8929260098097
18.9020318528748
18.9438263665706
18.9926872781574
999.99
999.99
999.99
999.99
999.99
999.99
999.99
999.99
999.99
999.99
999.99
17.4071104122359
17.4535288371056
17.4838571365816
17.4568891741282
17.3884233655269
17.4582773805054
17.6666860221232
17.9251957131598
18.2046923864716
18.5291020277624
18.5954868274973
18.4245282034355
18.2036155542771
18.0203745677822
17.8550803740626
17.83797834942
17.9625558364066
18.1031173706308
18.2357761156251
18.3681724911273
18.5021563724291
18.6208931001845
18.7541633980287
18.8671229563905
18.9353284782385
18.9905283334503
19.0559321243173
19.1094394834853
19.1492603804214
19.1842334968011
19.1757982344125
19.1168042953001
19.0342895631651
18.9597873740518
18.9136173610966
18.9108412240996
18.9427182299316
19.0005246432817
19.0599404440315
999.99
999.99
999.99
999.99
999.99
999.99
999.99
999.99
999.99
999.99
999.99
17.4018659315907
17.4624855438956
17.4923155487753
17.4862268908527
17.4307891694049
17.4976935168247
17.6987680542891
17.959158697375
18.2358972857978
18.5468249232737
18.6280439203308
18.4766389592023
18.2720399660586
18.1146594159982
17.9815139808742
17.9797200204692
18.1078577950636
18.2446896739943
18.3588292469946
18.4632781417855
18.5715104853519
18.6730342331548
18.7919720854364
18.8983737233654
18.9678192046538
19.0160193947345
19.0702452137637
19.1105179203285
19.1388304789623
19.1641927761284
19.1654409911784
19.121394209466
19.0663403581844
19.021808797346
19.0077276798224
19.0293759960825
19.0841507454569
19.1552988012731
19.2230879435322
999.99
999.99
999.99
999.99
999.99
999.99
999.99
999.99
999.99
999.99
999.99
17.4483532713899
17.5142423293288
17.5442656475687
17.5611375709979
17.5207828356584
17.5854428285369
17.7667119692387
18.0134171328641
18.2725505791559
18.5596309145721
18.6484552684254
18.5363294781333
18.3675135891108
18.2516368106925
18.1639795917811
18.1878455981223
18.3144822987178
18.4439760560052
18.5370903173712
18.6082505457589
18.6863699879123
18.7680870369358
18.8690259517572
18.9670807046808
19.0440501962596
19.0933318626102
19.1428492550338
19.1764285021304
19.211288985785
19.2412964129346
19.2654401132804
19.2524795807456
19.2429225040961
19.2211617293367
19.2295649510779
19.263640265627
19.3268827567944
19.3946318831132
19.4667608812613
999.99
999.99
999.99
999.99
999.99
999.99
999.99
999.99
999.99
999.99
999.99
17.3038884078884
17.5966241006797
17.6266258681904
17.6651291450237
17.6441061567052
17.688847216982
17.8142975207426
17.9921706164788
18.1789715494492
18.3904618064806
18.4813769146116
18.4401543130422
18.3690033821183
18.3527919485146
18.3650297965269
18.4436710534433
18.5768955402624
18.6928000550466
18.7594535351967
18.7926730563226
18.8377324275655
18.8998945853357
18.9845431605251
19.0796041406439
19.1740737151331
19.2359705941378
19.2904757468523
19.32462150138
19.3822950500568
19.4294068115947
19.4858344569041
19.5148355584174
19.5636439437754
19.5543316645121
19.5732206826402
19.6070050849294
19.6641598685833
19.712342840213
19.7839531629526
999.99
999.99
999.99
999.99
999.99
999.99
999.99
999.99
999.99
999.99
999.99
17.3344568616311
17.68706275921
17.7176975109437
17.7653540278535
17.7611561827364
17.7910436965317
17.8689362211106
17.9839732614048
18.1028500580878
18.2439184033377
18.3277571442449
18.3412602526067
18.3504308026011
18.4153157100949
18.5056740206782
18.6277092481335
18.7652910383327
18.8689604694846
18.9174713394332
18.928674539818
18.9499724244187
18.9964132248277
19.0689675358342
19.1596741300592
19.2650798593776
19.3420205272784
19.4059943941797
19.4447130296838
19.5297407015612
19.5996018533139
19.686375083779
19.7544284923892
19.852920009244
19.8449250457278
19.8591851079037
19.87687489206
19.9137308269381
19.9370510107828
20.009237608483
999.99
999.99
999.99
999.99
999.99
999.99
999.99
999.99
999.99
999.99
999.99
17.6013159703892
17.741656436447
17.7797593745477
17.8418061968611
17.8552520817761
17.8835975832797
17.9295182821602
17.9961500897518
18.0581300168044
18.1391482495778
18.2008164175941
18.2490586442413
18.3153785301103
18.438680883601
18.5837527842668
18.7404754726692
18.8813823533346
18.9785040675492
19.0189940193614
19.0208418717951
19.0277739011499
19.062104441834
19.1239417495117
19.2079573707461
19.3175736726884
19.4083946257759
19.4789315177405
19.5195422137957
19.6294223518508
19.7228600251401
19.8337681094304
19.9436727169031
20.0903392191445
20.0805614865839
20.0835371499503
20.0810093899864
20.0894533240365
20.0859724089221
20.1616319011023
999.99
999.99
999.99
999.99
999.99
999.99
999.99
999.99
999.99
999.99
999.99
17.8830272946823
17.7775078939033
17.824237701635
17.8984711386579
17.929811013508
17.9657294257281
17.9963506118264
18.0313124983554
18.0543649957121
18.0941667968407
18.1340201598931
18.1990710878436
18.3012786074612
18.4537159945271
18.6227300528149
18.7938157365956
18.9316506531155
19.0212333890691
19.0596791836869
19.0614286329511
19.0620234452586
19.0881593074076
19.1404228373598
19.2178218472282
19.3281906188549
19.4323065756071
19.5142093930377
19.565145875362
19.707580886211
19.8335743198758
19.9716154685873
20.1185007515967
20.3012816554843
20.2779767838117
20.2565471834948
20.223959177477
20.1983221617295
20.1676169071126
20.2468704446556
999.99
999.99
999.99
999.99
999.99
999.99
999.99
999.99
999.99
999.99
999.99
17.6964746351854
17.7826884903861
17.8356280016436
17.9085208216488
17.9594134325835
18.0095595705442
18.0456124998979
18.0727299542144
18.0808468594168
18.0992112759612
18.1287378922177
18.1911030593615
18.3032399839242
18.4580199179128
18.6237193590084
18.7843617047824
18.912718265348
18.9916468382702
19.0274200344524
19.0337519209644
19.0348123349828
19.0577772125556
19.106461013229
19.1830956291811
19.2937022120176
19.4107041196676
19.5074664295036
19.5752020123869
19.7329620236054
19.8769185389271
20.0236899147865
20.1825713982404
20.3692189210221
20.346019679399
20.3136433245954
20.2688805275093
20.2297266713259
20.19601267291
20.2790710399163
999.99
999.99
999.99
999.99
999.99
999.99
999.99
999.99
999.99
999.99
999.99
17.5272776797341
17.8206475102451
17.9065256892886
17.9828060710139
18.026173541359
18.0776527605541
18.1189414118823
18.1536411780101
18.1854190861407
18.2203902801702
18.2489635336219
18.2927842701084
18.3705674869887
18.4830593125655
18.6009972705586
18.7209450216866
18.8245750880821
18.8922926427842
18.9276988070183
18.9446092879242
18.9536989240029
18.9780494340196
19.0271686990549
19.1043210844707
19.2118187038596
19.3380311833088
19.4512031342756
19.5415300237599
19.6994319277477
19.8479139461325
19.9880899516198
20.1364985601952
20.2975343722066
20.2879934776522
20.2583527058651
20.2181707934331
20.1852422213601
20.1710806950393
20.2583806992654
999.99
999.99
999.99
999.99
999.99
999.99
999.99
999.99
999.99
999.99
999.99
17.6362755076901
17.8312782328572
17.9543980360798
18.0486775816431
18.0823443908222
18.1309127788856
18.1726546975736
18.2114333751899
18.2650680841546
18.3139623888716
18.3431226343233
18.373346149987
18.421381889874
18.4968094555738
18.5753528633339
18.6609754915366
18.7423732396056
18.8024360408385
18.8396302035587
18.8648863472274
18.8816509655158
18.9084045764001
18.9564515103851
19.033405464742
19.1389260795189
19.2722888626152
19.4008633403824
19.5149961189986
19.6739222294961
19.8269431446374
19.9616159632152
20.0989284007199
20.2345379012737
20.2400771490706
20.2168146818096
20.1870771450642
20.1658173655922
20.1725280410838
20.262037771385
999.99
999.99
999.99
999.99
999.99
999.99
999.99
999.99
999.99
999.99
999.99
17.5965041119675
17.8747464467119
18.0302260380384
18.1410395101112
18.1597991236007
18.1953180307389
18.2255116367808
18.2559246217233
18.3234603155375
18.3823937710896
18.413770380863
18.4349532691617
18.4612892602933
18.5078145023569
18.5561504914913
18.6156951091229
18.6805878909358
18.7344529608002
18.7735445013704
18.8053816142269
18.8282195399622
18.8570350355027
18.9040246674145
18.9801499879816
19.0847598400853
19.2232956269566
19.3670825243771
19.5054196744314
19.665413263534
19.8195473646661
19.948676327226
20.0695761890922
20.1768358757086
20.1969261501773
20.1836025836147
20.1669331543554
20.1620769662665
20.1903416113619
20.2800591056343
999.99
999.99
999.99
999.99
999.99
999.99
999.99
999.99
999.99
999.99
999.99
17.4276743626744
17.9486013909225
18.1321292871062
18.244471162497
18.2433932010789
18.2573345743786
18.2660403959993
18.2793562114088
18.3560226821615
18.4221315526574
18.4585530822541
18.4773657791994
18.4916104827206
18.5195719098588
18.5486997418445
18.591469053561
18.6464113721946
18.6965904719561
18.7381396685963
18.7758316710667
18.8037052694266
18.8331321340329
18.8782886976305
18.9510629357929
19.0518728409551
19.1899634005785
19.3422435184446
19.4963139875358
19.6500518654242
19.79764998188
19.917793620064
20.0219417692893
20.1052586258698
20.1447549113516
20.1483051410524
20.1497035379563
20.1647530396393
20.2143299240533
20.303659648195
999.99
999.99
999.99
999.99
999.99
999.99
999.99
999.99
999.99
999.99
999.99
17.3559028278471
18.0545349346305
18.2610722104258
18.3756149706334
18.3476359478878
18.3266440476014
18.2990100757612
18.2819124167953
18.3575916786698
18.4250560469204
18.4685570454124
18.4932201153227
18.5068600222583
18.528579079006
18.5514322861107
18.5892147643177
18.642270567328
18.6946532862299
18.7426346268939
18.7871578182084
18.8186406413872
18.8463406407334
18.8858014473607
18.9496310217767
19.041789861413
19.1737497347954
19.3273205826422
19.4880796573103
19.6387046808615
19.7814399192563
19.8971518994282
19.9928978949686
20.0661649394207
20.1170112313521
20.1331080757185
20.1461683357091
20.1731807425368
20.2330414486419
20.322889606473
999.99
999.99
999.99
999.99
999.99
999.99
999.99
999.99
999.99
999.99
999.99
17.5493638944615
18.0625904726107
18.2457569351092
18.3516144811169
18.3348537474511
18.3118078641153
18.2799314882907
18.2655134049798
18.3341418632983
18.3995884458333
18.4549651642648
18.4942624727629
18.517820335535
18.5432008369133
18.5705369339149
18.6113222125982
18.6680612056445
18.7265955517206
18.7836117091905
18.8343786272531
18.8671971431418
18.8908122359236
18.9212398121008
18.9718258301777
19.0512248946302
19.1723214442514
19.319889217487
19.4780491653548
19.6272040142547
19.7659470595944
19.8794399108456
19.9733677983719
20.048400491161
20.1027346125021
20.127912309305
20.1493209428613
20.1834100541279
20.2460813211745
20.3391670700748
999.99
999.99
999.99
999.99
999.99
999.99
999.99
999.99
999.99
999.99
999.99
17.7041031598787
18.0894724513837
18.2464470514524
18.3399302644238
18.3338593186212
18.3066800152835
18.2688298757729
18.2545546552039
18.3137465625798
18.3783939298029
18.4473340044302
18.5036591757907
18.5416078430049
18.5745222742147
18.6081346043403
18.6521042652962
18.7115568396783
18.7726129592901
18.8346020045978
18.888574335357
18.9211189908316
18.9397517529605
18.9609440251176
18.9974984245056
19.0620028860964
19.1692040470215
19.3068229011354
19.457962785611
19.6022687084482
19.7337704545819
19.8421087295193
19.9319462028363
20.0083123065405
20.0668374302212
20.1048426409076
20.1397183397808
20.1862688841667
20.25529160108
20.3535836100283
999.99
999.99
999.99
999.99
999.99
999.99
999.99
999.99
999.99
999.99
999.99
17.9582324573091
18.099401497597
18.2294083509818
18.3028684752915
18.3075960088982
18.2795453373324
18.2408191021948
18.2324213909714
18.2877807988094
18.3563302958704
18.4413664225651
18.5186916094123
18.574723510464
18.6176487726267
18.6580256480914
18.7032516328367
18.7597032799783
18.8178903302918
18.8792546476756
18.9320624443505
18.9625433145219
18.976343390001
18.9888898436441
19.012242394078
19.0615531214709
19.1537029565543
19.280269146033
19.4226173034589
19.5615847180986
19.6871078580326
19.7900572155982
19.874484088095
19.9510961630169
20.0130473327073
20.063193046481
20.1142754609464
20.1775531238207
20.2566936611045
20.3608892184098
999.99
999.99
999.99
999.99
999.99
999.99
999.99
999.99
999.99
999.99
999.99
17.9591343856446
18.0704788737049
18.1820633216913
18.2457728276324
18.2598057676411
18.2321253651689
18.196337617167
18.1974998923781
18.2526742014018
18.3293711556395
18.4325605673651
18.532553230383
18.6081640397459
18.6618934778675
18.7085684309197
18.7527168838342
18.8008043346176
18.8510446135559
18.907476415403
18.9546713651682
18.9811738325169
18.9911122018116
18.996911653256
19.0092881095246
19.0466169487419
19.1274107673553
19.2455027231841
19.3815811778341
19.517721124367
19.639333283197
19.7353548232965
19.8127568215415
19.8863514771674
19.9488699030432
20.0087240919077
20.0776454924197
20.1593637015259
20.2510750591638
20.3621225032761
999.99
999.99
999.99
999.99
999.99
999.99
999.99
999.99
999.99
999.99
999.99
17.9465270357466
18.000065413571
18.1031303430697
18.1650690323298
18.1922522953166
18.1742158409458
18.1514567577767
18.168862945378
18.2259743002003
18.3120281376304
18.4299831472412
18.5481848709418
18.6397907297464
18.7022591680734
18.7523038089735
18.7922749395265
18.8274414258521
18.8662832462938
18.9148408949562
18.95423150395
18.9762546438568
18.9837703587812
18.9844361428217
18.9877604092516
19.0162567523897
19.0900397348664
19.2042735606251
19.3398718540204
19.479436016501
19.6032080050796
19.6953642894147
19.767220710403
19.8353780015927
19.895378709287
19.9595362633176
20.0423268530535
20.1389166772822
20.241831076404
20.3580082082548
999.99
999.99
999.99
999.99
999.99
999.99
999.99
999.99
999.99
999.99
999.99
17.7677776705164
17.9632166398506
18.0740560953933
18.144661855644
18.1698693061102
18.1516195308766
18.131164134851
18.1497075616999
18.2087957389113
18.3023310713596
18.4278101322986
18.5574688165828
18.6599260926929
18.7295158744601
18.7812449153643
18.8162834267738
18.8366830367481
18.8632070959758
18.9022484510006
18.9329451360079
18.9507677947997
18.9573805006711
18.9545843625632
18.9508291816957
18.9737865928463
19.0452581823051
19.1607662773347
19.3018982260375
19.4537347039588
19.5882097273459
19.6824135101912
19.7526006283564
19.8151443774195
19.8669093752992
19.9265499985925
20.014726950373
20.118526716856
20.2281258065003
20.3482203470007
999.99
999.99
999.99
999.99
999.99
999.99
999.99
999.99
999.99
999.99
999.99
17.679202982203
17.9168097467451
18.0288608285641
18.1032913075464
18.1281817618514
18.1154474798357
18.1019217147841
18.124215047123
18.1851856017635
18.2844611474479
18.4131755314945
18.5503295742023
18.661403791162
18.7374312086673
18.7905061452746
18.8215843381597
18.8283659851298
18.8428113175921
18.8733368986958
18.896811108885
18.9119990927504
18.9197736490801
18.9171079178255
18.9099692072853
18.932149745078
19.0060606937051
19.1269973808069
19.2772834716258
19.4454930875422
19.5937070316118
19.6921218263435
19.7620592567861
19.8175246122718
19.8556648130761
19.9035946950055
19.9895266251977
20.0939377750032
20.2070965417719
20.3314780543539
999.99
999.99
999.99
999.99
999.99
999.99
999.99
999.99
999.99
999.99
999.99
17.647414897272
17.8730926966553
17.9812068679885
18.0637312089889
18.0903020878742
18.0870293587275
18.0828913858048
18.1093647103723
18.1683334452796
18.2677096169621
18.3930584774309
18.5299418155298
18.6436992450967
18.7235777545111
18.7770258278114
18.8055686440388
18.8044456333809
18.8110372965494
18.8364051585518
18.8561785139476
18.8711547643663
18.8810191824105
18.8805721809225
18.8729960253614
18.897491742871
18.9765593279728
19.1043398643811
19.2647512758859
19.4491098461656
19.6100245574156
19.7125698638083
19.7833857955144
19.8318009379426
19.8552090038971
19.8900921221844
19.9701766886785
20.0704359819791
20.1847143535778
20.3147239010894
999.99
999.99
999.99
999.99
999.99
999.99
999.99
999.99
999.99
999.99
999.99
17.6964177095327
17.8431274209572
17.9436208802128
18.034608850079
18.0677908501186
18.0800512887213
18.0901944127319
18.1218891765935
18.1761426279507
18.2695537808589
18.3828559478696
18.5084101260637
18.6158772710345
18.6939276587437
18.7445512936647
18.7718398185633
18.7694225133633
18.7744006070179
18.7988420033016
18.8193302663496
18.8359056611082
18.8478771551171
18.8500403321927
18.8439443543301
18.8718032414016
18.9553566032892
19.0883647499625
19.2559748185274
19.4519256207041
19.6216392775741
19.7296624455553
19.8032513220702
19.8482592988588
19.8620057157699
19.888745442134
19.9633217009303
20.0592342721739
20.1739854745618
20.3087550063019
999.99
999.99
999.99
999.99
999.99
999.99
999.99
999.99
999.99
999.99
999.99
17.6313406304626
17.8445033818054
17.9315621866664
18.014916659324
18.0565243893027
18.0842084701966
18.1083198407932
18.1442821199257
18.1937523107498
18.2781770217563
18.3761609302623
18.4847055515768
18.5814206582486
18.6541378946713
18.7001877295604
18.7270931852831
18.7296269580598
18.7365354891594
18.7616638262915
18.7854122522239
18.8048053440876
18.8184851195157
18.8253175472086
18.824255713856
18.856676220087
18.9429911957256
19.0765216667622
19.243517547946
19.441297253142
19.6118512909108
19.7225170044497
19.7991666575897
19.8455487670077
19.8565722988464
19.8830359148183
19.9581390290762
20.0551665965231
20.1733788937002
20.3146085839715
999.99
999.99
999.99
999.99
999.99
999.99
999.99
999.99
999.99
999.99
999.99
17.5624138263337
17.8457596221381
17.9220219671814
17.9986040424849
18.0459901026137
18.0850263611378
18.1230203681615
18.1650675719612
18.2135260596112
18.290164910785
18.3738494464767
18.4629697087524
18.5468561611362
18.6121502054465
18.6523240285543
18.6791552715005
18.6898768366432
18.6994839003474
18.7248072543373
18.7528979872433
18.7755538557461
18.7905294993378
18.8038074516635
18.8116731315464
18.8505070888557
18.9382199191557
19.0680603837479
19.2275300284397
19.4139432470449
19.5729586710469
19.6793293312578
19.7564765351393
19.805656916864
19.8245515936159
19.863133479595
19.9490007758782
20.0559066176723
20.1839530949743
20.332595316809
999.99
999.99
999.99
999.99
999.99
999.99
999.99
999.99
999.99
999.99
999.99
17.9193119933364
17.8385247294421
17.9128252563961
17.9840415834093
18.0355855490763
18.0829580926129
18.1342430075636
18.1858059456406
18.237652707125
18.308300304412
18.380447837448
18.4499698316042
18.5174379092655
18.5731217255844
18.6069674061605
18.6324232553536
18.651768236014
18.6665500654248
18.6914999062508
18.7233049051725
18.7492781684507
18.7658062253556
18.7850656002749
18.8032387756577
18.848812555035
18.936633376262
19.0598285030816
19.2075925226836
19.3748878170241
19.5153731922765
19.6139911234877
19.6913663240133
19.746030181011
19.7821842294617
19.843271553177
19.9479060081834
20.0696736925009
20.2102988837705
20.3640866526543
999.99
999.99
999.99
999.99
999.99
999.99
999.99
999.99
999.99
999.99
999.99
17.820998037451
17.8252828865808
17.9013306459545
17.9644725593791
18.0190118227196
18.0717278808728
18.134855498113
18.1982001075752
18.2585512231577
18.3274069122243
18.3919005911338
18.4439792117183
18.4941368800948
18.538101604324
18.5648034835536
18.5880470062765
18.6141986474213
18.6345992428013
18.6599616164016
18.6958540901713
18.7257565089769
18.7456810974413
18.7713235511806
18.7999539986813
18.8517089085311
18.9393116369777
19.0552391133395
19.1905937614191
19.3377125813637
19.4591695585435
19.5504356890464
19.6289277575194
19.6907699267599
19.7471063968237
19.8339266454772
19.9584183719793
20.0954346075857
20.2467650988545
20.4005789126439
999.99
999.99
999.99
999.99
999.99
999.99
999.99
999.99
999.99
999.99
999.99
17.7963825177275
17.80489018707
17.8766301951709
17.9330156179643
17.9885608438715
18.0430919157051
18.1144687803102
18.1895961592694
18.2613862633448
18.3297329815919
18.3919736262154
18.434402981214
18.4733317819914
18.5095470037867
18.5331616912339
18.5536955240274
18.5827781416649
18.6048217701957
18.62762925182
18.6657895014026
18.6998639548966
18.7246157396725
18.7581593451502
18.7983284652907
18.856353411059
18.9449708794237
19.0553608766209
19.1800234856586
19.3091470182294
19.414300946326
19.4985220539813
19.5777007308861
19.6460377162835
19.7205417179809
19.83044501581
19.9717669872242
20.1211250932769
20.2794895890124
20.429770053083
999.99
999.99
999.99
999.99
999.99
999.99
999.99
999.99
999.99
999.99
999.99
17.7280522631324
17.7686554525363
17.8360104730008
17.8917499022775
17.947272320758
18.0035075016742
18.0821475555953
18.1702169344832
18.2544328133872
18.3227990645196
18.3858071133725
18.4244368592553
18.455915868037
18.4873407696919
18.5116339256377
18.5295872916267
18.5575510544301
18.5794362733236
18.5985732872686
18.6363696011879
18.6739120267631
18.7041056688699
18.7437030644537
18.7938701066681
18.8578035990889
18.9477632980396
19.055062864198
19.1730805791045
19.288433623147
19.3815344570001
19.4618549370151
19.5426662934116
19.6174159826934
19.708940581239
19.8387426298894
19.9916118510715
20.1480002720512
20.3085324392128
20.4503530812314
999.99
999.99
999.99
999.99
999.99
999.99
999.99
999.99
999.99
999.99
999.99
17.5127899469223
17.7417566767016
17.8025613609357
17.851310925278
17.9212652085466
17.9945268837997
18.0893999767211
18.1997759136767
18.3059792520384
18.3609183704797
18.4129620296312
18.4408063358158
18.4560864441795
18.4721472049783
18.4985668252996
18.5130129150312
18.5354847945364
18.554973392059
18.569385871901
18.6034130722241
18.6426950616301
18.678799172942
18.722954297257
18.7811870173847
18.850635329246
18.9421313154951
19.0481247317496
19.1631230027637
19.2710878562415
19.3594853705088
19.441159002344
19.5260646984637
19.6093025415543
19.7152687822978
19.8592605477573
20.0179710324308
20.1754965265209
20.3310347225874
20.4593406645208
999.99
999.99
999.99
999.99
999.99
999.99
999.99
999.99
999.99
999.99
999.99
17.6598658511446
17.723178320538
17.7718456764707
17.8137677443692
17.8986543071387
17.9901449704055
18.1005334967068
18.2288003153069
18.3542174297817
18.3957484246506
18.4373383493172
18.4577028362141
18.4617716162484
18.4649689711343
18.4949807398531
18.5065202089989
18.5213982618379
18.5350721608358
18.5424822146683
18.5684454547747
18.6048451514488
18.643765617855
18.6909468141766
18.7551241692063
18.8295413422106
18.923525133453
19.0301030633422
19.1442751674877
19.2505850824703
19.3411052202825
19.428648757074
19.5200220320598
19.6140507276729
19.7320595598715
19.8847039987652
20.0446366500163
20.2000728600744
20.3458742816585
20.4584208204735
999.99
999.99
999.99
999.99
999.99
999.99
999.99
999.99
999.99
999.99
999.99
17.7636787805046
17.7256075507188
17.754915605044
17.7865963093148
17.8837951457058
17.9961491702663
18.1272852286904
18.2753341486638
18.4183776823042
18.4478020880441
18.4776112134301
18.4885356618363
18.4808213780968
18.4720707485467
18.5042692939016
18.511903286918
18.517758389369
18.5223148431613
18.5184010912389
18.5310712047503
18.5592081076328
18.5968913513271
18.6452473297193
18.7133955458095
18.7921965971324
18.8887963220645
18.9960545597418
19.110039391168
19.218355280607
19.3162289554553
19.4139189051558
19.5153714710429
19.6232533277262
19.7529420450411
19.9097600159645
20.0682767667302
20.2193924853325
20.3533063536617
20.4513571300474
999.99
999.99
999.99
999.99
999.99
999.99
999.99
999.99
999.99
999.99
999.99
17.7743207569305
17.7331789505831
17.7539850259309
17.7674669732869
17.8695274150026
17.9969917971426
18.1472853378911
18.3123143116115
18.4724399957622
18.4958592670093
18.5184765818605
18.5208916798578
18.5025667943586
18.4815103329354
18.5129530122134
18.5167062035239
18.5157140077798
18.5132306609268
18.4999592026923
18.4987188036529
18.51563172276
18.5485435057192
18.594288177704
18.661619620686
18.7423623646788
18.8397686017983
18.946291179084
19.0601841107877
19.1738261838722
19.2828259831794
19.3946355604252
19.5105222171488
19.635355661613
19.7765168305414
19.9343109604772
20.089326563083
20.2338239918843
20.3547035146554
20.4397740368383
999.99
999.99
999.99
999.99
999.99
999.99
999.99
999.99
999.99
999.99
999.99
17.8747747677538
17.8515243640266
17.8066490147623
17.7559279617849
17.8568455220603
17.9914366656182
18.1565713040901
18.333569604962
18.5085042656637
18.5300380518437
18.5481060030714
18.5439260837693
18.5181526965517
18.486837638144
18.5162943315684
18.518283012255
18.5130812364441
18.5039462036995
18.4819728922918
18.4672337835055
18.4703704743804
18.4954970930369
18.53828072064
18.6029571768979
18.6845138841637
18.7840884872297
18.8913745740692
19.0064803910001
19.1288243344184
19.2520977488494
19.3779006404714
19.5082636641296
19.6487584099632
19.7982321212698
19.9536489577494
20.104684797659
20.2421541072433
20.3496735858227
20.4234287748579
999.99
999.99
999.99
999.99
999.99
999.99
999.99
999.99
999.99
999.99
999.99
17.8616554293558
17.9615277158504
17.8532611614006
17.7399569318876
17.8178070255383
17.9360111660106
18.0941607458145
18.2611813933248
18.4317883785117
18.4734686157606
18.5075085403808
18.5164109927593
18.5043235560992
18.4839692815599
18.5125290289284
18.5177528522953
18.5147491798489
18.5036073650391
18.4763699472066
18.4509285519633
18.4388367245188
18.4517736930681
18.4885458344909
18.5474234469829
18.6273441663156
18.729304293828
18.8389404406957
18.9562931330856
19.0886633346641
19.2266629729745
19.365828837626
19.5098633226092
19.6636574711723
19.8190232810025
19.9702550097343
20.114387870097
20.2423820810863
20.3360335089283
20.3985749448747
999.99
999.99
999.99
999.99
999.99
999.99
999.99
999.99
999.99
999.99
999.99
19.1466563211171
18.0218622635309
17.9256288982194
17.7570240860355
17.8203430624483
17.9263123530618
18.0814987699898
18.2522166791635
18.4324153400818
18.4992662513209
18.541505783487
18.5557076770092
18.5356844906289
18.5048326063949
18.5165267811125
18.5209087555253
18.517896422842
18.5095870068248
18.4816519530624
18.4501653747885
18.4253947429041
18.4250202068832
18.4522443937808
18.5033622485147
18.5798715846181
18.6820770010414
18.7931083046211
18.913266670929
19.053783314641
19.2039980432994
19.3558095372373
19.513297817065
19.6778928824478
19.8369139432607
19.9821677210465
20.1154164426518
20.2297305792634
20.3087833434662
20.360098697861
999.99
999.99
999.99
999.99
999.99
999.99
999.99
999.99
999.99
999.99
999.99
19.1466563211171
17.9969686055436
17.9121833902817
17.7607235356831
17.8306173961065
17.9385047913731
18.1018314255454
18.2911049744357
18.5019609741309
18.5903007381189
18.6287249636753
18.6346350593104
18.590076643515
18.5298011966709
18.516750674742
18.5194031693001
18.5176149728666
18.5161616413269
18.4915829615356
18.4587235978315
18.4255770315717
18.4134871116317
18.4299740016676
18.473898241668
18.5478439407856
18.6496904921284
18.7617792092616
18.8850929304523
19.0303319727882
19.1869440247345
19.3475695557859
19.5156069714207
19.6873084682873
19.8478397795015
19.9883658054457
20.1094727210906
20.208907335398
20.2743529679463
20.3145593795989
999.99
999.99
999.99
999.99
999.99
999.99
999.99
999.99
999.99
999.99
999.99
19.1466563211171
18.0078765722997
17.9432583140665
17.8201465970446
17.9038508783016
18.0192532756869
18.1914538176137
18.4090336036818
18.6525109785809
18.7719379429589
18.798342425897
18.7883645195851
18.6965607339734
18.5887955328926
18.5334039507861
18.5270096025303
18.5187360044904
18.5254912594491
18.5076496337485
18.4776113520292
18.4413207411362
18.422481780508
18.4301876613227
18.467809817657
18.5389765097323
18.6391910777899
18.7504424182969
18.876929384987
19.0229536503841
19.1810604349156
19.3453424514997
19.5194683278449
19.6925408405475
19.8523226651828
19.9884944010789
20.0986374808477
20.1840981146294
20.237801152612
20.267410568066
999.99
999.99
999.99
999.99
999.99
999.99
999.99
999.99
999.99
999.99
999.99
17.3531056491579
17.9404292138021
17.9794524650572
17.9531911776091
18.0779542417453
18.2177325229844
18.3881374907145
18.6306969868499
18.8961939180866
19.035973630507
19.0297966524403
18.9983288552253
18.8391401834013
18.6705025268255
18.5599332156861
18.5406599825458
18.5201244179737
18.5394665162893
18.5329100929401
18.5090503780369
18.4750836005187
18.4542854431374
18.4529866829709
18.4825766176554
18.5503155596942
18.6459306309287
18.7531748942734
18.8829345108725
19.0281570579865
19.1845660816214
19.351400239246
19.5302888089111
19.7016713614392
19.8591365646071
19.9909318796138
20.0898689149
20.1612411871347
20.2043477713573
20.2244705268334
999.99
999.99
999.99
999.99
999.99
999.99
999.99
999.99
999.99
999.99
999.99
17.4712034162765
17.8771563428293
18.0303012290075
18.1130495845422
18.2964231497782
18.4799740131323
18.6690153729711
18.9544088500078
19.2541440154376
19.4023364185247
19.3505537022582
19.2825141417289
19.0313579327604
18.7797408159581
18.6037629130651
18.5591526062172
18.5165312822084
18.5480442554454
18.5548981591674
18.5414345129749
18.5178704530136
18.5014169382943
18.4926505714671
18.5127101327718
18.5737020915579
18.6594699068839
18.7598123844818
18.8943076924254
19.0413751924547
19.1983268210954
19.3693556268155
19.5519125674402
19.7185754764167
19.8698145284299
19.9951297459336
20.0838504821126
20.1432791492159
20.1782536125216
20.1921031785807
999.99
999.99
999.99
999.99
999.99
999.99
999.99
999.99
999.99
999.99
999.99
17.6473860470595
17.85499273517
18.0620646978451
18.2635127200094
18.5111492619146
18.7527142904099
18.9560644946355
19.2420933014754
19.5287507455081
19.651270879469
19.5411250176867
19.427714828484
19.1160175792731
18.8191591796283
18.6089610393241
18.5533737903607
18.5077515514592
18.5569676342372
18.5839541890961
18.5882069422866
18.5815482799727
18.5740875504268
18.5600290899922
18.5656733525109
18.6119155941208
18.6820987270551
18.7732828532202
18.913468296299
19.0668761937435
19.2288487309296
19.4042669915435
19.5865775176209
19.7434699924763
19.883577845377
19.9997493299192
20.0796590820592
20.1305374920833
20.1592603755027
20.1691981964333
999.99
999.99
999.99
999.99
999.99
999.99
999.99
999.99
999.99
999.99
999.99
17.5895125353418
17.9025585356074
18.1709094992801
18.4269427142395
18.7085152512493
18.9780386601151
19.1649754882741
19.4037858137193
19.6245159705564
19.7141083515248
19.5649340365899
19.4341427831876
19.1028198857747
18.8047038947348
18.5877514675385
18.532035540846
18.4907226524264
18.5621267490056
18.6151082948608
18.6424410055823
18.6586870986368
18.6636025034098
18.6467771988215
18.6366231280475
18.6633020301118
18.7138885313039
18.7968586273362
18.9446042725009
19.1078145684832
19.2787861722351
19.4580193897669
19.6340262598536
19.7741405058382
19.8969725779822
19.9981290586812
20.0676065235644
20.1097417462705
20.1318254721379
20.1380908700759
999.99
999.99
999.99
999.99
999.99
999.99
999.99
999.99
999.99
999.99
999.99
17.5434822864211
17.9186498732393
18.2286122746091
18.52239516835
18.8295237044356
19.1183748310467
19.2908210774396
19.4696459806455
19.6144858216236
19.6524012764108
19.4780459069968
19.3286408756171
19.00156760219
18.7254103968655
18.5250810082142
18.472480119636
18.448390428914
18.5498590621763
18.6337167833595
18.6965203984892
18.7490935398563
18.7766839547848
18.7552015335051
18.7297401738592
18.7317070303744
18.7577257287053
18.8314584416132
18.9885529304471
19.1636670449007
19.3442203185218
19.5248936565837
19.6872657758628
19.8055100856918
19.9050513902412
19.986662644018
20.0416302510755
20.0732088203004
20.0867757014188
20.0885843688539
999.99
999.99
999.99
999.99
999.99
999.99
999.99
999.99
999.99
999.99
999.99
17.4924333814334
17.8729035492562
18.1824804229054
18.4829535928438
18.7731484009796
19.0630873575282
19.2623583482129
19.4176717639419
19.534382796345
19.5545760707231
19.4079933594935
19.237860240986
18.9206815217141
18.6547270622149
18.4686518263713
18.3978022717558
18.3893285666121
18.5143370643135
18.6279008392932
18.7299729465162
18.821496153698
18.873692037698
18.8542871182371
18.8236786264364
18.8060210233445
18.8131230493983
18.8828999460542
19.048080110431
19.2323666611563
19.41880132563
19.5946697255957
19.7345922918218
19.8246890897574
19.8940691166126
19.9500753259014
19.9857104828771
20.0047476197364
20.009113386151
20.0061513514953
999.99
999.99
999.99
999.99
999.99
999.99
999.99
999.99
999.99
999.99
999.99
17.6005234575722
17.8295398894196
18.1267667196654
18.4140802799109
18.6590696416302
18.9248429119755
19.138272188105
19.2627693124751
19.3473179493902
19.3742870544889
19.269274146024
19.0732646053737
18.7774172201272
18.5344348670019
18.3642220041152
18.2841044735112
18.3070021815864
18.4572647437406
18.5992108777198
18.7391411823642
18.8667263696736
18.9463128414964
18.938022527132
18.9155741334967
18.8906044373261
18.8911550582492
18.9613225253793
19.1312349302739
19.3166656634233
19.4983162073651
19.6578369550242
19.7670079918705
19.8229822680148
19.8573566613173
19.883785371355
19.8965787865773
19.9003529210708
19.893928878505
19.8849183326712
999.99
999.99
999.99
999.99
999.99
999.99
999.99
999.99
999.99
999.99
999.99
17.5223951946879
17.7808276490917
18.0303212148381
18.2677720696328
18.426803567614
18.6177811180363
18.8356075266944
18.9712200917937
19.0702376769969
19.149477316436
19.1282504527938
18.9370665042109
18.6562929416308
18.4243767407867
18.2581212586725
18.1595446499682
18.1962967001927
18.3624237344408
18.5225879707146
18.6920686946011
18.853752654948
18.9666188335799
18.980522404148
18.984427715646
18.9719881386275
18.9805407106669
19.0563247687335
19.2274663737066
19.405105042906
19.5698071137997
19.7017206750544
19.7722583588515
19.7894481114849
19.7850741566181
19.7792863032326
19.768058180305
19.7564911405603
19.7409772163634
19.7276548675465
999.99
999.99
999.99
999.99
999.99
999.99
999.99
999.99
999.99
999.99
999.99
17.6050587289856
17.7320474477445
17.9260679347959
18.1101965405585
18.1868836073521
18.3043838868157
18.52516721319
18.6974882777229
18.8399988194241
18.9809376587766
19.0418730213578
18.8497732349743
18.5648681651179
18.3234892932223
18.1459217653886
18.0218928521035
18.0668539333493
18.243491378771
18.4146831619984
18.6079831627943
18.7981182297747
18.9448813534196
18.9854043048618
19.023257708209
19.0324017122261
19.055426210539
19.1354322292954
19.3006548475083
19.4616982370071
19.6004124999109
19.6996993358073
19.7308605763128
19.7114857768687
19.6711402105111
19.6363136200209
19.6041866828789
19.5817953039453
19.5622598603067
19.5492588607558
999.99
999.99
999.99
999.99
999.99
999.99
999.99
999.99
999.99
999.99
999.99
17.5226314262586
17.6548186328213
17.7916636953307
17.9192679787842
17.9321202307233
17.9900206504288
18.2079372195761
18.4170326843461
18.6101159347852
18.8061628770789
18.931830341198
18.7543670273593
18.4754087121253
18.2290077888267
18.0492585135501
17.9173699324641
17.9703137214627
18.1392895215886
18.3045201559678
18.4921013840001
18.6797667163724
18.8352375571206
18.9117047196591
18.992971615197
19.0399729309618
19.0916209942429
19.1823787736519
19.3333708372164
19.4691048977822
19.5758841085687
19.6420828877338
19.6384853710626
19.586777470325
19.516855606785
19.4586590404848
19.41171064358
19.3853389756748
19.3693902152771
19.3629468724611
999.99
999.99
999.99
999.99
999.99
999.99
999.99
999.99
999.99
999.99
999.99
17.3006188532077
17.5948264652443
17.6926844690812
17.7734331691701
17.7451679198263
17.7519580768396
17.9293834600038
18.134913535238
18.3290689163455
18.534731751075
18.6717219511396
18.5162192061243
18.2607839133084
18.0482467687157
17.9005119768029
17.8049380276574
17.8819880435396
18.0517711678854
18.2085939350912
18.3833217268542
18.5611106340758
18.7190407223382
18.8245395690304
18.9402997485491
19.0175316906742
19.0877996774642
19.1796912078355
19.3103815166257
19.4168391728173
19.4922593501151
19.5305876277573
19.5005611404277
19.4247988791167
19.3348829464259
19.2625587247152
19.2097887093024
19.1869853558328
19.181277619425
19.1877444793098
999.99
999.99
999.99
999.99
999.99
999.99
999.99
999.99
999.99
999.99
999.99
17.2955061432309
17.5297630104624
17.5912786163787
17.6307969475183
17.5804262705132
17.5433460827992
17.6710192018738
17.8722724337198
18.0663918463942
18.2592251879607
18.4150476788239
18.3132464286202
18.0840643418807
17.9045234105002
17.7960540774056
17.7293309491825
17.8125987579245
17.9817637387222
18.130626802089
18.2903598861485
18.4546798631104
18.6075175142236
18.7312972427467
18.867719689808
18.9628698456654
19.0378600598112
19.1221100630677
19.2269355544722
19.3031818236977
19.3513265204224
19.3707955502944
19.3240392678254
19.2354736754691
19.13709848861
19.0607856668762
19.0102902071587
18.9983050503696
19.0092061439308
19.034863084281
999.99
999.99
999.99
999.99
999.99
999.99
999.99
999.99
999.99
999.99
999.99
17.3308978737097
17.4915684509704
17.5301719395336
17.5438641960805
17.4953180505254
17.435846721622
17.6640962650112
17.8082171109289
18.0006589254616
18.378493813616
18.4764351031005
18.2315362955512
18.055201967644
17.8935341245444
17.6369777136488
17.654617294655
17.7906156136993
17.9799932926617
18.1315761326822
18.2416166594598
18.3716406840836
18.5236916800998
18.6595904270156
18.7905463168811
18.8871754090883
18.9717935450216
19.0188444943612
19.0704927521695
19.1396893538203
19.1782140196684
19.1813074867205
19.1274110105817
19.0463968913438
18.9364653962596
18.861171184978
18.8208610161318
18.831146885901
18.8661940330814
18.9102783723735
999.99
999.99
999.99
999.99
999.99
999.99
999.99
999.99
999.99
999.99
999.99
17.4075286195286
17.4531098654864
17.4744086115353
17.4575337599909
17.4191185125853
17.3517439176134
17.5366318157113
17.6054189830422
17.9517307979777
18.5739516640692
18.6049101207726
18.3702453581742
18.2759527008131
17.9773540715386
17.4739936906601
17.5815680038872
17.7699397418769
17.9688031334612
18.1218197274423
18.2167711608641
18.3125936149943
18.4562934120793
18.5907935694801
18.7075566499547
18.7925650419228
18.8775081238695
18.8892566654821
18.8937851735151
18.9557007159258
18.9930966083842
18.9910156336446
18.9363806543698
18.8720911262806
18.7625857209922
18.6968297153691
18.6650960535369
18.6989315889085
18.7536848927771
18.8158182543162
999.99
999.99
999.99
999.99
999.99
999.99
999.99
999.99
999.99
999.99
999.99
17.4001856712135
17.4625933953774
17.762917738862
17.4557332709876
17.2657844950249
17.1690675897854
17.2449865051712
17.2011624290021
21.1274320878769
17.062138677299
18.2413613277292
23.1713585365856
16.6383761658396
16.6680302024727
16.9395187414212
17.4286088259398
18.4889681692985
18.0163073668492
18.2272495236084
18.3275872814758
18.3618653131615
18.2597937061003
18.2102115681454
19.1143918327124
19.0571638636238
18.6929280761824
18.5824816960043
18.7649263214524
18.6735038538697
18.5395659381269
19.2259967570177
18.8628956580908
18.6206635971462
18.4064984991779
18.3970865046684
18.5035420154758
18.527273757988
18.5864298820292
18.7736241785702
999.99
999.99
999.99
999.99
999.99
999.99
999.99
999.99
999.99
999.99
999.99
999.99
999.99
999.99
999.99
999.99
999.99
999.99
999.99
999.99
999.99
999.99
999.99
999.99
999.99
999.99
999.99
999.99
999.99
999.99
999.99
999.99
999.99
999.99
999.99
999.99
999.99
999.99
999.99
999.99
999.99
999.99
999.99
999.99
999.99
999.99
999.99
999.99
999.99
999.99
999.99
999.99
999.99
999.99
999.99
999.99
999.99
999.99
999.99
999.99
