999.99
999.99
999.99
999.99
999.99
999.99
999.99
999.99
999.99
999.99
999.99
999.99
999.99
999.99
999.99
999.99
999.99
999.99
999.99
999.99
999.99
999.99
999.99
999.99
999.99
999.99
999.99
999.99
999.99
999.99
999.99
999.99
999.99
999.99
999.99
999.99
999.99
999.99
999.99
999.99
999.99
999.99
999.99
999.99
999.99
999.99
999.99
999.99
999.99
999.99
999.99
19.9355208430749
19.8079416062064
19.9260269008318
20.2363689080954
20.5130556753867
20.410981041542
20.5891532246306
20.8864178167941
20.6419445726554
20.4148392989124
19.7232956644594
19.5308260906728
19.6160114484818
20.5533501683502
21.3885690503844
21.6319827443172
21.6886495869597
21.8163092598459
21.8262178529949
22.027271379801
21.9046077851687
21.8464854216631
21.6680201416856
22.0696116130611
22.0097467783862
21.8261295533735
22.059080968973
22.2149033641542
22.1305718961642
21.9774775379479
22.0274470338024
21.8766415524081
21.8477898027898
21.989574329658
22.3822759467916
22.3625361010134
22.5702912726066
22.6419806426636
22.7337692454661
999.99
999.99
999.99
999.99
999.99
999.99
999.99
999.99
999.99
999.99
999.99
19.6315200712953
19.9058489553105
20.0833736942399
20.2576284663338
20.3988453965385
20.522921054703
20.572465834149
20.5434992118725
20.4356654399887
20.3238007661925
20.2062196608166
20.2150199340034
20.3960051807338
20.7086928571677
21.0394125859451
21.377260138677
21.6070673358774
21.7197651106251
21.7691814052468
21.7937129753376
21.7858800566971
21.8196748905816
21.8505143802961
21.8756010692785
21.9155993354149
21.9797654192953
22.0001507984749
22.0009216272404
22.0054198131023
21.9792018025713
21.9551312085367
21.9561610134261
22.007603976011
22.0845805481998
22.2187591327806
22.3579618950628
22.4941634899022
22.5975719217032
22.6602549709378
999.99
999.99
999.99
999.99
999.99
999.99
999.99
999.99
999.99
999.99
999.99
19.3729825256045
19.9390487186248
20.1215749913336
20.334925461799
20.4790984027285
20.5994675552458
20.6444273199893
20.6122492630248
20.5289966026483
20.4354686741528
20.3610936483803
20.3946112295183
20.5647198619813
20.8308387136539
21.1162765808434
21.3827845642354
21.5740936305011
21.6817386171441
21.7396248051928
21.7852749997375
21.8182423716991
21.8606185104994
21.894049037092
21.924689010467
21.9512393934554
21.9775904617799
21.980825429339
21.9728878983872
21.9603852565288
21.9303169577547
21.9105523252716
21.9175601921428
21.9675314856721
22.0470681506782
22.1747552881086
22.310219277373
22.439170905322
22.5407335707136
22.6035580005115
999.99
999.99
999.99
999.99
999.99
999.99
999.99
999.99
999.99
999.99
999.99
19.3160079365079
19.9811206600882
20.1593204270882
20.387763451044
20.5265540793218
20.6274531065277
20.6626310238432
20.6309416454038
20.5693216583154
20.5151182539367
20.495211651576
20.5483333065461
20.7128161861308
20.943352155997
21.1794679420265
21.3881475196672
21.549120317703
21.6395074190426
21.6906106285701
21.7375547743826
21.7850144466721
21.8268075623814
21.8715570334062
21.9136722937649
21.9349210583593
21.9409616219913
21.9415632554515
21.9334377650472
21.9106177882948
21.885616849052
21.8791393741952
21.8939580546504
21.9327455213143
22.0106271481632
22.1301523365287
22.2588864065349
22.3833541806209
22.486689999581
22.5504117298581
999.99
999.99
999.99
999.99
999.99
999.99
999.99
999.99
999.99
999.99
999.99
19.4710883448723
20.0172416208825
20.1911408967525
20.4219218508228
20.5558873390296
20.6530860905803
20.6870778194918
20.6615766747629
20.6147162472483
20.5793943496448
20.5781219845631
20.6433437265705
20.8086292136162
21.0251990853027
21.2351654384495
21.4147095989515
21.5474456038869
21.6150605505019
21.6539897486898
21.6990475430154
21.7464843272573
21.7920482654358
21.8408243175193
21.8815242555463
21.8988076105458
21.9041303729393
21.9022133438731
21.8929413857346
21.8739586511164
21.8544856299729
21.848044440343
21.8620229017609
21.8968393459024
21.9688611797336
22.0816683490019
22.2103862851203
22.3369865550142
22.4463794467107
22.5164229967557
999.99
999.99
999.99
999.99
999.99
999.99
999.99
999.99
999.99
999.99
999.99
19.8407672418561
20.0433885898816
20.2108876110245
20.4385039929864
20.5654468563411
20.6580611106653
20.6931487164728
20.6786969329023
20.6491615457847
20.6328753280138
20.6499128110305
20.7290242460765
20.8930657703633
21.0951957079821
21.2817368155006
21.4352589347773
21.5406665457857
21.5874874701607
21.6133354804712
21.6521333497282
21.6949745597739
21.7399705439864
21.7894800925559
21.8288933692096
21.8452925060983
21.8535879707324
21.8549651932097
21.8499173295229
21.838779888495
21.82877673761
21.8275067554738
21.8438892605122
21.8787386731439
21.9487946683373
22.0579488438766
22.1874488962309
22.3168556928958
22.4323234856747
22.5087974612547
999.99
999.99
999.99
999.99
999.99
999.99
999.99
999.99
999.99
999.99
999.99
19.6735547108718
20.0982690443394
20.2478846693519
20.4437262410606
20.5627834567931
20.6507678160261
20.6889817356938
20.6891422062236
20.6775598568813
20.6782225305896
20.7105493278379
20.8017279787245
20.9616270073405
21.1484558614652
21.3141253773619
21.44592509744
21.5276425594531
21.5578134702202
21.5732886351865
21.6066367669958
21.6440176498651
21.6868144228019
21.7356691928197
21.7738101124842
21.7904012277507
21.8035376120185
21.8113809135895
21.812863086075
21.8110665183651
21.8121198162117
21.8192125571957
21.8411244780698
21.8808504495352
21.953537662062
22.0628801821929
22.1930639521685
22.3241776886165
22.44302506454
22.5240176137433
999.99
999.99
999.99
999.99
999.99
999.99
999.99
999.99
999.99
999.99
999.99
19.4521898627892
20.1481188504442
20.2865948667784
20.4444328427542
20.5536570394795
20.635457995094
20.6778942808647
20.6936230136335
20.6995283798426
20.7152397477617
20.7606447659774
20.860951254774
21.0140654952152
21.1846840227569
21.3323028305562
21.4465737807503
21.5094684485143
21.5287095125829
21.539072097134
21.5686847798754
21.6015015682518
21.642034103535
21.688800198001
21.7246530690971
21.7418081762403
21.7597376157054
21.7744883421002
21.7831373459728
21.7910942283765
21.8041589280001
21.8233666515403
21.855760133514
21.9070449162471
21.9892912896181
22.1049777929486
22.2374114436103
22.3695866741169
22.4887204426113
22.5703344333645
999.99
999.99
999.99
999.99
999.99
999.99
999.99
999.99
999.99
999.99
999.99
20.0518113514438
20.1867069233241
20.3170436066492
20.444987801747
20.5411831415605
20.6148949875517
20.6616266593702
20.6915414469611
20.7134709226995
20.7426876903539
20.7993808235929
20.9059903573293
21.0521492127194
21.208902290007
21.3426790421144
21.4433414562053
21.4932787798273
21.5056291222735
21.5125586327389
21.5378253375627
21.5671668782804
21.6048038424716
21.6485265355963
21.6821756234643
21.7006554775432
21.7217627331659
21.741868141279
21.7569351155579
21.7741727547792
21.8000441720916
21.8356550472549
21.8850139049276
21.9568028505639
22.0566987503762
22.184935536822
22.321853747261
22.4552362354906
22.5694007174798
22.6469632182697
999.99
999.99
999.99
999.99
999.99
999.99
999.99
999.99
999.99
999.99
999.99
20.3236421079888
20.2405571742484
20.3497622678183
20.4415856556252
20.5234620300475
20.588949407958
20.6392155067784
20.680843713032
20.7172099653746
20.7578942294275
20.8230247589987
20.9327129956169
21.072287497239
21.2178644590286
21.341869523893
21.432951512954
21.4753598841272
21.4835490097967
21.4875223538387
21.508019010195
21.5351121044213
21.5701102310345
21.6115473238793
21.6445411365912
21.6659098077319
21.689513268593
21.713608089928
21.7347019994726
21.7614495992622
21.8006613668146
21.8547589106673
21.925183986749
22.0208799557713
22.1407113650447
22.282052432472
22.4226691275107
22.554531963281
22.6600394113269
22.7295502457876
999.99
999.99
999.99
999.99
999.99
999.99
999.99
999.99
999.99
999.99
999.99
20.4602883646965
20.3201491377743
20.3949211890746
20.4363140749582
20.5016849307957
20.5564562949716
20.606509887403
20.6548236223601
20.7014812988005
20.7505971041007
20.8220504967801
20.9325343369368
21.0675500278701
21.2064100484294
21.3259868731022
21.4132661710813
21.4548450808409
21.463128116521
21.465906531844
21.4826924687723
21.5079479859463
21.5396523895417
21.5775312027919
21.6095817707119
21.6334337993009
21.6591697718035
21.6874182232992
21.7163738662694
21.7545279509145
21.8083278744377
21.8806815189573
21.972149975615
22.0894692851042
22.225875922992
22.3754106892695
22.5158927080833
22.6415255443773
22.7350903804148
22.7930946630033
999.99
999.99
999.99
999.99
999.99
999.99
999.99
999.99
999.99
999.99
999.99
20.4046536796537
20.3655838863019
20.4169188039103
20.427745106173
20.4751499276044
20.5179040077891
20.5649375224473
20.6151739132055
20.6680940745303
20.7230501377625
20.7991214355481
20.9081914692836
21.0401841821688
21.1761844006508
21.2970288751613
21.3866971402413
21.4350813914794
21.4493125638419
21.454055342872
21.466697289066
21.4888127681953
21.5143503052397
21.5451070991193
21.5735573835273
21.5982635464966
21.6247701692841
21.6574687644028
21.6961898865855
21.7474147846826
21.8173007215756
21.9080434008298
22.0187380867177
22.1534018649467
22.3022679809377
22.4547489374044
22.5924799185294
22.7101291187856
22.7912694098726
22.8366717132324
999.99
999.99
999.99
999.99
999.99
999.99
999.99
999.99
999.99
999.99
999.99
20.5053049739376
20.3959358527617
20.4209854310782
20.4115301555357
20.4409459878303
20.4713974691543
20.5129337601011
20.5616388424086
20.6176532252669
20.6765682178748
20.7560029574878
20.8633936830858
20.9940085196828
21.1302726056739
21.2561157497788
21.3525801161279
21.4123988963707
21.4369205045859
21.4458047416364
21.4549168147061
21.4732165191524
21.4914900986295
21.5131879495706
21.5370797804431
21.5625488869421
21.5902380813048
21.6287036775681
21.6792197832392
21.7447608892982
21.8304783206041
21.9377074516679
22.0634760527822
22.2088542553359
22.3628576758538
22.5115825147531
22.6424814716858
22.7498006994995
22.819130786429
22.8542419052285
999.99
999.99
999.99
999.99
999.99
999.99
999.99
999.99
999.99
999.99
999.99
20.5800481821702
20.4008819909917
20.3915465338784
20.3770347089271
20.3928257065872
20.4138799341938
20.4502549737655
20.4970272561492
20.5547169459681
20.6161866613802
20.697594868914
20.8029217448648
20.9318576264076
21.068175028946
21.1996224014881
21.3059360870118
21.3803704214124
21.4195036816506
21.4371537773062
21.4464235938724
21.4608659256603
21.4714864648579
21.4830058708548
21.5011569080605
21.5263430608258
21.5564181875069
21.6025000685759
21.6666732141167
21.7474306637559
21.8487694730823
21.9697620829888
22.1058616899291
22.2538245129058
22.4042575408624
22.5414864987889
22.6602742874081
22.753204553596
22.8125435406508
22.8413164350098
999.99
999.99
999.99
999.99
999.99
999.99
999.99
999.99
999.99
999.99
999.99
20.5622949479866
20.3797095535016
20.3457262403404
20.3243238301082
20.3313191105848
20.3461372146823
20.378595328593
20.4239367250944
20.4821232950919
20.5455062391149
20.6285630333713
20.7317020969562
20.8582453614155
20.9938801846494
21.1305549373167
21.2482434271556
21.3400956195985
21.3977417656542
21.4289527996294
21.4419190180727
21.452478388112
21.4538205026592
21.4539269894173
21.4646018616476
21.4880028793182
21.5213857392907
21.5767409781256
21.6546437708664
21.7499822743509
21.8657211739695
21.9984121245502
22.1418762293592
22.2893930865878
22.4332284177264
22.557427554632
22.6621487716462
22.7396271599122
22.7889991925589
22.8125175203444
999.99
999.99
999.99
999.99
999.99
999.99
999.99
999.99
999.99
999.99
999.99
20.2763773222519
20.3162952414853
20.2770969664441
20.2524960202427
20.2556440815652
20.2686215307229
20.3003741069631
20.3469212022641
20.4068569776314
20.4728159099238
20.5573824773602
20.6582331598966
20.7803864144721
20.9130963135499
21.0521988781757
21.1792187205669
21.2869322251504
21.3629944820236
21.4093721943763
21.4284748680058
21.4364438687093
21.430325730807
21.4223521578737
21.4279676069393
21.4510833045188
21.4898604910476
21.5546774033323
21.6436757812861
21.7500264002862
21.8766377057761
22.0183068521021
22.1666033228228
22.3130691867012
22.4511485091411
22.5654056608983
22.6580069368741
22.7236138138592
22.7652422391479
22.78504905372
999.99
999.99
999.99
999.99
999.99
999.99
999.99
999.99
999.99
999.99
999.99
20.2363267367553
20.2150779883731
20.179417063983
20.1656641967475
20.1697376221694
20.1844106250011
20.2183131120999
20.2684349314302
20.3310274696947
20.4000355086685
20.4865514589488
20.5867234340711
20.7042733536519
20.8330348552573
20.9709069797072
21.1028921585512
21.2210095229055
21.3113255816654
21.3707778317939
21.3979294625498
21.4051434536183
21.3951711299585
21.3840001044068
21.3887932849015
21.41456213052
21.4620861424201
21.5366888219022
21.6346309011087
21.7487444850358
21.8820629204225
22.028740520542
22.1801523118025
22.3255557041634
22.4594228857344
22.5675117374652
22.6512892368
22.7079589574765
22.7449537595198
22.7634264531513
999.99
999.99
999.99
999.99
999.99
999.99
999.99
999.99
999.99
999.99
999.99
20.2001906597081
20.0971420470455
20.068226526366
20.0683157551369
20.0776161770283
20.0973453582113
20.136128069905
20.1914187452008
20.2572876062902
20.3294549346526
20.41791080734
20.517778484648
20.6308175433458
20.7549774615054
20.8893738445427
21.0229793935465
21.1473434300516
21.2475949061895
21.3175619858489
21.3525431491406
21.3597156094115
21.3474378504688
21.3361128689517
21.3426422170844
21.3729135836078
21.4310799678524
21.5155430110711
21.6205434268834
21.7395961697586
21.8763555308546
22.0247439102624
22.1782469326831
22.3236517813972
22.4568955824996
22.564118170423
22.644299393206
22.6970782046555
22.7333162289093
22.7521627623036
999.99
999.99
999.99
999.99
999.99
999.99
999.99
999.99
999.99
999.99
999.99
19.8979866836609
19.9853764456833
19.966811952628
19.9744853133653
19.9896681248523
20.0151873480382
20.0588439831975
20.1181899442931
20.1865365313021
20.2616740173757
20.3519191496703
20.4520382036566
20.5616391245107
20.6821011642772
20.8123229945112
20.9450312914377
21.071440416842
21.176627171935
21.2525156408954
21.292853692045
21.3001919112251
21.2876027423141
21.2792740569364
21.2904933179695
21.3272778009851
21.3964767692978
21.4899999048859
21.6000889144493
21.7217948354211
21.8592024162675
22.0076884093364
22.1624973729785
22.3096944231765
22.4464963728568
22.5592990421353
22.6417973392327
22.6972251210563
22.7367315182313
22.757024611535
999.99
999.99
999.99
999.99
999.99
999.99
999.99
999.99
999.99
999.99
999.99
19.7957022942214
19.8836723627528
19.8727907793086
19.8917758832915
19.9111198299424
19.9418252082759
19.9901736467432
20.0530053297857
20.1238877987025
20.2021022110107
20.2939468843564
20.3947818703752
20.5018649564207
20.6194037033055
20.7457934895609
20.8764636363837
21.0014237988553
21.1075973869399
21.1852746864403
21.2280427240864
21.2358632816072
21.2259279278962
21.2229363360728
21.2410390421795
21.2861659866292
21.3650416770834
21.4652902839914
21.5789991518302
21.7019720584548
21.8380947739509
21.9851539847816
22.1394212301907
22.2871854139068
22.4274982292519
22.5473227245825
22.6360607146414
22.6991611856035
22.7469716916569
22.7731908107081
999.99
999.99
999.99
999.99
999.99
999.99
999.99
999.99
999.99
999.99
999.99
19.6909794108331
19.8138583016681
19.7994085302053
19.8253733061426
19.8463965654447
19.8803953547916
19.9322299489844
19.9969809033222
20.0690367402111
20.1499440823714
20.2431562220687
20.3446872952924
20.4507314098583
20.5670880150488
20.6912093278255
20.8204204490781
20.9433283969866
21.0487603757261
21.1257569869406
21.1685989310192
21.1768159950016
21.170665580339
21.1730241804968
21.197765108024
21.2510448900942
21.3371990512606
21.4421382565606
21.5592976259961
21.6841526955609
21.8195347809551
21.9656009672729
22.1194729705068
22.2668851160914
22.4093793865906
22.5345631564358
22.6302605464085
22.7014311645005
22.759348820255
22.7942060042657
999.99
999.99
999.99
999.99
999.99
999.99
999.99
999.99
999.99
999.99
999.99
19.5979703003153
19.7771448990935
19.7568159065659
19.7798217096198
19.8003010538918
19.8351888646304
19.8880964511014
19.9524454853684
20.024241999278
20.1071433931416
20.2007918430309
20.3017984944638
20.4069796741116
20.5225115946014
20.6454575090664
20.7746904611792
20.8966540941253
21.0016694934559
21.0782385896516
21.1208562573363
21.1304302529151
21.1292748431291
21.1364973408054
21.1662561601494
21.2249690124514
21.3139244026098
21.4203801858157
21.5400579908298
21.6675108998168
21.8040014895408
21.9513220595133
22.1055328443942
22.2527263095062
22.396296855493
22.5252706100554
22.6269717233741
22.7061254056222
22.7734131959314
22.816648638534
999.99
999.99
999.99
999.99
999.99
999.99
999.99
999.99
999.99
999.99
999.99
19.7374589549049
19.7677651706432
19.742735800412
19.755072042977
19.7737969181954
19.8079061334513
19.8597355801546
19.9214153924471
19.9912112164914
20.0750726894657
20.1681438679102
20.2675493315582
20.3717452031059
20.4864727272352
20.6078293461135
20.7365453627458
20.857775148186
20.9628097331275
21.0400630137365
21.0847318692336
21.0992174386466
21.1061294602973
21.1196501061721
21.1534333238313
21.2143661407089
21.3010971687152
21.4048179620905
21.5241597309937
21.6541474854173
21.7931676267369
21.9439884217788
22.0993346203512
22.2464215415693
22.3882616925371
22.517307973013
22.6211331720135
22.7046937866054
22.7782228583026
22.8291788765612
999.99
999.99
999.99
999.99
999.99
999.99
999.99
999.99
999.99
999.99
999.99
19.7639444092493
19.7552852370783
19.7355076722091
19.7453832201249
19.7626981305888
19.7954003331553
19.8452405178595
19.9037943611043
19.9713596981958
20.0554145630883
20.1473908570356
20.2442103632978
20.3469377838045
20.4598962299886
20.5788926841241
20.7060127256745
20.8268779750664
20.9327085379255
21.0126551655919
21.0620950034555
21.0848147353582
21.1015989741718
21.1219182494586
21.158488046581
21.2187107954139
21.2996398723079
21.3972068808852
21.513813782441
21.6454123003977
21.7878845210854
21.9429430299249
22.1004580716687
22.2472811039279
22.3850568653222
22.509686706525
22.6112298089292
22.6940046943595
22.7690462073679
22.8254793106683
999.99
999.99
999.99
999.99
999.99
999.99
999.99
999.99
999.99
999.99
999.99
19.9419362867098
19.7364288783116
19.7310841590473
19.7433248583288
19.7617003056522
19.7936192999167
19.8413336690978
19.8964493693638
19.9612447765526
20.044588226398
20.1350994175342
20.2290042426334
20.3299245430029
20.4405134700193
20.5560976257307
20.6801588207129
20.8001592274723
20.9073681880427
20.9916582637606
21.0488593330015
21.0825894455194
21.1102090781101
21.1374263406308
21.1755001197721
21.231785112356
21.3045126206575
21.3939905097325
21.5059063417571
21.6382832549433
21.7846950541727
21.9439514690157
22.1039490289294
22.2503025166951
22.3824940235472
22.4997080123498
22.5951579358422
22.6726269569805
22.7443358883891
22.8017461812698
999.99
999.99
999.99
999.99
999.99
999.99
999.99
999.99
999.99
999.99
999.99
19.6999987606277
19.7075024054837
19.7158509640597
19.739598951431
19.7632837180861
19.7971535289795
19.8443202978543
19.8974190558889
19.9605425219066
20.0429737373067
20.1322362150511
20.223849602644
20.3230527327994
20.4306915311509
20.5423735245067
20.6622049575805
20.7801671463425
20.8884845485309
20.9777657596922
21.0442219094023
21.0900890952063
21.1285417709519
21.1619960216521
21.200075911634
21.249656330443
21.3122907469089
21.3918944751447
21.4969316687754
21.6283898079357
21.7775885119427
21.9394167694265
22.1002878921848
22.2450514329584
22.3698738269799
22.4779628056534
22.5649604676505
22.635301924014
22.7014277359572
22.7582039392833
999.99
999.99
999.99
999.99
999.99
999.99
999.99
999.99
999.99
999.99
999.99
19.5400287142204
19.6521579606223
19.6799458651275
19.7195793908623
19.7530831325567
19.7935471851188
19.8449640753686
19.9001084293648
19.9648072191757
20.0474479779953
20.1365889427958
20.2271171272399
20.3251407143638
20.4300275151113
20.538362975841
20.6531894497294
20.7683031062213
20.8771503989582
20.9708906673773
21.0458446771039
21.103222649116
21.1511114794656
21.1902841594817
21.2281781982439
21.2714435778002
21.3251526201869
21.3956620161824
21.4929483173893
21.621354688662
21.770671114766
21.9316660879819
22.0906180314645
22.2314386316525
22.3469174676796
22.4436570640146
22.5198591977998
22.5806456396961
22.6397533926489
22.6954442818415
999.99
999.99
999.99
999.99
999.99
999.99
999.99
999.99
999.99
999.99
999.99
19.4750934079471
19.5703722113238
19.6213608253888
19.6793721352527
19.7265775986726
19.7779780189176
19.838942870757
19.901578851277
19.9721288667904
20.0570523982255
20.1475052025428
20.2383315294642
20.3357717030534
20.4383322864108
20.5445910153293
20.6554427509366
20.7674873178173
20.8755298898204
20.9715594503066
21.0518494484932
21.1171613200262
21.1714183089632
21.2149578278434
21.2535951684571
21.2931305562035
21.3412791316597
21.4053259890091
21.496156728041
21.6195554412685
21.7655904729552
21.9217328640699
22.0760608961264
22.2109587092655
22.3175157058033
22.4033646484061
22.4688214400598
22.5195411624029
22.5707669360243
22.6230912784121
999.99
999.99
999.99
999.99
999.99
999.99
999.99
999.99
999.99
999.99
999.99
19.3515606437697
19.481043569332
19.5534601119313
19.6179548336151
19.6833378935156
19.7511674969399
19.8270853771711
19.9020639678819
19.9817499343339
20.0707108486048
20.1632378486535
20.2554635949902
20.3529911321169
20.4538375523062
20.558621921315
20.6657658653111
20.7734643494564
20.8785715053384
20.9741975070647
21.0565376584977
21.126268372114
21.1849728279429
21.2322917904568
21.2726338678546
21.3114803585495
21.3577302186719
21.4180109708024
21.5035050369606
21.6205914622435
21.7596746569501
21.9067787347495
22.0524918841362
22.1788818946994
22.2763762365932
22.3520968838302
22.4078258172862
22.450496991947
22.4956730026893
22.544759482166
999.99
999.99
999.99
999.99
999.99
999.99
999.99
999.99
999.99
999.99
999.99
19.4044513929741
19.3797621394955
19.4733302740469
19.5391840076343
19.6261114579141
19.7149762680919
19.8105620173703
19.9022648119047
19.9938930519692
20.0881743426366
20.1831686127376
20.2771001505937
20.3748040770727
20.4740688533599
20.5776337832763
20.6807517014458
20.7824540621251
20.8814930194891
20.9732238430792
21.0536008100357
21.1246043952959
21.1870710953759
21.2390104039687
21.2834179706808
21.3256050266689
21.3737259141285
21.4326275984105
21.5142390273976
21.623932076944
21.7534617167675
21.8889489226669
22.02375078016
22.1402110391803
22.2290865918853
22.2955439551218
22.3426512803978
22.3785209156372
22.4188864903865
22.4659362772131
999.99
999.99
999.99
999.99
999.99
999.99
999.99
999.99
999.99
999.99
999.99
19.4049122484175
19.2545389128665
19.3733065109097
19.4527789607024
19.5616021368113
19.6734387016326
19.7901734034501
19.9001288532754
20.0049738235811
20.1055951972541
20.2030264927865
20.2978385079037
20.3944166737989
20.4910181517354
20.5917488954774
20.6892832728345
20.7837481120506
20.8747806393653
20.9604021244145
21.0366097415395
21.1080374130889
21.1747567436274
21.2334635110716
21.2854798991823
21.3354260362818
21.3885866596839
21.448193613645
21.5271488858105
21.6285778146207
21.7468008449988
21.869628951134
21.9935959984662
22.1008064548093
22.1837733828988
22.2435407994087
22.2845225941982
22.3145419482779
22.3499217148931
22.3931593811485
999.99
999.99
999.99
999.99
999.99
999.99
999.99
999.99
999.99
999.99
999.99
19.3274242424243
19.1434311209991
19.2767630989749
19.3643375077538
19.4937123479281
19.6290452082832
19.7665008970796
19.8948498817457
20.0127883806823
20.1201147789786
20.2194470268709
20.3138245872282
20.4074685160236
20.4992187050871
20.5940568615539
20.6838984654073
20.7698966104139
20.8519379763991
20.9307391578658
21.0030179648532
21.0755066791963
21.1479154890537
21.2153545426694
21.2780404535877
21.3383264660937
21.3979041606613
21.4592157578447
21.5365282839666
21.629819514381
21.7368334172849
21.8481748590875
21.9625661583321
22.0619340686229
22.1412934445747
22.1974499341226
22.2353994784128
22.2616088957845
22.2922743604604
22.3305934236618
999.99
999.99
999.99
999.99
999.99
999.99
999.99
999.99
999.99
999.99
999.99
18.9224572856489
19.0387758121956
19.1722374905512
19.279076562133
19.4260079570824
19.5837377490905
19.7399387038596
19.8847587367126
20.0144496153051
20.1280128721973
20.2285559410348
20.3212053329284
20.4100805330269
20.4942464411068
20.5797432664858
20.6594799265968
20.7356659139163
20.8090120766249
20.8825921576356
20.9533243108586
21.0288079479451
21.1092219588355
21.1868677543813
21.261159376831
21.3320768739432
21.3977832676802
21.4605860761766
21.5365056558524
21.6224887390816
21.7193677010988
21.8211449543986
21.9273046731249
22.0199163320915
22.0969875184134
22.1520625041091
22.1904961064602
22.2160082087388
22.2440198146542
22.2785091124183
999.99
999.99
999.99
999.99
999.99
999.99
999.99
999.99
999.99
999.99
999.99
18.9217536615533
18.9493731710489
19.0701213329204
19.1995829348697
19.3583452454977
19.5337632802812
19.7059361312315
19.8652233882262
20.005711109166
20.125261264976
20.2267123145279
20.31623497633
20.3978831584136
20.4718454525582
20.5457939991294
20.6150522394633
20.682513514277
20.7500979230929
20.8221039215283
20.8947334368889
20.9758592819347
21.0657724960035
21.1540349485057
21.2396769095622
21.3200748982924
21.3903989136091
21.4540110369121
21.5288143538994
21.6086676220986
21.6975293494854
21.792607496612
21.8937932449465
21.982252658417
22.0592879514671
22.1165708762316
22.158525516854
22.1841016568026
22.2093186586109
22.2390579574752
999.99
999.99
999.99
999.99
999.99
999.99
999.99
999.99
999.99
999.99
999.99
18.691218808292
18.8985884994615
18.9976112080092
19.1399745507019
19.3027111227005
19.4888429718592
19.6711335152926
19.8395397636757
19.9878895816146
20.1121056339816
20.2131076472928
20.2976366709061
20.3703936340124
20.4324353155924
20.4933130155196
20.5527196869646
20.6145600336933
20.6814759611606
20.7575064091132
20.8375776816553
20.9277673830232
21.0274803228508
21.1248813491046
21.2192951989142
21.3056598369642
21.3778664515431
21.4406701245827
21.5134060179597
21.5875898993969
21.6697331383449
21.7596346906034
21.8580226456361
21.9447601035965
22.0241307085636
22.0871218871059
22.1360340866828
22.1644337979958
22.1886358719808
22.2134031898732
999.99
999.99
999.99
999.99
999.99
999.99
999.99
999.99
999.99
999.99
999.99
18.5816091969255
18.8924066504554
18.9636552710414
19.0950934165448
19.2555262443022
19.447066888473
19.6371311029908
19.812297117627
19.9673757267777
20.0949464725308
20.1934052142879
20.2711003860676
20.3337391832961
20.3827524164898
20.4309795244427
20.4829590083051
20.5424819752359
20.6133307446404
20.6981868411749
20.789233352813
20.8893265540627
20.9971503803752
21.1001608461594
21.198641754426
21.2867262243732
21.3591333184001
21.42114298874
21.4923806934021
21.5633357562813
21.641581558214
21.7276854115545
21.8235955455329
21.9087060662568
21.9889419003263
22.0570229427653
22.1131330587079
22.1463265271318
22.1723736512204
22.1955493817059
999.99
999.99
999.99
999.99
999.99
999.99
999.99
999.99
999.99
999.99
999.99
18.7600078686316
18.9075689106532
18.956001874291
19.0752792179642
19.2287653781179
19.4200581414323
19.614080533287
19.7924960303776
19.9513462502477
20.0800118696442
20.1737971975019
20.2437082706861
20.2959069965168
20.3330262026106
20.3706650286346
20.4178359193459
20.4766136318222
20.5526585652121
20.6470923463508
20.7487827189639
20.8574414174652
20.9717000637472
21.0783638631021
21.1773051039689
21.2644839498359
21.3360421786614
21.3965682695782
21.4655134340265
21.5346501614117
21.6101090762972
21.6923489444011
21.7854640558585
21.8692148546866
21.9496592376396
22.0220679080316
22.0848527096824
22.1241227148818
22.1541765718283
22.1780521203395
999.99
999.99
999.99
999.99
999.99
999.99
999.99
999.99
999.99
999.99
999.99
18.9560947963601
18.9435734368707
18.9784262724187
19.076955205161
19.2202598514096
19.4072537891433
19.6028056283764
19.7825459044943
19.9437111164937
20.0720452238156
20.1596170709981
20.2208398066419
20.2627736023452
20.29003054453
20.3198820015782
20.3643192377127
20.4229783657637
20.5030238440231
20.6041862878756
20.7133657313499
20.8280616712346
20.9469206789482
21.0569218483158
21.1556704739834
21.2414611341889
21.3127850433065
21.3724909777913
21.4389630589344
21.5071125418478
21.5807967592506
21.6585661606609
21.7475327616586
21.8292937814212
21.9083961552496
21.9828170042963
22.0502552032123
22.0954672495917
22.1296225721224
22.1550216365158
999.99
999.99
999.99
999.99
999.99
999.99
999.99
999.99
999.99
999.99
999.99
19.0587612109145
18.9976167484456
19.0297588185812
19.10363682514
19.2337863258781
19.4128115095601
19.6037799373009
19.7793865882649
19.9410098479072
20.068108548824
20.14872767285
20.2034485137901
20.238573615591
20.2584862343035
20.2823918912668
20.3242616520245
20.3809297475979
20.4608096017537
20.5627995595853
20.674767808705
20.7920424534828
20.9132482918946
21.0267480655387
21.1274112594131
21.2136525375269
21.2869644328037
21.3481799454997
21.4127822764525
21.4794717888645
21.5511753775575
21.6235657880151
21.7060003849818
21.7846493791734
21.8613980497958
21.9352090258688
22.0050271624786
22.0559365334699
22.0935864663489
22.1203068467931
999.99
999.99
999.99
999.99
999.99
999.99
999.99
999.99
999.99
999.99
999.99
19.1055562770563
19.043794929389
19.0741184618692
19.1290001677456
19.2444604660101
19.4123167386861
19.595174165896
19.7648842050919
19.9263596279721
20.0546770435746
20.1327911344772
20.1864373743597
20.2195123659796
20.2357313795717
20.2555911901051
20.2941576259456
20.3456625550156
20.4197445540281
20.5154355850379
20.6226051743376
20.7367225503386
20.8571442894938
20.9745678533143
21.0801008731879
21.1714149198433
21.2508414472191
21.3174943168111
21.382392092797
21.4485507132697
21.5184488601495
21.5858742229233
21.6609552850183
21.7356369712059
21.8088308540537
21.8793598533669
21.9476133741425
22.0006596491816
22.0384444015418
22.0646834402702
999.99
999.99
999.99
999.99
999.99
999.99
999.99
999.99
999.99
999.99
999.99
19.1669406986741
19.0816419780257
19.113825786393
19.1598338327314
19.262358434552
19.416025169472
19.5848263959572
19.7432811606133
19.8991810712724
20.02722720603
20.1069744353451
20.1648106084632
20.2015218120652
20.2193695022557
20.2375070008701
20.2711440411328
20.3133064841378
20.3751255625443
20.4571111671897
20.5531717121486
20.6597911104243
20.7782940819777
20.9007561306055
21.0147926730272
21.1152499922007
21.2031766709639
21.2769461566884
21.3435780973787
21.408187564302
21.474410048439
21.5366358743905
21.6039103908023
21.6741349947599
21.7451203420657
21.81305834007
21.8781001629037
21.929989104379
21.9636407595345
21.9843331718716
999.99
999.99
999.99
999.99
999.99
999.99
999.99
999.99
999.99
999.99
999.99
19.190189367543
19.1126339776173
19.150444536687
19.1901861062764
19.2798524370583
19.4147237449775
19.5636586798167
19.7059015841134
19.8522482204136
19.9804449652546
20.0674051401212
20.1350618723914
20.1812785557865
20.2053539133309
20.2236125154285
20.2507051603572
20.2811455109458
20.3266130649344
20.3900158083035
20.4705261107713
20.566392431235
20.6801246382316
20.8056041150124
20.9296822363643
21.0417675821868
21.1407767092518
21.2249841935701
21.2973088109732
21.3609031942705
21.4228508584114
21.4792517293032
21.5379016495534
21.6018146066535
21.6699720621819
21.7346001000908
21.7949975942403
21.8422128109497
21.8680073881735
21.8791086228237
999.99
999.99
999.99
999.99
999.99
999.99
999.99
999.99
999.99
999.99
999.99
19.1891082251082
19.1150611992565
19.1713688438391
19.221332688377
19.2997446093535
19.4116832863146
19.534474846953
19.6537990084633
19.7834301883276
19.9087217406224
20.0062624535851
20.0885281552234
20.1499578111119
20.185967709831
20.2082055813687
20.2291956530616
20.2481752269682
20.2766493307832
20.3197274795756
20.3814022211282
20.4636539209718
20.5681839796029
20.6914570168451
20.8228538025404
20.9463562541774
21.0567741151029
21.1537786342563
21.2355643161477
21.3005404040672
21.3591913619607
21.4109239852851
21.4617801279428
21.5183948861584
21.582798469496
21.6431661428488
21.6968259940316
21.7355505937115
21.751754135311
21.7521004205345
999.99
999.99
999.99
999.99
999.99
999.99
999.99
999.99
999.99
999.99
999.99
19.234716387368
19.1008002667887
19.1799230167331
19.2420059245838
19.314370834209
19.4036631831278
19.5018003424361
19.5984378523003
19.7060351038857
19.825093776551
19.9358328228078
20.0326773205209
20.11033447683
20.1626299250517
20.1920501434038
20.2065659110863
20.2142058270269
20.2251893714835
20.2470484080279
20.2878933395759
20.3555562317973
20.4496414379655
20.5676970168156
20.7016940006121
20.8337112017618
20.9536454069066
21.0626261550685
21.1560647966065
21.2273035921934
21.286277838587
21.3360946205416
21.3810505786654
21.4290716787466
21.4858560187158
21.5391775228763
21.5828657378216
21.6104225387695
21.617374397604
21.6098198946934
999.99
999.99
999.99
999.99
999.99
999.99
999.99
999.99
999.99
999.99
999.99
18.9047133681263
19.0751405108192
19.1804564257394
19.2608244036127
19.3356008116553
19.4086876866317
19.4874195900401
19.564372945665
19.6482962787148
19.7542826789427
19.8730496336653
19.9792128854445
20.0695533508009
20.1380526998071
20.1769836310354
20.1863402111401
20.1837790267366
20.1781428617779
20.1785944729498
20.1985812449888
20.2515732182941
20.3342403464129
20.443957954735
20.5767108355954
20.7130803193481
20.8398195627622
20.9600398135139
21.0670579276569
21.1479701264431
21.2104941246143
21.2601256438498
21.2991385586732
21.3364301350294
21.3817927849767
21.4254359411872
21.4580902618164
21.4749666679391
21.4753013458454
21.4639273731964
999.99
999.99
999.99
999.99
999.99
999.99
999.99
999.99
999.99
999.99
999.99
18.9528474365356
19.0619241821071
19.1909834165528
19.303862746264
19.38310401828
19.4443776923011
19.5073900263039
19.5664826424993
19.6255462823101
19.7109318560578
19.825740498771
19.933390697141
20.0339342913549
20.1230650161573
20.1841214215398
20.2056189502417
20.2091183804154
20.1999334408669
20.1872854444964
20.1886633338663
20.2269543422397
20.2951663055603
20.392242408605
20.5181091824755
20.6550748145923
20.7848174437201
20.9133327949922
21.0310680426056
21.1212622898613
21.1869105230744
21.2356401844964
21.268541964044
21.2958594495611
21.3293469087329
21.3643300000396
21.3896476870125
21.401794888006
21.4019498617796
21.3929818227297
999.99
999.99
999.99
999.99
999.99
999.99
999.99
999.99
999.99
999.99
999.99
18.8928853894847
19.060328612873
19.2182273081142
19.3702739806306
19.458818910366
19.5181229464501
19.5738891040768
19.6198650538047
19.6541991359193
19.71049323426
19.807409186294
19.906062236614
20.0114887375658
20.1232024979069
20.215958822177
20.2643010288664
20.2881668717814
20.2891194865663
20.2742538983638
20.2647570318416
20.2927269992388
20.3483158954161
20.4321459377676
20.5465097325282
20.6778694327338
20.8034111260781
20.9328749245312
21.0538194757919
21.1487636378492
21.2147953654146
21.2614852903242
21.2884072182264
21.3075159161417
21.3308105096587
21.3603558376571
21.3834098467965
21.3979663271172
21.40519905596
21.4055152408009
999.99
999.99
999.99
999.99
999.99
999.99
999.99
999.99
999.99
999.99
999.99
18.662550985213
19.184914312476
19.3293833555666
19.4653494846604
19.5663894404097
19.632590382629
19.689323040525
19.7285888264963
19.741542223925
19.7660593734176
19.8352936667528
19.9162697870157
20.0205434170663
20.1533658313951
20.2813487904269
20.3654882395107
20.4193167591039
20.4409243928571
20.4341081163961
20.4236492672911
20.4484834894047
20.4971376225933
20.5704210941189
20.6719481791494
20.7928186508912
20.9070841749528
21.0281997061278
21.143282095879
21.2351152448232
21.295939551123
21.3380813978658
21.3600265655969
21.3741336178751
21.392618798672
21.4239277888894
21.4532476707946
21.4785804558423
21.4993310682736
21.5130991111285
999.99
999.99
999.99
999.99
999.99
999.99
999.99
999.99
999.99
999.99
999.99
18.6931845282089
19.3331730673893
19.4636819775629
19.5995411933009
19.7139278500901
19.7927147615528
19.8538620608983
19.8878522533703
19.8810183817816
19.872408339036
19.9051234278568
19.9627005256856
20.062691313803
20.2160817324156
20.3829680045519
20.5140698927701
20.6096606284045
20.6645110295482
20.6771457572184
20.6750623048564
20.7007815124505
20.7433359975223
20.804560970897
20.8914846732076
20.9978846699013
21.0950023885512
21.2010345911747
21.3021778342362
21.3813080400541
21.4292722140965
21.4630733481649
21.4801717519807
21.4937541157934
21.5152963192355
21.5575713290999
21.6031328100692
21.6473686276644
21.6866201060856
21.7161175379654
999.99
999.99
999.99
999.99
999.99
999.99
999.99
999.99
999.99
999.99
999.99
19.9098504088504
19.5042593650499
19.6350403540418
19.7831719969337
19.9080306122543
19.9990090577961
20.0623101797883
20.0870766894148
20.0593412256201
20.0185026088206
20.0113830754132
20.0445720366351
20.1426571381511
20.3197901233835
20.5297368065456
20.7168077101608
20.8640290091531
20.9612367368485
21.0028767349433
21.0174808397068
21.0486979765734
21.0876010925783
21.1376100850255
21.2079322064648
21.2959882478101
21.370188832826
21.453033877732
21.5309598075824
21.5884824006945
21.6164552719148
21.6377728913264
21.6496539901541
21.6661918027569
21.6969064982394
21.7572154619525
21.8269884015023
21.8975182360509
21.9599063924689
22.0071456042771
999.99
999.99
999.99
999.99
999.99
999.99
999.99
999.99
999.99
999.99
999.99
19.7474112151882
19.6451024118363
19.7846656683778
19.9510320380121
20.0870847137336
20.1916081663906
20.2593645570301
20.278013266059
20.236419074429
20.1756921935586
20.1428241789469
20.1590672636033
20.255488515111
20.4480140885115
20.6821180246869
20.9012979311871
21.0798954354455
21.204833029156
21.2682201439086
21.3027951379855
21.3448262220037
21.386915030484
21.4320378444046
21.4899817135523
21.5575679783868
21.6077207568943
21.6649601933119
21.7174988352736
21.7516166796875
21.760193621813
21.7693827827423
21.776149464451
21.7946854075998
21.8334116646605
21.9093074551669
22.0007477776015
22.0944765906391
22.1779083445639
22.2419339666048
999.99
999.99
999.99
999.99
999.99
999.99
999.99
999.99
999.99
999.99
999.99
19.5880325655761
19.7902026594346
19.9239212703387
20.0971771504472
20.2415104645419
20.3557424824264
20.4254538326138
20.4377213565527
20.3881395064861
20.320443110914
20.2769578906396
20.2870498960992
20.3860763959663
20.589075519497
20.8330473140377
21.0648790413563
21.2566485375889
21.3934949629817
21.4669430633784
21.5152034595539
21.5661155190666
21.612469583235
21.6554959829253
21.7054123210241
21.7562922371979
21.7862026594788
21.8204509250809
21.8504849557516
21.8646572725308
21.8577351508273
21.8579805991463
21.861984008538
21.883283475257
21.9296335212245
22.0185659458752
22.1283231716709
22.241377980337
22.3424761907618
22.4197802762625
999.99
999.99
999.99
999.99
999.99
999.99
999.99
999.99
999.99
999.99
999.99
19.1490561932583
19.8493996785589
20.000445690589
20.2109675532709
20.3608011455172
20.4815340021875
20.5519667066551
20.5584384512964
20.5071463575325
20.4422867115274
20.3992182254401
20.4115949468148
20.5169536399348
20.7263364996144
20.969989074002
21.2012532632259
21.3927538528541
21.5281313646316
21.5997695259427
21.6526877946091
21.7063458623749
21.7537924347829
21.795308697383
21.8407881223665
21.8796794823349
21.8958712806257
21.9136395692314
21.926906216717
21.9274491641861
21.911009962785
21.9053396089664
21.9064899426037
21.9288727229501
21.9773557665026
22.071479516389
22.1911150681234
22.317280984015
22.4312787524986
22.5204965008532
999.99
999.99
999.99
999.99
999.99
999.99
999.99
999.99
999.99
999.99
999.99
19.3339952603855
19.9064545101441
20.067205688492
20.2886145734095
20.4403553489258
20.5635942721806
20.6336068940529
20.6372298701835
20.590940997526
20.5367504145567
20.5044632135981
20.5271661997282
20.6413113663652
20.8519869771523
21.0860444281032
21.302844131052
21.4793668008293
21.5991438729676
21.6586292935621
21.7081103669715
21.7601357734813
21.8076045638023
21.8500638221967
21.8940606398694
21.9253737307141
21.9343670233109
21.9422768197334
21.9453625963206
21.9392871212674
21.9201938051227
21.9119847116809
21.9106912867008
21.931215428306
21.9768412271794
22.0685307492553
22.1907218210604
22.3245490648124
22.4478633238709
22.5462245490351
999.99
999.99
999.99
999.99
999.99
999.99
999.99
999.99
999.99
999.99
999.99
19.5964527505015
19.9488697000561
20.1075727975598
20.3237715170165
20.4729344393797
20.5951022089272
20.6647692194887
20.6707082425597
20.6358873162566
20.5993421858418
20.5855613552562
20.6241899504003
20.7460928836532
20.9516654987854
21.1669820352173
21.3576022469393
21.5063400761422
21.6007279138744
21.6410996565757
21.6815627351021
21.729114909642
21.7762762141273
21.8207889531492
21.865635036244
21.892941435823
21.8998927060014
21.9042420352454
21.9040274651315
21.8977424355679
21.8822627270026
21.8761491530295
21.8755836014246
21.8942226637478
21.9362909248664
22.0224341588227
22.1422861881935
22.27790238244
22.4059554164026
22.5093286671353
999.99
999.99
999.99
999.99
999.99
999.99
999.99
999.99
999.99
999.99
999.99
19.8682348354962
19.9874838700876
20.1430842102498
20.3482231825445
20.4904436924252
20.6080301808354
20.6758657820615
20.6851774326212
20.6636575378259
20.6445912874409
20.6471581984826
20.7015654010073
20.8316461180178
21.0307203075936
21.2295629536044
21.3991676410094
21.5234820402572
21.5945708672187
21.6179105110719
21.6464915862457
21.6861931418113
21.729538257896
21.7734824100759
21.8178947891418
21.8441257901866
21.8519668035819
21.8569316552685
21.8574918421259
21.854436426206
21.8453226055357
21.8444200589643
21.8488234803452
21.8703343497869
21.9135337807181
21.99812907905
22.1178732155053
22.2548451498117
22.3859346465431
22.493154587021
999.99
999.99
999.99
999.99
999.99
999.99
999.99
999.99
999.99
999.99
999.99
19.8536612348807
20.0363719344602
20.1777177240538
20.3660614187215
20.4991002420969
20.6104071998929
20.6767875130555
20.6926214887546
20.6869260268239
20.6842584587911
20.7001440920933
20.7669222427015
20.9017405720953
21.0895801430808
21.2716399891666
21.4232547711736
21.5266597693261
21.5783714859921
21.5899903958111
21.6094718226566
21.6421714389938
21.6811247565396
21.7237484161803
21.7667524649961
21.792210559416
21.8022212021873
21.8104772320988
21.8140828427499
21.8159126629325
21.8150557830438
21.8215681145673
21.8337682560805
21.8622370317197
21.9103708984138
21.9964551884384
22.1167322054357
22.2537049562297
22.3851613653509
22.4953303103392
999.99
999.99
999.99
999.99
999.99
999.99
999.99
999.99
999.99
999.99
999.99
19.4511159211159
20.0821676133821
20.2151372676355
20.38143623396
20.5015417634459
20.6037153839886
20.6672744653255
20.6914252993866
20.7017531867763
20.714277819604
20.7420080658465
20.8187497532827
20.9551020896438
21.1292328890848
21.2952571356519
21.4309965682511
21.5169288086891
21.5540176598243
21.559971694327
21.5744128080553
21.6031067953708
21.6391977538744
21.680515304447
21.7209128168743
21.7449528067025
21.7563312721249
21.7681640127283
21.7755188537109
21.7827043815877
21.7917684427863
21.8092298800328
21.8341630575258
21.8758361758984
21.9375275135066
22.0326991078982
22.1585763205707
22.2970665933483
22.4278240135056
22.5361435698717
999.99
999.99
999.99
999.99
999.99
999.99
999.99
999.99
999.99
999.99
999.99
19.7102386633885
20.1248987463851
20.2514135077684
20.3973714986028
20.5003575532423
20.5905020103246
20.6502935019479
20.6826197500744
20.7071632573211
20.7326553561861
20.7693697864382
20.8519667117272
20.9869029619708
21.1474347555751
21.2999117854143
21.4239710007345
21.4981674477624
21.5264375770643
21.530650472313
21.542709267013
21.5693329275432
21.6041990612765
21.6442368779425
21.6822629937489
21.7053478057373
21.7180298571491
21.7328922340262
21.7445722544067
21.7578861802179
21.7779526624529
21.8089425144464
21.8504800989527
21.9105041426711
21.9920845739521
22.1021828759084
22.236608424242
22.3769893365054
22.5052423437651
22.6076907775786
999.99
999.99
999.99
999.99
999.99
999.99
999.99
999.99
999.99
999.99
999.99
20.0554850479241
20.1755653029454
20.2821544601179
20.4088963958652
20.4938764185979
20.570705016299
20.6262746411304
20.6648922508793
20.7013342451375
20.7372267534952
20.7820135167082
20.8682028604364
21.0012739167315
21.1499211732926
21.2921500141971
21.4068976207658
21.4738004073791
21.496179797958
21.4992519618345
21.5083041635551
21.5328517387207
21.5659532722851
21.6044745451094
21.6413318142102
21.6660947758531
21.6823311721176
21.7017422483626
21.7192607314984
21.7405200961532
21.7725863017005
21.8184335958848
21.8785551815043
21.9602211032156
22.0636088491581
22.1900769511294
22.3328930814264
22.4732243803713
22.5963649636614
22.6907735915892
999.99
999.99
999.99
999.99
999.99
999.99
999.99
999.99
999.99
999.99
999.99
20.2556956346752
20.2631147967604
20.3357250568796
20.4143265881216
20.4807845089769
20.5437032014406
20.5945865553538
20.6381127731433
20.6828968585873
20.7265125837054
20.7780067676893
20.8652135871888
20.9937568069959
21.1329630379728
21.2679421134289
21.3765358619484
21.4412506214437
21.4631787515585
21.467121052995
21.4742918132896
21.497008175102
21.5277017488482
21.5633913646764
21.5984870462517
21.6253209747524
21.6461656296294
21.6710284520328
21.6965732108467
21.7287062375788
21.775214945287
21.8377565550612
21.9173996061136
22.020316625694
22.1439550290845
22.2832753267093
22.4296780446639
22.5662080142139
22.6804983961281
22.762240541685
999.99
999.99
999.99
999.99
999.99
999.99
999.99
999.99
999.99
999.99
999.99
20.1900655736057
20.3266437615511
20.3759511874506
20.4135417799902
20.4605813856765
20.5087857127249
20.5533570805572
20.5985088596253
20.6471177157108
20.6958934890852
20.7532704907876
20.8406682898951
20.9641419090131
21.0982173929006
21.2304540402647
21.3379203907651
21.4066351013903
21.4346489398951
21.4427716550087
21.4495591493207
21.4698467350533
21.4969823063872
21.5275136224008
21.5586114838586
21.5858503353434
21.6104423601307
21.6399754188449
21.6745665118346
21.7191075912257
21.7813866574069
21.8611856469851
21.9599778046046
22.0813282963457
22.2216817698029
22.369489893247
22.5159485998329
22.6459272900967
22.7498112364271
22.8171019275168
999.99
999.99
999.99
999.99
999.99
999.99
999.99
999.99
999.99
999.99
999.99
20.4908273600927
20.3687907641951
20.3927309482747
20.4051810296084
20.4336426779914
20.4669053623225
20.504385838178
20.5475622417034
20.5966857626068
20.6485558739875
20.7110525492287
20.7981158312718
20.9172229451557
21.0487851400415
21.1811405488604
21.291182104846
21.3684488518419
21.4075942606772
21.4232493202158
21.4314360002116
21.4490517305859
21.4715546315175
21.4949402830715
21.5202356857062
21.5468511087987
21.5749349858269
21.6091470170863
21.654022531944
21.7126616461975
21.7913189287638
21.8875103238595
22.0033711484205
22.1381695776243
22.2875300432872
22.4354604937062
22.5754818676717
22.6940322943782
22.7850687867808
22.8391959002296
999.99
999.99
999.99
999.99
999.99
999.99
999.99
999.99
999.99
999.99
999.99
20.5472082966717
20.3925464178722
20.3835769864068
20.3767568773638
20.3907314508831
20.4117776807311
20.4428458243825
20.4826750620965
20.5321806979919
20.5872599999456
20.6557307787792
20.7441092014288
20.8604438930297
20.9901330441761
21.1229184279719
21.2363294927956
21.323949381038
21.3772931024318
21.4039314881576
21.4164320887109
21.4329087349764
21.450191597087
21.4653465547066
21.4836349149874
21.5085456991235
21.5393026493079
21.5783854959166
21.633369800412
21.7061988938416
21.8009830957237
21.9126511173865
22.0438544350875
22.1882482950367
22.3400843228728
22.4810643373975
22.6087621651635
22.7112735396959
22.7878437893974
22.8313059868102
999.99
999.99
999.99
999.99
999.99
999.99
999.99
999.99
999.99
999.99
999.99
20.471985801268
20.3910877974981
20.3582973670929
20.3266181476458
20.330757328144
20.3437634290418
20.371304899149
20.4096286695364
20.4601407811279
20.5186848173403
20.592367881787
20.6812689320921
20.7936833905321
20.920312042823
21.0521343359132
21.1698072810147
21.2697479907345
21.3410384599323
21.383701006252
21.4060803883048
21.4239474618219
21.4365369795321
21.4426569136217
21.4521855232973
21.4721798316218
21.503443640829
21.5466897886369
21.6114914929683
21.6978551353198
21.808696153825
21.9352149924392
22.0798104220752
22.230411991565
22.3809169983047
22.511487783629
22.6246518043055
22.7107633797071
22.7735026712523
22.8077488869553
999.99
999.99
999.99
999.99
999.99
999.99
999.99
999.99
999.99
999.99
999.99
20.4601967291967
20.3395783104875
20.3019905037115
20.2566709854846
20.2554653840025
20.2641470707435
20.2903192444694
20.3286219876976
20.3816362848055
20.4437636076147
20.5221479909533
20.611848120467
20.7211205786047
20.84356640091
20.9739503598739
21.0958966069558
21.2076323771697
21.2968685230334
21.3575569665377
21.3925214754201
21.4138625765475
21.423520149324
21.4222758097945
21.4247162287513
21.4398866765906
21.4712195476875
21.5186534580569
21.5921507907576
21.6889014347977
21.8121634382311
21.9502011110082
22.104301777891
22.2575547287055
22.4045436697298
22.5255727431744
22.6266800533514
22.6993890060925
22.752256928111
22.7815910007897
999.99
999.99
999.99
999.99
999.99
999.99
999.99
999.99
999.99
999.99
999.99
20.4746127258984
20.2492577343777
20.2147028224373
20.1687505991554
20.166919672482
20.1752146010704
20.2032183285754
20.2441612919484
20.3010745596075
20.3667196853465
20.4491668142226
20.5401619035098
20.6473052088218
20.7654341781885
20.8940373825759
21.018539371118
21.138707774366
21.2417577040053
21.3177953945238
21.3638254579839
21.3886641872767
21.3957424317762
21.3894691544862
21.3880525610665
21.4019953135655
21.4367006238698
21.4915857483747
21.5745513404314
21.6800913069304
21.8123206804736
21.9580792999701
22.1178416704476
22.2714405699853
22.4141753862265
22.5279124991834
22.6202444446253
22.68347642089
22.7300928557501
22.7580754304242
999.99
999.99
999.99
999.99
999.99
999.99
999.99
999.99
999.99
999.99
999.99
20.4324016102622
20.1294972331632
20.1002499745945
20.0677700817057
20.0701563638227
20.0825327247239
20.1151330204987
20.1610875705212
20.2222235619322
20.2903637446963
20.3755243951752
20.4681481946929
20.5737965475508
20.6882306671212
20.8150851824138
20.9408621420363
21.0660495219164
21.1783114636459
21.2658461747939
21.3206666413717
21.3483276497646
21.3533567398424
21.3443354069408
21.3419123761404
21.3576024399696
21.3982029135637
21.4626424235747
21.5550300045673
21.6674093440407
21.8048401569945
21.9545494906577
22.1164013049761
22.2692700294694
22.4100123133696
22.5222013077153
22.61170226222
22.6718003385627
22.7175539625933
22.7466955266111
999.99
999.99
999.99
999.99
999.99
999.99
999.99
999.99
999.99
999.99
999.99
20.1183586889301
20.012285051933
19.9912823454133
19.9685556944484
19.977058738993
19.9951877382191
20.0334057146477
20.0846420573172
20.1482733286715
20.2171844862751
20.3035826022414
20.3971937884798
20.5012382350989
20.6133813439415
20.7393673958956
20.8661182227317
20.9937184208288
21.1112436937699
21.206333558034
21.267099255308
21.2963060028887
21.2999074412055
21.2905163241709
21.2893829911164
21.308834730813
21.3565776601629
21.4311594286157
21.5321235702021
21.6494406908534
21.788650078685
21.9389219675085
22.0998445171824
22.2514218308775
22.3924084486276
22.5089063693876
22.602668473818
22.6666847991084
22.7167892497847
22.7498051292256
999.99
999.99
999.99
999.99
999.99
999.99
999.99
999.99
999.99
999.99
999.99
19.6762125955088
19.9106676070451
19.8957591210864
19.8819716377017
19.8956112786213
19.918648660784
19.9611413117832
20.0159064756703
20.0804813630943
20.1490800283988
20.2359879813191
20.3312999453423
20.4351348025039
20.5469970496389
20.6738976213638
20.8020688837698
20.929936071656
21.0490462287223
21.1470558099193
21.2089048692466
21.2374225884905
21.2402240067736
21.2329560139641
21.2359416906077
21.2623797584164
21.31855975799
21.4024268095148
21.5097663507308
21.6297108744026
21.7676167033923
21.9156991811314
22.0741004984921
22.223889570778
22.366056017249
22.4896494368701
22.5914341025627
22.6629727046942
22.7208046552105
22.7609036349733
999.99
999.99
999.99
999.99
999.99
999.99
999.99
999.99
999.99
999.99
999.99
19.7943613369467
19.8378198019753
19.8186209061459
19.8154600011839
19.8314391991057
19.8566848698513
19.9017748835184
19.9583876215602
20.0224876548542
20.090475797418
20.1780468299306
20.2749675116052
20.3789365811826
20.4916797144794
20.6201171286276
20.7495327428471
20.8769344881689
20.9953990749586
21.0932947970899
21.1529336394186
21.1790511360936
21.1815359965207
21.1781092843256
21.1862709608982
21.221335283566
21.2865160758258
21.377826347513
21.4894546284762
21.6116533855294
21.7477516680339
21.8936926746838
22.0508390858779
22.2004521455444
22.3445316062312
22.4754907662093
22.5853497320187
22.6646546194421
22.7303003233315
22.7779404100122
999.99
999.99
999.99
999.99
999.99
999.99
999.99
999.99
999.99
999.99
999.99
19.8824644855725
19.7996039168362
19.774942617612
19.7739703302465
19.7901447034111
19.8149865395056
19.8596886903359
19.9150606733336
19.9770875634661
20.0439118913106
20.1313912764238
20.228683353656
20.3322476500716
20.4449937563979
20.5732843989415
20.703130955208
20.830147103572
20.9478142870738
21.0459840277834
21.1055019232511
21.1322847722032
21.1384838390033
21.1416612344919
21.1555604833897
21.1972987508722
21.2671676613797
21.3600321187062
21.4713404988944
21.5941333669437
21.7284566659312
21.8735925260825
22.0314394230448
22.1828243525791
22.3295638974983
22.4672110578759
22.5841009240291
22.6703791156308
22.7433371105795
22.7977200466212
999.99
999.99
999.99
999.99
999.99
999.99
999.99
999.99
999.99
999.99
999.99
19.8738868626534
19.7947528467057
19.7661471759976
19.7535031171097
19.7683756848351
19.7910309175418
19.8337465295664
19.8864291562474
19.9460448645969
20.0125510366073
20.0998991601993
20.1961172589207
20.2979812442594
20.4092687783949
20.5350581976553
20.6635296396921
20.7895591036819
20.90628370496
21.0053769277001
21.0672293721164
21.098285011175
21.1117402644142
21.123931485483
21.1439946255346
21.1898244697206
21.259839124618
21.3494096136597
21.4565834438093
21.5785506365021
21.7123571271661
21.8588835756684
22.0195280028827
22.1740362860716
22.3217248423254
22.4618900152224
22.5816100175688
22.6706037750795
22.7469174614531
22.8073348647437
999.99
999.99
999.99
999.99
999.99
999.99
999.99
999.99
999.99
999.99
999.99
19.8676827525294
19.7869084723029
19.7648001818081
19.7474663065257
19.7618410361052
19.7832656908746
19.8239573137554
19.8739379077491
19.9317467730566
19.9988974264671
20.0852673082616
20.178867125094
20.277671807868
20.3852542233391
20.5058612956926
20.630994610884
20.7554304450069
20.8713515174643
20.9722138915272
21.0387581565957
21.077336878337
21.1006440742839
21.1226059627005
21.1485403223783
21.1961380949847
21.2630047406228
21.3461758330342
21.4472622225842
21.5680787266633
21.7032997753986
21.8533347698548
22.0176941236838
22.1751160121474
22.3211480208771
22.458010742711
22.5741249650673
22.6604723195305
22.7356664301847
22.7994424728533
999.99
999.99
999.99
999.99
999.99
999.99
999.99
999.99
999.99
999.99
999.99
19.8552662765032
19.7595525109157
19.7531941826977
19.7488803469398
19.7651677617067
19.7873502269069
19.8268859379861
19.8751219322879
19.9317846690231
20.0003649670597
20.084957931478
20.1744169746149
20.2687192594389
20.3705238279889
20.4833787661865
20.6033650403139
20.7255018373065
20.8407064066328
20.9446531633964
21.0188601137052
21.0677600528182
21.1023325528335
21.1338678484463
21.1643530293732
21.2109119607075
21.2720171997111
21.3474354741843
21.4416484187781
21.561309787922
21.6984778433708
21.8524017032995
22.0191147991412
22.1780422995148
22.3194155941697
22.4489324390639
22.5569720017443
22.6375300001937
22.7085033363896
22.773306838057
999.99
999.99
999.99
999.99
999.99
999.99
999.99
999.99
999.99
999.99
999.99
19.8776995908982
19.7200503756007
19.7280939294629
19.7454391739207
19.7679075332546
19.794832709041
19.8362438209378
19.8847814123113
19.9413743634158
20.0117924339194
20.0938206069348
20.1788725504643
20.2686034762947
20.3644249400352
20.4690801290301
20.5836281115251
20.7027271178418
20.8174532755087
20.9251441567036
21.008578083796
21.0693244784919
21.1155490334103
21.1554608248954
21.1889642405847
21.2318577459372
21.2846875748908
21.35126102327
21.437701631445
21.5546964592398
21.6928984449291
21.848886678877
22.0145612944511
22.1717888841332
22.3055298659668
22.4242186750062
22.5213959642645
22.5942963867794
22.6590662772809
22.7236338969989
999.99
999.99
999.99
999.99
999.99
999.99
999.99
999.99
999.99
999.99
999.99
19.5849987983368
19.6522092347319
19.6793180598311
19.7228549034637
19.7557275241856
19.7923468315892
19.8406860495742
19.8947567040024
19.9546570106145
20.0288083990916
20.1095411980579
20.1918675494028
20.2780253550337
20.3693377666816
20.4678150168954
20.5779072828782
20.6934934799879
20.8073398125204
20.9171468911742
21.0071064455137
21.076706977694
21.1315319766626
21.1770023354072
21.2124392560213
21.2517474102927
21.2977890821338
21.3577549787411
21.4380744318352
21.551699331406
21.6893340856798
21.8448179221785
22.0062594136902
22.1584745879368
22.2821677422119
22.3878623692763
22.4718269026794
22.5346075199528
22.590625895697
22.6529517414557
999.99
999.99
999.99
999.99
999.99
999.99
999.99
999.99
999.99
999.99
999.99
19.3816548176304
19.5779298999043
19.6274575093668
19.6797821486141
19.7254824110211
19.7752489604993
19.8344028254417
19.8980568163909
19.9647516627432
20.0447537186124
20.1264053974462
20.20896518701
20.294273903027
20.3837234517372
20.4787189479102
20.5855619948964
20.6977207156295
20.8099656318848
20.9195256153719
21.0127005584258
21.0875765885864
21.1478078463963
21.1964746412913
21.2335569961946
21.2710584394253
21.313698716613
21.3697007047197
21.4454668743838
21.5547618674899
21.6885198857371
21.8391838185123
21.9926985657658
22.137032527076
22.2503594066459
22.3441619541209
22.4154019592185
22.4686247045119
22.5163117698545
22.5744636421397
999.99
999.99
999.99
999.99
999.99
999.99
999.99
999.99
999.99
999.99
999.99
19.2152268344638
19.4850978620008
19.5541024613965
19.6142937120627
19.675100720172
19.7410533564455
19.8147002534212
19.8923911377307
19.9691906822745
20.0568714706353
20.1417387635398
20.2272606327446
20.3141211003897
20.4045499795379
20.4985767156429
20.6029353578982
20.710834163691
20.8192103813003
20.9254487095934
21.0181219231613
21.0947974164529
21.1583962810866
21.2103014642325
21.2502383188527
21.2889383461427
21.331855164719
21.3862594804431
21.458325467449
21.5618710059319
21.6879422908883
21.8294107845671
21.9720955560664
22.1065390232399
22.2099115229709
22.2940084094638
22.3547937715137
22.3998611782239
22.4402785689099
22.4938779107109
999.99
999.99
999.99
999.99
999.99
999.99
999.99
999.99
999.99
999.99
999.99
19.5604488622746
19.3852904846842
19.4725138107473
19.5276876399985
19.6067477905238
19.692819364236
19.7854390265422
19.8812497245372
19.97113397006
20.0673271990722
20.1571262887632
20.2472916268482
20.3370386118212
20.4299757282357
20.5246370967763
20.6259979099909
20.7278239824507
20.8296087377709
20.9289975350639
21.0172464279791
21.0930369627062
21.1593501227265
21.2154247543468
21.2603117262903
21.3035016843263
21.3497447946637
21.4041031688231
21.4735114684191
21.5707278821277
21.6877841256554
21.8181168984419
21.949607119688
22.0735893565447
22.1686902889764
22.2443825184126
22.2967139411155
22.3340584582242
22.3676844515747
22.4151963618786
999.99
999.99
999.99
999.99
999.99
999.99
999.99
999.99
999.99
999.99
999.99
19.5103304758218
19.2567023256638
19.3655274930449
19.4311105926523
19.5289082229925
19.6370904296994
19.7497670286029
19.8657443140212
19.9711837170376
20.0766619482765
20.1722025870639
20.2673465472927
20.3591783474258
20.4532393799807
20.5475459698347
20.6435694646709
20.7372178091665
20.8298880312131
20.9198109144982
21.0011475376348
21.0749778235529
21.1440382500727
21.206004842981
21.2587890902146
21.3096430307374
21.3621914323645
21.4185709002418
21.4869739002395
21.5784254790466
21.6866766533709
21.8063054891882
21.9283331839182
22.0432464606268
22.1330633116578
22.2035152237423
22.2502519487787
22.2812698493225
22.3091878972623
22.3493284992591
999.99
999.99
999.99
999.99
999.99
999.99
999.99
999.99
999.99
999.99
999.99
19.4633817082389
19.1279403873906
19.2477964451669
19.3300291329924
19.4441267463811
19.5736369308793
19.7065209781429
19.8417261168603
19.9636308840105
20.0791113476342
20.1811857860543
20.2804539963923
20.3735895360002
20.4666700109304
20.5578602184841
20.6457146186827
20.729825169258
20.8119102510943
20.8920059711458
20.9670839074648
21.0402617009045
21.1133678301789
21.1835074853809
21.2466950262828
21.3075521562316
21.3678251767046
21.4273711292936
21.4957967618099
21.5823167954197
21.6824899049195
21.7925107958094
21.9063161147184
22.0132784701404
22.0993968095468
22.1667235314482
22.2109694162983
22.2387082918865
22.2634728748827
22.2972675887386
999.99
999.99
999.99
999.99
999.99
999.99
999.99
999.99
999.99
999.99
999.99
18.819456616941
19.0162192898807
19.1332284234021
19.2329406876582
19.3610506034918
19.5109179065388
19.6642788793588
19.8175604637936
19.9552771599908
20.0798253118508
20.1866744611377
20.2864636661681
20.377102094657
20.4646345402359
20.5484059295177
20.6255997201256
20.699031629457
20.7707508751386
20.8431672862874
20.914736269517
20.9897183739991
21.0692523957999
21.1496445235145
21.2245571420824
21.2962407643959
21.364085128776
21.4266411898652
21.4954363876758
21.5778140365644
21.6711230542319
21.773080139712
21.8802889112347
21.9805700476638
22.0639901347235
22.1295999910805
22.1748398601303
22.2024367888797
22.2262262431478
22.2554103489175
999.99
999.99
999.99
999.99
999.99
999.99
999.99
999.99
999.99
999.99
999.99
18.4461519441972
18.9363433293159
19.0400380124706
19.1510876877624
19.2876221956245
19.4523884860883
19.6235785527899
19.7911038536598
19.9423411101106
20.0744425912784
20.1848082215073
20.2820617615543
20.3674379172077
20.4455706994387
20.5189487596509
20.5845231117191
20.6484886920442
20.7125042542148
20.7811174326072
20.8529643621602
20.9325813573166
21.019734097806
21.1101072159708
21.1961305230693
21.2774011352014
21.351084216257
21.4158408626554
21.4851887768842
21.5641552763585
21.6520704234177
21.7480243694296
21.8505478852651
21.9463460160267
22.029147518906
22.0959467623745
22.1460120510195
22.1767304675937
22.201626775709
22.227412646013
999.99
999.99
999.99
999.99
999.99
999.99
999.99
999.99
999.99
999.99
999.99
18.7730263729044
18.8926379114236
18.9735071455434
19.08897329998
19.2257093108916
19.3975374033109
19.5817139343197
19.7595130328115
19.9219140955794
20.0602179952224
20.1725234410749
20.2643790749765
20.3419762395652
20.4082055988358
20.4695074612582
20.5242124364544
20.5819869159725
20.6426583727633
20.712747425873
20.7897682162701
20.8773063786134
20.9724931977679
21.071703597241
21.1667927799034
21.2552314931549
21.3326645095349
21.3988905588735
21.468058040272
21.5433528603813
21.6259942196206
21.7168222896718
21.8154252277124
21.908639133799
21.992527770318
22.0634113231459
22.1207096572433
22.1574734021071
22.185575978559
22.209901348135
999.99
999.99
999.99
999.99
999.99
999.99
999.99
999.99
999.99
999.99
999.99
18.9053538494763
18.895216963952
18.9480307175574
19.0444740159426
19.1763685212352
19.3492571161686
19.5437207927127
19.7281371713155
19.8982340075557
20.0409813873743
20.1539586244095
20.237873705813
20.3070990123268
20.3612060850546
20.4100906884948
20.4556816121567
20.5103991701572
20.5714256581056
20.6470733238357
20.7332030607603
20.8303919846902
20.9332971107459
21.039798345724
21.1411021760021
21.2337855212393
21.3130717147876
21.3800130137785
21.447850041611
21.5195012122183
21.5971004033583
21.6823753439979
21.7763200746448
21.8671169324441
21.9511682815708
22.0256955832447
22.0904564941768
22.1344647062098
22.167598264901
22.1934225498594
999.99
999.99
999.99
999.99
999.99
999.99
999.99
999.99
999.99
999.99
999.99
19.0431669742053
18.9282175414243
18.9595714960404
19.0308874943666
19.1557998903733
19.3255066345013
19.5248287835685
19.7111644143093
19.8839852147265
20.0278280885797
20.1382979650015
20.2126114302068
20.272389531043
20.3143824301753
20.3516796902164
20.3898970128069
20.4427736755975
20.505669976263
20.5879221865168
20.6835127215444
20.7902579521636
20.9005255199585
21.0135157546877
21.1193001141369
21.2137705419149
21.2934175068245
21.3596946449928
21.4242740889055
21.4913097968077
21.5642045471913
21.6436195724431
21.7329929517981
21.8217442269851
21.9062453036081
21.9838657749175
22.0544754725888
22.1046504372393
22.1430384474894
22.1715042746017
999.99
999.99
999.99
999.99
999.99
999.99
999.99
999.99
999.99
999.99
999.99
19.0307250051536
18.9544577905078
18.9735697110409
19.0368193773089
19.1513335893329
19.3121018665418
19.509364501523
19.6934142459197
19.8682725075241
20.0135248224376
20.1226670177071
20.1902377553691
20.2434683353494
20.2755736411539
20.304534233939
20.3379323584359
20.3900588551698
20.4541911613434
20.540622537038
20.6421084381721
20.7555147467132
20.8704623813141
20.9887022370595
21.0986641050503
21.1941088524079
21.2735779200384
21.3396599784238
21.4007578212991
21.4630488268075
21.5325837294175
21.6074941899155
21.6925102394624
21.7791308349081
21.86369809984
21.9426642308369
22.015308710896
22.0688746155348
22.1112315641171
22.1417693846704
999.99
999.99
999.99
999.99
999.99
999.99
999.99
999.99
999.99
999.99
999.99
18.9461697931698
18.9802754341465
18.9952707536222
19.0545791764144
19.1571928379803
19.3066638000398
19.4972217522149
19.6760710590981
19.8530436465724
20.0003202651288
20.1091028663648
20.1729566578575
20.2226968067299
20.2473605832532
20.2696066728298
20.2985704196114
20.3482993506527
20.4110148441876
20.4967548467059
20.5993202011751
20.7151154439778
20.8318703873269
20.9540819625454
21.0694985999365
21.1679553020955
21.2501703707996
21.3190984821866
21.378743717266
21.437217212909
21.5042983389772
21.5747885314099
21.6549529379863
21.7382361892597
21.8211822715234
21.8981139996283
21.9686513569645
22.0219401682886
22.0654050809303
22.0959039023676
999.99
999.99
999.99
999.99
999.99
999.99
999.99
999.99
999.99
999.99
999.99
18.8841202115732
19.0018800571887
19.017640116728
19.0851860050747
19.1764096022801
19.313186297497
19.4914469606095
19.6600799814767
19.8353193693629
19.9847350020546
20.0934950669849
20.1579804777181
20.208211598867
20.2289113222905
20.2458707289179
20.2706111728062
20.3147736473996
20.3719072345953
20.4505552407136
20.5474314845466
20.660041783179
20.7756449126653
20.9004765182849
21.023138055582
21.1279198177668
21.21649242323
21.2912296390548
21.3526424840119
21.409061188041
21.474319721312
21.5406854319006
21.6158171478921
21.6943220564738
21.7744896966136
21.8475565437134
21.9131427416713
21.9629085602592
22.0042692158436
22.0319500678464
999.99
999.99
999.99
999.99
999.99
999.99
999.99
999.99
999.99
999.99
999.99
18.9312089603518
19.0416663278092
19.0622044600203
19.1208504750361
19.2024854047304
19.3253014858733
19.4858530852112
19.6400131984944
19.8102937087022
19.9605878645614
20.0702346650411
20.1402772248551
20.1946140103493
20.2153330909242
20.2300272336203
20.2517408505341
20.287807738411
20.3356077057467
20.4010728184275
20.4851463018912
20.5883215681436
20.6992954247784
20.8240470283204
20.9544939747847
21.06828686469
21.1658412123353
21.2487016774793
21.315647020589
21.3718939236847
21.435425079887
21.4981416819822
21.5680074518159
21.640587076938
21.7178264673508
21.7878003571905
21.8482384517115
21.8932223283658
21.9294565274543
21.9499407220043
999.99
999.99
999.99
999.99
999.99
999.99
999.99
999.99
999.99
999.99
999.99
18.8428110606647
19.0730145702729
19.1010180487692
19.151087234982
19.2252993943905
19.3324468321326
19.4728485288983
19.6102572352458
19.7725268381298
19.92097173317
20.0336953053553
20.1126013203811
20.1742420902259
20.1994098951206
20.21559841666
20.2356220057629
20.2630884121461
20.3001660200503
20.3489823648598
20.4158256660257
20.5045041935634
20.606603187913
20.7263430833091
20.8624436067265
20.9863387503856
21.0946773408213
21.1888594545302
21.2666355443326
21.3266889612095
21.3892339375291
21.4484572528361
21.5116219046598
21.5763384358443
21.648254244479
21.7143502572373
21.7704730278572
21.8107599264282
21.8395083382336
21.850162665093
999.99
999.99
999.99
999.99
999.99
999.99
999.99
999.99
999.99
999.99
999.99
19.2970999073194
19.0765576443017
19.1251845603632
19.184062699077
19.2577437616718
19.35236320986
19.4730117762205
19.590732407871
19.7343421348203
19.871795436793
19.9834536106176
20.0703128038601
20.1404703670761
20.1754289763579
20.1970733420229
20.2166324638802
20.234722527499
20.2596188185851
20.2902626197666
20.3376201744755
20.4091267253843
20.500153003428
20.6114293471419
20.7490027694647
20.8820355131135
21.0018054626531
21.1089915791705
21.2012351577068
21.2694219006095
21.3323105423024
21.3880536022646
21.4435521618481
21.498518260713
21.5625781164115
21.6234580410255
21.6754521914576
21.7108604192474
21.7313094190781
21.7319982192417
999.99
999.99
999.99
999.99
999.99
999.99
999.99
999.99
999.99
999.99
999.99
19.195846081522
19.0583272120589
19.1340555503789
19.2135157702581
19.2940671173417
19.3805022394377
19.4820278796058
19.5789762322304
19.6966200041805
19.8162816841024
19.923570615574
20.0181969712308
20.0971773939092
20.1460161252787
20.1778649608479
20.1992880109273
20.2081827951846
20.2199746671574
20.2318658739256
20.257510917342
20.3105228873289
20.3900318626102
20.4915683092924
20.6260072613227
20.7642328186018
20.8922916932967
21.0099993956489
21.1167225312692
21.1961298528769
21.2625344713382
21.3170840069251
21.3655714821472
21.4099504215408
21.4637118626316
21.5172083463244
21.5633320413962
21.5935921895484
21.6065331182152
21.5998680840715
999.99
999.99
999.99
999.99
999.99
999.99
999.99
999.99
999.99
999.99
999.99
18.8315536533411
19.0295144052437
19.1320636772209
19.224472253137
19.3180239815081
19.4010716526204
19.4890434846075
19.5687557761146
19.6610866095003
19.7585685111678
19.8615908795015
19.9626648567909
20.0502056299434
20.1143681097351
20.1598158016683
20.1832644140278
20.1831747999135
20.1806204907935
20.1734048283009
20.1772861433368
20.2120132145949
20.2796197768547
20.3713393539979
20.4996384507011
20.6390417176551
20.7720358481795
20.8987703958771
21.0195371007476
21.1129485643252
21.1867688157339
21.2430636981234
21.2856090073618
21.3192795827825
21.3592446944467
21.4016582529111
21.4399896700297
21.4647598229275
21.4716215772364
21.4615548831873
999.99
999.99
999.99
999.99
999.99
999.99
999.99
999.99
999.99
999.99
999.99
18.6781195361614
18.9756127404846
19.0959992203234
19.2207845105041
19.3368726912074
19.4313309142582
19.5062970173063
19.5576048254572
19.6083976722325
19.6925226454209
19.7884445726701
19.8990062578317
20.0087540699351
20.1058055110588
20.1620418598274
20.1918006202808
20.189013240453
20.1477648584615
20.1072346232888
20.0862829422307
20.1040998662007
20.1551407392485
20.2610004192031
20.3947383101029
20.5313502896226
20.6560941344006
20.7848653637835
20.9214072212766
21.0354424197897
21.1212827261177
21.1843512931056
21.2233027586728
21.2364903356941
21.2552499861264
21.2824876062299
21.3042300944685
21.3189182805617
21.3246709686572
21.313461534002
999.99
999.99
999.99
999.99
999.99
999.99
999.99
999.99
999.99
999.99
999.99
18.7437522847523
18.9063742639576
19.0450002273004
19.1898128981817
19.3214380797268
19.4445995895025
19.5280648621969
19.5493226578551
19.5758435531046
19.6511079657179
19.7260053835424
19.8327001141664
19.9694533460961
20.0910191935992
20.1491282719614
20.1806361858626
20.1697230178862
20.0902537396182
20.0245400249825
19.9802402925421
19.9827766455999
20.0297029472264
20.1478052597493
20.2787391589685
20.406969223389
20.5337560170009
20.6651784935279
20.8116843710521
20.9482829520169
21.0532474021932
21.1243953196059
21.1602365413498
21.1614342728134
21.1630691724935
21.1762721825938
21.1836115491145
21.1921207187414
21.1998657286065
21.1912522101506
999.99
999.99
999.99
999.99
999.99
999.99
999.99
999.99
999.99
999.99
999.99
18.748277223873
18.6697527640768
18.989677549512
19.2627994579946
19.3650651361801
19.5565967690846
19.5599338682997
19.7362047151455
19.5252820414197
19.2461826528098
19.277677009015
19.9734723617459
20.1258025501405
20.2135296016411
20.1529980843779
20.2508621104022
20.3180472771518
20.3717736473747
20.2236208526278
19.303530816712
19.5622149493944
19.9296530612245
20.3102124027734
20.2790053722894
20.2381133736569
20.4243545560131
20.5510447079053
20.7178233806457
20.8608963737256
21.0771007134561
21.2506720565536
21.1470009536212
21.1606931032576
21.0593067459061
20.8549669819147
21.0734230508168
21.1022872930399
21.0128092221367
20.9821168881448
999.99
999.99
999.99
999.99
999.99
999.99
999.99
999.99
999.99
999.99
999.99
999.99
999.99
999.99
999.99
999.99
999.99
999.99
999.99
999.99
999.99
999.99
999.99
999.99
999.99
999.99
999.99
999.99
999.99
999.99
999.99
999.99
999.99
999.99
999.99
999.99
999.99
999.99
999.99
999.99
999.99
999.99
999.99
999.99
999.99
999.99
999.99
999.99
999.99
999.99
999.99
999.99
999.99
999.99
999.99
999.99
999.99
999.99
999.99
999.99
