999.99
999.99
999.99
999.99
999.99
999.99
999.99
999.99
999.99
999.99
999.99
999.99
999.99
999.99
999.99
999.99
999.99
999.99
999.99
999.99
999.99
999.99
999.99
999.99
999.99
999.99
999.99
999.99
999.99
999.99
999.99
999.99
999.99
999.99
999.99
999.99
999.99
999.99
999.99
999.99
999.99
999.99
999.99
999.99
999.99
999.99
999.99
999.99
999.99
999.99
999.99
16.1721260413996
16.2562783434142
16.2193098179405
16.3551655957283
16.3724773519164
16.4806554058923
16.3633137044914
16.3219173366316
16.277166191532
16.2804888003982
16.5009609484592
16.5458020222132
16.7892774786189
16.8799191919192
17.04409219958
17.1108379514407
16.7681538179204
17.1937657460619
17.2685510354918
17.4497542121061
17.3822101502833
17.5438574596136
17.6272357974971
17.9142504152191
17.7839096615734
18.0280314343032
18.3668910642848
18.1953419360353
18.5411519274376
18.562127858978
18.5841577446943
32.922539863541
18.6052390572391
18.3616900739601
18.169370178473
18.0312361946996
17.4989495854513
17.8345824899065
18.2541337315414
999.99
999.99
999.99
999.99
999.99
999.99
999.99
999.99
999.99
999.99
999.99
16.0011286609248
16.1755349100951
16.2534913774573
16.324941338931
16.3551524976703
16.3857297965686
16.3876040441837
16.3915337844347
16.403767637215
16.4488084436171
16.652631100858
16.9532785730117
17.3230612784487
17.6931552267041
18.0393413949905
18.1433800435508
18.0916227687371
17.9319249751681
17.7538275413251
17.6216344053282
17.5804456273793
17.629039122254
17.693357997897
17.8034025219482
17.9274293801878
18.0344141936273
18.2645530600168
18.5927943638927
18.8804336173253
19.6934221304693
19.9334666410519
19.8637450591557
19.6419449815061
19.3874473707105
18.5246711997594
18.2735737524142
18.1683820860883
18.1324925050975
18.1033500310169
999.99
999.99
999.99
999.99
999.99
999.99
999.99
999.99
999.99
999.99
999.99
15.987963002348
16.1958395076954
16.2984627034841
16.3492977850004
16.3830848625026
16.4014100136577
16.3988150513316
16.4017946345606
16.4166940001857
16.4591703458823
16.7058732910058
17.0801348633928
17.5446683349057
18.0121156280338
18.4421878794871
18.5400136940348
18.4353808287001
18.1857850894241
17.9196379073638
17.6914206479216
17.6084339920304
17.6340822879932
17.7255704680078
17.8375566195903
17.9555378998976
18.0720956398598
18.3505636488689
18.6992685120863
19.0249543896239
19.8946465741547
20.1811690497613
20.092781226616
19.8210649930661
19.5287972945865
18.6282259889095
18.3049647687843
18.1688595066915
18.1255492415687
18.0929877578116
999.99
999.99
999.99
999.99
999.99
999.99
999.99
999.99
999.99
999.99
999.99
16.0569588744589
16.2292266896524
16.3467215644613
16.3999616740851
16.3841314210604
16.3891586297191
16.3803719056542
16.3883909761521
16.4076598745537
16.4558622560815
16.7400911082283
17.1569225818718
17.659851200826
18.1701720620592
18.6444366180113
18.7110777941286
18.5669407456885
18.2775657035172
17.9794215087556
17.7089663170112
17.6270441242227
17.6503377565155
17.7525036007917
17.8618015995281
17.9696256416925
18.0859389405768
18.3859134641676
18.7547240175513
19.1037836415485
19.4322472842908
19.7459576160023
19.6493529370623
19.3580426908083
19.0555944391843
18.7368121007294
18.4005496980911
18.2498635801233
18.1951414433321
18.1569796738951
999.99
999.99
999.99
999.99
999.99
999.99
999.99
999.99
999.99
999.99
999.99
16.6336037528094
16.376517907404
16.3930792463494
16.4691995251245
16.3905338077099
16.3746224590672
16.3521030540074
16.3602203582689
16.3859142585164
16.4370877981088
16.7258803075872
17.1286075632159
17.5972417540162
18.0692581427437
18.4940821560682
18.5199029103201
18.37399600869
18.1213774556087
17.8652620524985
17.6463908207767
17.6098981755495
17.6601853536256
17.7696951958892
17.8835342872066
17.995165173078
18.1092480475134
18.4111275210987
18.7666573967979
19.0967255343295
19.4059883911607
19.712637870164
19.5965746034349
19.3180243056985
19.041988419513
18.7496227440141
18.4288458054957
18.2976032996661
18.2427812731754
18.1933048412051
999.99
999.99
999.99
999.99
999.99
999.99
999.99
999.99
999.99
999.99
999.99
15.900532610827
17.5405873427575
16.5910092079153
16.5565939003987
16.401889645093
16.3580202177748
16.3176195283989
16.3227129755943
16.3588096260676
16.4184503424379
16.689530502147
17.0506053065226
17.4766591624269
17.8994666157004
18.2637484285633
18.2878849987862
18.1877738052165
17.9826424629141
17.7796411598035
17.6221979016298
17.6167115637419
17.6751940950328
17.7911794434419
17.9086492983192
18.0222929522268
18.1337491218533
18.3694940660867
18.6190056044011
18.8375226995495
19.0348487466912
19.238895290912
19.143332617544
18.9650468891422
18.8038082567651
18.6307671732527
18.4205521440882
18.3356134587013
18.2841232297434
18.2259308077188
999.99
999.99
999.99
999.99
999.99
999.99
999.99
999.99
999.99
999.99
999.99
15.19946024707
17.8363058795561
16.8172856813615
16.695624336556
16.4483854410578
16.3642886615179
16.2985549941506
16.2960569458166
16.3412043109279
16.4070972541803
16.6538901400428
16.9666696890414
17.3420260815647
17.7074074578399
18.0128315679031
18.0421452205399
17.9922606906607
17.842059849846
17.6968140927693
17.5999865669831
17.6240410245951
17.6911547569517
17.8123296087025
17.9354473816001
18.05286050199
18.1620916624964
18.3333832261
18.501686284408
18.634496229438
18.7449170737515
18.8707016053504
18.816085896896
18.7114317849262
18.6329491281456
18.5492263760041
18.4213009421095
18.3563704846234
18.305268322691
18.2394790908966
999.99
999.99
999.99
999.99
999.99
999.99
999.99
999.99
999.99
999.99
999.99
18.4519997787157
18.1087036343748
17.0227032254673
16.8493183745883
16.5256985310417
16.4091327931514
16.3342176041031
16.3288532286879
16.3841323632739
16.4791409919354
16.7481762269952
17.0747892193236
17.4540183813439
17.8181814420103
18.0848605371416
18.0872584663037
18.0132883757023
17.8479967839501
17.6884477702381
17.5978613566341
17.6263118043266
17.700238837374
17.8254094461727
17.9568426315164
18.0799678340685
18.1900547304617
18.3016475660121
18.3966734406749
18.4500409666937
18.4804381906376
18.5290818080827
18.5142655282355
18.4750733186101
18.4706927465209
18.4677148812007
18.4173400522964
18.3667777312792
18.3214733861417
18.2533806356942
999.99
999.99
999.99
999.99
999.99
999.99
999.99
999.99
999.99
999.99
999.99
18.0465679442509
18.3548384907398
17.2196420850591
16.976749310208
16.6716602637192
16.5394124787218
16.4614277541291
16.4554775550464
16.5184539491638
16.6581097813576
16.9755292395394
17.3632769178075
17.8099132820216
18.2419376884931
18.4989712436992
18.4756135511151
18.3347066865468
18.0750992923338
17.8144831927982
17.6653640744931
17.6520425399488
17.7099063538347
17.8367567623467
17.9789761959812
18.1081068792198
18.2175879257437
18.290002275826
18.33311054263
18.3295811817655
18.3045371606227
18.2984260304721
18.3028012370884
18.3066736498929
18.3503012644223
18.4017546200151
18.4062800603775
18.3695900439348
18.3275342375383
18.2550437112019
999.99
999.99
999.99
999.99
999.99
999.99
999.99
999.99
999.99
999.99
999.99
18.0480545122705
18.4842331695531
17.4308620255467
17.1420205038498
16.9069690955434
16.8040578280034
16.7592484182801
16.7838463586577
16.8181337058651
16.977364222582
17.3197594300954
17.7447670340937
18.23513187171
18.7413597490942
18.9897700667995
18.9305293924825
18.7104087901272
18.3414888422566
17.9622832137704
17.7382282929914
17.6755472028428
17.7138034893287
17.8419390765256
17.9969280639935
18.1331235010158
18.2420027180635
18.2780603265553
18.2722637365919
18.2170421482753
18.1441436222093
18.0905500383311
18.1135798222591
18.1597373972062
18.2464521152004
18.3439700651258
18.3974573484866
18.3748660231278
18.3374860484022
18.2617140632821
999.99
999.99
999.99
999.99
999.99
999.99
999.99
999.99
999.99
999.99
999.99
18.2177696793003
17.5243114278876
17.4274092148079
17.2835198475195
17.1593011960217
17.1259410274574
17.1440770558007
17.2224717713316
17.2325784435725
17.4104460841799
17.7697862167333
18.2296165096284
18.7407930775437
19.3018364621069
19.5217977039712
19.3949431232827
19.0560735449598
18.5748807269795
18.0717430121893
17.7807025822636
17.6878935463194
17.7299699516035
17.8666930780575
18.0435845182297
18.1786216544326
18.2787362681217
18.3088632532351
18.2973503428678
18.2344899426683
18.1712682435826
18.1284714330455
18.153553749826
18.1995530811911
18.2857484917965
18.3731483829941
18.4188126678323
18.3924469082414
18.3576063005316
18.2764488226796
999.99
999.99
999.99
999.99
999.99
999.99
999.99
999.99
999.99
999.99
999.99
18.0586753246753
17.4365682440501
17.4308231849934
17.4219022111948
17.420354051867
17.4633802585129
17.5666833089135
17.7197378712176
17.7174573371798
17.9193992324273
18.2945660877494
18.7857011461568
19.3118166765555
19.9167562596995
20.0918538555452
19.8850562461858
19.4131564917392
18.8020120463298
18.1687015785476
17.8090701309574
17.6841877772132
17.7293515993087
17.8777431365903
18.074503275203
18.2071730887739
18.298705041322
18.3278437670006
18.3161039305538
18.2524485390162
18.2055167585643
18.1784908941913
18.2060968000515
18.2509293560948
18.3334420446504
18.4061153905677
18.4413643436122
18.4120440827801
18.3841648985812
18.3037702716806
999.99
999.99
999.99
999.99
999.99
999.99
999.99
999.99
999.99
999.99
999.99
16.9531018641223
17.3426278583545
17.4137707878036
17.5438818595066
17.6542437454163
17.7738220454987
17.9659727301143
18.2084773486583
18.2107832716759
18.3990704697954
18.6866289983603
19.0674661362896
19.4586460394666
19.9564553720258
20.0229024895579
19.7921266663375
19.3308195146042
18.7334482258298
18.1156983843484
17.7921496786616
17.6792248306541
17.7253844005323
17.8855785580556
18.0988373245986
18.2268867983119
18.3080608373555
18.335950314264
18.3239044227967
18.2778540719119
18.2637405622719
18.2836678330368
18.3422595779555
18.4168969700073
18.4911719206432
18.5449476927722
18.5396467656078
18.4817802444006
18.418030909114
18.3166808141931
999.99
999.99
999.99
999.99
999.99
999.99
999.99
999.99
999.99
999.99
999.99
16.883923872875
17.7582646204317
17.8953160019572
17.6383330118504
17.8110972526216
17.9971474276197
18.2793485510297
18.6158961258463
18.6300960145903
18.7696128250512
18.9358328706235
19.1659678726188
19.3899989656464
19.743772467366
19.7480972960102
19.5401922116072
19.1757797079443
18.6715983096607
18.1569464852969
17.9134760978862
17.850464564082
17.8715272508189
18.0181347736638
18.2172616720924
18.3117458529752
18.35805117042
18.3767574317472
18.3565673870834
18.3189735684319
18.3273773801058
18.3795675599672
18.4644713182527
18.5638574395155
18.627311311097
18.6585937569438
18.6152839860782
18.5316945552008
18.4376844542715
18.3224268420998
999.99
999.99
999.99
999.99
999.99
999.99
999.99
999.99
999.99
999.99
999.99
16.5000847499384
18.1627526659405
18.3249240558516
17.7402809772332
17.8680366263383
18.0151111396301
18.3088418760563
18.6823849712827
18.7687812739921
18.914076023677
19.019678330709
19.1567866860666
19.2716736938482
19.4798554789896
19.4242820752695
19.2362660994318
18.9884464837955
18.6021101046345
18.2240038618045
18.0929284983597
18.1120275505734
18.1058153435868
18.2294691838232
18.3993682311947
18.4474654161004
18.4487717806591
18.4505089090666
18.4163962010928
18.3815072888721
18.4023713292143
18.4736049355665
18.5819098362885
18.7016925792796
18.7489238673714
18.7556737106636
18.6718843556439
18.5590231661077
18.4335351870444
18.3074049613781
999.99
999.99
999.99
999.99
999.99
999.99
999.99
999.99
999.99
999.99
999.99
29.3271391339999
18.2694383763614
18.4525072705916
17.8679267885586
17.9175855697377
17.9788474489059
18.247189234417
18.6249239711785
18.7660759803051
18.9093289333526
18.9837543479418
19.044596503126
19.051861264293
19.1115262556756
18.9945072402194
18.8066288690296
18.6685850799374
18.4323935097934
18.2327924870683
18.2306008228426
18.3441736714498
18.3185693552704
18.4221497981116
18.5571424325885
18.591003345424
18.5825798355191
18.5992973595172
18.5454086214587
18.510248317088
18.5114481508345
18.5676280836498
18.6684059815872
18.8147054566758
18.8491067951322
18.8574903339485
18.7595453384409
18.6414486828229
18.4743237720993
18.330802443941
999.99
999.99
999.99
999.99
999.99
999.99
999.99
999.99
999.99
999.99
999.99
25.9216935683306
18.8778899226968
19.098469795012
18.066370629655
18.0394288418687
18.0125041419988
18.2089301041574
18.537620537037
18.6948327242395
18.8486287763074
18.9142907013366
18.9183624763107
18.8415545783586
18.7772592062375
18.5847224340917
18.4164539743798
18.4328234257365
18.4213143890409
18.4702120650958
18.7055936320988
18.9478362100618
18.904838195253
18.9378664307518
18.9852429722206
18.905363073683
18.8242956902022
18.8142498261574
18.7228119381153
18.6723136657982
18.6862837157556
18.7619558169539
18.869855043526
19.0725494234462
19.143468851658
19.1571435963411
19.0427719998428
18.9268237861713
18.6923470473307
18.4689685288515
999.99
999.99
999.99
999.99
999.99
999.99
999.99
999.99
999.99
999.99
999.99
16.3306020232188
18.9584703804364
19.2286946446806
18.1889937997271
18.1080180461148
18.0088264174511
18.1272313209508
18.379325323672
18.5288974617717
18.7008901257637
18.8026732803782
18.8136053774649
18.7444062701794
18.641623389337
18.4187656533976
18.2873773744375
18.4306818147852
18.6111160883954
18.8923687784037
19.3644834042148
19.6982034625002
19.625510165171
19.5721369634055
19.4941106836324
19.2622740463386
19.1257456904511
19.1029166796881
18.9832766944192
18.9026827415004
18.9177304220833
18.9304696672391
18.965105592839
19.1442860390762
19.2400607855343
19.2445896669507
19.1704897159626
19.1108222546359
18.8737011001029
18.6007706517141
999.99
999.99
999.99
999.99
999.99
999.99
999.99
999.99
999.99
999.99
999.99
28.0102348874341
18.4883336600346
18.8006774775639
18.2777517326274
18.1422201564438
17.9784342532221
18.0237636483855
18.2018493524806
18.3455978292795
18.5597538627859
18.7178671590962
18.7621920682691
18.7134473378985
18.5887179188964
18.3152182279639
18.200574391729
18.378173418178
18.6710989681083
19.1012395101809
19.7426789910462
20.1021221924333
20.073278072249
20.0022370690091
19.8954233941592
19.6095054160782
19.513244587783
19.5323707128643
19.4403001989847
19.3324429805753
19.3521359780438
19.3107783148472
19.2257117292963
19.3338952310207
19.4317539715915
19.4022582544616
19.3345069490111
19.3217812207378
19.0726764191
18.7427014806058
999.99
999.99
999.99
999.99
999.99
999.99
999.99
999.99
999.99
999.99
999.99
16.5413537339549
17.9044518716041
18.2663352101559
18.1496563378623
18.0491603540364
17.9276823533105
17.9677538505625
18.10736257851
18.2319446384892
18.4778850627552
18.6610584650804
18.7104264723641
18.6586429244056
18.5183420169954
18.2031975186626
18.1268330906283
18.3562472766581
18.7664744941676
19.3421995629572
20.1422398449872
20.5098645957311
20.4987428515193
20.3944905608754
20.2708040223091
19.9422088032262
19.899066134184
20.000732337435
19.9732663057442
19.8242394290131
19.8390756014198
19.7364198189499
19.5117494463471
19.5312570659911
19.6406466970778
19.6156099280465
19.5940443654965
19.6613297592004
19.4290472305404
19.0700337782443
999.99
999.99
999.99
999.99
999.99
999.99
999.99
999.99
999.99
999.99
999.99
16.1658377679231
17.6369156584078
18.015701202865
17.9028630641287
17.8377693287552
17.7861653760525
17.8784241384271
18.0421158551893
18.2044445071193
18.5342661366545
18.7543281604364
18.7717010280087
18.6992477556751
18.5325081265827
18.1705603355992
18.1472642103953
18.4624787642027
18.9771334006642
19.7025983215921
20.6727625746172
21.0928604281983
21.1442581727017
21.0409599983103
20.8800407235481
20.4596116209418
20.3540167338713
20.4229008299713
20.4530841994675
20.2855101908946
20.3416487690004
20.2574109756842
19.9758957922785
19.8509578649939
19.9176014719197
19.8284273011541
19.7844097164347
19.8610812122375
19.6722595613425
19.3075062396838
999.99
999.99
999.99
999.99
999.99
999.99
999.99
999.99
999.99
999.99
999.99
15.7638889844186
16.7637998194155
17.062057190181
17.3501098744059
17.3386552566408
17.3858675835651
17.5890556792767
17.84307938721
18.0979245202229
18.4772164864201
18.6991351516638
18.6570474681945
18.5356354621485
18.3217183571133
17.9786637040092
18.0017066466961
18.3559543632132
18.8736132166804
19.6344384882952
20.5677561169149
20.9732289181794
21.0790344003707
21.0666391195515
20.9708946768208
20.6560010147743
20.6151820352045
20.7269034569292
20.8411863101789
20.6752607342031
20.7002261157438
20.5587814359699
20.1921479979219
19.8657423536069
19.7978758036399
19.6437302723347
19.5842770270568
19.6552495626964
19.5574237961837
19.3064259614425
999.99
999.99
999.99
999.99
999.99
999.99
999.99
999.99
999.99
999.99
999.99
15.6839052822903
16.4169013688342
16.6170036268349
16.847198057833
16.8663995624411
16.9887603240283
17.2888306432133
17.6317393055069
17.9736781433498
18.4005233400033
18.6277161945622
18.5358540402278
18.3687794387379
18.1236767396068
17.8104185502607
17.8236826041137
18.1623640304237
18.6254807209092
19.3607905259943
20.1971216058832
20.6572889686445
20.8803674910853
21.0220690955761
21.0441740973166
20.8889185568087
20.8553854174568
20.9558031572519
21.1036313156938
20.9057276422524
20.8653424107748
20.7359808061708
20.3535418437036
19.8950253663128
19.7336633833823
19.556243100584
19.4547422284855
19.4937303219109
19.4586728798006
19.3081406117856
999.99
999.99
999.99
999.99
999.99
999.99
999.99
999.99
999.99
999.99
999.99
15.7366356144823
16.1270280450661
16.2341753305286
16.3926969487567
16.4325356294466
16.6089226152376
16.9783912888418
17.3838446981655
17.7920991855932
18.2549124130214
18.4865313516497
18.3495167691398
18.1571200276463
17.9261184435966
17.6821298709129
17.721382867148
18.1168026900999
18.5842034901216
19.299533477245
20.047530089992
20.5740717293908
20.827694549926
21.0606976059344
21.1094184144488
21.0193672993061
20.8963251711893
20.9183438390692
20.9878692094302
20.7562493670893
20.6737431601174
20.5814213380123
20.2951121169403
19.8399544509176
19.6885198721049
19.5465053310704
19.4582740576029
19.4661342726676
19.4954190779103
19.400302450344
999.99
999.99
999.99
999.99
999.99
999.99
999.99
999.99
999.99
999.99
999.99
15.7432056453032
15.9928785959033
16.0199830915113
16.107044839427
16.1395184734791
16.3155798602009
16.7130704044312
17.151918890328
17.5917561527673
18.0561698927497
18.2985177557034
18.1291866569866
17.9219630346904
17.7210681932114
17.5573008200824
17.6119726254255
18.0038045494897
18.4231539097418
19.0620848084964
19.6734221886335
20.2242746445246
20.5771927267367
20.9622152374564
21.0503024907458
21.0395319805506
20.8640104568659
20.7669616724596
20.7210074620141
20.5444971254074
20.5043686581824
20.4868407033922
20.3464169756103
19.9436320485989
19.7520485488374
19.5330031446522
19.3612151894903
19.2486809679304
19.2558707779966
19.1529468283007
999.99
999.99
999.99
999.99
999.99
999.99
999.99
999.99
999.99
999.99
999.99
15.8220335434987
15.9177749531807
15.8921140027935
15.9243077310954
15.9537221400996
16.1042213964328
16.4420518567113
16.8221951403312
17.2227416516853
17.6181439126097
17.8459754851153
17.7400349717055
17.6055029763036
17.4823087234919
17.4348599190818
17.5191441708479
17.8608776642903
18.200948045375
18.6896685390015
19.0993492686384
19.5444087401621
19.8717788280562
20.3099013819276
20.4842048787194
20.6194247869008
20.5953565980564
20.581428044485
20.4852366799278
20.3296244523957
20.2803541215274
20.2109819074325
20.086743093393
19.7938587835004
19.6390305875799
19.4230736851061
19.2691646563798
19.1412553477046
19.1316856875819
19.0267490779235
999.99
999.99
999.99
999.99
999.99
999.99
999.99
999.99
999.99
999.99
999.99
15.9278985977244
15.9587182747602
15.9325268859814
15.9522170515963
15.9644724563368
16.0693398379851
16.3191266267765
16.6088359223319
16.9442187302146
17.2900292264507
17.5196135008467
17.4936377701657
17.4471478766431
17.410491495466
17.4312875706284
17.5303032621384
17.8239045909507
18.1146155906888
18.4910166364522
18.7972375843894
19.1715196056272
19.4892094119399
19.9486398868164
20.1708587341338
20.3678029030961
20.4695906885846
20.5215480852343
20.3817732333976
20.2559288261034
20.2479501170807
20.129778204449
20.0104618189552
19.8308175441154
19.7355721758097
19.5016489701086
19.3671430301029
19.2348407502602
19.1892638314515
19.0256008001016
999.99
999.99
999.99
999.99
999.99
999.99
999.99
999.99
999.99
999.99
999.99
15.9722865061767
16.0067982514349
15.9932799322269
16.0035831491326
16.0059718038631
16.0739663976161
16.245761202827
16.4547735077136
16.7353070752414
17.0402568012423
17.2743138517254
17.3266664635577
17.3616168749236
17.4000923555659
17.4811521585507
17.6213800838583
17.8919873248793
18.1599939669717
18.4070431280647
18.5775755672788
18.7792718580963
18.9880440278372
19.3737878325095
19.6349342805989
19.8989896058232
20.1958433706194
20.384931518545
20.2696177628529
20.2316536276503
20.3205515708089
20.1604189042067
20.0525430453476
19.9946062812157
19.9207678123805
19.6312789079334
19.5022554617507
19.3515187615214
19.2556978084408
19.0385543203881
999.99
999.99
999.99
999.99
999.99
999.99
999.99
999.99
999.99
999.99
999.99
16.0398777496216
16.0455691148431
16.0446157213549
16.0624656237959
16.064922475508
16.1092645488916
16.2213267052862
16.3667624817802
16.6053371362913
16.8766865381198
17.1175083113276
17.2441275687439
17.3474781077438
17.4000307763515
17.4762064282425
17.591734564477
17.7723441861563
17.959057811621
18.114620815804
18.1901223648525
18.256639067238
18.4141683664678
18.7419403502822
19.0470030766149
19.38589884203
19.8930535993957
20.22703867672
20.2306116346187
20.3230199376543
20.5036554547773
20.291184956762
20.1474301409033
20.1208839272814
19.9323725677502
19.5444349062854
19.3851105555561
19.2088800949171
19.0522128801373
18.8786733883537
999.99
999.99
999.99
999.99
999.99
999.99
999.99
999.99
999.99
999.99
999.99
16.1398981276177
16.0819663708772
16.0916586950641
16.115118215336
16.1197651130063
16.1527936832375
16.2218560707108
16.3227904074439
16.5384455277873
16.7923152914872
17.0491379683696
17.2535663173009
17.4331062853749
17.5086924482083
17.5915482710843
17.6792194714351
17.8014531712855
17.9226505911815
17.9958442569577
17.9911328577855
17.9454227689283
17.9916514869704
18.216105136042
18.558956523108
18.947864682074
19.6017846284329
20.0790442786442
20.1948569764236
20.2957963727398
20.4597215215324
20.1732725594277
19.9616732343475
19.9457902398483
19.7514225888871
19.4037740774742
19.3061361871787
19.1928119717357
19.0425499524254
18.9304002609259
999.99
999.99
999.99
999.99
999.99
999.99
999.99
999.99
999.99
999.99
999.99
15.9106306846464
16.1271311265366
16.138088455794
16.1555459597026
16.164083309467
16.2001312526667
16.2694391112036
16.3713911699412
16.5772053508795
16.8385436147875
17.1224846372241
17.3597947482602
17.5715662271189
17.6861079636123
17.7717554088811
17.8194254967387
17.8963026349451
17.9562465138724
17.9603493058766
17.9284779818374
17.8691127270914
17.8989883652807
18.0915960080891
18.4407146753959
18.7740007916137
19.3877715257335
19.8234659195724
19.9660075790044
20.0906298243937
20.296164756982
20.0484464398875
19.8870983209423
19.896095274461
19.6728282124464
19.3399452676985
19.2358914690152
19.1115176878559
18.9301819667917
18.8430651364238
999.99
999.99
999.99
999.99
999.99
999.99
999.99
999.99
999.99
999.99
999.99
16.0343800247371
16.1711303982643
16.1748551110738
16.1852935870673
16.1945212380704
16.2325157675742
16.3096516647406
16.4198530320556
16.6212209997672
16.9012170839911
17.2352354960208
17.5206602920983
17.7939272901298
17.9810005516474
18.0977712268885
18.1128990578108
18.1518741144547
18.1367109339746
18.0570882160116
17.9823722307688
17.9019986778868
17.8868358293412
18.0293560554066
18.3577269264983
18.6107734727406
19.1088364967894
19.4735614355032
19.6069395110459
19.7252850960821
19.9368638635719
19.7908024870062
19.7137723770064
19.7847562649785
19.5698239563504
19.292603650708
19.1721157398478
19.0320240184535
18.8148740596487
18.7538789840262
999.99
999.99
999.99
999.99
999.99
999.99
999.99
999.99
999.99
999.99
999.99
16.3176065256849
16.2076919345502
16.202162481684
16.2084238191003
16.2175240536374
16.2560052565281
16.3387024527344
16.4549801043237
16.6550103868026
16.9642024666174
17.3702383993899
17.7367138281673
18.1139533238461
18.415840577166
18.5692961379412
18.5349652346969
18.5062826056587
18.3879953723898
18.2097781555287
18.133041275964
18.094656961031
18.1016290812496
18.2278346884274
18.5255174933655
18.6615629046392
18.9922320776026
19.2325196911855
19.3270616386506
19.3893343441675
19.5552812714569
19.4646888737873
19.4252914633952
19.5075865492927
19.3322184077568
19.1438574597346
19.0387842354642
18.9156481041622
18.6968972346928
18.6575859928059
999.99
999.99
999.99
999.99
999.99
999.99
999.99
999.99
999.99
999.99
999.99
16.3428715778995
16.2445712971348
16.2328044811518
16.2259754372883
16.2347095127783
16.2731141224711
16.3587221801757
16.4793107079473
16.6895044611292
17.0478035069871
17.5459928432195
18.0170786738579
18.5256606926652
18.9781076177629
19.1871292629598
19.1222628397454
19.0421696754101
18.832765499295
18.5110497995047
18.3976001956083
18.3743295746286
18.3781505334577
18.4777447638429
18.7564214493022
18.7902464513866
18.9768585852337
19.1167884402231
19.1625992171685
19.1477095653561
19.2645385967121
19.1898144438679
19.1458099788603
19.2127416778264
19.1311722117359
19.0406111544258
18.9790419789056
18.9005210691402
18.7118192923163
18.6453575456715
999.99
999.99
999.99
999.99
999.99
999.99
999.99
999.99
999.99
999.99
999.99
16.347301780875
16.2685901374918
16.254828252911
16.2400942963724
16.2483825215713
16.2866553397555
16.3733565323658
16.49563816091
16.7198959157511
17.1356565606852
17.7179297419758
18.2875734299204
18.9129506154047
19.4890761123032
19.7170953037376
19.6124812210911
19.4661719076295
19.1764980071873
18.7295599107666
18.5890886493655
18.5872771004082
18.6111894906563
18.686213308759
18.9319096013253
18.8833545739619
18.943706073465
19.0181502511235
19.0572596052961
19.0597261746627
19.1990623856159
19.182599124118
19.11186258178
19.1185378751824
19.0482288367197
18.9762212253197
18.9164504617172
18.8746303734484
18.7474111727
18.6597246445762
999.99
999.99
999.99
999.99
999.99
999.99
999.99
999.99
999.99
999.99
999.99
16.3265784374356
16.2748769919131
16.2647961918131
16.2542888731873
16.2617954581478
16.2985693172286
16.384973732886
16.5000399759289
16.7380875663639
17.1870344265816
17.8214493393929
18.4493133752365
19.1798610696763
19.8593665030199
20.1349133866468
20.0321480430965
19.8711197238613
19.5249229680876
18.969473798962
18.7328169072876
18.6808099184474
18.6535110523247
18.6514405489724
18.8324917411632
18.7967076005239
18.828022441941
18.935523666657
19.0344581935167
19.1084697982048
19.2560777891341
19.2756317029842
19.1497336188139
19.0906467713558
19.0106695711659
18.9394326214905
18.8859244115978
18.8898232038649
18.8375288466055
18.7571738021499
999.99
999.99
999.99
999.99
999.99
999.99
999.99
999.99
999.99
999.99
999.99
16.3041019201472
16.2791849748003
16.2748923650984
16.2689464474195
16.2753682136201
16.3061246074696
16.3755139160027
16.4691708487997
16.7027182855772
17.1500126511017
17.7827234315354
18.4320843616858
19.2185657883409
19.9572131670693
20.2767262174191
20.2163159501283
20.0730737192418
19.7172905521246
19.0946162933142
18.7737919306939
18.6602936238513
18.5867806323582
18.5025267124866
18.6302122154464
18.6151842466979
18.6551541437464
18.7984468277559
18.9765672442867
19.1366419509389
19.3255761234558
19.3655815083009
19.1990481781633
19.0792622877388
18.9866018146912
18.9037055029428
18.8621246485093
18.9090458287933
18.9274565921731
18.8412703713534
999.99
999.99
999.99
999.99
999.99
999.99
999.99
999.99
999.99
999.99
999.99
16.278752481079
16.2872714811079
16.2876655189623
16.2852928797847
16.2888691047889
16.3111878536261
16.3614806112236
16.4327292807599
16.6514907114882
17.065745485145
17.6562209396386
18.2721093637295
19.0513362950561
19.7894335118081
20.1632872524418
20.1763653216626
20.1030409792841
19.7659155719714
19.1235304746246
18.6923560129346
18.4720316937467
18.3040488087239
18.1660313679625
18.2575509050782
18.302697343587
18.4134575697121
18.6474326798451
18.9076140123461
19.1905148056131
19.4741929552259
19.5618732944992
19.3861801187087
19.2563753571037
19.1449910063512
19.0310753329284
18.9944480658131
19.0773374336022
19.1382586030091
19.0302573374892
999.99
999.99
999.99
999.99
999.99
999.99
999.99
999.99
999.99
999.99
999.99
16.2823591866902
16.3034517233641
16.3053447405479
16.3053199339496
16.3056045628459
16.317879829062
16.3480246601892
16.395348894938
16.5718885765896
16.9035525926941
17.4020128925846
17.9454560620342
18.6881877082226
19.4357443322891
19.9337538204661
20.0942363114438
20.1427001084404
19.8537456285028
19.2212885461955
18.6627514256958
18.3076882659425
18.0257448717085
17.8352903270784
17.8809973971174
17.9771310604944
18.1300649787935
18.4288805996461
18.7322309494007
19.1206142167154
19.504268119556
19.7018034700334
19.5783992883899
19.5179991398971
19.4259467319177
19.305408191112
19.280142111791
19.411153589519
19.5091746833369
19.3852931337188
999.99
999.99
999.99
999.99
999.99
999.99
999.99
999.99
999.99
999.99
999.99
16.2930555555556
16.3214497831598
16.324635564455
16.3235663223119
16.3199533969974
16.3208650370805
16.3302315521324
16.3533617985298
16.4757950754761
16.7053357172368
17.0891432996007
17.545304144165
18.2464806351407
19.0138075773257
19.6665111712083
20.0176333071006
20.2298397787775
20.0059830836375
19.4032304730264
18.7298517093111
18.2340614001663
17.8086192485635
17.5538964238405
17.5381364565979
17.6554174992221
17.8558233354874
18.1745640618015
18.4725079104714
18.9196672950108
19.3765948993644
19.6168873359126
19.6132760810918
19.7121490120214
19.6627764037491
19.5482521099843
19.5650739397224
19.7143518236877
19.7810799436447
19.6855437523506
999.99
999.99
999.99
999.99
999.99
999.99
999.99
999.99
999.99
999.99
999.99
16.3161991266573
16.3330410771622
16.3455970639809
16.339506284658
16.3316792837951
16.3209399389326
16.3095073513156
16.3131100616717
16.3900467929582
16.5381806288127
16.8216146878994
17.2065368183783
17.853991288621
18.6215052584619
19.3876136343447
19.9096941980072
20.2653368059002
20.127296933515
19.5766691608869
18.8516156401507
18.2520305077212
17.718199587247
17.4160803278856
17.3714914208563
17.4761302912719
17.708871451891
18.0310305254437
18.3117871168786
18.7500199949091
19.2618375521022
19.5268502009855
19.624794649764
19.8679310152661
19.9205877364033
19.8585514517458
19.9526036859803
20.1623741949018
20.2068088318304
20.1083054691839
999.99
999.99
999.99
999.99
999.99
999.99
999.99
999.99
999.99
999.99
999.99
16.3714120648999
16.3409424271023
16.3622044322749
16.3463952202236
16.3370654158112
16.3191723406485
16.2970345890023
16.2889411244331
16.3305981911085
16.4162347974157
16.6269566435372
16.9522016269387
17.5566063917797
18.3251881128098
19.1760755407174
19.8196376169734
20.2876715207084
20.2128869824506
19.7073003380272
18.9548949891433
18.2867586521644
17.6695658266549
17.3397498148552
17.2741688329823
17.3754412083967
17.65492846072
18.0025125177166
18.281461677932
18.7219663347195
19.2842731052449
19.5586096043527
19.7319439699956
20.1099384578815
20.2726492714387
20.2645207945971
20.4498887323716
20.7419664346566
20.7669885147255
20.6552707522013
999.99
999.99
999.99
999.99
999.99
999.99
999.99
999.99
999.99
999.99
999.99
16.4402272727273
16.3258503853722
16.3515883329623
16.3385364121722
16.3306686066492
16.3093851317864
16.2815823846268
16.2655781025077
16.2786628696066
16.3194012156067
16.4643778196815
16.7408839439713
17.3115309656093
18.079670592398
18.9653531575593
19.7004397499347
20.2437466682315
20.2232087053588
19.7658290721622
19.0503431308393
18.3708408618118
17.725190868208
17.3617550393729
17.2629364328006
17.3296610788243
17.6063929743078
17.9470681305432
18.2390435854566
18.6725645311656
19.2545879866373
19.5385538216008
19.7701193634411
20.2440839632731
20.5156651753844
20.5732672287052
20.8496335919032
21.2286468509588
21.2555098320679
21.1483840935518
999.99
999.99
999.99
999.99
999.99
999.99
999.99
999.99
999.99
999.99
999.99
16.5515540723311
16.2878381058865
16.3215314379581
16.3168329731266
16.3106641835149
16.2889524373183
16.2598348151098
16.2398651703482
16.2402679047787
16.2640826899612
16.3702897167469
16.5983639801425
17.1117416225448
17.8188836817445
18.6284980347255
19.3425473862152
19.9001161857551
19.9223077491159
19.5381098586548
18.9412888858191
18.3371566055808
17.7245690920614
17.3612102419736
17.2533300990737
17.3003998106711
17.5836888623897
17.9386315510721
18.2686429161523
18.695301329163
19.2670007636986
19.5454385615722
19.8003696848089
20.3239099188418
20.6912524972482
20.8269897717403
21.1694945085416
21.6138617365543
21.6385045820212
21.5287727045677
999.99
999.99
999.99
999.99
999.99
999.99
999.99
999.99
999.99
999.99
999.99
16.2126588131187
16.2419201047153
16.2824447195486
16.2871841184729
16.2833662300523
16.2642503996286
16.2373242468354
16.2166633834157
16.2127698716114
16.2317198888691
16.3146225364432
16.4908652044853
16.9230313682468
17.5250734341738
18.2021431515192
18.8296934482119
19.3512668765299
19.4168200994019
19.1337608410107
18.6946675366307
18.2113745388204
17.7033766577222
17.3730575003423
17.2767825404649
17.3172413159664
17.5903943373093
17.9607542334358
18.3410342428739
18.748730769262
19.2839992097921
19.593523895626
19.824242745899
20.3293816610658
20.8070315745809
21.0664607645273
21.465501424338
22.0102656318276
22.1048567286502
21.9812943535976
999.99
999.99
999.99
999.99
999.99
999.99
999.99
999.99
999.99
999.99
999.99
16.0360319697724
16.2095378768243
16.2404167649403
16.2546183065927
16.2544573835236
16.2407381996182
16.2200452971835
16.2032902803445
16.1995489064798
16.2180520719912
16.2839285141512
16.4154353920864
16.7714783585111
17.2538785752023
17.7809767479314
18.2889095321889
18.737975937783
18.8069949540471
18.6241363121466
18.3447123061036
18.0096433773017
17.6356850432038
17.3805902949253
17.2951592210083
17.3312140738227
17.577701870019
17.948902841065
18.3547465558637
18.7705137862609
19.2681365151789
19.5944362931968
19.7850432157341
20.2365699156441
20.7423457357363
21.0668539607461
21.4846782976974
22.0808229452251
22.2445312424963
22.1381634896088
999.99
999.99
999.99
999.99
999.99
999.99
999.99
999.99
999.99
999.99
999.99
16.030906086751
16.1833682289536
16.2076091392532
16.2308051049188
16.2329633443806
16.2243938205711
16.2115850153005
16.2020286798793
16.2020753070134
16.2243167695109
16.2774790237432
16.3726745498664
16.6580153580615
17.0275899742826
17.4149667504941
17.8119295857608
18.1868255008687
18.2599172679649
18.1744985128909
18.0430600036927
17.8471051703549
17.604566282643
17.424950368725
17.3495856938076
17.36683781103
17.552475573013
17.8910694928144
18.2855976878324
18.678614453592
19.1222654652386
19.4672092521645
19.6166507524372
19.9905788664914
20.479076847862
20.8465064463513
21.256690540823
21.8698966620858
22.1096065066864
22.0620836873743
999.99
999.99
999.99
999.99
999.99
999.99
999.99
999.99
999.99
999.99
999.99
16.0962694641789
16.1785172172966
16.2017526727625
16.2207804755422
16.226432814436
16.2244163355996
16.2199593182611
16.2181108296504
16.2227243312206
16.2500336266344
16.3024658529168
16.3772418928039
16.5938579134241
16.859774593571
17.1272773974069
17.4107650229414
17.7016666471636
17.7875709374604
17.7932307552331
17.7802986278273
17.7059492069448
17.5834088643191
17.4780396525034
17.420305787192
17.4305215186713
17.5605172684193
17.8513818758028
18.1981564902472
18.5406264624862
18.9089571751766
19.2579504894564
19.3771602757465
19.6754206221684
20.115694163846
20.499299441021
20.8641040543182
21.4437793956743
21.7365430094799
21.759465563993
999.99
999.99
999.99
999.99
999.99
999.99
999.99
999.99
999.99
999.99
999.99
16.2475648118819
16.1846140053409
16.2087043176051
16.2231854575702
16.2366205060219
16.2431935651722
16.2465782376263
16.2517402514422
16.2602775596818
16.2916746255225
16.3626959856606
16.4536058136621
16.6505149657808
16.8766410906368
17.1000950807028
17.3064432374979
17.5173476948814
17.5942481935433
17.6404982239727
17.6749871606103
17.6716414438497
17.6358920013126
17.5839937941036
17.5378015714019
17.537485055616
17.6196395661874
17.8632192193658
18.18303544858
18.5030281083376
18.8333239646399
19.1762350563771
19.2871680662642
19.4784876420773
19.8098130444911
20.1339680412057
20.4251962074634
20.8785003351945
21.1628817847691
21.2199747674737
999.99
999.99
999.99
999.99
999.99
999.99
999.99
999.99
999.99
999.99
999.99
16.3199624819625
16.1908279111607
16.2204065545302
16.2367476896538
16.2603067305315
16.2756552758808
16.2863142732264
16.2983484893401
16.3108737698753
16.3463112957576
16.441586549883
16.5639505191722
16.7704718198772
16.9990826855621
17.2219114853823
17.3778121659287
17.5235024873016
17.56161782594
17.5869707504164
17.605644084984
17.628381940076
17.6302200090377
17.6297854173283
17.6178773934759
17.6348096153862
17.7036232330654
17.9246285119333
18.2188574179197
18.5240955430315
18.8294018459387
19.1372290987544
19.2767671816221
19.4054630834044
19.6245601356517
19.8505642193698
20.0612763887518
20.2810978978004
20.4327874519303
20.4339520664176
999.99
999.99
999.99
999.99
999.99
999.99
999.99
999.99
999.99
999.99
999.99
16.2496884373853
16.1862978178305
16.2335130117609
16.2610038833063
16.2929051730351
16.3141960136396
16.3282233284482
16.3438460849008
16.3588729481911
16.3953509547856
16.5153563619737
16.6716388718822
16.8962830672545
17.1468690168266
17.3913262790259
17.5175328267006
17.6152935793837
17.6235722505614
17.6127939008436
17.5985531567274
17.6234299703382
17.6414753343574
17.6693150263399
17.6931207800697
17.7299073233941
17.7934654676382
17.9950079718862
18.2710415054505
18.5501650043721
18.8312548411611
19.1161337935546
19.3039822671065
19.40294933578
19.5529769347211
19.7107152732613
19.8570884857645
19.8601368339565
19.872238030905
19.8006371560939
999.99
999.99
999.99
999.99
999.99
999.99
999.99
999.99
999.99
999.99
999.99
16.1544223217742
16.1677316191039
16.2351766512525
16.2765808721816
16.3175214747803
16.3448796688545
16.3600379928383
16.3762062448209
16.3922216688484
16.4269849300545
16.5759662574131
16.7738400435037
17.018788280337
17.2945662081368
17.5659720485333
17.6544003803763
17.6920542506477
17.6722609949238
17.6223016637156
17.5707112248165
17.5981619132087
17.6338912669373
17.6829111982252
17.7395848268505
17.8043512655972
17.8814099906477
18.0792678991988
18.3537114502916
18.6200668182265
18.8822447197344
19.1436677961641
19.3861494033749
19.4748015618232
19.587110953729
19.6945917931633
19.7910219182173
19.5926476965231
19.457944617221
19.2875453254863
999.99
999.99
999.99
999.99
999.99
999.99
999.99
999.99
999.99
999.99
999.99
16.0016333234452
16.1338158523275
16.2284143982795
16.2911153774463
16.3311366188984
16.3588746606104
16.3728376871539
16.3874398032651
16.4042735907112
16.4357131392183
16.6138755444911
16.8524247160684
17.1327755964851
17.4460101179359
17.758536831166
17.8209385506683
17.8151942672006
17.7571287132188
17.6603046754273
17.5632929031347
17.5850885156019
17.6266846404237
17.6915429364649
17.7738711625284
17.8625385909891
17.9580165161717
18.1644435095256
18.453410492796
18.7244480351745
18.9846683302327
19.2288114106897
19.5229588495678
19.6134461762109
19.7135167737959
19.7954372473071
19.8734141863027
19.5108128992267
19.2417298418039
18.9592214519491
999.99
999.99
999.99
999.99
999.99
999.99
999.99
999.99
999.99
999.99
999.99
16.0386993227446
16.144583542903
16.2609731836569
16.3604571151636
16.3538693485355
16.3761724623995
16.3829582307289
16.3954425571349
16.413540276966
16.4392111569623
16.6091503773374
16.8468210707101
17.1218871699359
17.4245771306958
17.7335872903264
17.7959376183708
17.7813611470089
17.7168616070843
17.6153659610087
17.5146050824832
17.53613797607
17.5851047535898
17.6695222259402
17.7765850292539
17.890438938447
18.0045980050849
18.1921334786507
18.4269216963267
18.6372800690875
18.8314838600014
19.0099528697779
19.3068649315828
19.4438014596611
19.5839103197973
19.697973516471
19.800410741532
19.4107120246827
19.0901444350297
18.7624333289075
999.99
999.99
999.99
999.99
999.99
999.99
999.99
999.99
999.99
999.99
999.99
15.8336692811641
16.4227578827159
16.4466409205106
16.4549718768201
16.3859004177416
16.4061082784214
16.4123176799571
16.4320711217558
16.4641775528549
16.4998156884395
16.642711568467
16.8615331767388
17.1120957941859
17.3820305852216
17.6645896436358
17.7320183800078
17.7148343206171
17.6611687918958
17.5788673105063
17.497527276221
17.5286904355407
17.5913395716401
17.6827720004894
17.7943782945205
17.9134124253948
18.0302450258001
18.1908365566423
18.3746596886181
18.5288049652892
18.660592957506
18.7850753821185
19.022494470806
19.1484580673146
19.2875118626364
19.4091748904041
19.5093335791921
19.2062516820159
18.9443152996205
18.6670987367017
999.99
999.99
999.99
999.99
999.99
999.99
999.99
999.99
999.99
999.99
999.99
15.375421621223
17.5600550881952
16.6580713208392
16.7311321155049
16.5661152649614
16.5464508894384
16.5181107980277
16.5121393790816
16.5265840506588
16.5677905335039
16.6905167421906
16.8923476023844
17.1225764772248
17.3792205011357
17.6538849214603
17.7307210555019
17.7244068966926
17.6929853330287
17.6095727399153
17.5291372023068
17.5594614862679
17.6209766639894
17.7043494554424
17.8210319577296
17.9442708517208
18.0624515317395
18.1955713181831
18.326785641601
18.4253670383033
18.4961827648003
18.56543047158
18.7393809717334
18.8518346249691
18.9821257697882
19.1066869424276
19.2045528032188
18.9909592751572
18.7913755566202
18.571350078327
999.99
999.99
999.99
999.99
999.99
999.99
999.99
999.99
999.99
999.99
999.99
18.4519997787157
17.9420588028539
17.0083179353046
17.0491729599751
16.7727712897389
16.700836528598
16.6315566781391
16.5969768758062
16.5932498907245
16.6423176141985
16.7397520290126
16.9134268885268
17.1221406640121
17.3654990501232
17.629927529559
17.728938790788
17.7555681867353
17.7473650071312
17.660589609517
17.5793752762366
17.6011566762426
17.6503248143604
17.7249643101535
17.8484522498822
17.978098202761
18.0992032984265
18.2063650987949
18.2854741306238
18.3290016333684
18.3376502678804
18.3465212800099
18.449008849283
18.5415996845458
18.6552675503764
18.7791397748877
18.8757924956669
18.7568019567057
18.6223956830912
18.4631632793691
999.99
999.99
999.99
999.99
999.99
999.99
999.99
999.99
999.99
999.99
999.99
15.2446993746994
18.3616421705211
17.3988868241177
17.4067594841491
17.0251429000731
16.9004388056091
16.7860119482271
16.7505063851082
16.7607476882471
16.8574430014649
16.9653057070922
17.1390056497702
17.2979404704034
17.4983740487658
17.7409014925791
17.8501523006346
17.90455379024
17.9358591429808
17.8579146666404
17.7401389505997
17.7216158351021
17.726252519402
17.7649272120288
17.8718854763287
18.0108427834931
18.1366989365393
18.2194686176413
18.2481023260921
18.2378400325297
18.1865967265584
18.1336058039121
18.1614347300107
18.231418018591
18.3246790247984
18.4414028675998
18.5349437867535
18.5102131694412
18.4379283745979
18.3690017375915
999.99
999.99
999.99
999.99
999.99
999.99
999.99
999.99
999.99
999.99
999.99
17.7539294203022
18.7295109582027
17.7463673864521
17.700116632719
17.3006685911265
17.1328032522265
16.9850863572394
16.9539632601767
16.9810865003691
17.1325303788113
17.2664711745745
17.4548850858107
17.5797112439314
17.7583681116829
17.9948616353241
18.1063637262888
18.1756063085991
18.225232012351
18.1258754459918
17.9384485110847
17.8609481974706
17.8069542688601
17.800771941637
17.886977246864
18.0331452824726
18.1619849573075
18.2407267164496
18.2624506762422
18.2421359232161
18.1770649110608
18.1063269659554
18.0905901042058
18.1248134139651
18.1852522855865
18.2781985359385
18.3548118971793
18.37283699722
18.332690707394
18.3224612280024
999.99
999.99
999.99
999.99
999.99
999.99
999.99
999.99
999.99
999.99
999.99
17.7847044964327
18.8180388338779
17.9406549443153
17.9730390548212
17.6054624224387
17.4071918393508
17.2348474398323
17.2109573260879
17.2481903438196
17.4078602300154
17.5805146245842
17.7921092402647
17.8974006288492
18.0690042175764
18.3321452603248
18.444467610916
18.5264281977139
18.5733607922348
18.4344019984521
18.1580496796848
18.0078134905095
17.884858365171
17.835499375437
17.9017508216541
18.0565894579733
18.1871244973303
18.2626488055959
18.2796250973552
18.2543398029813
18.1825538549343
18.1301192720781
18.1313605079947
18.1861255503952
18.2656426932451
18.3830295797431
18.4366087912328
18.436178813568
18.3716651758316
18.3652565194782
999.99
999.99
999.99
999.99
999.99
999.99
999.99
999.99
999.99
999.99
999.99
18.042726330359
17.8948282264959
17.9295593530905
17.8869552141572
17.6396300356408
17.5102230801482
17.4169045963255
17.5033274668527
17.6416135537087
17.8272196923094
18.0295470597634
18.2433377489289
18.30221896442
18.4120684348138
18.6535014227814
18.7461616229488
18.8112352405098
18.8173021419731
18.6612067295183
18.3152247904589
18.1077904631018
17.9416633855012
17.8835423494326
17.9349686871831
18.106165168532
18.2297967263576
18.2958113776037
18.3050386087022
18.2711518354463
18.1865063458439
18.1543039954528
18.1719470812039
18.2419024570906
18.3370801066393
18.4785653595522
18.5109010203695
18.4946104493578
18.411683976534
18.4145259103805
999.99
999.99
999.99
999.99
999.99
999.99
999.99
999.99
999.99
999.99
999.99
18.0412707345564
17.7632242098547
17.8741915636431
17.8738193906007
17.7494901017931
17.687406261907
17.6672976453095
17.8567106303224
18.1083041419848
18.3239814626551
18.5500312064984
18.7570584369615
18.7554403214476
18.7869100314555
18.9923891174291
19.0635256201259
19.104533804011
19.0639248131557
18.8908156245113
18.47390095014
18.2024551522027
17.9910950717073
17.9234094374757
17.9565361103413
18.1412145421549
18.2564352850253
18.3143241482504
18.3205091955971
18.2819864099284
18.1916437528929
18.1891557850998
18.2302059077183
18.3172402735793
18.4336667394181
18.600245701368
18.6087062764263
18.5727257497213
18.4732745237253
18.4854965138778
999.99
999.99
999.99
999.99
999.99
999.99
999.99
999.99
999.99
999.99
999.99
17.2013068390415
17.576326175774
17.7490499442517
17.8120516375462
17.8190830736349
17.8371469708231
17.9058957404078
18.1542295894528
18.4854553311256
18.6814929836322
18.8767903244246
19.0244478451591
19.013695764799
18.9847518864913
19.130989428156
19.1705818816098
19.1694822305467
19.0325165406987
18.814487258317
18.39872041764
18.1259590557303
17.9346983512346
17.909395605386
17.9731997835324
18.1686635774362
18.2742429812416
18.3253876368195
18.3316230767113
18.2919548808807
18.2010758560662
18.2344657150609
18.3325696331149
18.4659808458048
18.6338142646377
18.8523396162294
18.862380883267
18.7748307923974
18.6322865741358
18.5646934358884
999.99
999.99
999.99
999.99
999.99
999.99
999.99
999.99
999.99
999.99
999.99
16.8919472659229
17.463755839332
17.7180126132747
17.8403549951626
17.9081762278419
17.9734125826447
18.1027229802207
18.3866859984922
18.8003965306498
18.9754976954715
19.1474993669544
19.2398450138035
19.2119780173907
19.1509609913208
19.2670165319708
19.2923175205629
19.269751842248
19.0830129762002
18.7996655496884
18.3713641987936
18.0869671829456
17.9016450207104
17.8927293309804
17.9935027750989
18.2012302185279
18.2992588382536
18.3449413137382
18.3492009139548
18.3041419794525
18.2075610915613
18.2726296391764
18.4234305795338
18.6009767601372
18.8192989233945
19.0902841083832
19.1006380805372
18.962845024979
18.7793532015695
18.6369018133053
999.99
999.99
999.99
999.99
999.99
999.99
999.99
999.99
999.99
999.99
999.99
16.212591659083
17.5005344841074
17.810497275126
17.9667573636769
18.0120839477006
18.0579972194895
18.1871072498095
18.4682330996257
18.9526992761779
19.1758126245214
19.3661412678217
19.4621660366496
19.4836776249578
19.4182865513482
19.4964341452784
19.5153723238638
19.4459300903659
19.1705871079055
18.80425476509
18.3524061685415
18.0426793297489
17.8636146625283
17.8748859805698
18.0137005156992
18.2314200242767
18.3218050638176
18.3620250334315
18.3650909067455
18.3255227743968
18.2340692870544
18.2860504078184
18.4459188953421
18.6245170795807
18.8279279806883
19.0836507954509
19.1337472096087
18.9841456748788
18.7978012005576
18.6322783854499
999.99
999.99
999.99
999.99
999.99
999.99
999.99
999.99
999.99
999.99
999.99
16.202607022607
17.6907286427469
18.086195428809
18.2797190251974
18.2429687124635
18.1983660313966
18.2355565872569
18.4200559476305
18.8924062664088
19.1453964125274
19.3517564681402
19.4748933258759
19.5665735822203
19.5271117076014
19.5793943384201
19.5982762580589
19.4998242315235
19.1829396161987
18.7586973189962
18.3168502773052
17.9955883510263
17.8381525637437
17.8644116462991
18.0427395217042
18.2664705795658
18.3812345551759
18.4125039795502
18.4095381931376
18.3734182895465
18.2905592873198
18.318378283987
18.4937365707116
18.682003644786
18.8768742775487
19.1122697881078
19.1911474017047
19.01819499204
18.8160523292305
18.6173184714161
999.99
999.99
999.99
999.99
999.99
999.99
999.99
999.99
999.99
999.99
999.99
16.8257780526352
17.7635271233867
18.1922974413112
18.4291774875499
18.3709775518346
18.3006102872156
18.2675008604513
18.3725824713943
18.7971091394273
19.0780330137085
19.307138133481
19.4879188604413
19.6795251398454
19.6972342953808
19.704768498786
19.6943762392627
19.5435819801551
19.1828436661899
18.7019252238637
18.3017518707465
18.0011062097509
17.9077424606319
17.9606300423499
18.1854885521802
18.4158308532197
18.5565707613773
18.5452203198451
18.5134876151774
18.4630126692134
18.3708365469866
18.3566361744092
18.5777078064278
18.8072167790253
19.016067458329
19.2551849955256
19.3888071714464
19.1603902788657
18.9088418677171
18.6489527290112
999.99
999.99
999.99
999.99
999.99
999.99
999.99
999.99
999.99
999.99
999.99
16.6318401854952
17.8148655903786
18.2843323165814
18.5393910077556
18.4581361939146
18.3772094020697
18.2893930306425
18.3572562686318
18.7370333089715
19.0608264491988
19.2949875859805
19.5174635474318
19.735817296117
19.8105601776495
19.794259316448
19.7913028590399
19.6299915447526
19.2892819713276
18.7827805578143
18.4044496464544
18.1017571767562
18.0433399632407
18.0979698477221
18.3450050260646
18.5820793762219
18.7508777509448
18.7039577354257
18.6492123417254
18.5961975433579
18.5061154773916
18.4608187984496
18.6725835484582
18.890219637821
19.035470915447
19.2019859387359
19.3150900003179
19.0745426000602
18.8151154914185
18.5821897998478
999.99
999.99
999.99
999.99
999.99
999.99
999.99
999.99
999.99
999.99
999.99
16.598037456027
17.6725543966738
18.1241734871522
18.4152907421746
18.3833205664677
18.3724667922254
18.3078721970166
18.4107561609005
18.7738788372525
19.1187898072344
19.3291853744576
19.5674306742257
19.7970369525156
19.837429742131
19.7352286943534
19.6861564841978
19.4621210483314
19.0760567181547
18.6214582066226
18.3681967398423
18.1580623639162
18.2260641585839
18.3760547371613
18.6652039750156
18.870972181635
19.0349285189162
18.920254434127
18.8129389868811
18.7324620300422
18.6503013356473
18.5764321609022
18.812334915094
19.0511020078178
19.162294053644
19.2845477071696
19.4344406831293
19.1770194419138
18.9042518452902
18.6925877222704
999.99
999.99
999.99
999.99
999.99
999.99
999.99
999.99
999.99
999.99
999.99
16.4470414448114
17.2774145416851
17.6986041646701
18.0191500595295
18.1042293662224
18.2409190299739
18.2732754385378
18.4793932658515
18.8582006482008
19.2057639916724
19.3689037345759
19.5663219567348
19.6534821191529
19.5851847202992
19.3398626213301
19.1921856991678
18.9278150796576
18.6271230858266
18.3060592721102
18.2528842941022
18.2033662199169
18.423874553813
18.6594127208049
19.0221174826411
19.2282446330532
19.4547974784199
19.3423737072439
19.2496046843933
19.1173152339772
19.0191400879848
18.8538149185581
19.0512767801128
19.2495823808161
19.3456906768348
19.4462438107026
19.6671827716241
19.4253855529622
19.1688737231906
18.9822968387539
999.99
999.99
999.99
999.99
999.99
999.99
999.99
999.99
999.99
999.99
999.99
15.8367674890602
16.8518251880434
17.2190069049657
17.5420929447343
17.7362547168138
18.0563415301284
18.2732639687452
18.6690734285213
19.152299681938
19.5786073257185
19.7082746984513
19.8000131575884
19.6968416598636
19.4796942181333
19.061832029437
18.8392637825272
18.5859379218407
18.3922422841925
18.210421208534
18.3526411398454
18.4392120983961
18.7548140429978
19.0359277326651
19.4794914626421
19.6955705634244
19.9463755621719
19.870478319499
19.8234838266262
19.6312155812447
19.5084956499058
19.2828185399458
19.4395061841944
19.5966606297141
19.6789768343823
19.7648545150114
20.0638551236257
19.8441917282326
19.6080709494525
19.4148007649568
999.99
999.99
999.99
999.99
999.99
999.99
999.99
999.99
999.99
999.99
999.99
15.7418730343086
16.4751512024648
16.7440813196592
17.0140487265771
17.2441418650848
17.6697921726126
18.0788067710075
18.6741766469314
19.3053657421569
19.8053044419141
19.9030368275127
19.8554436095318
19.5371344756708
19.1471841578315
18.6254958051141
18.423003054647
18.2679573704023
18.2308144321672
18.2257787135362
18.5445542632061
18.6902845672949
18.9951443547548
19.2723704246658
19.7625596806842
19.9622700414606
20.2641154617504
20.3199167163019
20.3863274978693
20.1859746700793
20.0892305958986
19.8067930631215
19.8326559036326
19.8894179455618
19.9095430685486
19.9323984758149
20.2822141883743
20.173751492314
19.9970487658775
19.8316153828603
999.99
999.99
999.99
999.99
999.99
999.99
999.99
999.99
999.99
999.99
999.99
15.6495965277463
16.1527565444341
16.3105173175119
16.5198684342346
16.7751079630567
17.2565576681568
17.8025744227509
18.5437196314904
19.2939325801437
19.8385498202078
19.9554756515984
19.8257865065064
19.3602121782756
18.8306844389885
18.244259200252
18.0566243795333
17.9907243404641
18.0913495539392
18.2878553123552
18.7996845041275
19.029665377783
19.3553197108528
19.6610997658491
20.1619073964889
20.3121248862191
20.6272246735426
20.7644301593332
20.8954243239449
20.6598618657671
20.562643453307
20.1981360699597
20.1150737554133
20.0935112628941
20.1160863489792
20.1411660586159
20.6057427998843
20.6062753926624
20.4874255328007
20.322382265406
999.99
999.99
999.99
999.99
999.99
999.99
999.99
999.99
999.99
999.99
999.99
15.6424226737258
15.9746709932417
16.0520144922191
16.176478342007
16.3801328032535
16.8295903347801
17.4196311405912
18.2135738511877
19.008341388023
19.6341010506912
19.8182391882842
19.6608412448082
19.1066556762886
18.5575447241945
17.9721018238602
17.8585928394342
17.9374719022462
18.2436207451762
18.5910416374915
19.2065607008554
19.4422531026573
19.7159213832524
19.9499290796019
20.4230918421139
20.5799756751331
20.9805793872119
21.2676248161283
21.5450045883947
21.353188546298
21.2549507382545
20.7571911422416
20.459464947445
20.2545768835608
20.1762790118636
20.1219937099731
20.5921541779068
20.7046727685249
20.6461414832959
20.4837241376698
999.99
999.99
999.99
999.99
999.99
999.99
999.99
999.99
999.99
999.99
999.99
15.6825293452192
15.9321180060741
15.9483305796585
16.0060860352007
16.1375018611276
16.5224971156764
17.119968048715
17.8823868775594
18.6521864673205
19.2954659703681
19.4946017489954
19.2806287049063
18.7585935299102
18.2731485392394
17.8005437408798
17.866495971042
18.1548854951973
18.6366305991903
19.1295364508004
19.7928909453779
19.9827036180232
20.1769043716824
20.30529962537
20.6414450459213
20.7455087193432
21.1074324820445
21.4193594096331
21.7327023248928
21.6251235891975
21.5200758432839
21.0125885483446
20.6233605237705
20.3586373858957
20.2256318105031
20.160412161941
20.5750714585438
20.7480903106341
20.6998918039346
20.4752920417115
999.99
999.99
999.99
999.99
999.99
999.99
999.99
999.99
999.99
999.99
999.99
15.970707449474
15.9407592347581
15.9175249969695
15.9189996262341
15.9907907674308
16.2512008676857
16.7220031813421
17.3218589346491
17.9333081583722
18.4553755409215
18.6591302665194
18.5145720964987
18.135986869029
17.8195084483535
17.5921645452508
17.8728161778487
18.3351401492305
18.9850494785256
19.626482721023
20.2923293253539
20.3999460747211
20.504586183665
20.4845878708379
20.5829412685541
20.5636555613867
20.9099200987978
21.2319979627468
21.5826684644925
21.5974158923086
21.5177756939311
20.9738083008127
20.4821782911969
20.1441114121543
19.9618578707339
19.8938296795457
20.2476994948212
20.4771995908892
20.4558341950086
20.2498691602633
999.99
999.99
999.99
999.99
999.99
999.99
999.99
999.99
999.99
999.99
999.99
16.1051998364263
15.9838784388702
15.9601448607837
15.9504006166057
15.9868974223121
16.1490962966956
16.4751968128989
16.8947483398366
17.350415963162
17.7748474076031
18.000079216452
17.9603804226589
17.7559437549874
17.5935359058476
17.5766953142317
17.975644341079
18.517831774258
19.2596331309065
19.9991907622581
20.5946146039807
20.6742579949228
20.7591605696783
20.6344192436015
20.5245425814301
20.4372886605464
20.7471417220415
21.0239856265516
21.3697660833095
21.4870848668453
21.4096424332405
20.862718142902
20.3495037254559
19.9619775247186
19.7588447102692
19.718526573246
19.9737705821436
20.1656707178374
20.1749034948926
19.9649672737533
999.99
999.99
999.99
999.99
999.99
999.99
999.99
999.99
999.99
999.99
999.99
16.2986945998897
16.0297762054083
16.0167154327519
16.0004359195713
16.0073016640659
16.0974211099801
16.3076497652119
16.5762926451638
16.9039743988036
17.2592561943472
17.494747167844
17.5434176417184
17.4928630185659
17.4640828608851
17.6274427198697
18.1598442145268
18.7972953642891
19.6481211546375
20.4372559751262
20.9192428799252
20.8638613820808
20.8186583667932
20.4804184435046
20.2090453443397
20.1045442703521
20.4690245410328
20.8028711548887
21.2452888416201
21.465233920827
21.389486769832
20.8344735000263
20.3127217088948
19.9035581111254
19.7092921729699
19.724318052225
19.9100440809385
20.040216355675
20.0275271642491
19.7725355355028
999.99
999.99
999.99
999.99
999.99
999.99
999.99
999.99
999.99
999.99
999.99
16.0272073899774
16.0671031597501
16.0642417753537
16.056311184907
16.0621600736216
16.1140579544615
16.2446403585241
16.4027562665219
16.6441712918735
16.9168655738705
17.1447776979938
17.2590771027964
17.3322064145611
17.3697297028757
17.6675625122096
18.3168910825656
19.0327878735811
19.9493092018556
20.8179337982752
21.2012468387279
20.9542034655817
20.7181797288221
20.1648292030556
19.6968558310609
19.5354130926374
19.9046645414715
20.2542597334394
20.7218052000603
20.9695763571719
20.8907047100428
20.4318165180305
20.0578231835223
19.7856528888316
19.7613279196095
19.9475714148975
20.1503131740845
20.1948774613034
20.1357696035337
19.809339644213
999.99
999.99
999.99
999.99
999.99
999.99
999.99
999.99
999.99
999.99
999.99
16.0880302376679
16.0970206745873
16.1039881514062
16.1111255701987
16.1151167075634
16.1322852920591
16.1904261714393
16.2892630516904
16.5070265643017
16.7614246335337
17.051704882236
17.3030595471176
17.4853702485777
17.548231426298
17.8887367470163
18.5402008934423
19.2103370353198
20.0818435434564
20.9340401770777
21.2185417082845
20.7926459026625
20.382053293177
19.6856421236783
19.132404700769
18.9349809807008
19.3592894604848
19.7722391194009
20.2843392553051
20.5139423089297
20.4771832715015
20.1269785421375
19.9149503700389
19.796403765411
19.9506066395598
20.2689497977759
20.457980180538
20.3679924560168
20.2128621648482
19.827232675832
999.99
999.99
999.99
999.99
999.99
999.99
999.99
999.99
999.99
999.99
999.99
16.0170799784807
16.122839689269
16.1289331421774
16.1483192084133
16.1519073088489
16.1702831668696
16.2267627822274
16.3434229683768
16.6225580059736
16.9569672978548
17.3538683338827
17.7194166843209
17.9841386635627
18.0274816349287
18.2877413213146
18.7995166066862
19.3179803103007
20.0039252471019
20.7074186198762
20.8765606466375
20.3544480593761
19.845560500396
19.1388377122815
18.6337335253774
18.4781402419994
18.941152100882
19.4017368597485
19.9161607665232
20.1201260825222
20.1252769118999
19.9016679735515
19.8720090712564
19.9319525021981
20.2512592494559
20.6823831908536
20.8717569366591
20.6601716371117
20.3847421619229
19.9063757867947
999.99
999.99
999.99
999.99
999.99
999.99
999.99
999.99
999.99
999.99
999.99
15.9722038754896
16.1638208700042
16.1616065864866
16.1762017432484
16.1786539994402
16.1979669782808
16.266731083976
16.4229522813869
16.7375637489288
17.1284695084815
17.6213188869268
18.0772035738392
18.397733929462
18.4830891840668
18.6731832262206
19.0665145783362
19.4453466449539
19.9431191955028
20.4586081587898
20.5736206018864
19.9606697154941
19.3654930261226
18.6645639979943
18.2243398473442
18.0709553699316
18.5259676775465
18.9910015895444
19.472770495316
19.6122752642939
19.6272754704644
19.5214494304132
19.6649786805983
19.9176450805052
20.3865354997653
20.9103800873349
21.1557589820808
20.875512602241
20.4855026119191
19.9684158776033
999.99
999.99
999.99
999.99
999.99
999.99
999.99
999.99
999.99
999.99
999.99
16.1716353094576
16.2032021362093
16.1920449528648
16.2020817876232
16.2032961649627
16.2229454869484
16.3027866497342
16.5055367365437
16.8730025817968
17.3384021365825
17.9477841775586
18.524289694331
18.924817341259
19.0582510339844
19.1813709418449
19.3944400038469
19.5856733891916
19.8364077659761
20.144176710712
20.1931623872687
19.6068501100762
18.9990092534807
18.3848176188826
17.9831424268049
17.7981042715765
18.1419824562312
18.5283991712089
18.8950681216952
19.0143877593937
19.0816853375243
19.1396746119844
19.4422120332465
19.8446058966961
20.3570162017214
20.8709190095925
21.06891092418
20.737188035661
20.3048220185471
19.8322973057007
999.99
999.99
999.99
999.99
999.99
999.99
999.99
999.99
999.99
999.99
999.99
16.2861889778824
16.2360669772015
16.2194054983642
16.2237610003201
16.2253722988277
16.245551857096
16.3357731520628
16.581681947591
17.0015453591844
17.5474028209918
18.2863501677459
18.9995583595991
19.5010001502583
19.7168408859301
19.7953724510185
19.7700123298838
19.7142813949273
19.6724971038995
19.6919594670011
19.6225572957263
19.1568287817232
18.6364520642419
18.1749635696791
17.8910673869515
17.7290580198044
17.971981040114
18.2771900901952
18.5462344290101
18.6721110589923
18.7943189608674
18.9598900000305
19.3138201152139
19.7532053131937
20.1897079734851
20.6000171628648
20.6869567706909
20.3550948018197
19.933742393708
19.5619032577511
999.99
999.99
999.99
999.99
999.99
999.99
999.99
999.99
999.99
999.99
999.99
16.3363578056993
16.2629301926947
16.2450878839424
16.2398268236074
16.2434650211771
16.2647359642513
16.3649772660238
16.633283113757
17.0706500765189
17.6610517772542
18.4698599681523
19.2557528129569
19.8349510629032
20.1531081197417
20.2421081109543
20.0790577739911
19.8827861135545
19.6604178456271
19.4658498141072
19.2857739560679
18.9336343863359
18.4959734032088
18.1257072736644
17.899563938068
17.7775843801849
17.9301782683569
18.1633239677189
18.3825576324558
18.5580755093666
18.6853753715124
18.849885994115
19.145888511908
19.4988834880982
19.7766244419527
20.0491662347852
20.1025538660687
19.8560803853565
19.5359585924655
19.3132951054653
999.99
999.99
999.99
999.99
999.99
999.99
999.99
999.99
999.99
999.99
999.99
16.2863875882243
16.2738344233393
16.260728555813
16.2551922233099
16.260105390497
16.2811847993229
16.3895044314559
16.6612940763051
17.0787276194273
17.6514780569322
18.444051369642
19.21552109259
19.807367140233
20.2157410505939
20.389091840268
20.2381686353226
20.0487024371226
19.8224298328029
19.5442011538187
19.2879163569544
19.006997109538
18.6152462264997
18.2428413760309
18.008251535452
17.8976727177016
17.9535348590092
18.110002719692
18.2984427191125
18.5145884375589
18.6313704677538
18.7882220340228
19.0444526317567
19.3263975687064
19.4747605926169
19.6445636768206
19.6842416756183
19.4858906047999
19.2505456192073
19.1190707084849
999.99
999.99
999.99
999.99
999.99
999.99
999.99
999.99
999.99
999.99
999.99
16.3183025660622
16.2773535641785
16.271019833537
16.2709441236395
16.2770097861066
16.2958004409751
16.3845791691025
16.614969112715
16.9912094282664
17.5196025318966
18.2483084883828
18.9830390327594
19.5823860738561
20.0471067167372
20.309914082166
20.2185745680878
20.1016943818708
19.9496699475895
19.6560611095267
19.3273870608821
19.1038677654691
18.7281280160694
18.3225653050135
18.0650426397395
17.9877572318313
17.9967523344256
18.1256958709843
18.3125761306895
18.5841637947263
18.7300782696608
18.8852626034877
19.1088152507616
19.3371628835608
19.4019150197056
19.4562777329744
19.4334121369002
19.2274993651452
19.0209227286746
18.908706595616
999.99
999.99
999.99
999.99
999.99
999.99
999.99
999.99
999.99
999.99
999.99
16.262322319404
16.2850832075167
16.2841103639678
16.2863917383131
16.2918675015387
16.3057581551823
16.3720416856792
16.5404905167907
16.8350406418014
17.2702094140773
17.8764919147391
18.5035564144502
19.0640483659655
19.5806638599674
19.958567674126
20.0144010655572
20.027442870224
20.0077112063107
19.7308033758275
19.3262801533034
19.0639495501106
18.6997801029424
18.263457950104
18.0123696023497
18.0138120435945
18.0674323199374
18.2204744093495
18.4313457866796
18.7219428390771
18.8726772258837
19.0012292326431
19.1807733807464
19.3713664819715
19.4407804927583
19.4546601578581
19.440656697576
19.2531200800382
19.0746803754854
18.9379126441005
999.99
999.99
999.99
999.99
999.99
999.99
999.99
999.99
999.99
999.99
999.99
16.2261832611833
16.302479975336
16.303723254719
16.3052878563961
16.3084276439712
16.314485126729
16.3556618750709
16.4604719067165
16.6671442395028
16.9816716423545
17.4182859939121
17.8946778145697
18.3840773697516
18.9219186000348
19.4341488251903
19.7381940298967
19.9770007112859
20.1571735605909
19.9777116361086
19.5463156299471
19.2008235850804
18.7953329627114
18.2985957863289
18.0176233971982
18.060605213501
18.1420705211397
18.3169153933407
18.5388079008058
18.8303991705135
18.986540699797
19.1152094326355
19.3004532467996
19.508937725657
19.6502176897903
19.6767644615684
19.7108760405682
19.5358265311932
19.3797096296031
19.1966432837549
999.99
999.99
999.99
999.99
999.99
999.99
999.99
999.99
999.99
999.99
999.99
16.3328247633126
16.3216196493505
16.3257704295346
16.3259619124598
16.3258427954018
16.3228545591909
16.3370169966027
16.3861114362379
16.5100773220272
16.7098282308244
16.9938704479022
17.3376787929953
17.7565298995112
18.312612807801
18.9371377080882
19.4491321525514
19.8825312725791
20.2119436369828
20.0897224052039
19.6299741026615
19.1984653442049
18.7268589606435
18.2027215535409
17.9287590491023
17.9819095985921
18.0809290028031
18.2801536337318
18.4734693640047
18.7316456760818
18.9646020819909
19.1828495669159
19.4627231030702
19.7972736469763
20.0892656497208
20.1443280331459
20.1853494835076
19.9956345760066
19.8291174680805
19.5909756474929
999.99
999.99
999.99
999.99
999.99
999.99
999.99
999.99
999.99
999.99
999.99
16.3565115733408
16.3339409638095
16.3496202748377
16.3451613101214
16.3425547951297
16.3311174920806
16.3182850040294
16.3205258342606
16.3797499240365
16.4947203075384
16.667020542201
16.9202034290832
17.2970893477343
17.86336451021
18.5530089104208
19.2077819138987
19.7793196124947
20.1895402486161
20.1014012387194
19.633472649827
19.1352077158795
18.5984654362745
18.0739840841359
17.8195856447852
17.8790893848478
18.0104565892913
18.2526251717204
18.4289489247
18.6523573330537
18.9669771324715
19.2781151536163
19.6042566049679
20.0114907615116
20.419878787163
20.4653709938667
20.4638030766948
20.3364719225485
20.2351298379593
20.0230089934692
999.99
999.99
999.99
999.99
999.99
999.99
999.99
999.99
999.99
999.99
999.99
16.4062471990521
16.3342221385441
16.3608149107563
16.3554688656068
16.3525277545617
16.3359049288292
16.3114823809521
16.2906068767614
16.3085998441037
16.364765152007
16.4606837378992
16.645198763635
16.9816377353183
17.5350952957622
18.2533218541447
18.9962968383476
19.6437579288875
20.0903245844199
20.0403327891158
19.5881602923308
19.0514693014722
18.4858931578852
17.9786974429952
17.7352476551393
17.7880557176723
17.9516405215237
18.232605457214
18.4115324805913
18.6303814069211
18.9847385429563
19.3365362302537
19.6547617685067
20.0688945171942
20.5283307721455
20.6244187787341
20.6475469208278
20.6770693573321
20.7340192263839
20.6151872790059
999.99
999.99
999.99
999.99
999.99
999.99
999.99
999.99
999.99
999.99
999.99
16.4373948108931
16.3128144921684
16.3455974550616
16.3492092277975
16.348736025842
16.3314866972643
16.3013481067774
16.271904000063
16.2716584879387
16.2959259365255
16.3471354746313
16.4971017509442
16.7972605727736
17.3126275374697
18.0018486734332
18.7445346588002
19.3990264241208
19.8477239079746
19.8349999573687
19.4497850626221
18.9743126163831
18.430342944949
17.9510999609546
17.714477693575
17.7297964685941
17.865880706687
18.1428946396653
18.3361985784899
18.572178018319
18.9792849768316
19.3813606931713
19.7192145566019
20.146137268746
20.6319207260629
20.7586189949992
20.7935608430244
20.9517122897531
21.1285422502843
21.0968284571488
999.99
999.99
999.99
999.99
999.99
999.99
999.99
999.99
999.99
999.99
999.99
16.2834024717056
16.2763407443085
16.3181639970811
16.3273629957099
16.3299611975377
16.3158976702857
16.2848388742336
16.2525131936307
16.2404907356009
16.2508767112881
16.2853642098799
16.4154354130148
16.6671207089506
17.1320271612729
17.737729713251
18.3931114463085
18.9842760030922
19.4192453750884
19.422123402579
19.1283252897893
18.7533740130926
18.2747552149646
17.8315436892516
17.6136411118018
17.5902530262074
17.7239413476287
18.0242052582595
18.2785194848799
18.5733967040438
19.0575356554491
19.4909725628103
19.8063451777365
20.1973618880255
20.661716177101
20.7856674160817
20.8297756581039
21.1118950071562
21.3949849126042
21.4518519691822
999.99
999.99
999.99
999.99
999.99
999.99
999.99
999.99
999.99
999.99
999.99
16.0977042919656
16.2244474681563
16.2719525697164
16.2913656043937
16.2960188793487
16.2872218293826
16.2607053686787
16.2310784587015
16.2184772697541
16.2256229244548
16.253471632155
16.3621511072264
16.558032690195
16.9368243217335
17.4268947718586
17.9602721165732
18.4662334656008
18.9013813688196
18.9730463693375
18.815335590395
18.5906015300739
18.2324379398473
17.8239388349306
17.6035008554798
17.5570728464549
17.6774722320949
17.9927188616235
18.3299779638215
18.688633243771
19.1695304775493
19.5835001863792
19.8017758969226
20.0749034772151
20.485208139749
20.649821533086
20.7438198664907
21.1903673742185
21.6326992858088
21.7851155707854
999.99
999.99
999.99
999.99
999.99
999.99
999.99
999.99
999.99
999.99
999.99
16.1457231398102
16.1984685146296
16.2267255628339
16.2557770581863
16.2502199849901
16.2420819326284
16.2177393500815
16.200721879294
16.1904726836321
16.2074258566927
16.2299612566588
16.317811324091
16.460458755996
16.7327686977173
17.0770208486375
17.6653278042479
18.0479278905238
18.4179472420096
18.5273868008593
18.4821968335806
18.1661456932799
17.9355628442235
17.6173579547206
17.4323014953534
17.3911929159777
17.4949602332675
17.7527022416538
18.1188141857886
18.7574427873074
19.2927145276252
19.6060967715824
20.0023427380853
20.2379304837638
20.228590951424
20.5424909636905
20.9608550633209
21.3808151190488
21.9825158692198
22.3967480542634
999.99
999.99
999.99
999.99
999.99
999.99
999.99
999.99
999.99
999.99
999.99
16.012050986051
16.1769221233191
16.1820334421581
16.1995747057983
16.1975432752184
16.1964130586261
16.179432322204
16.1824724388816
16.1851997960142
16.1971671917891
16.221308935439
16.2856791171939
16.3821933443747
16.566779088573
16.7899880474856
17.231636087496
17.5064938266997
17.8147687416025
18.1428931054017
18.4904101038566
18.2759674433237
18.160089468536
17.9315308516929
17.5943804725839
17.2568966619957
17.3343843075447
17.6885591105103
18.0035773256435
18.8920024951252
19.3360399429216
19.5824911537484
19.763251244658
20.1567606757318
19.7590337384546
20.0373664416202
20.7412205764336
21.3933789489376
21.9968913969332
22.6863856680446
999.99
999.99
999.99
999.99
999.99
999.99
999.99
999.99
999.99
999.99
999.99
16.0415750989235
16.1049283225485
16.3660655912032
16.2949252304026
16.0077511450996
16.1960806522166
15.8339601791936
16.2741049905057
16.1646004193252
16.1463092313545
16.1991393175156
16.1581366653091
16.3512139111373
16.3832298997944
16.4428655293603
16.3999247225867
16.2358286196962
21.7714502156964
16.9642976957228
17.0933351232585
17.0715459447637
16.9259169846801
16.7687570428023
16.882948929313
16.8012739892705
16.7784286569025
16.9466396217023
16.9799523708966
16.8962452716982
18.2447494163132
24.65246
20.7938809422584
16.9916448758365
23.3077677734038
19.8028851752967
16.9092540838952
24.65246
24.65246
23.3648338974616
999.99
999.99
999.99
999.99
999.99
999.99
999.99
999.99
999.99
999.99
999.99
999.99
999.99
999.99
999.99
999.99
999.99
999.99
999.99
999.99
999.99
999.99
999.99
999.99
999.99
999.99
999.99
999.99
999.99
999.99
999.99
999.99
999.99
999.99
999.99
999.99
999.99
999.99
999.99
999.99
999.99
999.99
999.99
999.99
999.99
999.99
999.99
999.99
999.99
999.99
999.99
999.99
999.99
999.99
999.99
999.99
999.99
999.99
999.99
999.99
