999.99
999.99
999.99
999.99
999.99
999.99
999.99
999.99
999.99
999.99
999.99
999.99
999.99
999.99
999.99
999.99
999.99
999.99
999.99
999.99
999.99
999.99
999.99
999.99
999.99
999.99
999.99
999.99
999.99
999.99
999.99
999.99
999.99
999.99
999.99
999.99
999.99
999.99
999.99
999.99
999.99
999.99
999.99
999.99
999.99
999.99
999.99
999.99
999.99
999.99
999.99
15.5489238452218
15.745698473033
15.9371805528321
16.1336797517233
15.7847783861512
15.8896116465803
15.9832108969234
15.9544585426188
16.0040848756354
16.0696117169706
16.0618267593808
16.1852321925074
16.118508642925
16.1520841750842
16.2463259373225
16.2674349870029
16.3212859757355
16.4877604064538
16.4917025958942
16.3855518751477
16.691152746982
16.9894476823989
17.1906033153838
17.017076918178
17.0765657696929
17.0550929554379
16.7519844588242
16.7373299194031
16.8293077313704
16.6275759734881
16.6275759734881
16.6275759734881
16.6913189033189
17.2777698915486
16.6275759734881
16.6275759734881
16.6275759734881
16.6275759734881
16.6275759734881
999.99
999.99
999.99
999.99
999.99
999.99
999.99
999.99
999.99
999.99
999.99
15.5723067408782
15.7039291599922
15.7587708755918
15.8172433894907
15.8502582266119
15.8777374346525
15.8973325658724
15.94388828747
15.9808034062021
16.0271813270451
16.0649612602481
16.1000971069433
16.131361054463
16.1620977383954
16.1860234653594
16.2289224623296
16.2809921347458
16.3398781260731
16.4229056515498
16.542702743616
16.6620516674172
16.7631834043652
16.8379023252669
16.89324182279
16.8917746348931
16.8820621885394
17.4107858304929
17.5742576673018
17.827368271801
18.0423957802743
18.2444525128171
17.7703643212509
17.6208859668577
17.3226212121083
17.1057228702822
16.8895695851195
17.8425549292335
18.2301464241316
19.8554167844025
999.99
999.99
999.99
999.99
999.99
999.99
999.99
999.99
999.99
999.99
999.99
15.6444207606176
15.6816591573287
15.7385547756027
15.7952023386786
15.8402255120255
15.8733853711765
15.9017275605097
15.944027618758
15.9831193914188
16.0299379022708
16.0752605622671
16.1144772814778
16.1453799591026
16.1670366051301
16.1777496971909
16.1949367698917
16.2260957640155
16.2699213922547
16.3463959171338
16.4515299778753
16.5633149430673
16.6538274201192
16.727214740244
16.7720732362872
16.7895293481984
16.7975302927961
17.0612475887009
17.3212355345757
17.6569990376056
17.9790690328203
18.2970509799123
18.1349816720838
17.950392477489
17.6000873231515
17.2866615411297
16.9684353973055
17.0909263855034
17.4698309131291
18.548493591771
999.99
999.99
999.99
999.99
999.99
999.99
999.99
999.99
999.99
999.99
999.99
15.645670995671
15.645047006975
15.7043841688161
15.7593025756312
15.8046080686058
15.8457309623234
15.8865732951965
15.9224513158061
15.9601699334879
16.0061502827686
16.0530953353961
16.0942230986272
16.1256594465122
16.1443200927396
16.1525739451324
16.1569948719557
16.1790320686111
16.2253913349309
16.2985861489184
16.3932280668493
16.4929051353971
16.575379584858
16.6293414469017
16.6650273819422
16.6977463479098
16.7332425315306
17.084091633811
17.4433496911448
17.9115119034016
18.3515086966529
18.7775347222602
18.5656531578085
18.3489274125932
17.8933003695155
17.4713298849557
17.0525663015694
17.1985310545515
17.5770723599857
18.0820532719584
999.99
999.99
999.99
999.99
999.99
999.99
999.99
999.99
999.99
999.99
999.99
15.5658684832396
15.6301687579348
15.68663362092
15.7406538310988
15.7881296723291
15.8305561254811
15.869788954309
15.9009722640173
15.9345314182502
15.9760588620755
16.0203638821827
16.0602625317881
16.0935367288039
16.1140900205761
16.1232374383235
16.1275830867668
16.1481427656649
16.1907379887235
16.260765777342
16.3492308485673
16.4404527371394
16.514658447423
16.5630936876205
16.5950794594077
16.61880514373
16.6530669641576
17.0022638149189
17.3600685434607
17.8470193662331
18.3293040402875
18.7926725672394
18.6274495424819
18.4579014205557
18.0077412590371
17.5411736319264
17.0759467587543
17.0809969711028
17.2547083572005
17.5791677098243
999.99
999.99
999.99
999.99
999.99
999.99
999.99
999.99
999.99
999.99
999.99
15.529480625066
15.6176439648545
15.6720574755606
15.7269239582056
15.7757734819829
15.819414656812
15.8562661794517
15.8821166850037
15.9107696431298
15.9467276630382
15.9862231290291
16.0234788092117
16.0576929170799
16.080575644242
16.0935877450959
16.1029698257411
16.1265930184245
16.1695473649842
16.2389040926229
16.3219696655233
16.4054387914345
16.4731403473661
16.51835305597
16.549305098585
16.5793016708931
16.6233195360295
16.9133372490097
17.2113602124838
17.6592768274446
18.1011358885273
18.5240998174405
18.4633589845771
18.3997314362941
18.0133039823689
17.6054400698521
17.196622794698
17.1195115746037
17.1425737663073
17.3341746102403
999.99
999.99
999.99
999.99
999.99
999.99
999.99
999.99
999.99
999.99
999.99
15.506780857354
15.6126968156267
15.6699245283784
15.7293791801653
15.7793142787097
15.8241471876375
15.8584751974623
15.8784050304364
15.9009355083544
15.9300764518386
15.9622458717522
15.9940109742413
16.0267091128172
16.0511387505032
16.0688957273778
16.0856026588318
16.1148477488998
16.1603138587839
16.2296588165365
16.3076272214439
16.3843718140985
16.447247192915
16.4911528198198
16.5219595097603
16.5563639205421
16.6047933726178
16.8316131475469
17.0654648465472
17.4731343889103
17.8746802178353
18.2615262743477
18.3061781266196
18.3516781672242
18.0306927677946
17.6867628798712
17.3350387845819
17.2038515839168
17.1010220069156
17.1837738539495
999.99
999.99
999.99
999.99
999.99
999.99
999.99
999.99
999.99
999.99
999.99
15.5546415498942
15.6283557621934
15.6828007696462
15.7409856467564
15.791414323609
15.8370964300448
15.8691282853779
15.8842544087794
15.9020136813724
15.9259946489038
15.9516159214618
15.9777628085745
16.0080270704376
16.0328767176372
16.0539125540687
16.0768017564379
16.1114973157375
16.159611535033
16.2283524912309
16.301460490255
16.3727063930293
16.4323991867471
16.4774995670605
16.5099916332906
16.5483982895073
16.5975345946916
16.75711500591
16.9223455118249
17.2500334527827
17.5735263755386
17.8910000535063
18.0047505339008
18.1215917707369
17.9020470544855
17.6599677603879
17.3969905156961
17.2494731290364
17.0945449476577
17.1070979385113
999.99
999.99
999.99
999.99
999.99
999.99
999.99
999.99
999.99
999.99
999.99
15.5477166136226
15.6383358095531
15.695275224737
15.758038386522
15.8087941192064
15.8551376926836
15.8855752584098
15.8986480023925
15.9144226262701
15.935358415397
15.9562132514436
15.9779093525124
16.0051262843249
16.0295402621104
16.052821088019
16.0807255928114
16.1209988184684
16.1723115637842
16.2398423521654
16.308790814
16.375729095385
16.4325208797881
16.4791117829666
16.5146114369627
16.555934163555
16.6030082194937
16.6918016592924
16.7858833995365
17.0107150091367
17.236984879173
17.4705830337814
17.6375967340532
17.8073043974209
17.7107250140557
17.5885647682753
17.4273819326717
17.2813374221259
17.1243526922845
17.0964748538175
999.99
999.99
999.99
999.99
999.99
999.99
999.99
999.99
999.99
999.99
999.99
15.6554049227969
15.6480321343762
15.7117700811441
15.781435710117
15.8321292403051
15.8786451036885
15.9081475540449
15.9215676746692
15.9381397176306
15.9589055495385
15.9776371643813
15.9971072367765
16.0222808189523
16.04662775954
16.0722795438166
16.1047795170541
16.1503440083942
16.2047928034969
16.269940568929
16.3335901566119
16.3954521656875
16.4485928049503
16.4953333587399
16.5336673488563
16.5763077422845
16.6184643204071
16.6674463689622
16.721413430018
16.873832981736
17.0338922421779
17.2097469062257
17.3867995051928
17.5655668589814
17.5481846771137
17.5044134931519
17.4200783652272
17.322452007779
17.2139045757267
17.1986709275887
999.99
999.99
999.99
999.99
999.99
999.99
999.99
999.99
999.99
999.99
999.99
15.4941635597962
15.6640625879561
15.7339446357985
15.8075810224964
15.857950421377
15.9043560777036
15.9332168206775
15.9483364201984
15.966780252535
15.9890783373777
16.007542212964
16.0261467349028
16.0506578420289
16.0769222665538
16.1055229878419
16.141919777743
16.192074054356
16.2486329111805
16.3095050558271
16.3668009202065
16.4225634803396
16.4712349951079
16.5167899798168
16.5569104738813
16.599859264689
16.6374999713012
16.6803164932507
16.7274995506769
16.8399825113251
16.9642697045196
17.1104532373003
17.2577674779521
17.4059684859418
17.4284116312869
17.4262807892666
17.3831376004714
17.3346226580372
17.2796225833419
17.288049308632
999.99
999.99
999.99
999.99
999.99
999.99
999.99
999.99
999.99
999.99
999.99
15.4390137085137
15.6812585151409
15.7547598344087
15.8260480862595
15.8760430717737
15.922270656558
15.9517398967373
15.9704748747897
15.9921487732354
16.0169660611638
16.0374333574633
16.0573170153976
16.0835712700817
16.1145015719929
16.1477971936167
16.1873734040203
16.240415966966
16.2968121369345
16.3504449016662
16.3994260246995
16.4484033908773
16.4924941101574
16.5366133210517
16.5790183426343
16.6232868552058
16.6581051550081
16.6946267687916
16.7343073838735
16.8038625566582
16.8882370233793
16.9985063689001
17.1117888135971
17.2245073545296
17.2833123628988
17.317698000876
17.3129847128657
17.3083472627873
17.3030625006359
17.3305744718364
999.99
999.99
999.99
999.99
999.99
999.99
999.99
999.99
999.99
999.99
999.99
15.5675860794534
15.6909226558001
15.7657748857275
15.8337491205544
15.8835467903904
15.9302547684398
15.9625388894067
15.9874876371911
16.0133957466937
16.0407708950561
16.0635240055661
16.0850955008315
16.1135935049618
16.1507176198166
16.1900307473359
16.2327277284824
16.2869463162279
16.3406827787748
16.3841402209549
16.4223711738535
16.4635511619885
16.5032084784502
16.5462473889755
16.5924618721489
16.6407504174512
16.6757106759289
16.7077737821303
16.7409715416995
16.7840475994757
16.8421780033325
16.9280410467078
17.0205584829288
17.1121252440512
17.1869245965034
17.2386066535514
17.2590304784689
17.2804478750216
17.3059246761388
17.3502048250882
999.99
999.99
999.99
999.99
999.99
999.99
999.99
999.99
999.99
999.99
999.99
15.6780373244642
15.7009616427174
15.7694532301513
15.8297364816655
15.8785158908134
15.9259605154843
15.9630764833238
15.9957911511353
16.0268024412608
16.0577384953411
16.0833699405767
16.1066421148371
16.1368373192752
16.1793361472682
16.2230427184421
16.2663889712381
16.3181663146314
16.3659032813618
16.3964770480348
16.4221429122752
16.4550615435512
16.4917702191411
16.5360693082556
16.5897160977585
16.6468652475018
16.6878263629113
16.7207602468653
16.7508482702341
16.7863412306535
16.8333998373706
16.9068301917104
16.9896709770205
17.0726866612456
17.1411987076001
17.1916455018908
17.2203289884012
17.2494781841159
17.2858426572846
17.3456380095957
999.99
999.99
999.99
999.99
999.99
999.99
999.99
999.99
999.99
999.99
999.99
15.7609578638551
15.7025452261684
15.7639606913834
15.8118909936106
15.8584943884573
15.9064718932592
15.9496077641227
15.9910259483453
16.0273175242644
16.062727732595
16.09192768118
16.1169016522536
16.14843278565
16.1948134318026
16.2398373743128
16.2804901768008
16.3256160347793
16.3630652328242
16.3786896453057
16.3921661696925
16.4179544171576
16.4542457937371
16.5036158848968
16.5694596162893
16.6405031571755
16.6941357673343
16.7350282810387
16.7681534901856
16.7988244827057
16.8351385116559
16.8962536787167
16.9670184870222
17.0392563223819
17.1004718390916
17.1494224917127
17.1795281444214
17.2110309573159
17.2516514810178
17.3207124180527
999.99
999.99
999.99
999.99
999.99
999.99
999.99
999.99
999.99
999.99
999.99
15.651779228321
15.6943091845012
15.747219097691
15.7823181188297
15.8252502393544
15.872741038917
15.9212668704287
15.971396081965
16.0144173452348
16.0561260831448
16.0906409394728
16.1192415224406
16.1532490450527
16.2022780394194
16.2472656768743
16.2840203979054
16.3200486831898
16.3446977589189
16.3443580854762
16.3447133909934
16.3627544006443
16.3989930356645
16.4541755144216
16.5338124925353
16.6215454684521
16.6918525375338
16.7451202279671
16.7866134495725
16.8162972796739
16.8444935943954
16.893326047479
16.95047723373
17.0088342691018
17.0609220676932
17.1062711799638
17.13903861425
17.1747219894653
17.2209502292825
17.2978588316595
999.99
999.99
999.99
999.99
999.99
999.99
999.99
999.99
999.99
999.99
999.99
15.6464330035044
15.6708255938076
15.7148802724184
15.7487497742761
15.7873290921579
15.8342870771811
15.886872979838
15.9449261401034
15.9964283848584
16.047084460924
16.0885568105764
16.1229079191155
16.1600068227987
16.2087152647947
16.2505511387081
16.2821244411531
16.3076394923043
16.3186869847372
16.3041338494868
16.2915973620273
16.3001714113858
16.3346716138175
16.3938005727308
16.4846787850934
16.5890988730706
16.6787096212517
16.7474488750296
16.8019409440119
16.8361475763888
16.8605553237333
16.8987609926069
16.943467939861
16.9873659075948
17.0282180370467
17.0683183854843
17.1035817971524
17.1443585801147
17.1971395031495
17.2840402243043
999.99
999.99
999.99
999.99
999.99
999.99
999.99
999.99
999.99
999.99
999.99
15.7152458959933
15.6490548780133
15.6807891684537
15.7179743994007
15.751747405466
15.7973912627023
15.8515172581954
15.914856391216
15.9750518412732
16.0361283034077
16.0863415523022
16.1284607254909
16.1696543791578
16.2157922338996
16.2516645800095
16.2765303346979
16.2913526473965
16.2897992509881
16.2644566247442
16.2422264955766
16.241726259092
16.2724928639064
16.3319835235058
16.4284373078038
16.5436068700451
16.6508620628438
16.7363166770181
16.8077505281144
16.8541307584114
16.8836993175143
16.916445033606
16.9521804357951
16.983337002165
17.0104904242961
17.040322322875
17.071593276403
17.1122524340669
17.1672105742958
17.2615029437015
999.99
999.99
999.99
999.99
999.99
999.99
999.99
999.99
999.99
999.99
999.99
15.5074654333278
15.6316229672963
15.6554149123744
15.6921679224889
15.721478472014
15.7656200886033
15.8192743403586
15.8850337835846
15.9529113973235
16.0235266529975
16.0821905074317
16.1326565167387
16.1793750654325
16.2232662318838
16.2540867309753
16.2740119025986
16.2806967637644
16.2694182242173
16.2373741947123
16.2084745891716
16.1994580738166
16.2242251290445
16.2793782750739
16.3736437319269
16.4912937116015
16.6107474241268
16.7106097811056
16.7999233372718
16.8638757621759
16.9059959060283
16.9386783539661
16.9698650400511
16.9913142451762
17.0043354441096
17.0210049296804
17.0455964812003
17.0830864339496
17.1367018087616
17.2344944626527
999.99
999.99
999.99
999.99
999.99
999.99
999.99
999.99
999.99
999.99
999.99
15.4827306590042
15.6244602792592
15.6374679649778
15.6709614908414
15.6968714614484
15.7403536212847
15.7937797644029
15.8612901024702
15.9369148599518
16.0159690637116
16.0818867327893
16.1395519630927
16.1915386538824
16.2334721860999
16.2606159994248
16.277873966334
16.280163072076
16.263116299179
16.2280505276022
16.1944181502525
16.1768529744178
16.1927329667325
16.2386315436053
16.3229432373994
16.4352650205201
16.5597966765381
16.6697562303131
16.7746215497051
16.8581574311423
16.9175859988905
16.9563120504075
16.9882482262318
17.004667313378
17.0070912190738
17.011216969048
17.0272716613488
17.0577097515832
17.1050641217954
17.1981267623854
999.99
999.99
999.99
999.99
999.99
999.99
999.99
999.99
999.99
999.99
999.99
15.4881532045191
15.6231364916515
15.6252015445981
15.6568699164816
15.6797499181816
15.7221997762875
15.7753630237145
15.8442609857419
15.9266847027313
16.0121487642685
16.0841761428816
16.1474012363891
16.2029341198036
16.24254763077
16.266290435041
16.2812590170442
16.2816482939607
16.2624723626013
16.2286435453979
16.1940717601219
16.1704435353033
16.1769771198777
16.2114804786903
16.2809247230976
16.3820547168409
16.5054749330518
16.62133776014
16.7380895409043
16.8405906239471
16.9189126322284
16.9680721550558
17.0047990649431
17.0212536979713
17.0164705737045
17.0099367051849
17.0144682280686
17.0331913959787
17.0678455400315
17.1483911423094
999.99
999.99
999.99
999.99
999.99
999.99
999.99
999.99
999.99
999.99
999.99
15.5747202487796
15.6322378341946
15.630787895168
15.6508080066207
15.6697029766978
15.7093934390489
15.7611154499942
15.8298951413937
15.9166055208169
16.0059496077242
16.0820337023261
16.1489204763789
16.2071506869552
16.2455732077396
16.2669448446449
16.2804628286153
16.280402914887
16.2613974217208
16.2309695436904
16.1988565912934
16.1730765171288
16.1726512870024
16.1968750466765
16.251631274611
16.3393787394127
16.4571368469081
16.5748929886956
16.6989054211992
16.8159363095122
16.9109747334731
16.971477884224
17.0151795467977
17.0359466144263
17.0297301929238
17.0168732683678
17.0119184699251
17.0193565134578
17.0409250814473
17.1052568461908
999.99
999.99
999.99
999.99
999.99
999.99
999.99
999.99
999.99
999.99
999.99
15.6373366517338
15.6499858800811
15.6443925990028
15.6523615416779
15.6669024462082
15.7033278618888
15.753429896059
15.8214825579719
15.9106830187952
16.0021755505371
16.0805307485474
16.1496953439824
16.209951718605
16.2484759800038
16.2684707068991
16.2806935375658
16.2797995367218
16.2611254242589
16.2334787366025
16.2044346702465
16.1793173867495
16.1753958153119
16.1930001453446
16.2377743410183
16.3155940067273
16.4269979766834
16.5439889856186
16.669542118546
16.7926608299179
16.8961983314693
16.9637790104463
17.0125475219975
17.0392478822082
17.0370439095974
17.0255297664671
17.018726255193
17.0218973830396
17.0356551470906
17.0854260768696
999.99
999.99
999.99
999.99
999.99
999.99
999.99
999.99
999.99
999.99
999.99
15.7009300873343
15.6723271770166
15.6618779151274
15.6608312269602
15.671941239497
15.7053168627305
15.754353562
15.8221641682154
15.9131997856916
16.0066410003925
16.0870192587069
16.1579065825429
16.2192894534594
16.2566042762572
16.273525760738
16.2822665579371
16.278198751308
16.2575525451093
16.2309267459154
16.2041762253335
16.1809355366789
16.1759058275337
16.1913848490225
16.2317381896791
16.3044635625101
16.4110062377952
16.5268151028466
16.6499784579802
16.772694974932
16.8780910316398
16.9493489652148
17.0011379791048
17.0343847407206
17.040190687832
17.0350895620321
17.0303153722766
17.0332268829164
17.0425590759227
17.0791321934353
999.99
999.99
999.99
999.99
999.99
999.99
999.99
999.99
999.99
999.99
999.99
15.7206475833497
15.6928773118542
15.6807018016501
15.6761713134665
15.6839929175599
15.7137706533421
15.7601157168875
15.8262940357858
15.917905210814
16.0126680241781
16.0952666578833
16.1691625820588
16.2317675407749
16.2668112027808
16.2795620728124
16.2827637438423
16.272337106108
16.2469925305566
16.2196340655361
16.1948054439882
16.174560805288
16.1710668872377
16.1883324685045
16.2288147039548
16.2999527879948
16.4036223271856
16.5184078062711
16.6383473310855
16.7583237852814
16.8618807111419
16.9337580143415
16.986982610577
17.0256065875319
17.0393215514454
17.0429326467194
17.0441836099599
17.0510784258835
17.0605417039993
17.0884155545392
999.99
999.99
999.99
999.99
999.99
999.99
999.99
999.99
999.99
999.99
999.99
15.7041115560785
15.7149130531236
15.7020031003246
15.6960098987714
15.7017054204363
15.7286902570514
15.7721326479717
15.8353126736608
15.9252832920343
16.0198012954687
16.1027126727826
16.178930973799
16.2426214304988
16.2761948404785
16.2856007588076
16.2839398303057
16.266452162969
16.2354040443499
16.2047378677433
16.1800948539773
16.162032427414
16.1608305966786
16.1817511577041
16.2259233255374
16.2982628410255
16.4011413536848
16.5156214448168
16.6326184396505
16.7488880337324
16.8490246429733
16.9196424261074
16.9735381867978
17.0158143914727
17.0364257888445
17.0485589376881
17.0584707724814
17.0716189345521
17.084750634082
17.1086321469039
999.99
999.99
999.99
999.99
999.99
999.99
999.99
999.99
999.99
999.99
999.99
15.6969402537068
15.7388098943146
15.7213274671306
15.7147950599434
15.720127052549
15.7460871817079
15.7885449471265
15.8497451793233
15.9376834910914
16.0305931812594
16.112172285239
16.188502861318
16.2513756093324
16.2835527895836
16.2909233737421
16.285888746266
16.2631963408192
16.2276241680264
16.193027253561
16.1675623266359
16.1506695753929
16.1512096919056
16.17627530628
16.2252910154902
16.2996837367389
16.4027152888487
16.5176902163349
16.6325542473764
16.7462299597776
16.8433536751219
16.912223644305
16.9650707728072
17.0079355977924
17.0312771347643
17.0491036105056
17.0670767863684
17.0871359368673
17.105651839191
17.1297148468243
999.99
999.99
999.99
999.99
999.99
999.99
999.99
999.99
999.99
999.99
999.99
15.7540847323408
15.7545419249659
15.7394000874167
15.7315350208748
15.7372852655857
15.7621671293804
15.8040429205826
15.8637585319637
15.9493035901192
16.0386266516045
16.1171196036529
16.1914417334882
16.2517155729493
16.2816862276671
16.2890707264274
16.2838593353948
16.2598235021179
16.2230440317976
16.1873115965147
16.161279028017
16.144069287223
16.1444399854473
16.1713133374978
16.2220591651293
16.2961428991022
16.3982047058164
16.5131886888624
16.6277006310927
16.7419511295695
16.8395338168276
16.9083867883253
16.9599196298274
17.0002796695141
17.0216806663482
17.0397779396835
17.0627139384044
17.0884366743808
17.1131647101498
17.1411619792657
999.99
999.99
999.99
999.99
999.99
999.99
999.99
999.99
999.99
999.99
999.99
15.8102447094137
15.7643201734176
15.7544860607361
15.7450652242351
15.75047772443
15.7734034782831
15.8135706905618
15.8714859345645
15.9536468339623
16.0371822426153
16.110396225544
16.1806100713429
16.2366940532627
16.2653398075462
16.2754230706615
16.2739468800485
16.2535172895211
16.2202384695362
16.1866421419598
16.1620117298165
16.1443114866186
16.1432919778894
16.168922193873
16.2183643297002
16.2897426641997
16.3897744745588
16.5035233831073
16.6187255411698
16.7350535396681
16.8343169052396
16.9026411775777
16.9522648550238
16.987708468959
17.0033650192652
17.0198890508188
17.0492594200696
17.0833500219651
17.1195351116863
17.1591928120562
999.99
999.99
999.99
999.99
999.99
999.99
999.99
999.99
999.99
999.99
999.99
15.8444364626856
15.7730761429956
15.7710014854689
15.7545743180322
15.7603340952448
15.7810357442887
15.8197477102668
15.8754863899322
15.9526522912161
16.0285678517513
16.0946032979002
16.1577033347834
16.2087078812683
16.2374329114594
16.2524281269506
16.2581878267634
16.2469926966362
16.222491000959
16.1944134097651
16.1727708160376
16.1549805157371
16.1510717860336
16.1720052238234
16.2174687645059
16.2847689082348
16.3811741996879
16.4927228007126
16.6082384332939
16.7261321451649
16.827162740425
16.8953438059037
16.9425946196164
16.9732574962527
16.9822815054008
16.9958519985064
17.0310288905555
17.0746057585109
17.1241185932127
17.1796289393715
999.99
999.99
999.99
999.99
999.99
999.99
999.99
999.99
999.99
999.99
999.99
15.7989230533307
15.7708286588493
15.7798849844709
15.7584801715499
15.7655474372234
15.784080306643
15.8209547261552
15.8749077192539
15.9475775658788
16.0161893968106
16.0759350341443
16.1324322665701
16.1784774653936
16.2064329642226
16.2257983631316
16.238695647425
16.2377450394276
16.2232143497011
16.2034629981246
16.1865707833443
16.1701382786002
16.1640402117582
16.1796486619693
16.2189868844717
16.2812611959019
16.3727818608022
16.4802781965894
16.5946633194852
16.7132072963302
16.8152288371299
16.8832235328376
16.9283031238283
16.95584633484
16.9600084805245
16.9722376563149
17.0136401204774
17.0691842461476
17.1349629499669
17.2093280780126
999.99
999.99
999.99
999.99
999.99
999.99
999.99
999.99
999.99
999.99
999.99
15.9112400535972
15.753473988617
15.7788252834608
15.7578197869535
15.7668022982074
15.7831864206287
15.8167423948696
15.8678654536458
15.9354288747857
15.9969051211853
16.0514316483001
16.1033831311483
16.1464829963567
16.1743699349556
16.1983065674485
16.2177850000087
16.2262720607492
16.2206407801338
16.2092875601573
16.1969086232328
16.1820732917745
16.1743690940746
16.1846228791428
16.2172100229881
16.2739434452253
16.3599843107739
16.4618241040637
16.5728962310051
16.6893275243559
16.7913188196314
16.8594593654347
16.9040537583324
16.932792528279
16.937587507693
16.9520864666772
17.0009286866794
17.0695179487286
17.1520176940819
17.245640513893
999.99
999.99
999.99
999.99
999.99
999.99
999.99
999.99
999.99
999.99
999.99
15.8970614406886
15.7245016227584
15.7657943228093
15.7537312178581
15.7654733034513
15.7811988159014
15.8116265007321
15.8595482692637
15.9216455322464
15.9771671259756
16.0274438543248
16.0755882969856
16.1167015941286
16.145087965091
16.1723580237577
16.1965315877708
16.2128710279293
16.2146372189068
16.2100987188256
16.2013987676458
16.188560898299
16.1803151800494
16.1864843721876
16.2139765728779
16.2669878153927
16.3480636976193
16.4439771971757
16.5500848055914
16.6610957000421
16.7604705333754
16.8292220182727
16.875882014793
16.9104211835743
16.923159621204
16.9451504980076
17.0016386709983
17.080813116549
17.1766800056933
17.2846997886121
999.99
999.99
999.99
999.99
999.99
999.99
999.99
999.99
999.99
999.99
999.99
15.8081128784108
15.6971153089905
15.7483571642545
15.7446879211111
15.7599619798168
15.7769814871052
15.8067871776461
15.8525186847427
15.909551191878
15.9606512962905
16.0079791919682
16.0528090880927
16.0920634001504
16.1213519222502
16.1512592267349
16.1787385093856
16.2011463005302
16.2094821200889
16.2105966509204
16.2043096475526
16.193282110904
16.1850268548743
16.188608636465
16.2123466604898
16.2627480600373
16.3394565810269
16.4301303816028
16.5306322230957
16.6348580018919
16.7310630971692
16.8011577928493
16.851354139357
16.894336730671
16.9195419801537
16.9487113934872
17.0082093524324
17.0910461064224
17.1901315341609
17.3012625873089
999.99
999.99
999.99
999.99
999.99
999.99
999.99
999.99
999.99
999.99
999.99
15.6305224897054
15.6782403073021
15.7321609696165
15.7363577282868
15.7549593923027
15.7747268283397
15.8039971140078
15.8484795358097
15.9009850205885
15.9483199479008
15.9928953243398
16.0356666554762
16.0721215482236
16.101411557715
16.1327966126451
16.1611075535218
16.1858290698818
16.1979103781796
16.2027758223996
16.197391130799
16.1885649183525
16.1820022062818
16.1862319346722
16.2083652475483
16.257327503266
16.3305704385909
16.4161321598479
16.5104237022043
16.6066829558544
16.6989585140019
16.7697389541407
16.8242146356758
16.8757623233745
16.9157619445469
16.9529580410849
17.0135572688974
17.0957357523617
17.1933539638022
17.3019628294175
999.99
999.99
999.99
999.99
999.99
999.99
999.99
999.99
999.99
999.99
999.99
15.5975060812204
15.6657155161464
15.7175845375453
15.7330771713682
15.753612494905
15.7768847767423
15.8065567826966
15.8494184679898
15.8967664482083
15.9396529061448
15.9794372144432
16.0178113347217
16.0495916998846
16.0778368133891
16.1098860493637
16.1387315326619
16.1653599330457
16.181985514183
16.1904119904984
16.1858608726204
16.1793706098798
16.1755289863413
16.1816835358126
16.2043691835092
16.2528001772848
16.3235947347007
16.4055443296086
16.4937657256225
16.5805530038754
16.6671850970994
16.7359623732302
16.7907659755742
16.8470684275556
16.9004663772114
16.9449251939201
17.005729261581
17.0845644761745
17.1759853887425
17.276449180192
999.99
999.99
999.99
999.99
999.99
999.99
999.99
999.99
999.99
999.99
999.99
15.7312884695637
15.6711879042274
15.7140764807289
15.7381552781702
15.7595040721
15.786448151496
15.8177280380479
15.8593520116103
15.9012520648112
15.9391463817554
15.9727662176335
16.0049170000629
16.0300630953937
16.0554637322383
16.0861846883918
16.1139590225017
16.1409044557
16.1620012588159
16.1742911400328
16.1712067134892
16.1681818973453
16.1682595929871
16.1777603127073
16.2027056425868
16.2526579605754
16.321900754924
16.4017541257074
16.4853100391375
16.563489161269
16.6428921798531
16.7073280410047
16.759113147692
16.8140550782851
16.8757206935859
16.9246842136062
16.9837353547495
17.0560930389714
17.1388409675194
17.2272434540933
999.99
999.99
999.99
999.99
999.99
999.99
999.99
999.99
999.99
999.99
999.99
15.6506574638513
15.6963334897737
15.7228825630232
15.7447614681602
15.7657454880361
15.7957340669017
15.829194823743
15.8706301121228
15.9078686848669
15.9410953631322
15.9685004928559
15.9946331499207
16.0130113925839
16.0360032677456
16.0653039567267
16.0914179571066
16.1166887446853
16.1404479534922
16.1548756001786
16.1528373504013
16.1536824129637
16.1588451834301
16.1728667772293
16.2011359362438
16.2530179886547
16.3211588782147
16.3992476012233
16.4790161931192
16.5509389497535
16.6230402030106
16.6812081524158
16.7269246811386
16.7755454192932
16.837666915309
16.8880541211038
16.9549318134982
17.031196603405
17.1157059516311
17.203628836321
999.99
999.99
999.99
999.99
999.99
999.99
999.99
999.99
999.99
999.99
999.99
15.6636811545017
15.723376539449
15.7380431304791
15.7594003527591
15.7806595100357
15.8127841322702
15.8462308775447
15.8859750170474
15.9182841797183
15.9467891811546
15.9680775951761
15.989056756236
16.0020462077278
16.0222170807861
16.0482670233646
16.0710466564916
16.0923689491192
16.1157116459942
16.1303785625369
16.1298610605953
16.1352744454681
16.1470547847856
16.1667560598454
16.199288702553
16.2533293778706
16.3197460290222
16.3947728595694
16.4695817887206
16.534738566151
16.5969802864738
16.6470524782827
16.6850598012074
16.7256790193147
16.785576444318
16.8430537308042
16.9251301483987
17.0125667353574
17.1070033666266
17.2022710738405
999.99
999.99
999.99
999.99
999.99
999.99
999.99
999.99
999.99
999.99
999.99
15.7464321789322
15.7402431106033
15.7548358005962
15.7792744619906
15.8001120268169
15.8333748827617
15.86776809195
15.9055557479873
15.9341873648964
15.9594550637552
15.9757008208275
15.991571931544
16.0012009830186
16.0189639836873
16.040945065102
16.0609740754338
16.0782711229817
16.0997521926149
16.1128634328602
16.1140879217534
16.1221264040989
16.139321206494
16.1636217597205
16.2009632888607
16.2566721736237
16.3219118217484
16.3941668391413
16.4635313165876
16.5215062063673
16.5724398825424
16.6120858749352
16.6396754044367
16.6706032480081
16.728240615326
16.8037177485233
16.914237550861
17.0270200493597
17.1452495620758
17.2555795811963
999.99
999.99
999.99
999.99
999.99
999.99
999.99
999.99
999.99
999.99
999.99
15.706967721013
15.7499017571646
15.7697194556871
15.7979967709858
15.8175430362813
15.8504026522542
15.8856452377161
15.9232348040682
15.9508813049612
15.9767002076369
15.9922155310448
16.0064813633805
16.0155304102425
16.0327399017897
16.050220238945
16.0662338791054
16.0776371145292
16.0933078607685
16.1013317628915
16.1024185331103
16.1104294746694
16.1303164234923
16.1583273602273
16.1999213256507
16.2573005931647
16.321785260068
16.390939813907
16.4549060881698
16.5061379584826
16.5453036222341
16.5744596770586
16.5938280963493
16.6163889350293
16.67127165333
16.7728584178295
16.9212866001846
17.0690709822396
17.2268758818166
17.3688048408864
999.99
999.99
999.99
999.99
999.99
999.99
999.99
999.99
999.99
999.99
999.99
15.7634024918171
15.7703493470996
15.7897685383679
15.8122048521639
15.8284983151353
15.8586902121011
15.8940135032004
15.9328452921729
15.9630987669661
15.9948004301057
16.0146450567322
16.0308375147308
16.041078054184
16.0586123975053
16.0706725057363
16.0817924711259
16.0864236182974
16.0943517054651
16.0947363615768
16.0939707073034
16.0995140276421
16.1195446014712
16.1494500293817
16.1933940877754
16.2506715863474
16.313522106853
16.3786486061512
16.4365143678787
16.481077365239
16.5088798794184
16.5281579751133
16.5401562054179
16.5561347061841
16.6086934993233
16.7360000652696
16.9232221799179
17.1095783841217
17.3112926575745
17.4913051462246
999.99
999.99
999.99
999.99
999.99
999.99
999.99
999.99
999.99
999.99
999.99
15.6383318903319
15.7856014664515
15.8117050046709
15.8311155206996
15.8431054921379
15.8683312048522
15.9013689893151
15.9398098076809
15.9728926357412
16.0118442974909
16.0388557373664
16.0593366681355
16.0725100177189
16.0895287550414
16.0954504190872
16.1009869585424
16.098904874957
16.0980705558375
16.0911138535151
16.0880215644469
16.0889499144919
16.106549507664
16.1372713213891
16.1821584021238
16.2382527302452
16.2994270039368
16.3601814721833
16.4104922466477
16.4465045771979
16.4626988350309
16.4719776681043
16.4770817996444
16.4888040225571
16.5420732802014
16.6944898266575
16.9003210580092
17.1060382529678
17.3316493283711
17.5293635055295
999.99
999.99
999.99
999.99
999.99
999.99
999.99
999.99
999.99
999.99
999.99
15.842383247608
15.8110682683172
15.8437024537795
15.8534750960476
15.8576531604681
15.8743198819266
15.9022044696777
15.938965212927
15.9741321264599
16.0192883379513
16.0546934159675
16.0822208809596
16.1001254815284
16.119032963748
16.1225231377589
16.1237483434538
16.1147351346925
16.1043980035537
16.0888048267859
16.080439546193
16.0749204497324
16.0887526514563
16.1196546485797
16.1651078326668
16.2203441582227
16.2803748963965
16.3368732532922
16.3795737936914
16.4071183043161
16.4132702702619
16.4133199515621
16.4117249108279
16.4187665298319
16.4709192578646
16.6379907914898
16.8521400913002
17.0689984441751
17.3111089928257
17.5198761982761
999.99
999.99
999.99
999.99
999.99
999.99
999.99
999.99
999.99
999.99
999.99
15.8688632014521
15.8293055014147
15.8639262209418
15.8754446475533
15.8714847712298
15.877784687952
15.8971866982377
15.9297954411679
15.9638879827752
16.0127647126222
16.0568191785169
16.0934783172934
16.1178090326138
16.141751570603
16.1467450354536
16.1447877611918
16.1291784282165
16.1092364260545
16.0853576821314
16.0695828201886
16.0579654610227
16.068769067262
16.1010355886832
16.1457924428918
16.2010903891545
16.2590502281967
16.3096880369811
16.3431378680584
16.3619961429835
16.358278726245
16.3504270034113
16.3439960181004
16.3483114178319
16.3944368846307
16.5531876763797
16.7517073277519
16.9557989840569
17.1893692171325
17.4026376037464
999.99
999.99
999.99
999.99
999.99
999.99
999.99
999.99
999.99
999.99
999.99
15.9721494738324
15.8683931033501
15.8886474901837
15.8899077094181
15.8808422640944
15.8783236408378
15.8890085712824
15.9160261435299
15.9472809999729
15.9961025407002
16.0458560491351
16.0901963431776
16.1212705584533
16.1518446122751
16.1636756987227
16.1646021142663
16.1491235559471
16.1269906097792
16.1021686750176
16.0846649991952
16.0732810709558
16.0863259115314
16.1229471026321
16.1672513820213
16.2210282923249
16.274676468227
16.3194772030281
16.3436450914548
16.3564220559295
16.3473616021962
16.3357000681311
16.323443147694
16.3239249519997
16.3593589853519
16.4864371497118
16.6440624688761
16.8114245167664
17.0044520892945
17.1918603943867
999.99
999.99
999.99
999.99
999.99
999.99
999.99
999.99
999.99
999.99
999.99
15.7424953039604
15.8883282506069
15.904667227298
15.9041248583878
15.8945767912139
15.8863211679054
15.8882369821071
15.9072205752953
15.9322745022228
15.9750902764281
16.0258660498451
16.0756098025029
16.113783751612
16.1526266035728
16.1760969254168
16.1845278126652
16.1741519016399
16.1552282475594
16.1351585405835
16.1216572740365
16.1167571832733
16.1379679309934
16.182427658855
16.2281891465912
16.2796754999445
16.3286630819105
16.3913547345283
16.430705732698
16.4735467171886
16.4967086649337
16.5408132076935
16.5320046239182
16.5376316442043
16.5480128304186
16.6280418805167
16.7044086315438
16.8178415791354
16.9520094636862
17.1046831490962
999.99
999.99
999.99
999.99
999.99
999.99
999.99
999.99
999.99
999.99
999.99
15.9062088581183
15.8584432503606
15.8900888887334
15.9120478036874
15.9060662289596
15.8961204751681
15.8923386414696
15.9046898664736
15.9235834826969
15.9593522302755
16.0083747038207
16.0615216135283
16.1052703197457
16.1523167390205
16.1874714454195
16.2052006761399
16.2029200602742
16.1928923706888
16.1825008083852
16.1794068447743
16.1886085352721
16.2232700118155
16.2767375651427
16.3250246061652
16.3734326146268
16.4146389577778
16.493442735688
16.548800642916
16.6338192663044
16.7045464715981
16.8201173654565
16.8300916132534
16.8541334038351
16.8294719212033
16.8464373617186
16.8346937565495
16.886097659849
16.9556074752262
17.0791207352063
999.99
999.99
999.99
999.99
999.99
999.99
999.99
999.99
999.99
999.99
999.99
15.9405412663217
15.8188362733718
15.8592634429351
15.9014511482249
15.9051162053668
15.9005838223188
15.899025010042
15.9102346004703
15.9264084285041
15.9584355352456
16.0052260969074
16.058004240995
16.1038770610971
16.1545209184421
16.1961525400412
16.2214202248267
16.2299089741631
16.233643415566
16.2392030533187
16.2542386573188
16.2845021471459
16.3357578032752
16.3988640540396
16.4498420627057
16.4939861677415
16.5261851073674
16.6229193667767
16.697679347268
16.8280265121656
16.9494593408901
17.1570327393503
17.2041143970108
17.2836660070158
17.2612727983743
17.2548170632699
17.1573857256178
17.1484882476112
17.1194100524911
17.18094497441
999.99
999.99
999.99
999.99
999.99
999.99
999.99
999.99
999.99
999.99
999.99
15.3703559403559
15.7811293956107
15.8240166395007
15.8734282877181
15.8909412900895
15.8975080039633
15.9049458738639
15.9212586112004
15.939760516799
15.9715224563324
16.0163756830237
16.0666712713396
16.111052904124
16.1597486475963
16.2021269846043
16.2315701764538
16.2508340470254
16.2715795350016
16.2977149894941
16.3376998988645
16.3944282822477
16.4642995539587
16.535652913071
16.5881290937448
16.6252192132213
16.648362183541
16.76612000266
16.8662482837312
17.0480880020634
17.2263946146066
17.529518289413
17.6141984219598
17.7478342704842
17.7289810169202
17.7075740614188
17.5325868560473
17.4719015432654
17.3541548228955
17.3443307880029
999.99
999.99
999.99
999.99
999.99
999.99
999.99
999.99
999.99
999.99
999.99
15.5215802726116
15.7311915765976
15.7886429864103
15.8452209513633
15.8761639499397
15.8948856579587
15.912906466974
15.9358680261611
15.9570376220516
15.9887031211266
16.0316158437737
16.0789301119923
16.1199483213888
16.1634953521557
16.2010326067953
16.2266524749617
16.2478981581282
16.277162808536
16.3159571074005
16.3741919962968
16.451946323237
16.5359026894973
16.6115941830007
16.6644735279042
16.6957560205446
16.7119341692091
16.8504038372105
16.9773885430619
17.21092440674
17.4452640278247
17.8441374797228
17.972240238326
18.1654049365952
18.1575400025035
18.1381045152432
17.9008806110813
17.8036329125959
17.6144261818845
17.5507408148427
999.99
999.99
999.99
999.99
999.99
999.99
999.99
999.99
999.99
999.99
999.99
15.5816590041782
15.6771737646798
15.7407562874365
15.8082924012945
15.8506011925768
15.8810404318117
15.9101637299881
15.9414645935807
15.9662925562176
15.9998045385717
16.0422058266059
16.0874864275313
16.124787440389
16.1614333980455
16.1906114290286
16.2087766271281
16.2274642751926
16.2607027851342
16.3081668878237
16.3796486080557
16.4721389543579
16.5641356181909
16.6394025416186
16.6907829719622
16.718407661794
16.7304334559443
16.8437873007612
16.9522901497005
17.1685494255598
17.3878069946117
17.7667721972377
17.9230711197873
18.1602763001915
18.2065810483148
18.2331341884105
18.024530823386
17.9329419447845
17.7145418310807
17.5907114714715
999.99
999.99
999.99
999.99
999.99
999.99
999.99
999.99
999.99
999.99
999.99
15.7514105649158
15.6552206386171
15.7112572240272
15.7687311077806
15.8191567708343
15.8591635638133
15.8973294393559
15.9353696272886
15.9627417085003
15.9973276327476
16.0394874666144
16.0830040664485
16.1177462368312
16.1486804655052
16.1709562768149
16.1820250704731
16.1973316633144
16.2313713669712
16.2844691261981
16.3639942720438
16.463571734064
16.5573970827076
16.6289235102684
16.6759725487387
16.7006263012632
16.7140351710657
16.8086894858348
16.9032811446868
17.0837176925631
17.2616270762417
17.5934006778962
17.7498464595428
18.0056699573695
18.1271070683192
18.2345455455186
18.0873376158632
18.0336546428406
17.8232469272796
17.6541186724758
999.99
999.99
999.99
999.99
999.99
999.99
999.99
999.99
999.99
999.99
999.99
15.6367977920905
15.6276272014789
15.6802263498084
15.7387537281747
15.7933796351409
15.8387785902107
15.8802734487641
15.919762074774
15.9462879700995
15.978373658904
16.0187062198464
16.0607532517436
16.0944489308938
16.1228819426185
16.1428125747
16.150435687341
16.1631654574951
16.1964957313383
16.2521923735983
16.3343373363997
16.434054366694
16.5255929612904
16.591550693718
16.6326141982319
16.6541459520039
16.6705675206366
16.7459692235324
16.8259324079845
16.9699901453003
17.1062607565654
17.3552349782548
17.4796610695624
17.6834989044015
17.8112168795663
17.9321154864371
17.8507052183793
17.8372111496569
17.7064517765706
17.5613390055671
999.99
999.99
999.99
999.99
999.99
999.99
999.99
999.99
999.99
999.99
999.99
15.5461179104803
15.612096599035
15.6609011622299
15.7188955572865
15.774046211602
15.8213286485348
15.86201139153
15.898269214914
15.9210042923719
15.9481395004178
15.9847657854564
16.0244191970905
16.0581379255304
16.0870816336385
16.1081091937058
16.1161369307839
16.1280624391223
16.159729037332
16.2150283211032
16.2953245555338
16.3900704407526
16.4775654400088
16.5390728385793
16.5769985383136
16.5986920388474
16.6203287659462
16.6753019995045
16.7376961675939
16.8404374787645
16.9314063645146
17.09678289199
17.191615032223
17.3471920233244
17.486828289305
17.6271236771025
17.6159475468353
17.6476704333412
17.6000750664623
17.4879454132824
999.99
999.99
999.99
999.99
999.99
999.99
999.99
999.99
999.99
999.99
999.99
15.4047874329826
15.5964270697417
15.6433977289189
15.7078633814314
15.7615209490451
15.8088477319403
15.8469702612788
15.878169335024
15.8966645600723
15.9203876148282
15.9535353762895
15.9909165952594
16.0248696745226
16.0550160427571
16.0779205241973
16.0900818523406
16.1055227370677
16.1398875399289
16.198060138079
16.278422925215
16.3686065381071
16.45254686781
16.5107523021581
16.5472041534804
16.570410592313
16.5976549494797
16.6332753501914
16.6779865026021
16.7373495662221
16.7825930167044
16.8636001679711
16.9264387640404
17.0319957784761
17.1844305169582
17.3437657537062
17.405715781957
17.4839366437488
17.5206045489469
17.4392858274057
999.99
999.99
999.99
999.99
999.99
999.99
999.99
999.99
999.99
999.99
999.99
15.4998745996551
15.5942237731091
15.6438082060021
15.7107037826045
15.7621867345101
15.8082070698293
15.8436498477829
15.8689964463901
15.8832925088931
15.9035459076266
15.9323758527804
15.9650174615638
15.9973220752419
16.0276979811257
16.0526612257969
16.0700924249932
16.0920004533826
16.1316120303581
16.1938463995541
16.2745352079383
16.3611147431387
16.44192509797
16.4984389219134
16.5345791515399
16.5587978008246
16.58957689072
16.6284680675833
16.6770128553901
16.7264875319895
16.7628521552132
16.8193107624656
16.8609265100321
16.927567825237
17.054554381195
17.1931432407911
17.2646248025586
17.3485066601986
17.4286650323235
17.4032201416598
999.99
999.99
999.99
999.99
999.99
999.99
999.99
999.99
999.99
999.99
999.99
15.5205425685426
15.6107513488452
15.6577034456109
15.7219285867373
15.77194608829
15.8170707271669
15.8511312410965
15.8720561417745
15.8840322800165
15.9020255134536
15.9267075560089
15.9534735796071
15.982273416292
16.0110612282755
16.037018738805
16.0587663657888
16.0872008827507
16.1323900326143
16.1977236342987
16.277206752349
16.3605374466792
16.4390183701821
16.4956980535444
16.5344159738656
16.5614090019767
16.5936968541153
16.6309125110187
16.678607703262
16.7265677338465
16.7683062097161
16.8162857368142
16.8555995706088
16.8992500625361
16.9911963369497
17.0902950353472
17.1561176016
17.232636891312
17.3295086378227
17.3451922849738
999.99
999.99
999.99
999.99
999.99
999.99
999.99
999.99
999.99
999.99
999.99
15.5604228379699
15.6330391065491
15.6833211118617
15.7408981066536
15.7894675651848
15.8338925444412
15.8672875928442
15.8856952914618
15.8978263746549
15.9162822386892
15.9385166847585
15.9609705395115
15.9869045849125
16.0137114520672
16.0393531113483
16.0640224579288
16.0977244870841
16.1474346957565
16.2139417238406
16.2902137509833
16.3691717775019
16.4442376440069
16.5003601093479
16.5422865777665
16.5742258319101
16.6082652920775
16.6432767500993
16.6879092153102
16.732944989086
16.7783785861097
16.8351054716846
16.889713335726
16.9486875403193
17.0402627582082
17.1321380823065
17.1900799387246
17.258393078147
17.3383420582942
17.3656727127386
999.99
999.99
999.99
999.99
999.99
999.99
999.99
999.99
999.99
999.99
999.99
15.6365956009406
15.6460562209019
15.7044842453408
15.7672964813537
15.8140035982494
15.8572858370234
15.8896823534625
15.9068702403008
15.9215968813287
15.9434134924373
15.965633650334
15.9862364479703
16.0106722199821
16.0356773854365
16.060850120316
16.0883835611634
16.1270384744716
16.1807619922568
16.247089874962
16.3175940134093
16.3894505609785
16.4575619370231
16.510205563829
16.5528798723955
16.589314274379
16.6240902774753
16.6569440352664
16.6975544501516
16.7399810390342
16.7877926291461
16.8513448302303
16.9198462186993
16.9934121425313
17.0820020677716
17.1641565879997
17.2150717496855
17.2727004947125
17.3354683409857
17.3772076103063
999.99
999.99
999.99
999.99
999.99
999.99
999.99
999.99
999.99
999.99
999.99
15.6318261821323
15.6639286963437
15.7293892944051
15.7925286394199
15.8382002227925
15.8811312995467
15.9140407733206
15.9317768651632
15.9505827075614
15.9763965882979
15.9995552551285
16.0182586646461
16.0417025132688
16.0658968080034
16.0919897272038
16.1228732940601
16.1667529103553
16.2234111395557
16.287781731931
16.3501376901651
16.4126137867745
16.4717115991027
16.5200087598925
16.5624353336249
16.6030763929754
16.6385035011851
16.6687372083782
16.7034132894962
16.7423428638002
16.790278704469
16.85813085917
16.9383887958036
17.0251007334263
17.1067774078298
17.1766132241658
17.2175567662843
17.2606826038565
17.3053589632099
17.3626732696408
999.99
999.99
999.99
999.99
999.99
999.99
999.99
999.99
999.99
999.99
999.99
15.4586947808934
15.6756095608017
15.7458580713309
15.8091434553307
15.8549553640255
15.8996077409269
15.9349358258034
15.9558553031799
15.9804018343473
16.0108902496346
16.0356466894356
16.0539330091238
16.0778881599998
16.1035360622563
16.1325123265827
16.167557474801
16.2151708519893
16.2716195119222
16.3301834633084
16.3807819117011
16.4309889866025
16.4799935209353
16.5240209876981
16.5664956976513
16.6130407908054
16.651803336127
16.6814347015274
16.7113270110967
16.7465385585228
16.7913940807784
16.8589010627714
16.9451116027295
17.0391295573773
17.1229071695436
17.1909788669958
17.2331172164442
17.2732532901393
17.3109106432538
17.3670319775279
999.99
999.99
999.99
999.99
999.99
999.99
999.99
999.99
999.99
999.99
999.99
15.5979451364962
15.6782820479877
15.7509884221559
15.815839701208
15.8614580278057
15.908114041318
15.9466506780345
15.9733769357049
16.0049015394412
16.0403954684656
16.0672614109837
16.0866127919786
16.1117421743062
16.140444130193
16.1734984134343
16.2133372284161
16.2629599633689
16.3163984851344
16.3656835822275
16.4021205280216
16.4380212905033
16.4767279900626
16.5173284872027
16.5611908868338
16.6155371091761
16.6607725116974
16.6944109250284
16.7229258942018
16.7553543930045
16.7950760378591
16.8582523800217
16.9421595572575
17.0362721050808
17.1180668875267
17.183110650612
17.2243160664119
17.2588771632273
17.2942595723664
17.3524470974003
999.99
999.99
999.99
999.99
999.99
999.99
999.99
999.99
999.99
999.99
999.99
15.6115243491829
15.674957713649
15.7413432693267
15.8079814000771
15.8523199419369
15.9008305235625
15.9441435930576
15.9789943529344
16.0183187552539
16.0589702820408
16.0882715564711
16.1085433412955
16.1338202691959
16.165292696613
16.2019296001007
16.2455705300244
16.2955790923356
16.3443461589606
16.3826040294519
16.4045712023358
16.4263242196793
16.4559107897917
16.4950015720783
16.5430620518937
16.6072621395313
16.6626858643347
16.7047434059483
16.7364792247138
16.7684517499142
16.80354230372
16.8600905318833
16.9361058633573
17.0227059591023
17.0981310555554
17.1581041924048
17.1971746405338
17.226833126758
17.2600277994764
17.3174514356818
999.99
999.99
999.99
999.99
999.99
999.99
999.99
999.99
999.99
999.99
999.99
15.6011340080748
15.6703572636239
15.729522736826
15.7875727850746
15.8304519213937
15.8800340294169
15.9286546486623
15.9726904950375
16.0183415764645
16.0627230515818
16.0948923400306
16.1165856935195
16.1418323854863
16.1766682365251
16.2166304153054
16.2612536388055
16.3084376959251
16.3498322598046
16.375265729829
16.3829243275523
16.3924489742933
16.4155383911337
16.4556541297466
16.5107156820788
16.5871575916673
16.6564317568577
16.7111086454424
16.7509794942386
16.786125357144
16.818868598433
16.8691149612658
16.9339962294533
17.007481462396
17.0716106757316
17.1224595025627
17.1546156614086
17.1785258018336
17.209804941971
17.2664696718916
999.99
999.99
999.99
999.99
999.99
999.99
999.99
999.99
999.99
999.99
999.99
15.5142303992304
15.6615340654418
15.7124865422854
15.7592532374734
15.7999734291703
15.8490966303429
15.9011754200355
15.9536637022545
16.0048630519425
16.0532947607899
16.0902432261019
16.1166197941927
16.1441289431105
16.1834372838128
16.2260970923903
16.2695898449004
16.3109557960052
16.3424558465681
16.3533112742789
16.3469195025776
16.3451652999381
16.3629660337606
16.4045398160317
16.4674811015006
16.5574167363706
16.6435189810126
16.7149957740437
16.7689436870621
16.8127481595933
16.8462885401988
16.8912610713396
16.9432512406061
16.9998790269354
17.0499207737541
17.0892853289986
17.1139392090383
17.135433190881
17.1678715233089
17.2265076222501
999.99
999.99
999.99
999.99
999.99
999.99
999.99
999.99
999.99
999.99
999.99
15.549700474129
15.648381803936
15.6906704569466
15.7300519848759
15.766973015922
15.8135510278908
15.8666273632804
15.9255283383663
15.9809400826453
16.0346949090587
16.0785452369501
16.1122960008725
16.1435270122561
16.1865353756758
16.2289314603568
16.2685992772972
16.3023043538369
16.3239531854085
16.322069138174
16.3050079749255
16.2938971322446
16.3071890285088
16.3489930943407
16.417925180206
16.5184176511091
16.6204645763674
16.7091441990902
16.779345789303
16.8362742300109
16.8759860515134
16.91937521294
16.9607789077634
17.0021205776352
17.0367245485012
17.0620360003258
17.079083051264
17.0998966341384
17.1357546473161
17.2000636505145
999.99
999.99
999.99
999.99
999.99
999.99
999.99
999.99
999.99
999.99
999.99
15.7171036262744
15.6371595839919
15.6670651869443
15.7031438805698
15.7362851144758
15.7802294538201
15.8333279019429
15.8956383568957
15.9533964904904
16.0131099569741
16.0645222559586
16.1066324437741
16.1436030531792
16.1899592244248
16.2298649053133
16.2637928493791
16.2894997941774
16.3025046962728
16.2917836094075
16.268686732249
16.2518014505526
16.2610776127587
16.3000797528643
16.3692154314286
16.4731960529402
16.586097263427
16.6887293647757
16.7750854930966
16.8481078202097
16.8992421913537
16.9447067991319
16.9800699397305
17.0098086292546
17.0296936174903
17.0394079489489
17.0472664379451
17.0650187022077
17.1018828917709
17.1717402445735
999.99
999.99
999.99
999.99
999.99
999.99
999.99
999.99
999.99
999.99
999.99
15.6260630730735
15.6336565594046
15.6558959921511
15.6824973960343
15.7129501636602
15.7546465438215
15.8069347237606
15.8701765936867
15.9288872955485
15.9944785702266
16.0534722189568
16.1047024928482
16.1490613495794
16.1985506396422
16.2353140348137
16.262760277543
16.2801685421341
16.2848688186353
16.2685744675506
16.2425548226315
16.2228180784289
16.2284591977596
16.2625266845941
16.3261222067565
16.4262448800009
16.5429413558328
16.6552956389741
16.7562831074723
16.8468142005648
16.9140574958559
16.9666567626328
17.0008761841357
17.0236659696913
17.0312637556062
17.0257299057138
17.0237453173447
17.0365473675853
17.0715224896571
17.1444172033941
999.99
999.99
999.99
999.99
999.99
999.99
999.99
999.99
999.99
999.99
999.99
15.5386164984841
15.6371607508461
15.6495790587876
15.668925073758
15.6965606293095
15.7363522530029
15.787545652176
15.8504636778269
15.9108916067072
15.9830282787041
16.0485154541788
16.107754538929
16.1589316014782
16.2096485064214
16.2421993347458
16.2646569136797
16.2760637017448
16.2747638367789
16.2563045831067
16.2305182939023
16.2091497620962
16.2104465895712
16.2378509117604
16.2921779472508
16.3825531657507
16.4969188071188
16.6138828917306
16.7249575296325
16.8300711755095
16.9136413363487
16.9751287974901
17.0117477539168
17.032708707542
17.0326793264411
17.0160221611878
17.0065201847605
17.0143117465332
17.0437427007329
17.1145374257819
999.99
999.99
999.99
999.99
999.99
999.99
999.99
999.99
999.99
999.99
999.99
15.6531068876923
15.6481190513826
15.6502197877176
15.6619825499515
15.6846910888919
15.721887373545
15.772027401138
15.8348735298256
15.8992115804952
15.9785660745514
16.0489746856493
16.1139246348295
16.1696686896856
16.2182992391491
16.2451679680415
16.2631341325852
16.2700316344209
16.264967886748
16.2482484999804
16.2259098098355
16.2051404814175
16.2028802774625
16.2231638997682
16.26556566348
16.3421292564872
16.4489208445912
16.5653435986787
16.6814512857354
16.7973895518772
16.8957839373647
16.9672070010569
17.0095587892544
17.0336498868747
17.0313802441927
17.0086680682156
16.9928287526092
16.9933480530166
17.0120994641138
17.0732772728486
999.99
999.99
999.99
999.99
999.99
999.99
999.99
999.99
999.99
999.99
999.99
15.6619318437403
15.6616957495124
15.6608539545755
15.6613914039241
15.6778501682496
15.7112917545523
15.7598515468513
15.8223082852162
15.8915050449167
15.9773942708626
16.0512980766189
16.1201022368648
16.1792004435582
16.224882211653
16.2468673914295
16.2613456921778
16.2647063724807
16.2568846547184
16.2431898330348
16.2252298767037
16.2073640235694
16.203192479161
16.2173648557143
16.2482454746597
16.3115757230885
16.4083508224103
16.5216667485044
16.6396877640235
16.7616796512301
16.8692128340448
16.9480615952778
16.9954663815497
17.0243764857615
17.0254766747213
17.0046100160671
16.9869387096812
16.9826029618823
16.991230852052
17.0388417926321
999.99
999.99
999.99
999.99
999.99
999.99
999.99
999.99
999.99
999.99
999.99
15.8322995996132
15.6850952408331
15.6806507294736
15.6679945881647
15.6775642392573
15.7058850112809
15.7519174145101
15.8139006402864
15.8881887136425
15.979927233066
16.0574104792608
16.1296004410657
16.1911565478565
16.2337893703479
16.2515276811681
16.2626219138738
16.2620450232285
16.2506658359081
16.238299899842
16.2231332126025
16.2077157121452
16.2027465571232
16.2134645219408
16.237543734123
16.2925012551089
16.3813809785849
16.4914047220156
16.6087981988687
16.730823842921
16.8401661610644
16.921945530079
16.9722411305569
17.0060530991307
17.0152803319205
17.003612665765
16.99070273387
16.9880600703809
16.9925250829583
17.0276363280872
999.99
999.99
999.99
999.99
999.99
999.99
999.99
999.99
999.99
999.99
999.99
15.8308302068302
15.7092482837668
15.7002017173521
15.6805255323328
15.6836456151279
15.7067048080567
15.7495351029566
15.811136790026
15.8897265380897
15.9864342174665
16.0673330005614
16.1426616089925
16.2063789225777
16.2469072604324
16.2600483789439
16.2672482890065
16.2620524657989
16.245911155996
16.231465273932
16.2174451990206
16.2034218246376
16.1986045086967
16.2085387201191
16.231358807761
16.2834515245852
16.3680640655501
16.4751207224138
16.5896324942312
16.7065805462101
16.8110919520354
16.8910079621515
16.9417672743295
16.9798587016192
17.0003647300428
17.0031199809826
16.9993518465464
17.0021007352329
17.0059807304906
17.0293171120088
999.99
999.99
999.99
999.99
999.99
999.99
999.99
999.99
999.99
999.99
999.99
15.8076265291039
15.7296062294959
15.7178765085412
15.6950298727779
15.6928132453602
15.7119849817237
15.7520304483856
15.8134605617777
15.895865984244
15.9967121163974
16.0811284585735
16.1595613453694
16.2259204914249
16.2642585391114
16.2727405953693
16.2741906077708
16.2622494418765
16.2389552386785
16.2198138519196
16.2046594638081
16.1917166731835
16.1883717851205
16.1991435550139
16.2234760142577
16.275985043757
16.3586277392327
16.4634742596176
16.5762026069301
16.6884328226147
16.7871657658449
16.8639750375807
16.9142589804318
16.9551190742775
16.9866598062939
17.0040433704558
17.0114758982371
17.0229430791298
17.0308267828871
17.0461479710314
999.99
999.99
999.99
999.99
999.99
999.99
999.99
999.99
999.99
999.99
999.99
15.7981240478453
15.7478186218019
15.7339844964569
15.7104120628244
15.7060165910252
15.7231723083619
15.7603732886308
15.8203161823418
15.902546396986
16.004345434875
16.0905983208156
16.1714027872164
16.2402836620058
16.2792954338903
16.2859076692205
16.283576888248
16.2659946387854
16.2365250881779
16.2108719246529
16.1923528831142
16.1788559449011
16.1766893603552
16.1883685722303
16.2162931313279
16.271169388632
16.3537829712596
16.457327642023
16.5693875220779
16.677292076826
16.7712067705145
16.8447446900544
16.8944879219633
16.936800288548
16.977456881339
17.0070322280445
17.0258730487755
17.0472954347309
17.0622351997091
17.0743384326169
999.99
999.99
999.99
999.99
999.99
999.99
999.99
999.99
999.99
999.99
999.99
15.7371926096874
15.7638525192244
15.7440787352483
15.7246015505444
15.7203114284521
15.7367208797073
15.7717621960384
15.8298965800457
15.9102739542362
16.0107601956475
16.0975096070538
16.1792729873978
16.2501130219574
16.2906432451195
16.2972757539195
16.2935003699058
16.2726870563287
16.2390377218637
16.2072181402423
16.1843898829422
16.1680598874345
16.1655689739566
16.1773329549083
16.2091473594026
16.2663824597406
16.3501681682436
16.4529452340025
16.5654950793497
16.6716095490106
16.7646941421757
16.837458622475
16.8881681088006
16.9304703861418
16.9752277248275
17.0102710481473
17.0360481864472
17.0656443182125
17.0881236046236
17.1009274615516
999.99
999.99
999.99
999.99
999.99
999.99
999.99
999.99
999.99
999.99
999.99
15.8982983258837
15.7667066864618
15.7478698664227
15.7359779854386
15.7320430016508
15.7476379382395
15.7804195591207
15.8364006216899
15.9139622079913
16.0103626824716
16.0949144179824
16.1750822280639
16.2458219963256
16.2873884837611
16.2963550813313
16.2946593661426
16.2747147280135
16.2411635782413
16.2065060789531
16.1808293535964
16.1614646384938
16.1575590196399
16.1680722322223
16.2014626980701
16.2591819750128
16.3434327439358
16.4455777455269
16.559410799274
16.6676827528485
16.7649564324432
16.8398432676176
16.89192500992
16.9326194351921
16.9752614791512
17.0089953197922
17.0375384661495
17.073836300143
17.1040643734159
17.1217691624833
999.99
999.99
999.99
999.99
999.99
999.99
999.99
999.99
999.99
999.99
999.99
15.7962573218497
15.7665055427546
15.7519465258378
15.7426793069303
15.7391233195898
15.753662338735
15.7844744110828
15.8379153035864
15.9126484246494
16.0027859099601
16.0827041545597
16.1578224551096
16.2252221944455
16.2657326890112
16.2793949753624
16.2834678979877
16.2694457908248
16.2417788323413
16.2100565256561
16.1835594730246
16.1613841969132
16.1547784709092
16.1617016987864
16.1925758979555
16.2480338706715
16.3312551825285
16.4319525696547
16.546738123779
16.6597736630067
16.763550389597
16.8415667862136
16.8949314538007
16.9331985198271
16.9680655852743
16.9959276716594
17.0255369377679
17.0696156630999
17.1104932191844
17.1407739378051
999.99
999.99
999.99
999.99
999.99
999.99
999.99
999.99
999.99
999.99
999.99
15.6711894622348
15.7644388943881
15.7575828961377
15.7469691271621
15.7446118872347
15.7568712639104
15.7849995858636
15.8350048724377
15.905587048449
15.9878531262879
16.061999574396
16.1303614638571
16.1918732458563
16.2314700182887
16.2500374115698
16.2615809468087
16.256809652058
16.2398744184704
16.2151711744329
16.1914221608714
16.1680326072861
16.1584876483059
16.1606152261503
16.1864321917419
16.2378012293112
16.319110899853
16.4179140241439
16.5326570048425
16.6508778422486
16.7611877822311
16.8421983987209
16.8964481661667
16.9318218637974
16.9559377980368
16.9754965393118
17.0040770752301
17.0549456320618
17.1075645133626
17.1545711125216
999.99
999.99
999.99
999.99
999.99
999.99
999.99
999.99
999.99
999.99
999.99
15.7533898835711
15.7480911083759
15.7533049229176
15.7489679803336
15.748652013472
15.758333657641
15.7843176177732
15.8305617368026
15.8979463977059
15.9723016110506
16.0412374607814
16.1026311964684
16.1585959267927
16.1960016439544
16.2181361626968
16.235694467997
16.2400458840149
16.2334560850959
16.2174915534841
16.1991845895651
16.1767907827906
16.1656288773972
16.1642501311492
16.1840680155462
16.2300555169093
16.3083460480283
16.4044527114369
16.5172300124135
16.6394143294622
16.7548303923254
16.8381387690128
16.8919895461668
16.9250278422037
16.9388745186995
16.9510719127482
16.9793760698781
17.0384996556707
17.1048609898366
17.1721434756659
999.99
999.99
999.99
999.99
999.99
999.99
999.99
999.99
999.99
999.99
999.99
15.7736650175222
15.7205948308613
15.7439341869554
15.7481540736596
15.7513814289964
15.7600569476084
15.7842359175024
15.826280828517
15.889676219546
15.9559767901764
16.0194510133452
16.0744657978462
16.1250716975944
16.1607100742106
16.1856472185235
16.207513820913
16.2197654402174
16.2225504254376
16.2150255029453
16.2034729681242
16.1841255481738
16.1729373687112
16.1695877941322
16.1839291973272
16.2236705038731
16.2977476918887
16.3897494657545
16.4974981964751
16.6186552388995
16.7349897428303
16.8181972668196
16.8704002416409
16.9029838343663
16.9120409491418
16.9226693485357
16.954486915359
17.0239698445752
17.1060796738065
17.1958920861899
999.99
999.99
999.99
999.99
999.99
999.99
999.99
999.99
999.99
999.99
999.99
15.7303171268015
15.6946633303405
15.7359903699522
15.7449425207948
15.7530280660246
15.7624045613954
15.7854645505216
15.8235470519287
15.8825869365215
15.9423776041353
16.0016434856349
16.0519072080389
16.0982623382132
16.1328824526596
16.1589973691629
16.1825392958528
16.2001408675883
16.2098520461933
16.208723595095
16.2038074146449
16.1885766337095
16.1788672075332
16.1751070507264
16.18575617578
16.2193185826162
16.2883252660653
16.3749341514998
16.4759961993956
16.5918973399148
16.7054677930906
16.7882725748389
16.8410210907394
16.8770397114522
16.8891342842036
16.9031775563408
16.9395296153411
17.0158515307253
17.1091837758221
17.2163014560538
999.99
999.99
999.99
999.99
999.99
999.99
999.99
999.99
999.99
999.99
999.99
15.580072741686
15.6726882704078
15.7263331787612
15.7420447396386
15.7551211313204
15.7656325392323
15.7877489963409
15.8224617202765
15.8766310715146
15.9308016967335
15.9870689781764
16.0350305312054
16.078703703204
16.1130337351506
16.1396211807926
16.162731107546
16.1827833829294
16.1970886790884
16.201133209275
16.2027015742632
16.1930288127907
16.1863563450729
16.1835259423494
16.1923262071522
16.220347475007
16.2837976840715
16.3650519963817
16.4599454861648
16.5683977143817
16.6784203232137
16.7618046874952
16.817007308042
16.8592467204012
16.8812923828787
16.9015082225008
16.9407505409354
17.0177444542589
17.1134689938216
17.2266106488394
999.99
999.99
999.99
999.99
999.99
999.99
999.99
999.99
999.99
999.99
999.99
15.565464963221
15.6629930287013
15.7210944687389
15.740015095336
15.7569783925963
15.7695760430716
15.7912028150435
15.8230729105932
15.8726078002332
15.9213516267
15.9742038437084
16.0208350120044
16.0634146489051
16.0975323361144
16.1258309906895
16.1487886387686
16.1696478639435
16.1858227173201
16.1933385597312
16.1990787596286
16.1943118978281
16.1919379599634
16.1920250080429
16.2019486135907
16.2261869383779
16.284539326298
16.359807890229
16.4474367530444
16.5448398854843
16.6491918268168
16.7318575692991
16.789510692184
16.839810447129
16.8773106087752
16.9074375588323
16.951027186202
17.0265609021497
17.1194991049669
17.230758613491
999.99
999.99
999.99
999.99
999.99
999.99
999.99
999.99
999.99
999.99
999.99
15.6168660070089
15.6623478706728
15.7194594175327
15.7422771463104
15.7615663291157
15.7768576180513
15.7982110501866
15.8277299041315
15.8718046886709
15.9150319622292
15.9631650341749
16.0073417958471
16.0473493009379
16.0800523826379
16.1088116283623
16.13070418167
16.1513535379688
16.1692076097504
16.1801066439985
16.1889260506419
16.189045930285
16.1913840400897
16.1950431312906
16.207577904552
16.2301346821221
16.2839813201074
16.3534343080599
16.43385615074
16.5193562378392
16.6164290646509
16.6972009223581
16.7565110494996
16.8132399351216
16.8657548360024
16.9061820877493
16.9527671085399
17.0242614465731
17.1101125642162
17.2130079234236
999.99
999.99
999.99
999.99
999.99
999.99
999.99
999.99
999.99
999.99
999.99
15.7363379640104
15.6776526983493
15.7255167012287
15.7501940444661
15.7696122396881
15.7868423645185
15.808901008371
15.8375660414886
15.876946560208
15.9149786100169
15.9575230939788
15.9973865630774
16.0335029410276
16.0629685123337
16.0909754680327
16.111326347285
16.130785335415
16.1490320361232
16.1628998887565
16.1735193023847
16.1779035490885
16.1850537295222
16.1929900828572
16.2093078761058
16.233578727286
16.285425939551
16.3512025314288
16.4274432245284
16.5049977344152
16.5958537811603
16.6746665545019
16.7358436383773
16.7965681674822
16.8588881781568
16.9054271540339
16.952040736293
17.0143417967426
17.0867562833608
17.1741839265244
999.99
999.99
999.99
999.99
999.99
999.99
999.99
999.99
999.99
999.99
999.99
15.6987171717172
15.7080620205815
15.7396815862353
15.7613786096622
15.7799874490396
15.7989199348218
15.8228521934948
15.8519313621954
15.8866401767431
15.918278995838
15.9529998399736
15.9856959796402
16.0153705221564
16.0410726966925
16.0691761261414
16.0893291419615
16.1082142647602
16.1268521704405
16.1430757751155
16.1539147439568
16.1617841613963
16.173694738043
16.1867702072257
16.2077567594669
16.2368084233375
16.2888532866622
16.3527872577063
16.4259713688247
16.4977767600419
16.5809190201925
16.6542617735235
16.7126328077901
16.772192973725
16.8365185103758
16.8866528240608
16.9331935935363
16.988381422577
17.0481217600616
17.1211651174986
999.99
999.99
999.99
999.99
999.99
999.99
999.99
999.99
999.99
999.99
999.99
15.610607022607
15.7345880601401
15.753491843546
15.7751780097459
15.7930399905348
15.8143872475122
15.8408210242072
15.8704822463817
15.9019417400444
15.9285816927087
15.955497046843
15.9801243361481
16.0033048266154
16.0250158910624
16.0517457186844
16.0713709478056
16.0893361106743
16.1061382029812
16.1210923037937
16.1295854352769
16.1376941066787
16.1522032427818
16.1707668718944
16.1978723731083
16.2344747129255
16.2900005261662
16.3538529436066
16.4237296089025
16.4900458897972
16.5619584955745
16.6250812843595
16.6765085025552
16.7304742240443
16.7915231324835
16.8522606873738
16.9134663596832
16.9780983060866
17.0427862985035
17.1183836529265
999.99
999.99
999.99
999.99
999.99
999.99
999.99
999.99
999.99
999.99
999.99
15.7229005284301
15.7536613592215
15.7715195343494
15.7935090236818
15.8104584631165
15.8332893425105
15.8623723939881
15.892844660649
15.9212350115704
15.9445331049167
15.9655547233754
15.9827842909056
16.0000548691983
16.0192902904173
16.0437129335177
16.0614985835525
16.0777340297339
16.0909576738696
16.1010778923408
16.1047156627812
16.1105816644383
16.1242167491788
16.1469862131527
16.1803341950428
16.2262687113415
16.2873113665745
16.3541825772572
16.4225729391104
16.4848523856704
16.5440173846763
16.5946215115262
16.6359372249533
16.6798590164901
16.7326289938496
16.8091706553845
16.8936366630208
16.9788965635444
17.0607815694398
17.1515303010541
999.99
999.99
999.99
999.99
999.99
999.99
999.99
999.99
999.99
999.99
999.99
15.7057147482792
15.7619561831085
15.7836148179254
15.8089836721056
15.8235447695381
15.8456946329891
15.8769858467685
15.9101400776941
15.9384111938365
15.9616312246123
15.9807405429194
15.9936897828737
16.0064574167961
16.0247655922257
16.048060516975
16.0642797252016
16.0790482414604
16.0880678805318
16.0913788514095
16.0886760230275
16.0901812795559
16.0997930324777
16.1246816039135
16.1634275658718
16.2181294721417
16.2853651543634
16.3560738128304
16.4237999806952
16.4822336482998
16.5283882310559
16.5650221705019
16.5957060182713
16.6289868200578
16.6723790708124
16.7699784733401
16.897780418785
17.0247327592551
17.1458814427326
17.279479289605
999.99
999.99
999.99
999.99
999.99
999.99
999.99
999.99
999.99
999.99
999.99
15.8360716456082
15.777864449127
15.7983491899302
15.8202357633738
15.8316848671539
15.8508472621747
15.8821066893036
15.9172904172285
15.9468958393586
15.973597840297
15.9965330380934
16.0105919795611
16.0216151243432
16.0408597327076
16.0632557625194
16.0763477592785
16.0885094927916
16.0929848798399
16.0886389936135
16.0788604025554
16.0756454187299
16.0799942070725
16.105457504558
16.1473928793844
16.2085719205769
16.2798924212511
16.3524390541886
16.417248250411
16.4696935781616
16.5007068816722
16.5206066958973
16.5381489461732
16.5590847898272
16.5935243691259
16.7129789571957
16.8885677346616
17.0648889586352
17.2349303092832
17.4290718090324
999.99
999.99
999.99
999.99
999.99
999.99
999.99
999.99
999.99
999.99
999.99
15.6794193502974
15.7896158906269
15.8155232134399
15.8327175143504
15.8413172507621
15.855582022362
15.8835297248697
15.9181739577786
15.9501103148183
15.9832132313586
16.0157922783622
16.0378582891426
16.0537173287077
16.0750108364173
16.0952505269184
16.1018431061208
16.1076928046766
16.1042348142048
16.0907881244353
16.0731344692748
16.0643585153892
16.0620525079325
16.0857956777639
16.1287348133695
16.1932092907814
16.2668744999583
16.3399768418279
16.4006932073038
16.4457433639759
16.4634413156955
16.4679575483751
16.4736989224155
16.483755348545
16.5121856629678
16.6523976295504
16.875357286628
17.1014858792934
17.3233096328151
17.5784073719453
999.99
999.99
999.99
999.99
999.99
999.99
999.99
999.99
999.99
999.99
999.99
15.7289120556821
15.8034726177266
15.8355894556409
15.8497360756649
15.8544249202414
15.861423475556
15.8827838377161
15.9136050059098
15.9445394504179
15.9812994054056
16.0229570488358
16.0551536265311
16.0787157130529
16.1056204453991
16.1268803006297
16.1287250360073
16.1274749039196
16.1160409715392
16.0939569419458
16.0695209989405
16.057048025315
16.0507711252455
16.0727828495099
16.1150032659966
16.1790990139564
16.2512752414418
16.3220516734493
16.3772792183444
16.4146906911598
16.4221766118889
16.4144180537668
16.4098589641375
16.4102697620412
16.4325995019235
16.5763956667189
16.8199589898004
17.0708149097664
17.3290869219305
17.6304908021091
999.99
999.99
999.99
999.99
999.99
999.99
999.99
999.99
999.99
999.99
999.99
15.8737361620184
15.8141573536312
15.8489073268849
15.868622792298
15.8695873676791
15.8691664405287
15.8816245054105
15.9056507410471
15.9332754627811
15.9700506500063
16.0171278059761
16.0586377200296
16.0901379971663
16.1235896597755
16.1490516385759
16.150697899195
16.1450793481897
16.1290250893927
16.1014779925125
16.0726043005385
16.0576655977354
16.0497094608524
16.0694923478408
16.1090898553238
16.169188255612
16.235791817252
16.3000223811354
16.3469340162173
16.3755036085642
16.3745904602809
16.357925702491
16.3455753885079
16.3395388983286
16.3575102746221
16.4893465033436
16.7347416072647
16.9917664707787
17.2681228555413
17.6011788986112
999.99
999.99
999.99
999.99
999.99
999.99
999.99
999.99
999.99
999.99
999.99
15.8259134970076
15.8597642360006
15.8899656224726
15.9068149247712
15.9068230774029
15.891404745774
15.8944612566226
15.9030005330236
15.9115688905514
15.9450281872154
15.988511015631
16.029898467934
16.0693303968184
16.1281875206929
16.1644391016775
16.1782085870364
16.1674102772782
16.14340599183
16.0964664021546
16.0636048218934
16.0447104229741
16.0459132748986
16.0611533426195
16.1001622036928
16.1590119471577
16.214557684526
16.2726011034091
16.3132519131357
16.33396702542
16.3192460052149
16.3005632787621
16.2739772058907
16.26122046144
16.2745893083696
16.377248156729
16.5749359151093
16.7914765544828
17.0412421319344
17.3414502856071
999.99
999.99
999.99
999.99
999.99
999.99
999.99
999.99
999.99
999.99
999.99
15.7444136604137
15.9011014802507
15.9385150100896
15.9574113985128
15.9611221290456
15.9323911382188
15.9224437219556
15.9122287725558
15.9001141746156
15.9263108719798
15.9613587186616
15.997910899062
16.0400975262953
16.1182269269473
16.1621478747039
16.2000296277003
16.1939400340059
16.1725263155464
16.1157474465525
16.0743239955996
16.0390977614968
16.0455498961729
16.0627188292938
16.0974429636561
16.16197621197
16.2216301066909
16.2657171764474
16.2898102652354
16.3054833896248
16.2784656700404
16.2503383625215
16.222345046047
16.2088858133792
16.2123462238204
16.2886381225589
16.4361158052039
16.6022803250801
16.8225604264883
17.074330068424
999.99
999.99
999.99
999.99
999.99
999.99
999.99
999.99
999.99
999.99
999.99
15.8956346692409
15.7727955211649
16.1339007144617
16.0980547133857
16.1370869974006
15.9967870039368
15.785665651035
15.8381456358843
16.022951392974
15.9452151664312
15.6837375329536
15.8592139237069
15.8839072808724
16.094491022721
16.1927247990105
16.4202895706694
16.2348168242907
16.2384183070124
16.0188120679166
15.9891488587551
15.8625218033999
16.0442069575798
16.082872849953
16.2162532392114
15.9932792333489
16.0820733869305
16.3544051314539
16.1975487025557
16.4528230102586
16.1594399344365
16.1144045884429
16.095971815383
16.1693828328079
16.1281640245159
16.0447305710163
16.1387833838635
16.1755771704099
16.3038026439943
16.4501800936191
999.99
999.99
999.99
999.99
999.99
999.99
999.99
999.99
999.99
999.99
999.99
999.99
999.99
999.99
999.99
999.99
999.99
999.99
999.99
999.99
999.99
999.99
999.99
999.99
999.99
999.99
999.99
999.99
999.99
999.99
999.99
999.99
999.99
999.99
999.99
999.99
999.99
999.99
999.99
999.99
999.99
999.99
999.99
999.99
999.99
999.99
999.99
999.99
999.99
999.99
999.99
999.99
999.99
999.99
999.99
999.99
999.99
999.99
999.99
999.99
