999.99
999.99
999.99
999.99
999.99
999.99
999.99
999.99
999.99
999.99
999.99
999.99
999.99
999.99
999.99
999.99
999.99
999.99
999.99
999.99
999.99
999.99
999.99
999.99
999.99
999.99
999.99
999.99
999.99
999.99
999.99
999.99
999.99
999.99
999.99
999.99
999.99
999.99
999.99
999.99
999.99
999.99
999.99
999.99
999.99
999.99
999.99
999.99
999.99
999.99
999.99
21.5137921977364
21.5480571016285
21.5672876131482
21.4161305790609
21.154948804454
21.2697633997181
20.982195380887
20.7810256974926
20.9733517253169
20.5812016833341
21.1777527841883
21.2358283532186
21.5762554187972
21.5943569023569
22.0629605361731
22.3195172833361
22.5876349306907
22.5867296157192
22.4574752703742
22.8637852039559
23.0537159398867
23.0576263405584
23.0391291913661
23.1244498661746
23.186646273587
23.2219486955166
22.951957450731
22.8788425896597
22.5643221211618
22.9644174497589
22.9510326711616
23.2639239533212
23.0423934583935
23.3256461680016
23.5459528468692
23.2421861639457
22.9598966167398
23.100224821636
23.5168925139901
999.99
999.99
999.99
999.99
999.99
999.99
999.99
999.99
999.99
999.99
999.99
21.4513813294719
21.4853469721097
21.4641572653484
21.4185959386599
21.3287831200701
21.2006068831068
21.1054974319911
21.0139316403779
20.9872076013213
21.0267969829934
21.162460395304
21.3081745930773
21.5511190245632
21.7902661295242
22.0416114636258
22.2610914494593
22.4663209380106
22.6382311567683
22.7801508689684
22.8816383641143
22.9593139611291
23.0337567311382
23.0822703861458
23.0916517972129
23.0646639931876
23.0377730979052
22.9780833687289
22.9706662951935
22.9917918315982
23.0654752313565
23.1319642221264
23.2549646583331
23.3332330302514
23.3759923040017
23.3897847394737
23.4021130899303
23.4217428920135
23.4619675335321
23.5289727352718
999.99
999.99
999.99
999.99
999.99
999.99
999.99
999.99
999.99
999.99
999.99
21.4431906094293
21.505524702797
21.4998006995081
21.4611598320715
21.383830499182
21.2662604236129
21.1593391625403
21.068227497094
21.0433247319238
21.0812056281494
21.2124695800507
21.3759386356038
21.6040168468558
21.8327957471969
22.0776714144491
22.2963412263816
22.5000231118445
22.6763620495957
22.8202226983503
22.923192938736
22.999142567474
23.0638101145398
23.1009920302169
23.1278911126879
23.1383605503316
23.1408059553518
23.115105897027
23.1191870545146
23.1297102647339
23.1808222810913
23.2417554026772
23.3471487023841
23.425991453802
23.486380737118
23.511713497741
23.5396352969187
23.5669878494827
23.6039042418853
23.6541335432681
999.99
999.99
999.99
999.99
999.99
999.99
999.99
999.99
999.99
999.99
999.99
21.5280274170274
21.5030033344093
21.5054823447429
21.4642648712176
21.3932149538592
21.2860277726795
21.1783589114547
21.0991568067709
21.0821391115093
21.1295677842999
21.2603841397509
21.4355933330424
21.6456449469884
21.8708808847218
22.1037971068857
22.3229504728332
22.5321870462139
22.7105079149484
22.8511570790245
22.9539841279093
23.024999491247
23.0713631088948
23.1030565278348
23.1325212678341
23.1572937822264
23.1754017522402
23.1803191786898
23.2039280851723
23.236839772945
23.2884609790207
23.3601740434724
23.4566247985278
23.5299095464176
23.592756125642
23.6411206034622
23.6714633563912
23.6912221803594
23.7253348506964
23.7620378790889
999.99
999.99
999.99
999.99
999.99
999.99
999.99
999.99
999.99
999.99
999.99
21.5619888255376
21.4799602428654
21.484024600172
21.440473870882
21.3662375492131
21.2615592186554
21.1622631693125
21.0960631566369
21.0975778394611
21.1686207982275
21.3114605675913
21.4895396931827
21.695676183232
21.9119891938077
22.1322173862427
22.3425597086645
22.5464554799121
22.7209217108104
22.857912823076
22.9574485584473
23.026565909401
23.0718844461459
23.1070481247678
23.1452489943778
23.1836173352024
23.2175473866081
23.2402899718982
23.2776751995455
23.3212752544124
23.3766768956303
23.4518855294568
23.5511539233436
23.6293215563607
23.694944561519
23.7472722290702
23.7761755363866
23.7889085268829
23.8140257916413
23.8408722138484
999.99
999.99
999.99
999.99
999.99
999.99
999.99
999.99
999.99
999.99
999.99
21.5250712701932
21.4277559951585
21.4304619800326
21.3825610071044
21.3040795617794
21.2044528647484
21.1191779135721
21.0747439936903
21.1042122358464
21.2057475552391
21.3653247754707
21.5481887512135
21.7493591689974
21.9532106980956
22.1559139015092
22.3513082703229
22.544093734046
22.7103051419012
22.8419424050681
22.9397304995225
23.0108060176733
23.0586491831445
23.0999381861395
23.1476153846144
23.1980214470506
23.2453146572491
23.2865713990625
23.3382139647841
23.3933908442702
23.4539690444622
23.5332714991428
23.6309752465327
23.7105010939419
23.7746139803088
23.8264807326063
23.850778547825
23.8563473419551
23.8712815061369
23.8884607823877
999.99
999.99
999.99
999.99
999.99
999.99
999.99
999.99
999.99
999.99
999.99
21.356651075212
21.351205105012
21.3471733487116
21.3001409661612
21.2195821660751
21.1303068259581
21.0649126236082
21.0497269552662
21.1128822461743
21.2463213653258
21.4228027610625
21.61036290386
21.8039153943633
21.991180700338
22.1710078211168
22.3452740579079
22.5211826868295
22.6756443978192
22.8016851350035
22.9015984160227
22.9797847133479
23.0353932380944
23.0877251570239
23.1480771229793
23.211235252755
23.2715433581719
23.3312372903272
23.3950958080438
23.4588975126842
23.5223674873869
23.603095320767
23.6943665325376
23.7713025956414
23.8305320676431
23.8789137204703
23.8977972509286
23.8968140420437
23.9013825175597
23.9091470010396
999.99
999.99
999.99
999.99
999.99
999.99
999.99
999.99
999.99
999.99
999.99
21.2003201477191
21.2693181508346
21.2577497080383
21.2131156892994
21.1341856957862
21.0596391057216
21.018577886937
21.0372190637979
21.1354308342196
21.2973346848737
21.4878039571726
21.6776702458964
21.8592431808247
22.0251873400352
22.1780269618999
22.3278202046175
22.4836748237277
22.6265341470065
22.7500364450007
22.856750557843
22.9454411369371
23.0122317001677
23.0765516806831
23.1485975435062
23.2223448593943
23.2936881144577
23.3692240232041
23.4433020026424
23.5134576378882
23.5787107505961
23.6593643875852
23.7416879860225
23.8121164682751
23.8638738511781
23.9061890022152
23.9191517005895
23.9136687538398
23.9123470622773
23.9146889572751
999.99
999.99
999.99
999.99
999.99
999.99
999.99
999.99
999.99
999.99
999.99
21.042240229573
21.2103325570414
21.1859889796684
21.1402797876999
21.0667583707877
21.0082400619609
20.9896724969499
21.0384527031933
21.1634228152655
21.3435919708375
21.5420101763036
21.7316657015544
21.9003016984461
22.0466027635594
22.1747893270798
22.3019956555462
22.4391361419446
22.5730552275039
22.697250831783
22.8140590805
22.9154709331991
22.995244340122
23.0707557186502
23.1522139189003
23.2339762531877
23.3142034729164
23.4024433825511
23.4850716267567
23.5606591586586
23.6277465732148
23.7070954722868
23.779329267385
23.8412389849696
23.8838377383414
23.9182522531941
23.9254809500697
23.9185259637522
23.9156536618728
23.9173129409352
999.99
999.99
999.99
999.99
999.99
999.99
999.99
999.99
999.99
999.99
999.99
21.0486676194499
21.1898818898744
21.1480498130722
21.095327494088
21.0292868678211
20.9847834802965
20.9838013974877
21.0544157217401
21.1940138691678
21.3795602575512
21.5780765965404
21.764321946804
21.9209200454896
22.0521468483168
22.1621224837518
22.2726120405249
22.3955273253199
22.5249570670436
22.6533287230122
22.7821373380865
22.8967728324468
22.9893425530142
23.0737065549702
23.161516206574
23.2480126736635
23.333842755682
23.4310308734958
23.5206489753954
23.6010336953717
23.6714896936519
23.7505940032808
23.8146084072368
23.8684506915258
23.9020078662751
23.9263047669175
23.9271579228113
23.9190683181267
23.9151165462836
23.9174659591934
999.99
999.99
999.99
999.99
999.99
999.99
999.99
999.99
999.99
999.99
999.99
21.2212699885149
21.2045360198196
21.1470306170709
21.0870827644196
21.0267709001752
20.9913864787399
21.000962532963
21.0835175783734
21.2258639038371
21.4043545377721
21.5947751172074
21.7740099832732
21.9192354974693
22.0400762598002
22.140320634189
22.242397109672
22.3580493367916
22.4890682325665
22.6253983683606
22.7667159713884
22.8930663656287
22.9963520297283
23.086264869706
23.1765424264599
23.2639854289276
23.3525285643135
23.4547041700446
23.5494322886601
23.6341870440626
23.7100450856535
23.7905983151041
23.849980651219
23.8974409713965
23.9235736060404
23.9370102990628
23.9305943145031
23.9202624965803
23.9157207714999
23.9201502054952
999.99
999.99
999.99
999.99
999.99
999.99
999.99
999.99
999.99
999.99
999.99
21.3719256854257
21.2512104184597
21.1888226885974
21.1163985901994
21.058069595971
21.0235550920237
21.0329650386529
21.1141995197542
21.2459781671383
21.4075922922223
21.5849538625863
21.7557469035591
21.8933749148675
22.0109142113758
22.1117893071412
22.2157709583842
22.3337061158903
22.472534946661
22.6196388240244
22.7712495932138
22.9052105195417
23.0143394274561
23.1052481126094
23.1936971406364
23.2788086054205
23.3680535051447
23.4734693698629
23.5733878962296
23.6636043405512
23.7473126725598
23.8309664890147
23.8880342171501
23.929875243027
23.9496637080476
23.9522440791141
23.9372314591616
23.9233238547577
23.9184467430184
23.9263328376166
999.99
999.99
999.99
999.99
999.99
999.99
999.99
999.99
999.99
999.99
999.99
21.3933409900757
21.3308506343189
21.264769861961
21.1761879750322
21.1164184306415
21.0754407280923
21.0747101336028
21.1422622860732
21.2511409360324
21.3863398396532
21.5453849211137
21.7055555635617
21.840304444301
21.9631582646734
22.0761681641039
22.1926078961252
22.32242756097
22.4728650118532
22.6306226570516
22.7882361325629
22.9252586396433
23.0356159593046
23.1250658814525
23.2107009328454
23.2938764104828
23.3844515532129
23.4932019003807
23.5987949034032
23.6946536222324
23.7857840157105
23.8711890942028
23.9262808518824
23.9628306403621
23.9770373167166
23.9703558670753
23.9478267492499
23.9293011305234
23.9220744024189
23.9313279160032
999.99
999.99
999.99
999.99
999.99
999.99
999.99
999.99
999.99
999.99
999.99
21.5351524830184
21.42009572301
21.3548855108129
21.2571032412566
21.1894446684502
21.1344762968521
21.1159437389468
21.1621279435443
21.2441800477974
21.3515533917638
21.4911800946825
21.6409827453188
21.7749589133145
21.9063933987686
22.0372021513207
22.1725130388455
22.3202548601726
22.4855838053356
22.6545467936588
22.8155109430549
22.9513861097849
23.0580578807292
23.1431828098934
23.2243235240477
23.3054065969063
23.3980170533538
23.5112678950242
23.6238012793425
23.7262764341079
23.8246355959205
23.9110403707865
23.9641018848971
23.9950683680414
24.0040278616862
23.9898530131005
23.9615063527757
23.9375983279973
23.9255379794649
23.9317975043439
999.99
999.99
999.99
999.99
999.99
999.99
999.99
999.99
999.99
999.99
999.99
21.7571463288937
21.5166436433659
21.4494248567838
21.346687707137
21.2671300574991
21.1940517731164
21.1526628273931
21.172270904648
21.2250159034889
21.3054315695974
21.4259064177608
21.5666681675835
21.7026172294711
21.8456548594781
21.9979282049364
22.157381242165
22.3276949651808
22.509473155952
22.6885055211284
22.8496248523578
22.9798611165088
23.077982301553
23.1562811843633
23.2315396022045
23.3107862654643
23.4059333890486
23.5245573533029
23.6444577427355
23.7541103722854
23.8585422912264
23.9457907069006
23.9974106440707
24.0238458866895
24.02931303658
24.0116715394342
23.9802885792564
23.9515786247568
23.9337868061293
23.9338958473063
999.99
999.99
999.99
999.99
999.99
999.99
999.99
999.99
999.99
999.99
999.99
21.7858318978737
21.5976828401548
21.5447430054697
21.4335106802977
21.3438629782111
21.254953857248
21.1909507479831
21.1834405500843
21.2079162519889
21.2628279273547
21.363414519381
21.4950255573521
21.6344522085114
21.7908949509874
21.9667133496602
22.1537205728737
22.3490605191796
22.5461669510612
22.7313659932762
22.8880524045223
23.0078406317967
23.0931929040179
23.1623266323773
23.2313401374224
23.3093272545043
23.4075887193417
23.5317587542665
23.6589758998977
23.7755336255993
23.8844658445365
23.9724866395609
24.0240199040909
24.0488073844766
24.0541269101359
24.037907089727
24.0064818010326
23.9743445506631
23.9502016753142
23.9410652707741
999.99
999.99
999.99
999.99
999.99
999.99
999.99
999.99
999.99
999.99
999.99
21.8483810554525
21.680653893705
21.6250567589901
21.515828194228
21.4180235616371
21.3169295678733
21.2348039035727
21.2041253238545
21.2064750640446
21.2399409036341
21.3216546409992
21.4431578735136
21.5850466356785
21.7530633642904
21.9507122090983
22.1646583413085
22.3843085630746
22.5947764086615
22.7829278640814
22.9326965306327
23.0394660856811
23.1098196573445
23.1679007587195
23.2299695261668
23.3060987316849
23.4058255110989
23.532715633531
23.6642793441235
23.7852113596653
23.8957799378993
23.9848868234972
24.0393135879116
24.0666443611588
24.0750819154233
24.0637763406441
24.0338804835288
23.998292958428
23.9666958427383
23.946510904516
999.99
999.99
999.99
999.99
999.99
999.99
999.99
999.99
999.99
999.99
999.99
21.9618959882549
21.7439491671371
21.6929142772675
21.597021341142
21.4938867595068
21.3839264021774
21.2878933713066
21.2382215207566
21.2244167089337
21.2434696590166
21.3111148445758
21.4245039748901
21.5678675566335
21.7439581315622
21.9572181209902
22.19220329258
22.4314228674561
22.6517972596742
22.8397660010626
22.9821205682013
23.0756882194341
23.1310131688453
23.177820898521
23.2325372306372
23.3049269632901
23.4031999747802
23.5288854290977
23.6606446523198
23.7834849309461
23.8950902409662
23.9877561163746
24.0490509459151
24.0834085063866
24.0980011853742
24.0921350633825
24.062197406857
24.021626749813
23.9807519682466
23.9481811731692
999.99
999.99
999.99
999.99
999.99
999.99
999.99
999.99
999.99
999.99
999.99
21.8186518947564
21.7982630691424
21.7529621560057
21.6727386993425
21.5699595820022
21.4575967472931
21.3546220726153
21.2920199021776
21.2665122624151
21.2747413101541
21.3311375336105
21.436299557619
21.5806048523959
21.7624913163478
21.986355295708
22.2359579123158
22.4892566044785
22.7136467162228
22.8963915322222
23.0292846918993
23.1104772686761
23.1529251425514
23.1909521403918
23.2411814901093
23.3108304037997
23.4060061999413
23.5268589659529
23.654713258918
23.7762728444612
23.8869492166128
23.9836807975719
24.0536757068143
24.0967679172626
24.1171473465942
24.1149040720891
24.0822173291783
24.0350312585513
23.9847918914327
23.9420238995523
999.99
999.99
999.99
999.99
999.99
999.99
999.99
999.99
999.99
999.99
999.99
21.7858638978133
21.848165828255
21.8165132690663
21.7439867637249
21.6487687295547
21.541636056748
21.4397985686405
21.371426786223
21.3393308247781
21.339580542881
21.3868048472379
21.4818713944154
21.6232946034468
21.8058965762674
22.0338467699675
22.2895044741921
22.5503076674413
22.7732477649004
22.9475928470355
23.0703179101089
23.1415868832704
23.1754323783339
23.2093020358179
23.2594769906639
23.3288679908788
23.420900097573
23.5339777528502
23.6540382194844
23.7704338008738
23.87732727033
23.9758947496468
24.0536665280956
24.1040851060276
24.127065564475
24.1242324162977
24.0856919802974
24.030123103993
23.9714402426361
23.9226089483948
999.99
999.99
999.99
999.99
999.99
999.99
999.99
999.99
999.99
999.99
999.99
21.7973890296695
21.9156170358813
21.8823272925961
21.8194794522427
21.7351417615853
21.6368878741609
21.5408938433185
21.4707899929187
21.4340064946877
21.4289886855252
21.4692775820377
21.5535767179772
21.6884815459027
21.8668638233659
22.0918754616455
22.3446847627334
22.6050168564584
22.8226891762128
22.9881817572439
23.1025510426274
23.1687255317978
23.200169558518
23.2344416003419
23.2877078897688
23.3584531013791
23.4467826702425
23.5505803432956
23.6608899133737
23.7699842076541
23.8711790354167
23.9683547867002
24.0501517951695
24.1028124476207
24.1218671458222
24.1119961822854
24.065243185281
24.0005352395205
23.9365429701615
23.8883995072852
999.99
999.99
999.99
999.99
999.99
999.99
999.99
999.99
999.99
999.99
999.99
22.1050611264461
21.9570290189648
21.9378614809157
21.8938146166507
21.8241472906533
21.738514789485
21.6526364433303
21.5848533088764
21.5437163128199
21.5343078495913
21.5683089104967
21.6422497369018
21.7688256647966
21.9411004484466
22.1589042125064
22.4021205103191
22.6534874771515
22.860773586111
23.0150126798028
23.121038463968
23.1852524451269
23.2198854664354
23.2593120651573
23.3188273000387
23.3928573469341
23.4785927545346
23.573466110362
23.6734836287052
23.77441436128
23.8688305471144
23.9607228096073
24.0411405789422
24.0903772140988
24.1006830316746
24.0801045394325
24.0260477510435
23.9554591815631
23.8914717531753
23.8494721602821
999.99
999.99
999.99
999.99
999.99
999.99
999.99
999.99
999.99
999.99
999.99
22.2409486301542
21.9969734903064
21.9883574763423
21.9510571896392
21.8981807830889
21.8292948352964
21.7591400866217
21.700446915233
21.6583532856422
21.6445588308879
21.671881414297
21.735645826622
21.8520468887019
22.0176348579822
22.2285067648243
22.4598448584669
22.6969779272627
22.8916362677017
23.0343997857346
23.131739563383
23.1959473648823
23.2372000395835
23.283683596449
23.3500034114941
23.4279303379399
23.5113811705655
23.5982953875694
23.6881318363713
23.779156814609
23.8636879903116
23.9450038682065
24.0169819506845
24.0569483217213
24.0553852843966
24.0244468639405
23.966889241661
23.8963457936122
23.83926861702
23.8095490102042
999.99
999.99
999.99
999.99
999.99
999.99
999.99
999.99
999.99
999.99
999.99
21.9210837317928
22.0241027674254
22.0247579732403
21.9914805866289
21.9573951216898
21.908009141983
21.8558119485185
21.8090997430566
21.7681179508736
21.7496461428568
21.7701811687366
21.825211731837
21.9315913999165
22.0913425039283
22.2975217911439
22.5176633239714
22.7386069115284
22.9210523618505
23.0542485643533
23.1443985541615
23.2102445883276
23.2604462068651
23.3144431286068
23.3854452537775
23.4645926030506
23.5438239730425
23.6219817342578
23.6999108314832
23.7785344165478
23.8506191217179
23.9175037791353
23.9758837883021
24.0042428639084
23.99219956753
23.9546104973961
23.8990232731536
23.8349317875017
23.7901242620893
23.7756614165266
999.99
999.99
999.99
999.99
999.99
999.99
999.99
999.99
999.99
999.99
999.99
22.1155155436898
22.0253421446655
22.0357330302581
22.0169124277881
21.9992975391238
21.9686847236459
21.9346928604646
21.9011185678239
21.8628929206396
21.8407889653649
21.8551201739325
21.9043701259363
22.0039637660628
22.1612822411271
22.3658160433966
22.577359563029
22.7820695564867
22.9537452137704
23.0792561371686
23.1642803117232
23.2327960082189
23.2919250843407
23.3506382144417
23.422077279657
23.4979571212922
23.5699158334485
23.6383233416427
23.7038921967014
23.768854891441
23.8273197869748
23.8778572560166
23.9194911595236
23.935615559071
23.9159288257226
23.8763436854679
23.8282788036703
23.7772765644981
23.7488221757458
23.7503189079231
999.99
999.99
999.99
999.99
999.99
999.99
999.99
999.99
999.99
999.99
999.99
22.1186812751708
22.0001889963541
22.0184931382208
22.0163643216985
22.0127129687008
21.9990146651704
21.9831217756178
21.9641082312825
21.9321987644435
21.9096848574439
21.9222615167115
21.9710701123275
22.069624862406
22.2278050042982
22.4324890678197
22.6368673036762
22.8265179759768
22.9874709545014
23.10693119147
23.1892153668143
23.2607738303841
23.3267724806371
23.388485071598
23.4573965673339
23.5264744833555
23.5888171778297
23.6465125834794
23.6981363793193
23.7472014633101
23.7906500000597
23.8245466295261
23.849211003721
23.8556332291516
23.8344692083992
23.8000092878022
23.7649279252482
23.7326905603733
23.7222402869632
23.7371815143048
999.99
999.99
999.99
999.99
999.99
999.99
999.99
999.99
999.99
999.99
999.99
22.0571894077661
21.9740775577739
21.9937767984997
21.9944104449184
22.0010969320361
22.0017396371614
22.0013455238873
21.9968322218555
21.9740819457411
21.954612651931
21.9699986960979
22.0228611885934
22.1241234527911
22.2853822102398
22.4911863815497
22.6895354103799
22.8678654532047
23.0213521742502
23.1385571082506
23.2218779233289
23.2982441886863
23.3691939820143
23.4310212829406
23.4941819633642
23.5532114105475
23.603172901602
23.6486717965934
23.6857813326723
23.7175069257124
23.7452926372214
23.7635969172274
23.773427411848
23.7738133798593
23.7566312044446
23.7325220887059
23.7133754261406
23.7011470260233
23.7067556558638
23.7311787152293
999.99
999.99
999.99
999.99
999.99
999.99
999.99
999.99
999.99
999.99
999.99
21.9662342765635
21.9478183684745
21.9633746510534
21.9706179360501
21.9845820526915
21.9963141223364
22.007114342107
22.0127176829922
21.9981873899399
21.9838834956366
22.0042555517129
22.0631075105192
22.1704520882815
22.3359252723096
22.5417806605078
22.7348554275645
22.9054314461811
23.0531637721016
23.170251083557
23.2573774599394
23.3389050552313
23.4130132054442
23.4738510061048
23.5295786844935
23.5768328324761
23.6133158127577
23.6450757483808
23.6670699288072
23.6822426248602
23.6956188962101
23.7010245677214
23.700829043879
23.6995611000598
23.6899122929551
23.6789051625316
23.6770406650128
23.6837529208421
23.7026103465235
23.733474838356
999.99
999.99
999.99
999.99
999.99
999.99
999.99
999.99
999.99
999.99
999.99
21.8335700936694
21.9261897059904
21.9381819471288
21.9493321114714
21.9668786750719
21.986013510678
22.0063830472932
22.0203320014668
22.0139508405602
22.0082600013797
22.0363479050374
22.1024676931787
22.2172271740481
22.3866173934587
22.5892017070979
22.7751551296378
22.9380752993107
23.0792335489489
23.1952176780005
23.2854581029703
23.3701295768825
23.4438481298842
23.501256165684
23.5484250428855
23.5843320380282
23.6085582994223
23.628185969757
23.6385296155475
23.6409150259147
23.6428150137714
23.6388600286911
23.6334011397412
23.6331596381804
23.6325425043225
23.6359983010487
23.6519710312027
23.6763404506442
23.7064480799285
23.7424961506607
999.99
999.99
999.99
999.99
999.99
999.99
999.99
999.99
999.99
999.99
999.99
21.8910206143063
21.9160854478242
21.9228533997778
21.930857094017
21.9478592897295
21.9691496376515
21.9951443963364
22.0150487954655
22.0173402925783
22.0233459666303
22.0632934102907
22.1395043374766
22.2635073728464
22.4367412136483
22.6338707173088
22.8103090288718
22.9642935671096
23.0962223399121
23.2073596026473
23.2973333182551
23.3818306195481
23.4516063649416
23.5041464236552
23.5429013310487
23.5685372571764
23.581996001857
23.5921770439165
23.5949331488303
23.5901465174848
23.5857908845066
23.5783321106563
23.5734844885463
23.5777294013612
23.5872086595787
23.6054143448341
23.6380731373292
23.6771692037481
23.7162855399631
23.7569918503019
999.99
999.99
999.99
999.99
999.99
999.99
999.99
999.99
999.99
999.99
999.99
21.9441869491329
21.9104533037976
21.9176533965344
21.923421416048
21.9378080589509
21.958625241543
21.9867060058303
22.0098987542617
22.0194472229151
22.037080064625
22.0885096433242
22.1740173246653
22.306415148965
22.4835313051189
22.6751918187268
22.8421531846087
22.987098154366
23.1082302728872
23.2100479429396
23.2946596031206
23.3743612490406
23.4373743867344
23.4831288747626
23.5135114957318
23.5301886934143
23.5350030410412
23.5378056972633
23.5372032690951
23.5309839852569
23.5252140470817
23.5188352152687
23.5192120133755
23.5297275390856
23.5480505557516
23.5792426989644
23.6263468304857
23.6764934635179
23.7229487422705
23.7695980517905
999.99
999.99
999.99
999.99
999.99
999.99
999.99
999.99
999.99
999.99
999.99
22.0238876520305
21.9155163380116
21.9310830963768
21.9308037519424
21.9428765774519
21.9617427695792
21.9897461458632
22.0126274991479
22.0267251825479
22.0542544513184
22.1144367130921
22.2069383316191
22.34701998021
22.5271192156054
22.7125257880535
22.8703004559835
23.0046869579893
23.111757166925
23.1997080227005
23.2740743466072
23.3444871041401
23.3990039913159
23.4378450617001
23.4604368641393
23.4696649442597
23.4683044143973
23.4662527085077
23.4654754725413
23.462632078724
23.4597073374881
23.4577165795975
23.4652418821006
23.481988706116
23.5075394374017
23.5499819669546
23.6103166316616
23.6712536085221
23.7266098674598
23.7820624442825
999.99
999.99
999.99
999.99
999.99
999.99
999.99
999.99
999.99
999.99
999.99
21.9392492998678
21.9097400309382
21.941256394501
21.9426299449593
21.9544732017958
21.9727434121133
22.0011422252706
22.0235528794508
22.0419192681231
22.0783526494073
22.1440705068229
22.2414390631323
22.3876964450901
22.5685664575677
22.7463627816552
22.8945883521601
23.0161177226118
23.1061445441153
23.1766477280386
23.2371453578799
23.2957972858975
23.3409457840606
23.3722274155853
23.3876627744556
23.3911171928781
23.3855527904499
23.3815127326165
23.3835896554396
23.3871764400483
23.3892693040812
23.3930189102995
23.4068138112803
23.428761997024
23.4600064813538
23.5116346259633
23.5825974494513
23.6542381511002
23.7196064619678
23.7855146789205
999.99
999.99
999.99
999.99
999.99
999.99
999.99
999.99
999.99
999.99
999.99
21.9784916562338
21.9010259137632
21.9525031399558
21.959187514199
21.9737778029413
21.9936422587687
22.021643471666
22.0426525022564
22.0639957209216
22.1057840499668
22.1716421391488
22.2700530900772
22.419807015471
22.598899814725
22.7687830954444
22.908994344157
23.0187553378363
23.0920820501925
23.1450566095771
23.1914904318768
23.2380774368054
23.2742870907985
23.2983972105611
23.30782384949
23.3067229766587
23.2988003031185
23.2939430087573
23.2987813750849
23.3087566448253
23.3162576199638
23.3251817265296
23.344076493945
23.3708716490525
23.4066161490246
23.4639761751487
23.5418203202577
23.6220098118264
23.6974956650814
23.774906896423
999.99
999.99
999.99
999.99
999.99
999.99
999.99
999.99
999.99
999.99
999.99
21.8873950128462
21.8785106729168
21.9578728663542
21.980405676699
22.0043010099792
22.031081779959
22.0606707107362
22.0806666405826
22.1034815509221
22.1464384068752
22.2067424722324
22.3013121221703
22.4490194424521
22.6202373643776
22.7790477223498
22.9107030303746
23.0088243020616
23.0672051739317
23.1066044247156
23.1421337314263
23.1787326179438
23.2082316492189
23.2268693343046
23.2315621420006
23.2276362422741
23.2196310910753
23.2148768152754
23.2213391105424
23.2351656859425
23.2458315097645
23.2568794476781
23.2776807838955
23.3067731787815
23.34512394687
23.4044307025853
23.4852022724129
23.571238180065
23.6567683068368
23.745870936826
999.99
999.99
999.99
999.99
999.99
999.99
999.99
999.99
999.99
999.99
999.99
21.8951063845452
21.8587142794485
21.9675455179237
22.0079825975635
22.0465290417127
22.0839962296666
22.1166042713553
22.1359847635851
22.1591247102712
22.2003752306839
22.2512611857394
22.3381281856666
22.4777493767995
22.6344956962075
22.7775864069572
22.8988890626039
22.9852329303924
23.0315696544743
23.0627041692064
23.0912726390908
23.1204905738966
23.1448090675435
23.15906179634
23.1600755008461
23.1560429939094
23.1507943066954
23.1487864441605
23.1573374518153
23.1735205408799
23.1850666395904
23.1953781967157
23.2145471590323
23.2428711355853
23.2815670200289
23.3396125734947
23.4189775683675
23.5076356685085
23.6018037007262
23.7008971398368
999.99
999.99
999.99
999.99
999.99
999.99
999.99
999.99
999.99
999.99
999.99
21.8102523618464
21.8312164246584
21.9647632576666
22.0340070677424
22.0896176227187
22.1404955392599
22.1778851002845
22.1982006573469
22.2219894924509
22.2604186305947
22.3008726899576
22.3780459372709
22.5048879013856
22.6416029335714
22.7663608775577
22.8754392537724
22.9505056396481
22.9875783140341
23.0144242638375
23.0385263659024
23.0620230767675
23.0815122523714
23.0924393426751
23.0926103013932
23.0923146631707
23.0935521260705
23.0975127352219
23.1093279646928
23.1265536666155
23.1365909601422
23.143768407205
23.1588116969851
23.1840997219516
23.2201477477866
23.2728570754282
23.3451572957522
23.4308163206705
23.5292502504707
23.6361161272417
999.99
999.99
999.99
999.99
999.99
999.99
999.99
999.99
999.99
999.99
999.99
21.7652282150956
21.7985356474098
21.9544804161531
22.0583910804487
22.1315453519604
22.1949064619343
22.2370552356163
22.2588350356481
22.2832008684385
22.3183434964878
22.3509152029556
22.4177457498942
22.527523785017
22.6407779137613
22.7445137771389
22.8387626331468
22.9038287049708
22.9353134810457
22.9612904880825
22.9838238800936
23.0032761959894
23.0180996701188
23.0269153368824
23.0287211465289
23.0347298471679
23.0452988112827
23.0578016699559
23.0745374978645
23.0928643166875
23.1014898622446
23.1047200515169
23.1153004105652
23.135818784692
23.1668272287871
23.2108998375357
23.2737850357455
23.3516119165487
23.4503207651218
23.5622285227882
999.99
999.99
999.99
999.99
999.99
999.99
999.99
999.99
999.99
999.99
999.99
21.5673980044346
21.767010929924
21.9401552938239
22.0766326049665
22.1677895743387
22.2429654573251
22.2905657917338
22.315647209334
22.3421748174889
22.3754055161595
22.4043366515863
22.4621719129897
22.5510010032587
22.6364474144212
22.7153928248063
22.7901891822839
22.8435338553107
22.8716100183484
22.8995447232516
22.9228981631235
22.9404897698293
22.9515266669482
22.9592674888933
22.9639433562981
22.9775556646362
22.9987665164798
23.0229921312696
23.0483124012346
23.0706395053042
23.0803628717433
23.0816706746441
23.088066345611
23.1018902352989
23.1255368455068
23.1591487846442
23.2105351746767
23.2769581122833
23.3707917822254
23.4822751165529
999.99
999.99
999.99
999.99
999.99
999.99
999.99
999.99
999.99
999.99
999.99
21.3321435786436
21.7423033447562
21.9265126091934
22.0885606728111
22.1955899041365
22.2817399980105
22.3358789589217
22.3668308822754
22.3974691543094
22.4305340763638
22.4574180460205
22.5055445856595
22.5712965211091
22.6286421560222
22.682376407058
22.736888000068
22.7791764868304
22.8051353851425
22.834591633095
22.8582219969686
22.8737628199693
22.8804008885188
22.8867395673899
22.8948019272366
22.9166612514415
22.9492733683264
22.9873149729551
23.0244815352831
23.0540352896575
23.0673589694996
23.0688817222623
23.0720961493876
23.0795100511163
23.0951365580613
23.1190796855116
23.1592804636322
23.2134353453988
23.2975021002445
23.4033136336391
999.99
999.99
999.99
999.99
999.99
999.99
999.99
999.99
999.99
999.99
999.99
21.3756810866253
21.7180570848381
21.906581701448
22.0855114072285
22.2056038241964
22.3019246666059
22.3659486376045
22.4065348926142
22.4442787083333
22.4794397042753
22.5056999785222
22.5434403958736
22.5864342187638
22.6172237717684
22.6466666804963
22.6808507161333
22.7128769764801
22.7365963374826
22.766051690302
22.790147836805
22.805154762761
22.808302968625
22.8141185357857
22.8264038653837
22.8554627713801
22.8978911072445
22.9495573964632
22.9995792595952
23.0384214921166
23.0583194562087
23.0630660272541
23.0643657014887
23.0667819196071
23.0750993768599
23.0903088951639
23.1212862105028
23.1652102440685
23.2370301891164
23.3330051501082
999.99
999.99
999.99
999.99
999.99
999.99
999.99
999.99
999.99
999.99
999.99
21.4098319431246
21.6999262978348
21.8845116833945
22.0666792744251
22.1994687636179
22.3064547953369
22.3835686493257
22.4386375943513
22.4876089554618
22.5269001223184
22.5535930480219
22.5807072463925
22.6011542867806
22.6071210217506
22.6124124759979
22.6266828427191
22.648638396787
22.6704612967742
22.6995203937832
22.7256482626896
22.7423961111813
22.7441289613829
22.7495687149729
22.7645121272205
22.7977897908868
22.846666966742
22.9100710318173
22.9730426264159
23.0230945157948
23.0520904006101
23.0627191055038
23.063746509059
23.0622916865507
23.0648895063912
23.073993379781
23.098729976479
23.1351289072982
23.195233894457
23.2786254896127
999.99
999.99
999.99
999.99
999.99
999.99
999.99
999.99
999.99
999.99
999.99
21.4793629148629
21.6893620780709
21.8657326256734
22.0350351927532
22.1797852813813
22.2994237245299
22.3926824028169
22.4659679244625
22.5293811581942
22.5743411445318
22.6011575552626
22.6178095653103
22.6176467342883
22.6013636129766
22.5862262374359
22.5839544052987
22.5973902830368
22.618373327989
22.6479117084688
22.6756703397137
22.6938097975514
22.6942012789518
22.6974117606743
22.7117362177622
22.746110589909
22.7984078000164
22.8711692037334
22.9459395294361
23.0076321898474
23.0465390826734
23.0646672066234
23.0665220376977
23.0626018730822
23.0609514294443
23.0665141823813
23.0863502904539
23.1180189726433
23.1683191806273
23.2392899079234
999.99
999.99
999.99
999.99
999.99
999.99
999.99
999.99
999.99
999.99
999.99
21.514031693239
21.6610419411316
21.8275924977427
21.9880204979076
22.1409727616996
22.2736070003624
22.3846428111103
22.4780668023752
22.5579958933929
22.6103577506259
22.6371855905704
22.644552501765
22.6291815163629
22.5979856453542
22.5701472010954
22.5585892775292
22.5684382319495
22.5902183484314
22.6197577157632
22.6475118878917
22.6653967064922
22.6634940778215
22.6629091523297
22.6749206835744
22.7083291669963
22.7612918519859
22.83909612877
22.9211902788241
22.9910790201186
23.0374048356028
23.0619302180538
23.0652141719971
23.061330469126
23.0581799924501
23.0638934010743
23.082543846769
23.114452158633
23.1607185586209
23.2252517013091
999.99
999.99
999.99
999.99
999.99
999.99
999.99
999.99
999.99
999.99
999.99
21.6000788924587
21.6178280811661
21.7703185097982
21.9235898454879
22.0798942231996
22.2229971286383
22.3510198308045
22.4634074846115
22.559866670339
22.6210952452067
22.6495368243188
22.6510899343325
22.6277318986111
22.5892012956363
22.5565627143028
22.5432516528082
22.5548899368746
22.5803278457044
22.6116340717492
22.6398579389971
22.6574335077713
22.6532949383411
22.6483251499511
22.6568260407935
22.6870168094135
22.7369761234257
22.8146779371589
22.8985956906232
22.972087823445
23.023023483374
23.0535536373779
23.0600046914072
23.0590711708598
23.0581626765106
23.0676281681538
23.0884896530086
23.1247079022366
23.1730980664263
23.2379030513812
999.99
999.99
999.99
999.99
999.99
999.99
999.99
999.99
999.99
999.99
999.99
21.4199016773007
21.566288996027
21.6972471190927
21.8390477075195
21.9868063759439
22.1282345050907
22.2591855648974
22.3792983624558
22.4845946719801
22.5520677606381
22.5848222550938
22.590493344754
22.5723653347706
22.5416043975712
22.5204896991471
22.5201750402006
22.5437875718218
22.5805779864241
22.6193958636345
22.6511875770025
22.670586209552
22.667089229397
22.6590691161571
22.6628718179867
22.6865232312949
22.7277135579683
22.7965444952193
22.8741202980245
22.9453339045675
22.9981251292604
23.035144948297
23.0494314586676
23.055756926653
23.0610280604968
23.0759509009524
23.0991153027699
23.1380744842968
23.1901087494249
23.2584399756034
999.99
999.99
999.99
999.99
999.99
999.99
999.99
999.99
999.99
999.99
999.99
21.2783230840008
21.5094412948922
21.6214349304681
21.7464579890064
21.8730138870008
21.9998318292036
22.119974707131
22.2341821049613
22.3373013396349
22.4069860957932
22.4455948241586
22.4640226506083
22.4642835231948
22.456973733153
22.4632971253467
22.4897544290853
22.5351875519516
22.5900089540824
22.6409982330503
22.6793355203014
22.7024974087421
22.7018737545852
22.6931875693923
22.69335528512
22.7095143218185
22.7388308791288
22.7919987572127
22.8555155385399
22.9175479417262
22.9678583303659
23.0103491543086
23.0360714831782
23.0536512327925
23.0685445418807
23.0910688004867
23.1176564081043
23.1586331855995
23.2148683935355
23.2890760229312
999.99
999.99
999.99
999.99
999.99
999.99
999.99
999.99
999.99
999.99
999.99
21.2353179203684
21.4522152140271
21.5446994017923
21.651624063362
21.7457251941469
21.8444622702217
21.9390255047089
22.0327368182063
22.1227170508805
22.1896670419717
22.2350372134325
22.2742954094601
22.3049393199585
22.3346480455177
22.3805469367402
22.443872674429
22.5179566260233
22.5953895892269
22.6619663094673
22.7114542188623
22.7429273731897
22.7499540391752
22.7457146664642
22.7460665499689
22.7557233170906
22.7723211262517
22.8059001167876
22.8497046457406
22.8970449139733
22.9410295019242
22.9873198835396
23.0265206435847
23.0582664945174
23.0855132105056
23.1170072692426
23.147690411599
23.1890205006293
23.2478655319788
23.3263930529439
999.99
999.99
999.99
999.99
999.99
999.99
999.99
999.99
999.99
999.99
999.99
21.2615561010805
21.4233114685236
21.4921549792211
21.5681584055065
21.6223628967116
21.6802154275417
21.7343706266085
21.7921246365054
21.8570632050239
21.9146238114961
21.9668509397864
22.0325878898023
22.1022485053957
22.1779855742693
22.2717389194202
22.3789264248726
22.4868635617553
22.5914251109442
22.6786606493956
22.7445750452526
22.7892032263796
22.8088555846851
22.8133240498685
22.8162903900488
22.8205764691789
22.8250699513603
22.8379532662963
22.8613960966908
22.8936970433065
22.9316809253846
22.9817683943829
23.0358112587498
23.0813117213925
23.1197700094866
23.1574121235491
23.1894803111158
23.2269756646726
23.2845375492144
23.3625273996846
999.99
999.99
999.99
999.99
999.99
999.99
999.99
999.99
999.99
999.99
999.99
21.2611491101491
21.4185457612595
21.4644912273678
21.5056891004017
21.5171061686787
21.5251712160021
21.5255950577123
21.5338020121024
21.5623177765389
21.6027453291488
21.6612239937292
21.7575749452166
21.8714035764139
21.998960681999
22.1459455590369
22.3005281433616
22.4458306239552
22.5814468922174
22.6936984673924
22.780518336705
22.8427033596332
22.8790134678673
22.8958173568303
22.9037707641244
22.9048977573337
22.8994258588433
22.8924331169924
22.8967655259118
22.9155488306218
22.9485939776125
23.0024856594644
23.0719665591371
23.130241843651
23.177628246295
23.2178801264545
23.2482832111445
23.2774087776226
23.3285692634431
23.399410305858
999.99
999.99
999.99
999.99
999.99
999.99
999.99
999.99
999.99
999.99
999.99
21.3828732169882
21.431499008895
21.4632707435088
21.4812759484837
21.4623981381266
21.4318364828682
21.3885867001027
21.3531925534757
21.3490639381423
21.3722774906389
21.4344409252639
21.5540564344235
21.7028009639129
21.8704522102887
22.0583286874747
22.2488020611692
22.4231791010916
22.5838854761653
22.7172809106134
22.8217147442542
22.8976286632484
22.9468261386186
22.9732946905886
22.9869332468364
22.989850169876
22.9833786280928
22.9664302552856
22.9607727051836
22.9714611043878
23.0004316895935
23.0547449290047
23.1355118411137
23.2031723701217
23.2572645153094
23.3012999818581
23.3331402870893
23.3568434873695
23.4026053977438
23.4661842033422
999.99
999.99
999.99
999.99
999.99
999.99
999.99
999.99
999.99
999.99
999.99
21.4128391815953
21.4546890104442
21.4768805276203
21.4800318464901
21.4412832185991
21.381934531044
21.304522700206
21.2338776876996
21.2049739237418
21.2153007601591
21.2816103002844
21.4183798114357
21.5928485427911
21.7874776169258
22.0031752317708
22.2180651752461
22.4138713518741
22.5938341224235
22.7447307605928
22.8624814036754
22.947854244546
23.0054184974966
23.0374894339486
23.0549353122813
23.0616263807345
23.0599409369393
23.0418362821633
23.0356805813167
23.0466593520645
23.0768537399105
23.1317901235685
23.2211826177675
23.296083595729
23.3549313435721
23.4014214801662
23.4349775734474
23.4539769792513
23.4938461199753
23.5483912388769
999.99
999.99
999.99
999.99
999.99
999.99
999.99
999.99
999.99
999.99
999.99
21.3967428725617
21.4800616586827
21.493229017136
21.4841754976773
21.4336981431799
21.3557360828983
21.2561739952235
21.1637820963657
21.1207617755816
21.127135116316
21.200357601511
21.3487630029688
21.5385429923928
21.747726004806
21.9781191898638
22.2066065315722
22.4163536429917
22.6094485939293
22.772482480485
22.8977418379716
22.9877720654831
23.049504407572
23.0837983202417
23.1045408101805
23.117271977809
23.1242626593917
23.1119134284394
23.1139315317596
23.132325723781
23.1691030802453
23.2268248928964
23.3232463420212
23.4034074062959
23.4659529892105
23.5137999056904
23.5485405508371
23.5632813724583
23.5963597597612
23.6409633776196
999.99
999.99
999.99
999.99
999.99
999.99
999.99
999.99
999.99
999.99
999.99
21.4240302343159
21.4811152340716
21.492378037211
21.4787249611389
21.4234402661102
21.3376690970927
21.229665308198
21.1319641574799
21.0883231487344
21.10322516236
21.1888659710575
21.3464947682151
21.5433028045177
21.7560291696229
21.9873578053668
22.2164897841491
22.4297511270113
22.6264063420949
22.7931908457718
22.9192307326485
23.0093003407052
23.0713744020876
23.1069479340584
23.1325440456572
23.1546247376918
23.1738747015467
23.1733076519702
23.1880519354715
23.216484701235
23.2601607812091
23.320727332728
23.421922434502
23.5074575441959
23.5752881909441
23.6271103364543
23.6648125119628
23.677001365796
23.701970245573
23.7351621392273
999.99
999.99
999.99
999.99
999.99
999.99
999.99
999.99
999.99
999.99
999.99
21.4783013275278
21.4488746993305
21.4607150694146
21.4516054227357
21.395263222659
21.3113268002165
21.2101649796374
21.125775049173
21.0985484079849
21.1366778796265
21.2413619545245
21.4062961757291
21.602215220806
21.8081869197098
22.0271724778832
22.243955923776
22.4492140709487
22.6391039862276
22.8003729702909
22.920998122756
23.0074353543143
23.0677591753553
23.1046051100124
23.1368293495942
23.1706268349089
23.2054503647914
23.2221031406187
23.2536111847273
23.2941814819011
23.3446526813353
23.4061182314682
23.5074998795722
23.5951820948439
23.666832649177
23.7230866434218
23.7649403628989
23.7767855705058
23.795208846404
23.8188687458973
999.99
999.99
999.99
999.99
999.99
999.99
999.99
999.99
999.99
999.99
999.99
21.4470735796659
21.3930303987558
21.4031362692476
21.3929480470382
21.3327669464367
21.2509748337626
21.1609679445231
21.0978162163879
21.0957270288724
21.1663464184168
21.2965304208731
21.4714964701068
21.6656491389703
21.8627895105896
22.0644689153436
22.2624203963363
22.4538315151166
22.6318867177861
22.7835598639845
22.8983183226001
22.9842792778866
23.0466171842869
23.0896552457591
23.1324525288029
23.179322875376
23.2287199257965
23.2628023687909
23.3096519060886
23.3608588369817
23.4173781898547
23.4798136952334
23.5782227063494
23.6651060840816
23.73810915492
23.7952807423872
23.8374440607623
23.8470759355439
23.8577677366946
23.8700440980959
999.99
999.99
999.99
999.99
999.99
999.99
999.99
999.99
999.99
999.99
999.99
21.1758179002569
21.3233254583864
21.3268695942747
21.3124827310335
21.2480817020968
21.1707082211265
21.0962971730784
21.0607058289572
21.0895882854336
21.1959903315867
21.353145376376
21.5386796093198
21.7289849799707
21.9147047611218
22.0949204125662
22.2682774812231
22.4400507307621
22.6024678764825
22.7421331998314
22.8529471270664
22.9433286483189
23.0129596078576
23.0676221864749
23.1261158067519
23.1881307764589
23.2517054520321
23.3030240526922
23.3638062937939
23.4225963088658
23.4828096398162
23.545235698803
23.6372912994451
23.7190736151267
23.7897925487338
23.8445768980394
23.8841679303578
23.8913487435169
23.8946758618576
23.8965060738413
999.99
999.99
999.99
999.99
999.99
999.99
999.99
999.99
999.99
999.99
999.99
21.1071188071188
21.2492932594911
21.2463791391395
21.2304626707746
21.1630610881015
21.0922324803899
21.0359136737081
21.0285722373621
21.0895071681089
21.2280951710128
21.4088208809287
21.6033128236728
21.7893669422268
21.9616650932072
22.1186326223626
22.2643492121381
22.4134875309257
22.5582495601579
22.686705886949
22.7969177107304
22.8956920664779
22.9756806850868
23.0444611967644
23.1190555335417
23.1953066611483
23.2717529386084
23.3394966913616
23.4124925134542
23.477666233546
23.5400584124412
23.6016445983119
23.6847316149188
23.7580699525741
23.8222604145179
23.8720137870756
23.9071962305544
23.9129274416709
23.9118113344219
23.9069274226759
999.99
999.99
999.99
999.99
999.99
999.99
999.99
999.99
999.99
999.99
999.99
21.0849396470093
21.1997074535568
21.1847402220743
21.1609006442602
21.0910529872528
21.0275939194468
20.9885969376134
21.0060961967613
21.0956437135072
21.2574316548659
21.4531414419011
21.6518732057815
21.8318667433858
21.9901419638321
22.1259233917808
22.2474772876974
22.3763291357819
22.5068951216662
22.6286807048863
22.7435757634225
22.8542889854845
22.9473579395066
23.0298401706554
23.1177227949437
23.2041976702018
23.2898327652525
23.3708402037688
23.454718774216
23.5260973336496
23.5917602816199
23.6537519772548
23.7277871531019
23.7904831993189
23.8452851916188
23.8866674358211
23.9149034624195
23.9192115614319
23.9172657213968
23.91115373961
999.99
999.99
999.99
999.99
999.99
999.99
999.99
999.99
999.99
999.99
999.99
21.0513559772271
21.1943457065001
21.1629676918827
21.1182657884353
21.0479713283889
20.9921414223611
20.9670777225996
21.0014745390256
21.1108916075887
21.2834993673631
21.4831055849453
21.6806129812906
21.8541465088937
21.9987575767216
22.1177388742555
22.2216048277836
22.3351868565047
22.4569134829814
22.5788815507243
22.7031532160914
22.8281425046751
22.9348590939238
23.0287979147713
23.1256858855828
23.2177593611438
23.3077139944805
23.3982305510272
23.4908962618656
23.5678083389488
23.6381948539428
23.7037654618509
23.7711949206863
23.8246184169429
23.8701441837794
23.9014519445667
23.9195166398702
23.9207964826276
23.9183372147076
23.9131210536061
999.99
999.99
999.99
999.99
999.99
999.99
999.99
999.99
999.99
999.99
999.99
21.2187103591797
21.2203867842239
21.1738569265591
21.110467796179
21.0388531316424
20.9873545866933
20.9703615452538
21.0130456359249
21.1315521839413
21.3024110666604
21.4959684178528
21.6872327417375
21.8539612594846
21.9875910085719
22.0965367320922
22.1913396997168
22.2971857215084
22.416822396754
22.5453569151961
22.6818097999589
22.8201661900492
22.9379861715251
23.038800976803
23.1384395403641
23.2308356471729
23.3209774564961
23.4177368298863
23.518302580082
23.6019521365802
23.6792965744639
23.7514465990447
23.8154530598155
23.8612831581726
23.8977034078675
23.9185047783734
23.9253370008173
23.9226543338751
23.920001123234
23.9185885282664
999.99
999.99
999.99
999.99
999.99
999.99
999.99
999.99
999.99
999.99
999.99
21.4132503599124
21.2674026297293
21.2165015884232
21.1397565098257
21.0655701147723
21.013195230111
20.9955988251542
21.035085070059
21.1495666453542
21.3070618266237
21.4866788875168
21.6684140426903
21.8301096758239
21.9588666658609
22.0670175568932
22.1636563311752
22.2714974916512
22.3961362210767
22.5352772808187
22.6829681219787
22.8300511091161
22.9536371666772
23.0560044391206
23.1525797815964
23.2419058512547
23.3303103479728
23.4315058519284
23.5389686698312
23.6305546840679
23.7159252341035
23.7959549785641
23.8585474214297
23.8989719681834
23.9275403744905
23.9389980578517
23.9350287321024
23.9274461436329
23.9239247762176
23.9266229432738
999.99
999.99
999.99
999.99
999.99
999.99
999.99
999.99
999.99
999.99
999.99
21.4538646130891
21.3475314473196
21.2934348542631
21.1979393968584
21.1209510471421
21.0643034235173
21.0382439887605
21.065664724492
21.1647277546577
21.2983599496216
21.4564659178189
21.6255403821524
21.7815676469484
21.910479419784
22.0266019162599
22.1355101043417
22.2543741461685
22.3913148017293
22.543921804487
22.7013252863862
22.8531331187354
22.9782908950289
23.0781940618685
23.1688277530501
23.2538980193631
23.339793141774
23.4440040793905
23.5577770812621
23.6572111417597
23.7504777132985
23.838132419099
23.9011917322
23.9380772943522
23.9607883036688
23.964414376989
23.9513107896425
23.9373528828681
23.9304403113102
23.9345100601732
999.99
999.99
999.99
999.99
999.99
999.99
999.99
999.99
999.99
999.99
999.99
21.4811868510893
21.4317992500166
21.3801158323916
21.2814685091514
21.2007274570848
21.1351137525411
21.0945978293343
21.1028559308012
21.1774948877285
21.2814641706102
21.4149592533279
21.5697662675986
21.7204050596336
21.8528191680254
21.9824674668201
22.1091726591129
22.2446745991416
22.3978927380042
22.5652922038772
22.7302661003644
22.8834842558775
23.0060946269022
23.1006452181279
23.1837409590009
23.264193075021
23.3481008623204
23.4555616660819
23.5755025793645
23.6831159765659
23.7843203872421
23.8787105442509
23.942786955858
23.9771404779912
23.9945781469996
23.9917608456062
23.9709891845365
23.9499260093213
23.9369907510636
23.9379066494715
999.99
999.99
999.99
999.99
999.99
999.99
999.99
999.99
999.99
999.99
999.99
21.736732417924
21.5219726832961
21.4695771529041
21.3747430387219
21.2884369287721
21.2095674006626
21.1502151448956
21.1356266888087
21.1802590716194
21.2528962019378
21.3616871129907
21.5018876762208
21.647242967113
21.7874563258079
21.9351117766081
22.0849072022381
22.2424842415876
22.4150751965592
22.5958264366823
22.7650529314006
22.9150637715211
23.0308094922183
23.1175157299069
23.1924382550661
23.2686091567511
23.3517868756778
23.4625546553203
23.5885141549841
23.7045410218216
23.8135857540282
23.9134323526974
23.9791847830514
24.0118952934138
24.0254181596231
24.0185518859108
23.9938278763998
23.9671706227552
23.9476227802169
23.942274874695
999.99
999.99
999.99
999.99
999.99
999.99
999.99
999.99
999.99
999.99
999.99
21.6573862433862
21.6022430490598
21.5658457163516
21.4673843224187
21.3774385634727
21.2869702264167
21.207564913682
21.1687864326197
21.1822504655325
21.2240388867913
21.3069397131917
21.4326281733475
21.5732237492015
21.7239035218326
21.8924185998359
22.0699819293114
22.2532961925584
22.446316359321
22.6368559992469
22.8061109802234
22.9481160253579
23.0530896989406
23.130000098687
23.1977338478465
23.2707835344069
23.3547157775494
23.4688109642746
23.5998675135863
23.7230247605245
23.838244993509
23.9414879289317
24.0092649310455
24.042045941046
24.0542409974618
24.0465035300409
24.0210355190848
23.9900062974745
23.9634977856067
23.9483991553231
999.99
999.99
999.99
999.99
999.99
999.99
999.99
999.99
999.99
999.99
999.99
21.7379205662063
21.6782164835336
21.6400577039919
21.5542539478322
21.4624234422927
21.3638809489951
21.2684421985333
21.2101493450457
21.1977962345666
21.2137698693804
21.2722349680382
21.3828698213244
21.5168015443039
21.6753893499508
21.8621867644749
22.0667664040572
22.2758289094844
22.4885666144032
22.6871082601038
22.8547135255181
22.9867866926695
23.0790655088868
23.144466247802
23.2038775892183
23.2724757742907
23.3557180182908
23.4704570521209
23.6042714268422
23.7322677897653
23.8516767534539
23.9573026280863
24.0286671297392
24.0638638712803
24.0781663986198
24.0726676796685
24.0484422041343
24.014371576583
23.9814846795596
23.9554510914455
999.99
999.99
999.99
999.99
999.99
999.99
999.99
999.99
999.99
999.99
999.99
21.9921110977034
21.7359240499275
21.7016719649041
21.6379554230153
21.544282472439
21.4372642381231
21.3283446263035
21.2540129013004
21.2213448863173
21.220718991048
21.2628394465122
21.3619483619845
21.4908665024333
21.6556890871254
21.8557575666404
22.081892334527
22.3127762626725
22.5416213095012
22.7451250918745
22.9094707716126
23.0305001492959
23.1093820264406
23.1628374376397
23.2135331144838
23.2760542600077
23.3568292267664
23.4692039760311
23.6018668079032
23.7314260484373
23.8534554370183
23.9615999169327
24.0382670721377
24.0788689572976
24.0980309208843
24.0959471482316
24.0719605702876
24.0343880962645
23.9949816150649
23.9578190783173
999.99
999.99
999.99
999.99
999.99
999.99
999.99
999.99
999.99
999.99
999.99
21.6036144035342
21.791585176619
21.7611379505464
21.7091040189021
21.6168340224009
21.5062798153092
21.3890726818341
21.3044526256586
21.2591411944392
21.2487876475202
21.2805333813744
21.3711424148249
21.4955382302776
21.664204337368
21.8728183097516
22.1146631522834
22.3621730393633
22.6026803001403
22.8063902727866
22.9642493485779
23.0730009443203
23.1390021898668
23.1815551059223
23.2259151985922
23.2846180510062
23.3633428137891
23.4714844928488
23.5997417663035
23.7273821778871
23.8488116731047
23.9580755533554
24.0403521505937
24.0881220361639
24.1134338164442
24.1146839853347
24.089763773846
24.0477488710835
24.0016463395997
23.9543177303347
999.99
999.99
999.99
999.99
999.99
999.99
999.99
999.99
999.99
999.99
999.99
21.6220991179423
21.8403941187833
21.8210274593045
21.7739737090058
21.6881062276791
21.5816779028084
21.4637071481994
21.3753703707619
21.3249559493404
21.309428613762
21.3334283922443
21.4159609072226
21.5348147633575
21.702228731767
21.9133177473651
22.1633538226412
22.4208835372353
22.6665049852914
22.8663193481079
23.0157830286834
23.1126251226196
23.1677678154728
23.2029261524889
23.2446538943629
23.302868740789
23.3810817348826
23.4845028723633
23.6056528302223
23.7278584036456
23.8442071582096
23.9513807688888
24.0368603072893
24.0911229368475
24.1214034503509
24.1243727958329
24.0964732166235
24.0488234330563
23.9961883231881
23.9413829880957
999.99
999.99
999.99
999.99
999.99
999.99
999.99
999.99
999.99
999.99
999.99
21.7665475779866
21.8923595626147
21.8675565922158
21.839632444309
21.7632150928807
21.664727975724
21.5528412697568
21.4662116385732
21.4144884774139
21.3968849284241
21.4161469385623
21.4897390378073
21.601290881451
21.7624838973307
21.9692924695624
22.2185076128117
22.4780767669139
22.7217346957278
22.9154982398024
23.0560545195925
23.1433636213511
23.1918103329321
23.2247397044063
23.2667978258631
23.3274170355434
23.4059690822397
23.503618802886
23.615032237092
23.7290546364337
23.8372023293777
23.9397780558477
24.0259950623031
24.0849311270006
24.1174277032679
24.1192441935197
24.0863771069943
24.0328186289857
23.9745866624996
23.9169407140809
999.99
999.99
999.99
999.99
999.99
999.99
999.99
999.99
999.99
999.99
999.99
22.0256713576784
21.9391889752129
21.9249491295608
21.9032124024891
21.8398535996005
21.7533282967093
21.6521440203113
21.5701940918728
21.5173862149405
21.4971318971577
21.5120274013136
21.5771318430926
21.6815959498781
21.8354974874801
22.0355379071914
22.2780331859494
22.531311237024
22.7653574116596
22.9487361722927
23.0787983128434
23.158529987309
23.2049542682776
23.2416671457619
23.2895221002432
23.3563193651665
23.4371510123729
23.5300205164115
23.6302804489253
23.7338227277816
23.8314959104944
23.9265300647946
24.009586481516
24.0702539231036
24.1008114240973
24.0980397486261
24.0592324515894
23.9998856490962
23.9375552895003
23.8816497749809
999.99
999.99
999.99
999.99
999.99
999.99
999.99
999.99
999.99
999.99
999.99
21.9735513522482
21.979200554909
21.9737996984479
21.9517726406819
21.9052544099498
21.8374917068532
21.7546640320645
21.6834056107543
21.6340851701927
21.6105159254439
21.6181813192405
21.6721226446861
21.7676699773216
21.9122551131048
22.1049067268403
22.3388230569776
22.581464937721
22.8010369406479
22.9717375859206
23.0904888398141
23.1642440443446
23.211866246175
23.2559354044349
23.3117397973671
23.3863587044415
23.4698793850649
23.5587644253305
23.6484029267783
23.7405404926665
23.8253429050659
23.908913851764
23.9832234614605
24.0400617016369
24.0650438898157
24.0567980244107
24.0146723766405
23.9539545661439
23.8925703702886
23.8436529808857
999.99
999.99
999.99
999.99
999.99
999.99
999.99
999.99
999.99
999.99
999.99
21.951008730075
22.0014039582793
22.0039573497068
21.9880406675925
21.959691362599
21.9136577356375
21.8536294254964
21.7969438891158
21.7521124848606
21.7249216604365
21.7234103147433
21.7645666319958
21.8510837085626
21.9878080165705
22.1748676873772
22.4011120367652
22.6320512545572
22.8353517985268
22.9936340188036
23.1024620045781
23.1723368829614
23.2234331457693
23.2766267927806
23.3393705552341
23.4192218591838
23.5030564146767
23.5869803126657
23.6653702041648
23.7446040806445
23.8148644262221
23.8838181829163
23.944245467024
23.9919349680043
24.0091263710475
23.9962077552509
23.9547567839671
23.8986888722821
23.8447074516501
23.8083361524091
999.99
999.99
999.99
999.99
999.99
999.99
999.99
999.99
999.99
999.99
999.99
22.078262069844
21.9981729225355
22.0097256698554
22.01134798894
21.9997366648975
21.9736308965695
21.9364921822198
21.8956756445396
21.8555220974437
21.8256593934648
21.8166467308372
21.8470144862838
21.926480099552
22.058704244001
22.2422714572223
22.4617832398999
22.6800680031186
22.8680731737967
23.0158252122727
23.1177689513405
23.1868558064213
23.2439210689393
23.3054739329194
23.3723655651534
23.4528083065706
23.5327935762899
23.6086152777391
23.674444840813
23.7393320503525
23.7946047544742
23.8476438672921
23.8922218370075
23.9279766638598
23.9369874302782
23.9211183477007
23.8840458578739
23.8378896237329
23.7968259003481
23.776365470809
999.99
999.99
999.99
999.99
999.99
999.99
999.99
999.99
999.99
999.99
999.99
22.0188700628317
21.9768100875139
21.9963956503076
22.0110660743181
22.0134222377121
22.0055513230624
21.9902734384227
21.9670850083285
21.9356993954075
21.9071202654506
21.8957875581714
21.9214009440856
21.9981570957881
22.1292878769349
22.3118555096195
22.5248990991193
22.7303197359854
22.9048607067831
23.0437484957757
23.1420154287095
23.2134245260436
23.2771489063578
23.3441637832515
23.4119240558483
23.487370639008
23.5585600044943
23.6238975872895
23.6765886356004
23.7262010031465
23.7667012158888
23.8037291438279
23.8308984858681
23.853143083309
23.8549206168967
23.8386364930687
23.8097081303964
23.7783976314906
23.7548463024471
23.7514730726599
999.99
999.99
999.99
999.99
999.99
999.99
999.99
999.99
999.99
999.99
999.99
21.9080845974261
21.9486046595291
21.9695949554842
21.9895168493537
22.0009140501079
22.007021045618
22.0112649441889
22.0063193275459
21.9881981929104
21.9667254513665
21.9602434954409
21.9866372533673
22.0645445315152
22.1972122874915
22.3798485409382
22.5862543797356
22.7809010143405
22.946035662219
23.0801801589252
23.1790940766993
23.2558291019382
23.3261351791001
23.3948014716805
23.458416631562
23.5236037722773
23.5817975410129
23.6339351468694
23.6735718585798
23.7077563799307
23.7336045671529
23.7550275456808
23.7652742843025
23.773804366086
23.7711295188634
23.7580798109423
23.7411883212091
23.7288866504702
23.725612408544
23.738424593802
999.99
999.99
999.99
999.99
999.99
999.99
999.99
999.99
999.99
999.99
999.99
21.8049267706097
21.9273330201353
21.9431610995396
21.9642645457113
21.9814136767684
21.9970486258705
22.0148749045323
22.023882302557
22.016271850558
22.002823272671
22.0051002977162
22.0380675126644
22.1217722647199
22.2602574263049
22.4444069947217
22.6440727885632
22.8289108477038
22.9867493050445
23.1177080412353
23.219422664146
23.3023501682295
23.3783466970471
23.4468212025334
23.5047379855244
23.5575188956792
23.6016321679566
23.6388390171018
23.6639408357408
23.6820821270518
23.6937124948386
23.7009228961109
23.6977471495617
23.6968642052729
23.6935000830954
23.6867500782532
23.6839426866213
23.6915875044884
23.707519451575
23.7344403460535
999.99
999.99
999.99
999.99
999.99
999.99
999.99
999.99
999.99
999.99
999.99
21.7974998483256
21.9104697310493
21.9220373839849
21.9423179051735
21.9614090717817
21.9818176753083
22.0079276638306
22.0272166591899
22.0294663921471
22.0259526850453
22.0403887801513
22.0837509702112
22.1756412453347
22.3203889219817
22.5045817815601
22.6955867428424
22.8701883306642
23.0206008090622
23.1476384167462
23.2514533638854
23.3393080608829
23.4183549483606
23.4839026153246
23.534966492997
23.5747847729446
23.6048285708065
23.6270197985751
23.6392459485688
23.6444948489454
23.6450647249948
23.6420081765604
23.6318019855097
23.6273569084654
23.6265275022279
23.6287334256278
23.641091607505
23.6672598989383
23.699305522041
23.737635891076
999.99
999.99
999.99
999.99
999.99
999.99
999.99
999.99
999.99
999.99
999.99
21.9755785731883
21.9021708715668
21.9078442497247
21.9218452512462
21.9391495019604
21.960133907064
21.9899137046939
22.0164935793187
22.0293227438064
22.0378427006337
22.0681654874224
22.1260019476182
22.2289393782712
22.3806921118938
22.5650352318808
22.7455363557459
22.9087452837853
23.0492658608705
23.1684148967196
23.2691194550449
23.3579500778108
23.4355537610048
23.4955955092776
23.5393664669526
23.5676877666045
23.5852131553397
23.5956529495734
23.5991519351645
23.5969138606694
23.5918524516511
23.5840759647016
23.5724271150127
23.5698892640974
23.574602308683
23.587058896426
23.6147873193552
23.6573074071567
23.7017303519576
23.7487354068845
999.99
999.99
999.99
999.99
999.99
999.99
999.99
999.99
999.99
999.99
999.99
21.9342683546934
21.9008845621518
21.9066054205637
21.913158261016
21.9268760110385
21.9447529283611
21.9734738625358
22.0021709423741
22.0215288803227
22.0403108927966
22.0852577266905
22.1572260750877
22.271740715844
22.4313580682967
22.6160845431652
22.7872397065703
22.9391586466101
23.0680691366105
23.1756867616829
23.2680935893436
23.3520251126791
23.4239656596347
23.4767177919028
23.5133023120255
23.5326151822469
23.5412914053936
23.543384064019
23.5423920144253
23.5375437488541
23.5311500047336
23.5227994288289
23.5151018969332
23.5185462338038
23.5309365247497
23.5543782404071
23.5967659170018
23.6527458070253
23.7062991182453
23.7604329413116
999.99
999.99
999.99
999.99
999.99
999.99
999.99
999.99
999.99
999.99
999.99
21.9152081357796
21.9007060638856
21.9145685833635
21.9201009847149
21.9316616768337
21.9460929215176
21.9713092790091
21.9978804784431
22.0186023811134
22.0451208407393
22.1008553613817
22.1847374298151
22.3105870539276
22.4786877046184
22.6617494132305
22.8238319462863
22.9635259193629
23.0771883195656
23.1679958695623
23.24682585894
23.3203718960164
23.3827480135483
23.4274852335143
23.4574400799741
23.4699290940973
23.4727102563053
23.4698425851851
23.467433891442
23.4645060825372
23.4615374536958
23.4566761855615
23.4563394136134
23.4682236621968
23.4884126603713
23.5216754362772
23.5764621769656
23.6432166191381
23.7043406517599
23.7657014805282
999.99
999.99
999.99
999.99
999.99
999.99
999.99
999.99
999.99
999.99
999.99
21.8801172702636
21.8929466868171
21.9231633820751
21.9338643826444
21.9452888142771
21.957555951736
21.9800544316253
22.0037016270743
22.0239644186322
22.0565492719411
22.1184660732821
22.2088179081502
22.3423625025236
22.5159062319595
22.6951639574737
22.8491102335399
22.9774270421058
23.0755411340234
23.1479994306808
23.2105569778077
23.2710875969698
23.3221789945511
23.3574175556041
23.3804386588755
23.3875247430009
23.3861973646794
23.3817303411945
23.3820961879795
23.3852212044122
23.3889921763681
23.3896978739536
23.3960687853473
23.4142381607988
23.4398011153503
23.4801725160717
23.5443550483369
23.6202871701658
23.6902269710771
23.7608094404392
999.99
999.99
999.99
999.99
999.99
999.99
999.99
999.99
999.99
999.99
999.99
21.8149320264198
21.8838194346867
21.9341665780417
21.9491147676407
21.9644220483595
21.9777068743846
21.9990649495671
22.0194796966076
22.0381763217167
22.0746557601224
22.1383422139627
22.231081163086
22.3691988142125
22.5453548281411
22.7186628461436
22.8652448100379
22.9823297149446
23.0656220500875
23.120296233615
23.1670929182814
23.2141886829655
23.2548321120143
23.2811929620619
23.2979267561654
23.3009603131494
23.2975298967422
23.2935742529136
23.2973806724888
23.3061498608725
23.3164205016857
23.3220654408047
23.3322021560889
23.3540284912662
23.3837583618981
23.4282382079659
23.4976790983432
23.580805783288
23.6597154749576
23.7400771736165
999.99
999.99
999.99
999.99
999.99
999.99
999.99
999.99
999.99
999.99
999.99
21.9026758877979
21.856524253861
21.9347620857801
21.9680253601408
21.9936779831962
22.0136534695465
22.0374251035581
22.05487752301
22.0696307043691
22.1059173380684
22.1647179643257
22.2528675031716
22.3894846046236
22.5624115132718
22.7255160368959
22.8647092521528
22.9716267226543
23.0421824757201
23.0834427032913
23.119305393995
23.1552519935406
23.1880583099004
23.2077531466303
23.2190478771276
23.2188459098967
23.2151599335355
23.2122570116553
23.2187789556328
23.2310504879766
23.2448131831112
23.2529700769048
23.2638420374062
23.2855322465756
23.316756717171
23.3626970075689
23.4327680210888
23.5198037277008
23.6072415405069
23.6982103118983
999.99
999.99
999.99
999.99
999.99
999.99
999.99
999.99
999.99
999.99
999.99
21.9357948385704
21.8216049615227
21.9287113040078
21.9887633480901
22.0308271577861
22.063067882234
22.092743154021
22.108653753892
22.1201471950679
22.1546755427778
22.2051667260045
22.2839345732383
22.4132936458913
22.5756430247226
22.722296127827
22.8510392362459
22.9475237380546
23.0064529804493
23.0379019141413
23.0672625623252
23.0950676605802
23.1220186436258
23.1379432747959
23.146212243393
23.1456127087282
23.1447304690836
23.1456899028657
23.1551427056788
23.169752748844
23.1844652155448
23.1921691986693
23.1998965574875
23.2180244653148
23.247548439936
23.2916540992669
23.3581280642182
23.4448954396506
23.5383839540216
23.6384030218102
999.99
999.99
999.99
999.99
999.99
999.99
999.99
999.99
999.99
999.99
999.99
21.667448971212
21.7846082015862
21.915647219747
22.0053870407279
22.0674874571865
22.1157455821938
22.1540092755052
22.1706731606426
22.1814698177551
22.2116197896307
22.2508057044361
22.3159774242782
22.4313199915046
22.5741866450256
22.7028163003409
22.8207411254607
22.90835148982
22.9599553389162
22.9874583652576
23.0138894471772
23.0362400515723
23.0592540237451
23.0730196682898
23.0811600627405
23.0835613388975
23.0887345842989
23.096164400676
23.1097226880063
23.1259248234723
23.1390473311072
23.1442093945741
23.1470133347295
23.1598027102669
23.1854677592287
23.2252845002656
23.2840929333083
23.3659398202113
23.4612711909088
23.5674675195081
999.99
999.99
999.99
999.99
999.99
999.99
999.99
999.99
999.99
999.99
999.99
21.4980322662976
21.7397403919591
21.8913655200648
22.016872660088
22.0995640850415
22.1645212025328
22.2127867987321
22.2326182827784
22.2461306382303
22.2737588607736
22.3050191327724
22.3583335925529
22.4570717217852
22.575632270506
22.6824581484741
22.7849126661932
22.8613338855422
22.9066720358861
22.9328954750342
22.9589779059203
22.9779665316362
22.9980619844236
23.0110937377128
23.0208305901642
23.0284698183404
23.0421780108421
23.0580286389573
23.076720471323
23.0950095414251
23.106555539552
23.1094226835653
23.1086458852154
23.1169136245451
23.1379439408631
23.171487865031
23.2198943449121
23.2913676534625
23.3815852597821
23.4882863594979
999.99
999.99
999.99
999.99
999.99
999.99
999.99
999.99
999.99
999.99
999.99
21.38
21.6953650662233
21.8614229137719
22.0212415601688
22.1231429317658
22.2043530126977
22.2635034492555
22.2893630765743
22.3090629283303
22.3369996969847
22.3640409342973
22.4076528171904
22.4878279838899
22.5780526152392
22.6599021024373
22.7425211510826
22.8057006608856
22.844793295635
22.8712936517422
22.8977929817078
22.9147222008239
22.9317645395288
22.9444249406481
22.9565186371543
22.9710782443922
22.9951930310271
23.0221370584508
23.0497361217835
23.0740292188348
23.0871925783195
23.0901459696095
23.0880286050669
23.0920053857011
23.106401175755
23.1314748755679
23.1679159681842
23.2252615373147
23.3052210330437
23.4072001854661
999.99
999.99
999.99
999.99
999.99
999.99
999.99
999.99
999.99
999.99
999.99
21.296681726842
21.6689425961453
21.8429873480185
22.0200053509828
22.1372614079515
22.2322541921902
22.3015227161895
22.3353809250168
22.3647313630845
22.3966451356217
22.4230784344805
22.459989933945
22.5219078166272
22.5834946696552
22.6392192877081
22.6996924568712
22.7479422409438
22.7811591111013
22.8076039944801
22.8335350310744
22.8485456107032
22.8616948348013
22.8726064443116
22.8866711065358
22.9088141382476
22.9440466770055
22.9842361983932
23.0239665660114
23.0580802442412
23.076638944808
23.0818641718895
23.0797857597395
23.0802683803427
23.0876715892703
23.1036929119135
23.1292512352967
23.1731199828937
23.240587320418
23.3331753991613
999.99
999.99
999.99
999.99
999.99
999.99
999.99
999.99
999.99
999.99
999.99
21.3220577167058
21.650818220978
21.8267045655317
22.0086138392039
22.1381208733584
22.2458812507112
22.3264937745791
22.3725703311092
22.4144264589572
22.4520291531694
22.4789141210795
22.50989394034
22.5531294892453
22.5876217099954
22.6193082324491
22.6581922253936
22.6918777712239
22.7207375826897
22.7478256552967
22.773202552407
22.787868451169
22.7986684530999
22.8063727295932
22.8203649640104
22.8474244521797
22.8907768959316
22.9417388008151
22.9948409566569
23.0409277040376
23.0686308037897
23.0797805532257
23.0805414365225
23.0785016361452
23.0799984557574
23.0876103438705
23.103721936766
23.1366675939795
23.1918521387948
23.2727923900631
999.99
999.99
999.99
999.99
999.99
999.99
999.99
999.99
999.99
999.99
999.99
21.3999211393846
21.6377645570716
21.8079937197593
21.9850183590577
22.1245844159141
22.2448960318298
22.3383016193086
22.4001740807159
22.4569722070211
22.5033042562477
22.532925749488
22.5598445430248
22.5857480970344
22.5961842292707
22.6035592158366
22.620334188658
22.6389401454216
22.6627687726995
22.6900477560624
22.715932345356
22.7314682401633
22.7411894476288
22.7459984748147
22.7581987368825
22.7873831416513
22.8361832769277
22.8956799904775
22.9617833606771
23.0208999369196
23.0603409632412
23.0793772062209
23.0841944876726
23.0800360906953
23.0763903845203
23.0768782533765
23.0865616411428
23.1116564631945
23.1564309847322
23.2252662846263
999.99
999.99
999.99
999.99
999.99
999.99
999.99
999.99
999.99
999.99
999.99
21.4453221814964
21.6203433969722
21.7809125504523
21.949532856744
22.0970939275469
22.2299693337181
22.3369244961029
22.4169850496979
22.4909062953678
22.5471325862977
22.5793562074101
22.6025920892415
22.6128255925963
22.6024551099902
22.5896842941122
22.5892938600567
22.5965142222477
22.6167492351409
22.6449466486897
22.6710135302948
22.6864981839205
22.6943134627107
22.6953224507628
22.7036862836535
22.7324405245352
22.7839005335076
22.8494376631622
22.926822299256
22.9978362403099
23.0485489191956
23.0755521617771
23.0846220358541
23.0788068012033
23.0719158277596
23.0683777752974
23.0751734594969
23.0968203406878
23.1360693066105
23.1955640200297
999.99
999.99
999.99
999.99
999.99
999.99
999.99
999.99
999.99
999.99
999.99
21.4764207480479
21.5889447688821
21.7393680692507
21.9027198184573
22.0552936088813
22.1996428645184
22.3212096295519
22.4201773936612
22.511039637935
22.5772995073523
22.611861353658
22.6309554628683
22.628973247909
22.6040440453957
22.5778197211887
22.5674510425603
22.5691202594735
22.5887293799036
22.618966555926
22.6454898237272
22.6601638249185
22.6653080356778
22.6618668237564
22.6650700680688
22.6914738517265
22.7427329489151
22.8109579651246
22.8947039023988
22.9729621052536
23.0309768154966
23.0638678840826
23.076351433181
23.0707005021685
23.0642495565658
23.0615325435138
23.0702611814002
23.0943574836361
23.1343058989684
23.1904844573145
999.99
999.99
999.99
999.99
999.99
999.99
999.99
999.99
999.99
999.99
999.99
21.3862293333199
21.5482008976481
21.6853597123678
21.8423404102173
21.9973667925903
22.151762261433
22.2880113268956
22.405697646589
22.5119763763415
22.587435387611
22.6239089367382
22.6388393491323
22.6279789309226
22.5943051937929
22.5619795761256
22.5499432366633
22.5534126164422
22.5764258862834
22.6108469007889
22.6391680911776
22.6529363349413
22.6554795123922
22.6482512860974
22.6465228150414
22.6689821683515
22.7167199582404
22.7827305666078
22.8665426391823
22.9461063014013
23.0069300213444
23.0440960733588
23.060842983592
23.0583669497041
23.0565394314648
23.0591967980197
23.0737521297273
23.1034102484691
23.1479823044247
23.2060941608834
999.99
999.99
999.99
999.99
999.99
999.99
999.99
999.99
999.99
999.99
999.99
21.2466840413426
21.495972663424
21.6115099531837
21.749611988098
21.9044980864735
22.0698814416875
22.2182960621795
22.3643388038728
22.4960637403335
22.582739977034
22.6289267624417
22.642526780762
22.6180441990035
22.5815560144414
22.5472237997724
22.5376608660744
22.5486609910836
22.5857533354464
22.6295479221456
22.6658132442085
22.6742630967367
22.6601850261916
22.6429005642005
22.6315637224731
22.6509133112857
22.6942976159015
22.7695477585049
22.8484643850873
22.9246752516142
22.9768683381055
23.0160676077986
23.0328137782202
23.0368526611702
23.0422707534009
23.0595494402234
23.0857898082709
23.1266602821726
23.1818267721087
23.2457874823134
999.99
999.99
999.99
999.99
999.99
999.99
999.99
999.99
999.99
999.99
999.99
21.2741491101491
21.4458033189784
21.5439249362301
21.6619822440741
21.8064932513883
21.96984519735
22.1237127195298
22.2928617301752
22.4434866438106
22.5367580382126
22.5941086123636
22.602904242254
22.5611916639982
22.5352793594374
22.5149978387465
22.514662993515
22.5443546091155
22.6058344068366
22.6578318487922
22.7007819977321
22.7011417799243
22.6741221838159
22.6530268129216
22.6314090342388
22.6438433339132
22.6788156654261
22.7513856327201
22.815057402517
22.8852541571387
22.9316314210323
22.975008693126
22.9964543630913
23.0090892128278
23.0281720388581
23.0606089325228
23.1010652826054
23.1571539395441
23.2224494136105
23.2915729734431
999.99
999.99
999.99
999.99
999.99
999.99
999.99
999.99
999.99
999.99
999.99
21.2769966329966
21.3056731325198
21.3118673042018
21.648050319019
21.6364035275603
21.6280937749823
22.038930514704
22.2395753737809
22.4740358538094
22.7333511906857
22.6226389580222
22.5947697532819
22.6385778240343
22.5533300752674
22.435215092689
22.4887189214193
22.4621956699901
22.6708960963543
22.7533861160133
22.8796721252679
22.8536823285116
22.783114540125
22.6221192110251
22.3810389660668
22.6227517233057
22.6541749249589
22.8552977510295
22.7776227481384
22.9528556998557
22.913291003615
22.9459425363641
22.9115706241107
22.975929013882
23.0006958283683
23.0410177333313
23.0838870084619
23.2415383903746
23.2816554058923
23.3793988993972
999.99
999.99
999.99
999.99
999.99
999.99
999.99
999.99
999.99
999.99
999.99
999.99
999.99
999.99
999.99
999.99
999.99
999.99
999.99
999.99
999.99
999.99
999.99
999.99
999.99
999.99
999.99
999.99
999.99
999.99
999.99
999.99
999.99
999.99
999.99
999.99
999.99
999.99
999.99
999.99
999.99
999.99
999.99
999.99
999.99
999.99
999.99
999.99
999.99
999.99
999.99
999.99
999.99
999.99
999.99
999.99
999.99
999.99
999.99
999.99
