999.99
999.99
999.99
999.99
999.99
999.99
999.99
999.99
999.99
999.99
999.99
999.99
999.99
999.99
999.99
999.99
999.99
999.99
999.99
999.99
999.99
999.99
999.99
999.99
999.99
999.99
999.99
999.99
999.99
999.99
999.99
999.99
999.99
999.99
999.99
999.99
999.99
999.99
999.99
999.99
999.99
999.99
999.99
999.99
999.99
999.99
999.99
999.99
999.99
999.99
999.99
20.1644623009588
19.7678294040454
20.2546998841912
20.6991379926693
20.9998014674705
21.2517250839237
21.0293033998522
20.8986883569392
20.7266049796119
20.5464199737545
20.9284480393784
21.152518997843
21.2518950404996
21.7788316498317
22.4723129402537
22.5122567612411
22.5695023052828
22.5154161626217
22.4572546872408
22.4344166151309
22.5372828282828
22.6412715809162
22.644831007939
22.7786309050351
22.7062002906114
22.5763754166855
22.458778939218
22.3112098988893
22.2452760507011
22.3519394291346
22.2297188108059
22.3670706014852
22.3858556998557
22.7380085373395
22.8811137959988
22.8225388445597
22.5419191190149
22.4059870582379
22.5604982528118
999.99
999.99
999.99
999.99
999.99
999.99
999.99
999.99
999.99
999.99
999.99
20.4056077147784
20.6206865533758
20.6143171135453
20.7831047864985
20.9475193658785
21.0351426340015
21.0518918237346
21.0142057248188
20.9765073967631
21.0159409969776
21.1223933491611
21.3182915328926
21.6116777550209
21.8908485417574
22.1281858755412
22.3191613991235
22.4359684678248
22.46734688404
22.4857650498896
22.5045821487106
22.5317565711591
22.5716847380377
22.5975102245498
22.6004310788925
22.5754812287038
22.5239584126582
22.4505839103469
22.397671763274
22.3528346070776
22.3534198667277
22.3971771764125
22.4894120260659
22.5851762434593
22.6847327694546
22.7394260878505
22.7591968405596
22.7514033135268
22.7544866546842
22.761477624701
999.99
999.99
999.99
999.99
999.99
999.99
999.99
999.99
999.99
999.99
999.99
20.6402368784912
20.8229490011688
20.8197573438342
20.9725499232766
21.0946528216963
21.1752771002717
21.1933825026519
21.155207491015
21.1225614285614
21.1532671778505
21.2536120058605
21.4383670067605
21.6968621923432
21.9459570092778
22.1582014596189
22.3202228631187
22.4167364874777
22.451952266908
22.4719627902372
22.4936875232873
22.5221278502188
22.5555373150305
22.5792993528435
22.5825114161599
22.5544496433296
22.5003343079268
22.4369718162558
22.3889964639982
22.3602103882978
22.3753049084641
22.4394848914846
22.5408113075779
22.6492838745926
22.7566248767818
22.8307017203808
22.8697101751867
22.8864940116814
22.9067449158638
22.9338162278756
999.99
999.99
999.99
999.99
999.99
999.99
999.99
999.99
999.99
999.99
999.99
20.7386984126984
21.0191497003779
21.019640186108
21.1475629925604
21.2294006086805
21.2893417227956
21.3051204148644
21.2799359769938
21.2576961116055
21.2909280012308
21.3962003125893
21.5690751133314
21.7836898959973
21.9993866035286
22.1792926409139
22.3088069618153
22.3891596387288
22.4344725616946
22.4616203163582
22.4882331458564
22.5177095547866
22.5415771268162
22.5544364962906
22.5532134954295
22.5261949010208
22.4778178205912
22.4308719163213
22.396215498341
22.3863061435808
22.4171951771868
22.4980511369155
22.6021514415581
22.7125939035834
22.818188388635
22.904490665287
22.9576405513626
22.9948405340614
23.0355030847342
23.0832655766478
999.99
999.99
999.99
999.99
999.99
999.99
999.99
999.99
999.99
999.99
999.99
20.8475372515598
21.1754927329227
21.1958468778698
21.3095015590959
21.3765775941543
21.4199218895804
21.4252001583433
21.3985378080537
21.3783449024172
21.4116152186139
21.5100979026462
21.6700909885234
21.8611963546546
22.0469861482802
22.2000466834155
22.3122700171652
22.3820153218919
22.426162460962
22.4588192451946
22.4903139900495
22.5197406522702
22.5399220548139
22.5466671758622
22.5389252748329
22.5099440949009
22.4654886940136
22.4279574627992
22.4068797288284
22.4136825183549
22.4587332623316
22.5494255581774
22.6593661268641
22.774057528336
22.8830976915222
22.9755544568714
23.0393394124192
23.0905272295385
23.1430339893764
23.1978457488279
999.99
999.99
999.99
999.99
999.99
999.99
999.99
999.99
999.99
999.99
999.99
21.1699682866495
21.3313699017908
21.3686935885619
21.4721984170774
21.5233987329395
21.5486213402477
21.541105375117
21.5117666536183
21.4919075359897
21.5220958304492
21.6113181563999
21.7570290944782
21.9222648765082
22.0805345558187
22.2126335453664
22.3134853517823
22.3779651910403
22.4262960903745
22.4663922309794
22.5020119368311
22.5302861442888
22.5458077870633
22.5452974854609
22.5305545685506
22.5005769398005
22.4614346217684
22.4346336756756
22.4289143166699
22.4534979609776
22.512122689756
22.6095800519279
22.7214700767502
22.8350347638254
22.9415755112673
23.0336543275811
23.1037182337676
23.1650401953271
23.2272390889844
23.2886716548582
999.99
999.99
999.99
999.99
999.99
999.99
999.99
999.99
999.99
999.99
999.99
21.3711346214761
21.4881257256838
21.5406428333006
21.6283567344966
21.6648133291007
21.6728157714665
21.6517282047155
21.6166530202391
21.5917574341587
21.6125771027594
21.688317970621
21.8171322209654
21.9589710311853
22.097452816071
22.2185356247154
22.3160464040348
22.3818403412693
22.4376068104552
22.4847569832209
22.522708933397
22.5493741958983
22.5607148974354
22.5539707339483
22.5336108424178
22.5032140806023
22.4689833196536
22.4515093752492
22.4593204057867
22.4992821781353
22.5693577997669
22.6702576181712
22.7811841651677
22.8907032600327
22.9920023193582
23.0810969012885
23.1559926101906
23.2255244950061
23.2961517431937
23.3638822072767
999.99
999.99
999.99
999.99
999.99
999.99
999.99
999.99
999.99
999.99
999.99
21.4814091462158
21.6449595328634
21.7009998387242
21.7657316519671
21.7898466698098
21.7835731886465
21.7503015906985
21.7073083236773
21.6722894865555
21.6789758724539
21.7387556116692
21.8499852955589
21.9746273824973
22.1044164577567
22.2252704505102
22.3280429665315
22.4015607648161
22.4656756882713
22.5168718195667
22.5540208268717
22.5772911651751
22.5841492249386
22.5727306288729
22.549086706321
22.5195990742735
22.4895574812806
22.4795857807142
22.4977571397397
22.5493504221593
22.6273916666621
22.7295182105451
22.8385526249315
22.9440346610525
23.0399832584762
23.1258523070255
23.2046661382158
23.2801204005826
23.3568664850779
23.4296444463255
999.99
999.99
999.99
999.99
999.99
999.99
999.99
999.99
999.99
999.99
999.99
21.7016931761619
21.776827235036
21.8238045811384
21.8777545936931
21.891292366425
21.8744643297544
21.8320296789707
21.7801993911016
21.7336221705264
21.7267840319041
21.7714221291017
21.867666509173
21.9840211517976
22.1154659178066
22.2437426010401
22.3576925136026
22.4421441202634
22.5121630252552
22.5634158177889
22.59673848856
22.6149669802434
22.6182634010525
22.6054380865342
22.5813736616282
22.5541831273225
22.5273537691338
22.5214143539385
22.5447759909071
22.6027261548732
22.6846764465943
22.7866508035604
22.8940417504794
22.9966562190953
23.0884803570624
23.1716733805236
23.2531552935211
23.331972702037
23.4126226539382
23.4886798603339
999.99
999.99
999.99
999.99
999.99
999.99
999.99
999.99
999.99
999.99
999.99
21.9369119040077
21.8796139799849
21.9143220083996
21.9570995896377
21.9637031014515
21.9413964224576
21.8936922664261
21.8335979809577
21.7767022653813
21.7585089243964
21.7912925725385
21.878117635792
21.9956303144178
22.1366213443715
22.2773025271429
22.4043821092577
22.4990725479563
22.5711077637238
22.6186764037085
22.6461203305213
22.6591056808747
22.6606615081921
22.6500405308579
22.6292047075525
22.6061788354161
22.5828544803265
22.5789799051363
22.603114061749
22.662331993684
22.744466497978
22.8445463790254
22.9498546028752
23.0510389105441
23.1404689803557
23.222402283846
23.3061916791196
23.3871730539096
23.469514510421
23.5464465569055
999.99
999.99
999.99
999.99
999.99
999.99
999.99
999.99
999.99
999.99
999.99
21.8635920870513
21.9431555349024
21.9685552405228
21.9986447527774
22.0036762340833
21.9828678404837
21.9370546441774
21.874049929835
21.812956623238
21.7896613286414
21.8158657167029
21.8974819639468
22.0212849675738
22.1738234701917
22.3268165777541
22.4656670937667
22.5689814140173
22.6401476730708
22.6823734247274
22.7034681069398
22.7111951676808
22.711818935691
22.7056105135512
22.6905469890166
22.6728173541896
22.6541625796974
22.6516279891773
22.6730412885379
22.7283241539608
22.8065666376291
22.9013834220722
23.0029620881156
23.1036112236504
23.1931735251202
23.2767460966817
23.3642896407076
23.4476546201185
23.5297958440091
23.604887305773
999.99
999.99
999.99
999.99
999.99
999.99
999.99
999.99
999.99
999.99
999.99
21.9593268398268
21.9674874742002
21.987857357734
22.0126583788592
22.01962726233
22.0050523904174
21.9668120349592
21.907764568014
21.8508835794827
21.8307202774535
21.8568702490684
21.9378198143019
22.068935190673
22.2303443136025
22.3914519950213
22.5376249871829
22.6458336840849
22.7138282937423
22.7500724290216
22.7647773757483
22.7670200898383
22.7666472440661
22.7652991030554
22.7569668551692
22.7456059100775
22.733238645695
22.732801193659
22.7505885762931
22.7992261297253
22.8708381912562
22.9578920180389
23.054125761714
23.1540950085749
23.2456799037469
23.3325844881556
23.4247451011595
23.5103097331672
23.5905050026544
23.6606406829619
999.99
999.99
999.99
999.99
999.99
999.99
999.99
999.99
999.99
999.99
999.99
21.9831898577613
21.9538812702941
21.9835933864337
22.0153686791849
22.0270327634206
22.0217198733574
21.9945316871096
21.9446342024191
21.898864350253
21.8877795732751
21.91827327715
22.0008831463262
22.1363733135097
22.2998710087667
22.4625111475875
22.6094450285682
22.7172820672222
22.7808845354431
22.8123676158547
22.8215265301303
22.8193831478472
22.8192126701468
22.8228487542078
22.821479009221
22.8176337282829
22.812664264826
22.8149869200333
22.8295216440799
22.8705873045916
22.9344330049364
23.0137758655354
23.1041975348712
23.2031412554255
23.2979756838379
23.3895304868314
23.4855095359554
23.5724135545168
23.6491574089854
23.7115225462784
999.99
999.99
999.99
999.99
999.99
999.99
999.99
999.99
999.99
999.99
999.99
21.9153573012353
21.9422427607989
21.979233967226
22.0201992314941
22.0395624041711
22.045198167327
22.0308189479671
21.9933978073182
21.9616946364155
21.9608175488087
21.9959252849238
22.0783652968315
22.2118646000869
22.3706749611004
22.5295679220908
22.67309864871
22.7781114906551
22.8391784327553
22.8680382480247
22.8729911319679
22.866896943371
22.8665473543352
22.8728364719783
22.8769521523195
22.880440781895
22.8838246965441
22.890481478981
22.9039844862862
22.9389961207465
22.9955321224328
23.0676938078424
23.1520408182831
23.2500088718606
23.3490208339569
23.4467772404453
23.5460203983
23.6345650199041
23.7068833592436
23.7592908448308
999.99
999.99
999.99
999.99
999.99
999.99
999.99
999.99
999.99
999.99
999.99
21.8094404900171
21.9378730466377
21.9836332280938
22.0351363338003
22.0624109208795
22.0786920089067
22.0776182100352
22.055244585245
22.0392463614338
22.0493964437967
22.088356964672
22.1677680018838
22.2930717153971
22.4414100744313
22.5922106591633
22.7299253428752
22.8313023408568
22.8916457194866
22.9197011609837
22.9215663009228
22.9115381783519
22.9094040637817
22.9154091907875
22.9230208996032
22.932353835536
22.9435862040085
22.9563118351562
22.9717586040072
23.0020602943438
23.052294015477
23.1179747707212
23.195131027886
23.2902994164737
23.3934274495646
23.4974083964465
23.5990477037725
23.6893601359571
23.7574809029783
23.799432617103
999.99
999.99
999.99
999.99
999.99
999.99
999.99
999.99
999.99
999.99
999.99
21.7105743045186
21.9376649533047
22.0001342489795
22.0630606214317
22.0960816919255
22.1197879360442
22.1291018133436
22.1218137942911
22.1209378180022
22.14133898064
22.1843797196899
22.2605545823613
22.3749188743118
22.5102926264068
22.6507973997218
22.7802164723543
22.8760397494984
22.9352189476738
22.9623854727592
22.9614612360719
22.9482424404234
22.9440733974736
22.9484562810585
22.9579272845115
22.971533418203
22.9883813131395
23.0069039957691
23.0261293229702
23.0543649108476
23.1004729106057
23.1626298491775
23.2337336148775
23.3251841755245
23.43062823535
23.5393086888021
23.6417360109474
23.7332001116059
23.7982450052963
23.8314205611027
999.99
999.99
999.99
999.99
999.99
999.99
999.99
999.99
999.99
999.99
999.99
21.8229006390435
21.9504438139524
22.023884637661
22.0971613757495
22.1350599244054
22.1640970700314
22.1817156657797
22.1889668666732
22.2023632116285
22.2324246659046
22.2796224551023
22.3529511695717
22.4551553383219
22.5763960882989
22.7050136702873
22.824856932165
22.9139249079604
22.9715781224448
22.9977576208024
22.9950494077657
22.9795974521089
22.973762967489
22.9755413318531
22.9853538593133
23.0009546214119
23.0207761344338
23.0435764379668
23.0676761322666
23.0967156022583
23.1420036838203
23.2049965384396
23.2734108834114
23.3626285393181
23.4690166261666
23.5806997141724
23.6812915060812
23.7721401529778
23.8331106871814
23.8585161205998
999.99
999.99
999.99
999.99
999.99
999.99
999.99
999.99
999.99
999.99
999.99
21.862843286021
21.976870670209
22.0514483189794
22.1287515204261
22.1719074257102
22.2057469739063
22.2314097865826
22.2534222555671
22.2806220772075
22.3202989691332
22.3721809670007
22.4430983902124
22.5335582829255
22.641260227472
22.7575603473594
22.8678742404728
22.9509189187015
23.0073105929472
23.0326621777972
23.0296554432086
23.0129419047217
23.0047355698186
23.0024417281037
23.0105401276666
23.0246522692611
23.0443541383827
23.0698585015578
23.0992924140211
23.1316269316761
23.1798860974973
23.2465479748365
23.3150473776062
23.4028722301281
23.5082092746064
23.6197189031674
23.7164634827103
23.8044047664258
23.8604311927424
23.8796175795157
999.99
999.99
999.99
999.99
999.99
999.99
999.99
999.99
999.99
999.99
999.99
21.843813805049
21.9921676725456
22.074858191339
22.1508567043885
22.1996765948035
22.2388504568901
22.2730344148785
22.3097805174466
22.3499010011259
22.3991852532587
22.4567967994852
22.5268584295505
22.6075157507955
22.7028891399973
22.8067041643996
22.9065127795882
22.9831666703417
23.0376844914652
23.0625581268749
23.0607082835711
23.0447619115006
23.0345156583053
23.0283411973929
23.0340968047812
23.0450319561596
23.0623303862464
23.0897105095461
23.124309490474
23.1607293762634
23.2137085160709
23.2851218611347
23.3547144190778
23.44085183517
23.5435384271465
23.6524837547159
23.7449781241383
23.8282410378187
23.8787878955609
23.8930599357276
999.99
999.99
999.99
999.99
999.99
999.99
999.99
999.99
999.99
999.99
999.99
21.8908769275634
21.9878053671985
22.077888849052
22.1578732297523
22.2143988277532
22.2610491720725
22.305378951545
22.3562620555782
22.4077894371034
22.4656016087928
22.5291041811217
22.5989844815743
22.6719821105738
22.7565059731223
22.8478499577544
22.9360212780991
23.0057147966568
23.0578048747009
23.0828151293804
23.0840155148311
23.0714865288532
23.0616707219894
23.0535998601204
23.0575500200934
23.0652398402877
23.0787707369953
23.1052052082558
23.1424600956102
23.1828129250427
23.2404838937428
23.3172572621734
23.3910936567641
23.4780794340525
23.5780033899667
23.6839961875118
23.7728066365745
23.8497687573689
23.8937259792228
23.9035372966539
999.99
999.99
999.99
999.99
999.99
999.99
999.99
999.99
999.99
999.99
999.99
21.897783197832
21.9714580500328
22.0660072384961
22.1491801088945
22.215968473527
22.2731718613405
22.3301783316852
22.3946582650383
22.4565856480209
22.5216679298121
22.5890656084844
22.6573523250544
22.7232929971398
22.7973113055426
22.8758661994345
22.952827988271
23.0165981262514
23.0674455754707
23.0946667379097
23.1020366627
23.0959726129776
23.0893295557748
23.081547193335
23.0847152857555
23.0892119265501
23.0987350672707
23.1223331784063
23.1595510306449
23.2021134659889
23.2630698023474
23.3436768322843
23.4226028136336
23.5124828323749
23.6114630321922
23.7156011001966
23.8013676927805
23.8712598529352
23.9070116003654
23.9107787283246
999.99
999.99
999.99
999.99
999.99
999.99
999.99
999.99
999.99
999.99
999.99
21.8373815682962
21.9448884518857
22.0443216102435
22.1250262803552
22.2033792497881
22.2733864027727
22.3448717052563
22.4220566072673
22.4930387980633
22.5631776896384
22.6319904653544
22.6964933920858
22.7555347071807
22.8194887869235
22.8863400312573
22.9534023243901
23.0131644959889
23.0645880579252
23.0967948659772
23.1127911883715
23.1158804367256
23.1146835458216
23.1098812347668
23.1134674973609
23.1162336735679
23.1230032781694
23.1440751915853
23.1793953024561
23.2220774577834
23.2828940155482
23.3627519037262
23.4434379102282
23.533803341384
23.631678007214
23.7346692254632
23.8189809271933
23.882683548597
23.9123251582854
23.9111185001728
999.99
999.99
999.99
999.99
999.99
999.99
999.99
999.99
999.99
999.99
999.99
21.8508128924889
21.9061921681417
22.0101340396016
22.0888997660011
22.1769775488256
22.2599614606258
22.345384600361
22.4334733522837
22.5120174189548
22.5851680407084
22.6525785858519
22.7119048630778
22.7640100335467
22.8183517824912
22.8750325258666
22.9338317390128
22.9905998634039
23.0439676927389
23.083524946806
23.1102852404959
23.1253443734897
23.1331988955518
23.1353056579078
23.1419762752637
23.146255778119
23.1531551858991
23.172943552323
23.2053942474005
23.2461651489938
23.3027173757686
23.3769810520067
23.4552241060708
23.5437140149744
23.6404330358746
23.7428435380545
23.8265613710719
23.8861139608556
23.911715429577
23.9065610089426
999.99
999.99
999.99
999.99
999.99
999.99
999.99
999.99
999.99
999.99
999.99
21.9107729686109
21.8604619658165
21.9650456643435
22.0448212992671
22.1399166503542
22.2345998403601
22.3324881540851
22.4293178230005
22.5143389971593
22.5892775943031
22.6535078556878
22.7065675956552
22.7517390729703
22.797018063301
22.8448311751623
22.8967934780022
22.9515768927718
23.0076506843326
23.0559213996437
23.0953420455251
23.1250084376159
23.1456819983327
23.1589650763752
23.1715970600393
23.1798809241994
23.1892280926779
23.2080517253021
23.2367509715278
23.2747853164169
23.3250815706399
23.3907403771218
23.4643878953893
23.5493681500802
23.6436875830923
23.744358339038
23.82689300907
23.8829566957338
23.9062036929802
23.8990144416778
999.99
999.99
999.99
999.99
999.99
999.99
999.99
999.99
999.99
999.99
999.99
21.8655194503522
21.8186869913162
21.9211641984122
21.9986349600267
22.0966803706647
22.199255172159
22.3059161218785
22.4089822251907
22.5000157053368
22.5767981596245
22.6377496987596
22.6845341423755
22.7223191330045
22.758385846708
22.7979787954005
22.8440197719595
22.897358489991
22.9566689410944
23.0140741049359
23.0664316201283
23.1115926009054
23.1469424834668
23.1739526173968
23.1948460439765
23.2095282239163
23.2240938933976
23.2445617369299
23.2711290151704
23.3072186277549
23.3512971098394
23.4067588252875
23.4726660627875
23.5513810345445
23.641713626035
23.7391572696053
23.8196879118901
23.8732514519531
23.8957148359842
23.8881667579461
999.99
999.99
999.99
999.99
999.99
999.99
999.99
999.99
999.99
999.99
999.99
21.7267905536198
21.7814268218083
21.8771537548574
21.9523343349245
22.0492762431496
22.1555361094147
22.2670838562174
22.3740563928316
22.4700909473537
22.5490168814771
22.607633505433
22.6486025667942
22.678462438
22.7048154260749
22.7363523482698
22.7763345538759
22.8277954612754
22.8900566773305
22.9565721610597
23.0207390918496
23.0807357632539
23.1309790385769
23.1729454261574
23.2036505904024
23.2275848652149
23.2505397973724
23.276310303407
23.3037790760098
23.3402398078183
23.3805184838007
23.4271270241583
23.4853739220511
23.5575241260362
23.6430254191988
23.7353717754039
23.8127252382528
23.8636348648402
23.8854441764933
23.8787437935217
999.99
999.99
999.99
999.99
999.99
999.99
999.99
999.99
999.99
999.99
999.99
21.6859264546913
21.7419110864906
21.8315305469079
21.9096736198487
22.0034659372863
22.1106363317556
22.2243583942186
22.3331594369553
22.4325693040107
22.5136165363903
22.5705033006702
22.6062081129972
22.6281179208565
22.6447019107833
22.6674451207264
22.6999566695862
22.7474797003049
22.8104996899246
22.8837747115328
22.9579883172458
23.0320609457857
23.0979276795028
23.1567199007845
23.2006116790698
23.2373793082791
23.2721357986756
23.3062780834621
23.337109351549
23.3760785647361
23.4153892720227
23.4559090118427
23.5089071403224
23.577308968312
23.658096199702
23.7437202237313
23.8160337383941
23.8628622621771
23.8815544586465
23.8747760626554
999.99
999.99
999.99
999.99
999.99
999.99
999.99
999.99
999.99
999.99
999.99
21.6568696195404
21.702080410708
21.7877276441012
21.8703563049094
21.9617557062699
22.0686121866885
22.1834050735462
22.2925913470527
22.3941281116444
22.4771351345424
22.5334991215691
22.5645041529401
22.57912749864
22.5861974641185
22.5988633408289
22.6214333209125
22.6621149303408
22.7223017277604
22.7984013035562
22.8795479942521
22.965598765728
23.0467276772142
23.12347530423
23.1837842739672
23.2370482028005
23.2868592668024
23.3319646986822
23.3681281622798
23.4104581002284
23.4497854521656
23.4856018833552
23.5343868988944
23.5998105410823
23.6756031040949
23.7544000910623
23.8220885338643
23.8651610643096
23.8810969280983
23.8749623089136
999.99
999.99
999.99
999.99
999.99
999.99
999.99
999.99
999.99
999.99
999.99
21.5895637937363
21.6627684129418
21.7469975269764
21.8325490351479
21.9229681375829
22.0290509043057
22.1439209884771
22.2532370874405
22.3567802522789
22.4424196065476
22.4999017149172
22.5278244826845
22.5362856420854
22.5342122028488
22.535931288008
22.546710556532
22.5775666633805
22.6312754473234
22.7062643944754
22.7904897305318
22.8854535879009
22.9805669079848
23.0748795113719
23.1534752816273
23.226172657172
23.2934974503958
23.3521615657689
23.3964995024544
23.4430521583715
23.4827552104593
23.5152709500084
23.5596908367149
23.6211857153409
23.6916344202952
23.7643208055387
23.8276808605504
23.8685013140772
23.8830203341904
23.8783987262021
999.99
999.99
999.99
999.99
999.99
999.99
999.99
999.99
999.99
999.99
999.99
21.5315697316621
21.6131859953898
21.6984173255636
21.7902150418564
21.8828908481704
21.9907623010058
22.1078442832533
22.2192729342591
22.3253693040054
22.414203656746
22.4734320611216
22.4995354414616
22.5032044720643
22.492919948481
22.483649683082
22.4819407325393
22.5010790300992
22.545610327628
22.6168899075507
22.7020373329941
22.8042564065597
22.9120414911484
23.0227870218642
23.1196022743312
23.2119660087894
23.2964477432617
23.3690099021836
23.4229107475512
23.4738959652969
23.5142728355102
23.5453800711921
23.5869891880718
23.6449380500837
23.7105800000657
23.7780231279069
23.8369187984816
23.8760487505739
23.8903866187798
23.8883797008599
999.99
999.99
999.99
999.99
999.99
999.99
999.99
999.99
999.99
999.99
999.99
21.4511998783253
21.5479963653432
21.6378994445373
21.7404239780771
21.8386185144801
21.9515417500561
22.0737986562288
22.1893082146945
22.298479207094
22.3908166282865
22.4521476624603
22.4777941319041
22.4787148539344
22.4624411095766
22.443322533456
22.4296334844687
22.4364046330288
22.470096357973
22.5351358402716
22.6194538014289
22.7274963782172
22.8468958864785
22.9730621707636
23.088215246286
23.2001800649481
23.3009901498516
23.3867652286703
23.450533561642
23.5052917344301
23.5447841269305
23.5742355594411
23.6119662750109
23.6640836183665
23.7233641227647
23.7856056103105
23.8405398987224
23.8794057021638
23.8969199178163
23.9005386580522
999.99
999.99
999.99
999.99
999.99
999.99
999.99
999.99
999.99
999.99
999.99
21.346253968254
21.4744348695532
21.5729293589548
21.6798885986994
21.7843180923947
21.9031385480606
22.031274455964
22.1522736647325
22.2657345370027
22.3627489612756
22.4279490078432
22.4560464278292
22.45702226285
22.4376682968556
22.4112590880848
22.3876374999228
22.3830379577452
22.4060914672053
22.4641415242882
22.5462353589455
22.6582254331621
22.7872642941591
22.9266697294701
23.0582253925001
23.1882494140163
23.3038415556961
23.4018021047305
23.4756338204862
23.5338396346829
23.5718441839158
23.5994406472754
23.6317305277844
23.6749795732999
23.7263857078903
23.7830318893393
23.8345310634947
23.8752341960098
23.899399116233
23.9120957725908
999.99
999.99
999.99
999.99
999.99
999.99
999.99
999.99
999.99
999.99
999.99
21.2102197485055
21.3980533081045
21.4971933067568
21.6081746405437
21.7187599900134
21.8432070350191
21.9767339198597
22.1042184806409
22.2231518309085
22.3263193894921
22.397713080018
22.4317163055185
22.4357051814213
22.4164083933723
22.3860437934091
22.3556980598506
22.3422268925931
22.3562507902793
22.4077612508533
22.4869201644027
22.601035061524
22.737171684217
22.8870989204181
23.0318647713424
23.1769146583585
23.3049745635195
23.4138514564697
23.4977906142915
23.5609426958791
23.5993255344418
23.6266113954604
23.6541078720823
23.6878342116367
23.7301471150771
23.7802925637787
23.8275695470617
23.8701804099819
23.9017102819015
23.9250091450543
999.99
999.99
999.99
999.99
999.99
999.99
999.99
999.99
999.99
999.99
999.99
21.2524777239795
21.3171147514229
21.4135364184125
21.5240651361491
21.6397609866067
21.7689087472783
21.9077309452572
22.0425085236145
22.1679772079007
22.2786054971671
22.3586189510824
22.4015473332788
22.4116309971177
22.3959813633493
22.3657366031561
22.3325289650319
22.3136420034304
22.3209490037178
22.3664067635274
22.441721022529
22.5555169869122
22.6953573982821
22.8530193786424
23.0083945677504
23.165955996649
23.3051958572664
23.4240977030074
23.5170665341201
23.5856084084385
23.6256809671903
23.6533473855577
23.6775204710843
23.703325814584
23.7370376997388
23.7803085127738
23.8234280554777
23.8670213049229
23.9054480331809
23.9392750619356
999.99
999.99
999.99
999.99
999.99
999.99
999.99
999.99
999.99
999.99
999.99
21.1461948227924
21.2297633673321
21.3264118044676
21.4346491023596
21.5526050061289
21.6836766847363
21.8251712887307
21.9649343511039
22.096277576736
22.2149027897854
22.3056262681368
22.3602864267207
22.3799905357625
22.3717203781126
22.3453845221439
22.3127739031685
22.291348948011
22.2932778782601
22.3321185169088
22.4015361634775
22.5112492695434
22.6513175347071
22.8145427660651
22.9795104778387
23.1489592118068
23.3006880985053
23.4303144144328
23.5322346139318
23.6069676079309
23.6502523255624
23.678291316507
23.699613595532
23.7185275474054
23.7436013534966
23.7789983402289
23.8178483463293
23.8612398108648
23.9048252871749
23.947808717524
999.99
999.99
999.99
999.99
999.99
999.99
999.99
999.99
999.99
999.99
999.99
21.1055706334482
21.1499612765865
21.2427952706092
21.3436839949945
21.4610227163942
21.5907251062249
21.7314807912364
21.8737414587036
22.0104140424042
22.1372891543234
22.240590277848
22.3099242156451
22.3426015396059
22.3451534733924
22.3262087687724
22.2970665623182
22.2751603472729
22.2724741275473
22.3037113161858
22.365370106985
22.4674583024643
22.6037463005945
22.7691864176968
22.941176028878
23.1200590189216
23.2842818696769
23.4253580926933
23.5369795155645
23.6196837505852
23.6688237233678
23.6984270827671
23.7183318095184
23.7322598901951
23.7501430742586
23.7781789269737
23.8127842349292
23.8545717126587
23.9002791083834
23.9488785127052
999.99
999.99
999.99
999.99
999.99
999.99
999.99
999.99
999.99
999.99
999.99
20.9879247276146
21.0757293257567
21.1562454493188
21.2568052250284
21.3728425797805
21.5000596534132
21.6385922581432
21.7821957243395
21.9236812641984
22.0581466847804
22.1742069583051
22.2587176071279
22.3054698854416
22.319996717235
22.3102325709779
22.2862989263399
22.2655936240063
22.2590165752214
22.2822422430281
22.334300078923
22.425507479959
22.5534116014202
22.716077127983
22.8905115738457
23.0751385147284
23.2496071627916
23.4017721222374
23.5237901659655
23.61651656106
23.6741049286637
23.7078237172047
23.7290094094068
23.7408525191183
23.7539816579589
23.7764989515071
23.8074829993254
23.8462034495135
23.8917244977155
23.9425079904947
999.99
999.99
999.99
999.99
999.99
999.99
999.99
999.99
999.99
999.99
999.99
20.9308984156433
21.0028565155925
21.0761567589968
21.1752145963028
21.2889188297169
21.413468176026
21.5500148290417
21.694960798691
21.841021574747
21.9823504397296
22.1100097837871
22.2085892735868
22.2689461530436
22.2952661432443
22.2953331453866
22.2777074063273
22.2594307828017
22.2499571235892
22.2654044130927
22.3065868133074
22.3844852609414
22.4998194099752
22.6544486046898
22.8269222520687
23.0140574553472
23.1965517214578
23.3596508044057
23.4932787148443
23.5972724527804
23.665020161796
23.7051076526222
23.7298635148424
23.7423880736681
23.7537405073968
23.7728121584127
23.8013268411358
23.8364196530922
23.8798797928512
23.9298764873329
999.99
999.99
999.99
999.99
999.99
999.99
999.99
999.99
999.99
999.99
999.99
20.8053011498761
20.9319358675666
21.0044066412471
21.1023013621723
21.2134735664073
21.3361029685766
21.470442866054
21.6154289435194
21.7643805533882
21.9105439309317
22.0467378626685
22.1574228090629
22.2304440769043
22.2680288888596
22.2777974019952
22.2669230944567
22.2512698464889
22.2396966294469
22.2480346231519
22.2782061478494
22.3417396561951
22.4423018878987
22.5844983462714
22.7507685629235
22.9369786030737
23.1251915983058
23.2986718540655
23.4454013794182
23.5623565145275
23.6425416321713
23.6916097462337
23.7219129098692
23.7373125350589
23.7493201409095
23.7667467094121
23.7933028273244
23.8244562309888
23.8639549270015
23.9102515411153
999.99
999.99
999.99
999.99
999.99
999.99
999.99
999.99
999.99
999.99
999.99
20.7457395382395
20.8735424321627
20.9415578561503
21.0356226630974
21.1449758233012
21.2667832008008
21.3990113415202
21.5434760877623
21.6934754572305
21.8415894457004
21.9829052115152
22.1036292044915
22.1888584240308
22.2383091793103
22.2591241503392
22.2565100914094
22.2446480022228
22.2319884325917
22.2338961492585
22.2528348238043
22.3010244180168
22.3847905799033
22.5107022459651
22.6664191261846
22.8486206881805
23.0402361689435
23.2232593883612
23.3839408497212
23.5154369881586
23.6093435304608
23.6692137708916
23.7062621077724
23.7257439173528
23.7402035662761
23.7579891677631
23.7834668891792
23.8115757093097
23.8468041680706
23.8872767500064
999.99
999.99
999.99
999.99
999.99
999.99
999.99
999.99
999.99
999.99
999.99
20.7396811243344
20.8175035778345
20.881806192791
20.9764411643395
21.0848025165158
21.2069133333705
21.3375173311611
21.480644647974
21.6300186518801
21.7778464954707
21.921104532616
22.0491576362314
22.1459852252109
22.2073308294284
22.2400253679794
22.2472042682225
22.240315675403
22.2271676685434
22.2235334152267
22.2308821256664
22.2627880185926
22.3290253199885
22.4365923894124
22.5788217192309
22.7552778443753
22.9489582513533
23.1401450135188
23.3147047573372
23.4612915820907
23.5695274050515
23.6412988426892
23.6862895372858
23.7112382378751
23.7292617651619
23.7478359759982
23.771700492602
23.7967859848088
23.8270388324319
23.8606701700483
999.99
999.99
999.99
999.99
999.99
999.99
999.99
999.99
999.99
999.99
999.99
20.7264651215993
20.7709754796296
20.8347490897668
20.9249222836934
21.0310399421353
21.1530371007367
21.2815102137894
21.4218281766634
21.5688918190691
21.7152158620269
21.8581275463686
21.991756577047
22.0997571134842
22.1737481522063
22.2192773507442
22.2376608813266
22.2363762313851
22.2230890175423
22.2139435371773
22.2099987884498
22.2251763229435
22.2743452234526
22.363841206516
22.4925552569815
22.6624889400909
22.8590917259223
23.0581193903536
23.2461683790983
23.4073263428752
23.5300294785364
23.6131146797612
23.6662216121749
23.6975858432036
23.7200607774152
23.7395643225428
23.7616352119388
23.7839525765626
23.8081222045996
23.8337411482488
999.99
999.99
999.99
999.99
999.99
999.99
999.99
999.99
999.99
999.99
999.99
20.6074350649351
20.7325626246832
20.7956499877313
20.8848605374227
20.9872411120195
21.1075153368669
21.2312082638953
21.3652230336938
21.5067272683255
21.649271930567
21.789620986537
21.9277775351109
22.0472899898403
22.1355379190156
22.1955412936184
22.2270419408514
22.2322330195025
22.2190382096539
22.2042268375878
22.1895673012025
22.187861570487
22.2209517919222
22.2938847029351
22.4099291632609
22.5728707080776
22.7730234632558
22.9794909922306
23.1797938441713
23.3545051549361
23.4914901806919
23.585303355273
23.6461483789774
23.6837871690001
23.7105741813677
23.7302054800388
23.7489984945282
23.7676719463626
23.7850939467923
23.8019824247962
999.99
999.99
999.99
999.99
999.99
999.99
999.99
999.99
999.99
999.99
999.99
20.6378138905229
20.713241861081
20.7698718798055
20.8586216547127
20.9558409783422
21.0716628460386
21.1877682561148
21.3128562677889
21.4464372224049
21.5837890031934
21.7208272628056
21.8625327202873
21.9928830856271
22.0956415239235
22.1705187407722
22.2162347650026
22.2292213886346
22.2167348208804
22.1964894064897
22.1718579737927
22.1539194661357
22.1715331516499
22.2293284138253
22.3330473049754
22.4883215565511
22.6902896148289
22.9024621598658
23.1127382540655
23.2998231675145
23.4504704662219
23.555528621521
23.6247357537264
23.6691470802721
23.70009529511
23.7193619614898
23.7341798400692
23.7494246545897
23.7611748522946
23.7712567292195
999.99
999.99
999.99
999.99
999.99
999.99
999.99
999.99
999.99
999.99
999.99
20.536194629219
20.7103417113722
20.7570002259958
20.8481278203224
20.9386746787041
21.0471566949307
21.1532127876931
21.267709856749
21.3923651121482
21.5246996992108
21.6588961239151
21.8035288303389
21.9420004229023
22.0567809605824
22.1438229282491
22.2018770073431
22.2219594822437
22.2111959542664
22.1870061563262
22.1548781087034
22.1238962773271
22.1279301696467
22.1719234735944
22.2634231731981
22.4093381231998
22.6093906762988
22.8245822092972
23.0425223648343
23.2403015802331
23.4040953409362
23.5216439100707
23.6008178758938
23.6531602078338
23.6886685859303
23.7074807051675
23.718129676834
23.7296461533751
23.7369189631279
23.7430760333476
999.99
999.99
999.99
999.99
999.99
999.99
999.99
999.99
999.99
999.99
999.99
20.5743008079803
20.7039562485046
20.7433978891487
20.8279673106683
20.9135106171762
21.0148838218267
21.1107871826304
21.2136278476539
21.3264817852472
21.4514550201574
21.5830379594196
21.7319369267321
21.8791074094011
22.0084372317326
22.1115794770147
22.1854297769988
22.2165489635522
22.2130067457344
22.1899652955411
22.1557261720024
22.1180238301033
22.1128746614377
22.1459095505914
22.2252356610512
22.356913557924
22.5451343603615
22.7517076587853
22.9636292559683
23.15864120108
23.324615301476
23.4473812317085
23.5323241051953
23.5904979597709
23.6298286786015
23.6486790040843
23.6561008642912
23.6639461919691
23.6673598035815
23.6718282689285
999.99
999.99
999.99
999.99
999.99
999.99
999.99
999.99
999.99
999.99
999.99
20.5536327988697
20.6936338394504
20.7259144077161
20.8027948228996
20.8869173916809
20.9828370046535
21.0693576251729
21.1585932206083
21.2552692050875
21.3681663121113
21.4952712195403
21.6480251344197
21.8052663549247
21.9524072249209
22.0761508283177
22.1691845535548
22.215446222304
22.2237091882743
22.2065404338068
22.1751883586527
22.1379862734744
22.1288362058293
22.1538023885606
22.2205508680312
22.3334140909034
22.4984557712489
22.6833524485526
22.8753843894341
23.0546193779159
23.2119486559828
23.3337082232151
23.4214327076573
23.4838045130596
23.5264879498244
23.546074175231
23.5509897948283
23.5549258526007
23.5558831811783
23.5613166630808
999.99
999.99
999.99
999.99
999.99
999.99
999.99
999.99
999.99
999.99
999.99
20.6505059856907
20.6672959640272
20.6931333536875
20.7779233276746
20.8646160861497
20.9577566990174
21.0371623790679
21.1121964290095
21.188854645937
21.2850997726219
21.4055692331954
21.5609106550905
21.72889170629
21.8966392063874
22.0444017407122
22.1583288825135
22.222234338208
22.245554356476
22.2376244847881
22.2129140566092
22.1827384670424
22.1748576995681
22.1944156533418
22.2483879699172
22.3385003843888
22.4698630839619
22.6195710400906
22.7778946614792
22.9282895162932
23.0661482246604
23.1804918105093
23.269624059506
23.3370962861789
23.3848508363918
23.4082057787043
23.4137576380537
23.4146011138966
23.4134676509954
23.4220832084522
999.99
999.99
999.99
999.99
999.99
999.99
999.99
999.99
999.99
999.99
999.99
20.7397032872277
20.6446108225591
20.665403254706
20.7555001691406
20.8482911752414
20.9420822773358
21.0167696098104
21.0769389429466
21.1302019859762
21.2055354209036
21.3171710347007
21.4743592988079
21.6549462847033
21.846516510614
22.0216029734491
22.1577237727492
22.2407006540454
22.2807362176871
22.2844737493374
22.2696241736978
22.2516599676137
22.2496710442403
22.2663337801791
22.3078552707644
22.3717000281199
22.4617517990162
22.5651106858705
22.6777554869511
22.7870777017482
22.8956246926528
22.9948373519083
23.0823464969214
23.1541992043763
23.2082777768299
23.2378166101285
23.2470614494867
23.2458304928039
23.2426534819601
23.2547662050443
999.99
999.99
999.99
999.99
999.99
999.99
999.99
999.99
999.99
999.99
999.99
20.307936026936
20.6427336051673
20.6492785234995
20.7335567647432
20.8349859923543
20.932885751063
21.0059138743667
21.0513998794609
21.0791704431459
21.1305721687732
21.2316455056904
21.3901153342618
21.5858168881019
21.8047389009525
22.0106296426418
22.1710624290115
22.2748304428845
22.3323865379194
22.3491527217809
22.3461321700402
22.3433890141541
22.3512419771272
22.3685712131167
22.399337245084
22.4356515638241
22.479982015807
22.5278423208813
22.583088595077
22.6393325406432
22.7081183609756
22.7832893605871
22.8644868427913
22.939173523528
23.0005146313696
23.0385965127016
23.0545441972243
23.0532975349097
23.0489870764523
23.0647844267892
999.99
999.99
999.99
999.99
999.99
999.99
999.99
999.99
999.99
999.99
999.99
20.4734568046484
20.6884316226476
20.6775604001401
20.7634567854835
20.8696715784063
20.9690883226451
21.0391799852971
21.0706642602967
21.0765432284819
21.1067249928775
21.1960866009355
21.3514496462364
21.5571702403212
21.7939456072951
22.0182156396297
22.1918102500834
22.3074266208861
22.3741285360444
22.3988998865697
22.4049154076353
22.4154276161475
22.4317958868808
22.4498885870659
22.4718343408011
22.4861447701907
22.4931175952295
22.4962202615664
22.5064173764565
22.522377515773
22.5623486967957
22.6224392459696
22.7039399142726
22.786307391282
22.8587672684449
22.9093014871865
22.935844750157
22.9390240409578
22.9379126974125
22.9590660266042
999.99
999.99
999.99
999.99
999.99
999.99
999.99
999.99
999.99
999.99
999.99
20.7735325027277
20.7735754200683
20.7487229643922
20.8361597943745
20.9422637996169
21.0392142523922
21.1039071556286
21.1232688928254
21.1129753839694
21.1280118957741
21.2077213736851
21.358668257461
21.5689355874953
21.8123372129431
22.040965619118
22.2165332576161
22.3349029131306
22.4036350623286
22.4329134394082
22.4460842895375
22.4665573783349
22.4888939544052
22.5070271689022
22.5215994447143
22.519854112357
22.5002831147406
22.4719813750714
22.4512663467474
22.4408550079618
22.4624964887608
22.5146861812712
22.5999660807149
22.6919369639384
22.7766443975779
22.8417548329876
22.88152143456
22.8933632559999
22.8989725776859
22.926673022007
999.99
999.99
999.99
999.99
999.99
999.99
999.99
999.99
999.99
999.99
999.99
20.8639397056679
20.9038687650958
20.8730360539833
20.9439827332908
21.0454659742968
21.1350082350661
21.190721244958
21.1996294028374
21.1795414744465
21.1862006006251
21.2592552089604
21.4052871071304
21.6141927780181
21.8520842274211
22.0717852262315
22.2397049619674
22.3532487103469
22.4188053642313
22.4511781255676
22.4711003460696
22.4987813651712
22.5244778155351
22.5414288959561
22.5492926414649
22.5363079927102
22.500476021589
22.4549990243661
22.4185927859501
22.3966148101932
22.4109865656666
22.4622223649644
22.5518629786996
22.6514618078566
22.746638386056
22.825214753704
22.8781675003588
22.90265402741
22.9201005592812
22.9557777616443
999.99
999.99
999.99
999.99
999.99
999.99
999.99
999.99
999.99
999.99
999.99
21.0876431345142
21.045919072379
21.0204331906287
21.0797675741104
21.1719122751055
21.2484535352932
21.2919032425587
21.2921206822404
21.2685620637086
21.2726718585611
21.3416811143082
21.4819322024774
21.6822204382541
21.9027214475574
22.1027765084728
22.2557644788378
22.359139333216
22.4192445623663
22.45470882548
22.4808632097192
22.513011118189
22.5396826099683
22.5543039252629
22.5562244352521
22.5371404804762
22.4948420731798
22.4450555974881
22.4067958595707
22.3867506566538
22.4032645764203
22.4596940210118
22.5545680241526
22.6606005851902
22.7642540252205
22.8549653306263
22.9206214253851
22.9601595394503
22.9924602272079
23.0372781299211
999.99
999.99
999.99
999.99
999.99
999.99
999.99
999.99
999.99
999.99
999.99
21.2035074253402
21.1872488448648
21.1846375511169
21.2464458584049
21.325773897739
21.3843988604975
21.4117080171055
21.4032724225363
21.3794218074557
21.383387458378
21.4479497200269
21.5791400417864
21.763400338332
21.9563924385303
22.1291450863089
22.2629273855636
22.3537984463906
22.4081653976942
22.4474136454266
22.4792430839619
22.5129473446286
22.5374940873624
22.5473257790984
22.542936576081
22.5209222423941
22.4801965171878
22.4373281102513
22.4101840143958
22.4053164567165
22.4343831123017
22.5024442965725
22.6045333728806
22.7164807110266
22.8256431039501
22.9252335328852
23.0014090718393
23.0558402568174
23.1032802081649
23.1575312872545
999.99
999.99
999.99
999.99
999.99
999.99
999.99
999.99
999.99
999.99
999.99
21.3071580865901
21.3344441019265
21.352185295517
21.4154377395297
21.4818940105284
21.5215731894689
21.5312126339244
21.512921537173
21.4855167592407
21.4857449682932
21.5431044299065
21.6630490355568
21.8282052467117
21.9948552623176
22.1451383794554
22.26566122933
22.3491604279235
22.4032739592521
22.4489793294632
22.4867083046882
22.5203291519891
22.5423130609872
22.5467817503966
22.5358392867021
22.5110851699272
22.4735563046815
22.4382285001453
22.4228518150679
22.4337828546718
22.4750235797658
22.5518425909361
22.6569882676588
22.7699002344011
22.87880522549
22.9812791414312
23.0638180060408
23.1303952140593
23.19107570701
23.2546589476152
999.99
999.99
999.99
999.99
999.99
999.99
999.99
999.99
999.99
999.99
999.99
21.346518624104
21.4775854277253
21.5151329038352
21.5831340211492
21.6372845277335
21.6585112784761
21.6507363987066
21.6210863034622
21.5857255645909
21.5763735410759
21.6225166678888
21.7275978778466
21.8720809654433
22.0171712095279
22.1534489994524
22.2685393719772
22.3513030401931
22.410342190981
22.4635326849991
22.5058011321444
22.5377927590824
22.5570527870332
22.5565525752961
22.5402705754657
22.5134071007805
22.4789786188445
22.4500249193136
22.4447973305683
22.4694093462604
22.5216728603464
22.6054707512341
22.7118483875116
22.8233742308254
22.9288506091234
23.0296065811128
23.1149124643976
23.1901257008926
23.2614692910245
23.3338031486068
999.99
999.99
999.99
999.99
999.99
999.99
999.99
999.99
999.99
999.99
999.99
21.4855156325156
21.6272304963742
21.673258196839
21.7348270536832
21.7771471657418
21.7830914329362
21.761273610884
21.7208423850173
21.6752537581554
21.6528444687311
21.6846265557302
21.7725429942053
21.897891450474
22.0296701316796
22.1618372012593
22.2797524498577
22.3687223326329
22.4362343717232
22.4951489464818
22.538703915714
22.566938563984
22.5824019633531
22.5779735136534
22.5585991571157
22.5312619194889
22.5002393990257
22.4765278313609
22.4785526393337
22.5131573303034
22.5738560321982
22.6619668409983
22.7684882493926
22.8783440930388
22.9794256622877
23.0760843836096
23.1622330584501
23.2425140503796
23.3204221289283
23.3994623910849
999.99
999.99
999.99
999.99
999.99
999.99
999.99
999.99
999.99
999.99
999.99
21.6327633310038
21.7655983993743
21.8069743568395
21.86278085045
21.8944560881281
21.8896937033661
21.8584104796186
21.809184393081
21.7522398103128
21.716620944793
21.7333355602967
21.8041821750617
21.9152055843638
22.0432968808531
22.1789799167546
22.305634006712
22.4050514484989
22.4812285227679
22.5423872068818
22.5843450158165
22.6072311833921
22.618306423804
22.6114157327166
22.591452404055
22.5649132208395
22.5371997344646
22.518023208167
22.5248326669476
22.565660902915
22.6324889021736
22.7229972701889
22.8285791821712
22.9363057180244
23.0327820606413
23.1236102226421
23.2087776920809
23.2911206173717
23.3722848445507
23.455521255914
999.99
999.99
999.99
999.99
999.99
999.99
999.99
999.99
999.99
999.99
999.99
21.9629020686373
21.8743243886624
21.9061666958684
21.9529651523143
21.9763962153505
21.9665556832476
21.9317404034196
21.8774056348609
21.8115380429093
21.7660861390372
21.7708888184614
21.8286438274453
21.9318467034518
22.0647830446044
22.2095411455327
22.3477134152043
22.4582572928215
22.5409312729025
22.6000042818512
22.6369637580138
22.6534152103618
22.660565818815
22.6537263752412
22.6364221894305
22.6136577775711
22.5901351144977
22.5757614230623
22.5855590483277
22.6289653664281
22.6984166408037
22.7893505434848
22.8918563986664
22.9962387258786
23.0885006008368
23.1738019715046
23.2575499971766
23.3410299430406
23.4239865065547
23.5093731128697
999.99
999.99
999.99
999.99
999.99
999.99
999.99
999.99
999.99
999.99
999.99
21.9617021723552
21.9457798523284
21.9697824918399
22.0005486422767
22.0202896671778
22.0117181506605
21.980478750556
21.9269992493677
21.8586886388874
21.8104235059401
21.809494343325
21.8594549838849
21.9602212543472
22.101612615137
22.2563074245759
22.4052155432377
22.5259245778394
22.612804726705
22.6676044479584
22.6982880994133
22.7082565456194
22.711051956454
22.7058549043375
22.6937227786627
22.677221881091
22.6593853603082
22.6511065708083
22.6624687547399
22.7043117704586
22.7720027522726
22.8600090798215
22.9569142733285
23.0572303781991
23.1471704182632
23.2291900794984
23.3126623981494
23.3974686186885
23.480971235053
23.5652371384633
999.99
999.99
999.99
999.99
999.99
999.99
999.99
999.99
999.99
999.99
999.99
21.9330822175631
21.9704106503639
21.9891655701995
22.0132132737703
22.0330172989129
22.0304892230741
22.0083055539588
21.9618176076717
21.8985769009334
21.8558193276294
21.8554898534019
21.9034476497786
22.005624240283
22.1554310266347
22.317447567063
22.4739040784384
22.6013092786225
22.6892825105214
22.738356952809
22.7622130895944
22.7659734498428
22.7644378729162
22.7615843817172
22.7555605433701
22.7466402291543
22.7357318296455
22.7343831801407
22.7466149675112
22.7842755712031
22.8464629946926
22.9283319196978
23.0172234535662
23.1126428163944
23.2023417728884
23.2844684813627
23.3701830605963
23.4578085389998
23.5414256820008
23.6213600885079
999.99
999.99
999.99
999.99
999.99
999.99
999.99
999.99
999.99
999.99
999.99
22.0884476445701
21.9494008873188
21.9763171446647
22.0103885205001
22.0334925938136
22.0387489595862
22.0272747820773
21.9906549043865
21.9372700050782
21.9054775304193
21.9111977514554
21.9619169210196
22.0667969961572
22.2207971537863
22.3844703169977
22.5430193583732
22.6716728847612
22.7578666411429
22.8022071507465
22.8205501868625
22.8188140299557
22.8139964769349
22.8137388611224
22.8134637380534
22.8124408770783
22.8093841522109
22.8150431650347
22.8283416839112
22.8613999040782
22.9165415847342
22.9912742675176
23.0722404065679
23.1629381522452
23.2538310946158
23.3390667455166
23.4290859328205
23.5201368603388
23.6034681319492
23.6770560069088
999.99
999.99
999.99
999.99
999.99
999.99
999.99
999.99
999.99
999.99
999.99
21.8692536280341
21.9280474025452
21.9602962008754
22.0045280238369
22.0344568179381
22.0487601706311
22.0484902598869
22.0237807346477
21.9839947258487
21.9655473474192
21.9795675123005
22.0342658553004
22.1394578996618
22.2911350824689
22.4513404794814
22.6073443225206
22.733434199985
22.8165992064242
22.8580602769157
22.8715792413566
22.8649208342788
22.8573919157534
22.8596182621721
22.8639435222585
22.8711127794322
22.8767008595381
22.889152313103
22.9034940995404
22.9325358577625
22.9798134862688
23.046569323041
23.1200289731922
23.206189541863
23.2988513905628
23.3895844519277
23.4853667095274
23.5801731499546
23.6635402705817
23.7299539679619
999.99
999.99
999.99
999.99
999.99
999.99
999.99
999.99
999.99
999.99
999.99
21.7344261563704
21.9177786692026
21.9572907664137
22.0099592551896
22.0480407836859
22.0706049878006
22.0806290688973
22.069307239956
22.045400476498
22.0409185494148
22.063873483756
22.1219522855081
22.223478165516
22.3661155855545
22.5172783807956
22.6664321385483
22.7873543008807
22.8674599386633
22.9084747274149
22.9194627284607
22.9090892006301
22.898297347555
22.9008101577855
22.9069222449362
22.9199888839807
22.932886575147
22.9516508316225
22.968089967525
22.9948264286191
23.0353187490729
23.0950216790584
23.1625430014009
23.2449071361093
23.3394714297862
23.4364627888401
23.5375904212837
23.6348814862184
23.7174824044123
23.7759894901716
999.99
999.99
999.99
999.99
999.99
999.99
999.99
999.99
999.99
999.99
999.99
21.7371322751323
21.9085136087397
21.9643497615723
22.0326285806193
22.0760217828748
22.1034025527887
22.1199512001925
22.1208435428614
22.1131995311406
22.1225743591121
22.154607741617
22.2164490615421
22.31256935361
22.4424378891881
22.5814218438296
22.7205839102341
22.8332276317365
22.9091159050196
22.9500691478756
22.9593508959818
22.9465022198575
22.9335936537552
22.9352403800924
22.941132874771
22.9576922516619
22.9750385030001
22.9977600930313
23.0164837904416
23.0429198456577
23.0786551729881
23.1341785727344
23.1985578521506
23.2785422808854
23.3740461114754
23.4766813315149
23.5819106119168
23.6798496610109
23.7607893185698
23.8126300720223
999.99
999.99
999.99
999.99
999.99
999.99
999.99
999.99
999.99
999.99
999.99
21.8055857898715
21.9242748873889
21.9917510517086
22.0659693646328
22.113062051697
22.1435021256582
22.1641705185967
22.1759855903647
22.1842067283596
22.2071113896846
22.2483050528194
22.3137997217752
22.4033883481821
22.5185763855991
22.6432172535034
22.7697427467245
22.8724404919752
22.9437053028293
22.9846331947744
22.9932823333221
22.9795174996518
22.9653337778387
22.9649469002905
22.9689598130234
22.9863521527583
23.0053916721928
23.0300342922523
23.0516848421214
23.080351700673
23.1153199238266
23.1706038195939
23.2354333377943
23.3150314818237
23.4106741748874
23.5165206014106
23.6235753855035
23.7200274724142
23.7979986191229
23.8441716475964
999.99
999.99
999.99
999.99
999.99
999.99
999.99
999.99
999.99
999.99
999.99
21.8255723101263
21.9524832590581
22.0221229110484
22.0981474795313
22.1488543891988
22.1829124631468
22.2081476401446
22.2315023980505
22.2556316416127
22.2917000470435
22.3416520212418
22.4098501826092
22.4922185465097
22.5930162615476
22.7036032487476
22.8169578191968
22.9103357029918
22.97778906258
23.0187185066326
23.0276179681601
23.0147528929608
22.9999562619002
22.9962891662897
22.9967708042026
23.0121790111703
23.0294587965536
23.053713270686
23.0783426777924
23.1106029371746
23.1476784434181
23.2059453134699
23.2733067099668
23.3532952175332
23.4479024830378
23.554068409382
23.6597192638326
23.7526497584533
23.8265025768379
23.8677827318173
999.99
999.99
999.99
999.99
999.99
999.99
999.99
999.99
999.99
999.99
999.99
21.8803985080605
21.9651919141332
22.0439863815711
22.1212520925331
22.1758179107551
22.2147624546752
22.2462589066936
22.2815067711742
22.3206014519913
22.3688454405921
22.4273715398726
22.4980844634619
22.5743258163597
22.66256728693
22.7597972992001
22.859591706711
22.94390724352
23.0081552165679
23.0493799467742
23.0602102160708
23.0502968428831
23.0356910103926
23.0276718554129
23.0235038508905
23.03470567598
23.0477422627805
23.0705057408933
23.0984984094243
23.1352283465255
23.1767203668046
23.2408602728905
23.3127201021504
23.3950707756993
23.4889557443357
23.5936835325654
23.695544393266
23.7828854941759
23.8497669136656
23.8857127365254
999.99
999.99
999.99
999.99
999.99
999.99
999.99
999.99
999.99
999.99
999.99
21.8450767287945
21.9557995252328
22.0423684333281
22.1276005758169
22.1870137155125
22.2331709532075
22.2733831198757
22.3208028977038
22.3732731476115
22.432496377642
22.4986862490912
22.5712360860371
22.6425323650361
22.7206363167041
22.8062923605553
22.8931178560022
22.968653313384
23.0298937588488
23.0715166244573
23.0852023260111
23.0803411204636
23.0687724009191
23.0588314482459
23.0517947761725
23.0589715631483
23.0670397567364
23.0863943930294
23.115554491785
23.1549626342871
23.200867283924
23.2707042392922
23.3477823630833
23.4338651373144
23.5282639445163
23.631016290051
23.7299528816219
23.8120623134025
23.8713571872124
23.9018782833371
999.99
999.99
999.99
999.99
999.99
999.99
999.99
999.99
999.99
999.99
999.99
21.8310245896831
21.9287879606257
22.0192788348754
22.1148309570944
22.181991021875
22.2390007512403
22.2914645908952
22.3517448885698
22.4164118298204
22.4846584338209
22.5565550802855
22.6290075538514
22.6955092744844
22.7647133320127
22.8397030062738
22.9142954785915
22.9821563897063
23.0409736642322
23.083752635591
23.1019721549083
23.1041419671626
23.0978133458749
23.088686671181
23.0811175383368
23.085120161584
23.0891693647717
23.1048904877224
23.1338531760841
23.1740389880139
23.2239057216465
23.2977095788373
23.378975694974
23.4684265872731
23.5644544293078
23.6652472090663
23.7618575114557
23.8391825634544
23.8907891929911
23.9143881145002
999.99
999.99
999.99
999.99
999.99
999.99
999.99
999.99
999.99
999.99
999.99
21.6748429458011
21.8839022827203
21.9779385948793
22.0843361642923
22.1605539976154
22.2305283283272
22.2976720363884
22.3708785630468
22.4461174415816
22.5207730574207
22.5958930213688
22.6663539626522
22.7282096402525
22.7895976748819
22.8556432725221
22.9199830235335
22.9815505967711
23.0386343800212
23.0841906653594
23.1088860225671
23.1200029434172
23.1215813340131
23.1170390112051
23.1118368153934
23.1145317095508
23.1164552080674
23.1293900706699
23.1567783063809
23.1955844478031
23.2467060523094
23.3208648579681
23.4029300690851
23.4932009885133
23.5896884582436
23.6887945126312
23.7831468859734
23.8560161156681
23.9010276857227
23.9182160437171
999.99
999.99
999.99
999.99
999.99
999.99
999.99
999.99
999.99
999.99
999.99
21.5794815736593
21.8335379769622
21.9309064276131
22.0429189526002
22.1270603137316
22.2096526244613
22.2914436126736
22.3760796673877
22.4599031646493
22.5389864150179
22.6148557482829
22.6818758485643
22.7392725736945
22.7936786743144
22.8516250890602
22.9073231278573
22.9633425341827
23.0187984194881
23.0679810904599
23.1008834573577
23.1231209411641
23.1356315741828
23.1404329236805
23.1418895019134
23.1465856595073
23.1496862917182
23.1621637990336
23.187063269366
23.2227124692728
23.2722550572739
23.3423090902213
23.4208562160889
23.5094301280373
23.6050731143176
23.7025534238647
23.7951257391355
23.8646260362792
23.9042616148383
23.9159572259083
999.99
999.99
999.99
999.99
999.99
999.99
999.99
999.99
999.99
999.99
999.99
21.5545833949249
21.7847399389294
21.8820813215037
21.9970047362545
22.0864734631894
22.179309136211
22.2735425406667
22.3675175090986
22.4581868387127
22.5405860160041
22.6155135430214
22.678180588935
22.7303382021
22.7777161436914
22.8279361838836
22.8764361209493
22.9278206866488
22.9824298487795
23.0359977512131
23.0788479919004
23.1144736917756
23.1412969318752
23.159978173618
23.1727365604061
23.1822844279798
23.1892818202828
23.2029712173281
23.225314599226
23.2565745770484
23.302867021332
23.364853308084
23.4354107850216
23.5176867135681
23.6094532358783
23.7035548614065
23.7944033073338
23.8621920067722
23.8999283772492
23.90846988686
999.99
999.99
999.99
999.99
999.99
999.99
999.99
999.99
999.99
999.99
999.99
21.5869753416025
21.7456859932472
21.8410167135433
21.9524934080999
22.0442918169691
22.143639500446
22.2465648041658
22.3466025842068
22.4419101983834
22.5265643493706
22.599558347643
22.6576085387179
22.7041288336707
22.7440538423867
22.786219085418
22.8281727526374
22.875554729672
22.9296773546395
22.9880687478951
23.04160623408
23.091134097386
23.1330932902464
23.167293257891
23.1934761859752
23.2100978596102
23.2239287110883
23.2417787105983
23.2639773429547
23.2921232237678
23.3351087450178
23.387966341686
23.4485547048464
23.5218879505538
23.6077694968923
23.6979515608596
23.7855835283098
23.8513528836854
23.8881980594785
23.8948727214645
999.99
999.99
999.99
999.99
999.99
999.99
999.99
999.99
999.99
999.99
999.99
21.5924453645464
21.7181592832791
21.8071271601644
21.9099073407431
22.000549149628
22.1019204522759
22.2095772554964
22.3131857613842
22.4116508050782
22.4986818310157
22.5700873801643
22.6237542798404
22.663961636977
22.6954739384742
22.7287319338157
22.764037284398
22.8073305895551
22.860921933638
22.9242321070938
22.9884466072251
23.0516042645308
23.1089483714517
23.1595173262661
23.2007650103343
23.2273101504388
23.2510012382917
23.2762077059052
23.3010588640559
23.3278656638071
23.3676944033774
23.4121860920967
23.4632271568179
23.5283043801586
23.6089884787775
23.6959148571724
23.779856522626
23.8432574765086
23.8787672930466
23.8840029881198
999.99
999.99
999.99
999.99
999.99
999.99
999.99
999.99
999.99
999.99
999.99
21.5725537187036
21.6956717841417
21.7792443607912
21.8724297030662
21.9607612408659
22.0613263413843
22.1709094100695
22.2761878102358
22.3763949665334
22.4654800890981
22.5355513506246
22.5846177361429
22.6176406022099
22.6398698930691
22.662922207333
22.6905296577978
22.7289673916695
22.7811078296635
22.8478874824797
22.9210487439036
22.996161199947
23.0678002155955
23.1346368145152
23.1922871365334
23.2324123289534
23.269684837579
23.3056837082905
23.3364157565273
23.364257445864
23.4021130139115
23.4396485018829
23.4828623916001
23.5416105071917
23.6185451100821
23.7020282421159
23.7816365381722
23.8420348940006
23.8748215388798
23.8781371207613
999.99
999.99
999.99
999.99
999.99
999.99
999.99
999.99
999.99
999.99
999.99
21.5857183331574
21.6694742848468
21.7491070116811
21.8370765948545
21.9237129178092
22.0228623469968
22.1334581729584
22.2402320822239
22.3418284596689
22.432702900455
22.5021409797715
22.5471264220342
22.5726970676173
22.5852151005566
22.59720190285
22.6153382207192
22.6467664103239
22.6951117930042
22.7625939058452
22.8413087667342
22.925151743318
23.0090781313302
23.0910373683783
23.1656491177834
23.2224663253393
23.276779400064
23.326457842569
23.3664828232925
23.3979133965143
23.4353897018984
23.4679634068751
23.5057297229846
23.5594345966196
23.6331497300572
23.7129894619867
23.7881185966665
23.8447363945598
23.8747937923305
23.8764740412266
999.99
999.99
999.99
999.99
999.99
999.99
999.99
999.99
999.99
999.99
999.99
21.5963321467538
21.6361355569741
21.7138386586368
21.8002026337803
21.8867880366754
21.9854984249986
22.0974114253228
22.2059992623484
22.309457478379
22.4027069844488
22.472621783464
22.514561104904
22.5335470832727
22.5367524437727
22.5371563582626
22.5442329225985
22.5661027123051
22.6073396628907
22.671925211597
22.7521621351125
22.8408641705805
22.9347795835468
23.0306955402158
23.1220112946716
23.1978728890659
23.2720399732959
23.3375272092553
23.3894898406209
23.4272123080736
23.4652183971522
23.4947452805151
23.5294586890722
23.5795897473799
23.6503785036199
23.7270860216299
23.7975156104466
23.8495393896704
23.8765456597848
23.8770909202984
999.99
999.99
999.99
999.99
999.99
999.99
999.99
999.99
999.99
999.99
999.99
21.5343497778515
21.5946730512063
21.6725072220878
21.7560366442939
21.8449333421529
21.9453351490709
22.0599275733837
22.1719286609945
22.2790012215482
22.3761470793269
22.4480475062448
22.4886642453109
22.50288623469
22.4982499498801
22.4876673226052
22.4833416461278
22.493975608839
22.5257460007099
22.5844774782409
22.6635044044788
22.7551666933788
22.8581775961668
22.9672307117848
23.075022291257
23.1708606617105
23.2649388125865
23.3462538153018
23.4111972852762
23.4566939148324
23.4957503043791
23.5235606324992
23.5564254222973
23.6033710110134
23.6705170104228
23.7433935922772
23.8090835886993
23.8568337065267
23.8820185194503
23.8830918502295
999.99
999.99
999.99
999.99
999.99
999.99
999.99
999.99
999.99
999.99
999.99
21.456131658379
21.5360835664627
21.6174524408995
21.7027275688627
21.7969716746385
21.902357618268
22.0220389509095
22.1391304347433
22.2507762043813
22.3521850668329
22.4266330672271
22.467131845022
22.4786924410148
22.4686190974862
22.4486524816347
22.4336783273505
22.4328842973917
22.4544063865937
22.505646842507
22.581732645152
22.6750113214226
22.7858533072929
22.9065118801702
23.0291604128345
23.1437606180672
23.2563312898784
23.352225627408
23.4299951678122
23.4845137858559
23.5259833438416
23.5530318290105
23.5845820642476
23.6269169988131
23.6869758420254
23.752915579078
23.8125825724067
23.8565135517887
23.882652742103
23.8885405341673
999.99
999.99
999.99
999.99
999.99
999.99
999.99
999.99
999.99
999.99
999.99
21.448183604755
21.452227532194
21.5406602539941
21.636115440633
21.7359147888535
21.8478630302597
21.9736406187161
22.0971470675329
22.2154136183967
22.3228094557862
22.4013001553331
22.4443425989466
22.4562690465094
22.443530066945
22.4165688531341
22.3925543073658
22.3808579118044
22.3921654201519
22.4351467185716
22.5076913621575
22.6021068028734
22.7202459508259
22.8516831429028
22.9880960914706
23.1192421204463
23.2482447020387
23.3569932618047
23.4463260013504
23.5098111243665
23.5545216604068
23.5815275278367
23.6116819885191
23.6482066300543
23.6986314611877
23.7560005931122
23.8091598192526
23.8499805365244
23.8796029761994
23.8936958056026
999.99
999.99
999.99
999.99
999.99
999.99
999.99
999.99
999.99
999.99
999.99
21.3303922181832
21.3684209032056
21.4562554652435
21.5581058857418
21.6625340558343
21.7804258488136
21.9113246307535
22.0408676920379
22.1669808996003
22.2824290930675
22.3673579220159
22.416315206822
22.4321920921399
22.4199303671387
22.3889748395106
22.358716077746
22.3383533225524
22.3413039441204
22.3768037267431
22.446227887718
22.5417539842535
22.6662901783481
22.8070956831982
22.9555335590478
23.1001626557844
23.2424084303367
23.3619285460519
23.4613713170107
23.5332940490699
23.5821831809031
23.610176064852
23.6386707143365
23.6688609765885
23.7086260453859
23.7562500235474
23.802985320941
23.8423373609277
23.8769040159908
23.9016808346386
999.99
999.99
999.99
999.99
999.99
999.99
999.99
999.99
999.99
999.99
999.99
21.060018207628
21.2814207111092
21.3659182928025
21.4695069831557
21.5768045046597
21.6987880458763
21.8331097718075
21.9678431246172
22.1023214170993
22.2269779083105
22.320919219634
22.3795291609244
22.4034463651638
22.3957023293967
22.3651676728511
22.3325735972325
22.3069692590939
22.3039950670152
22.333039042526
22.3988874810564
22.4943433736708
22.6225838064266
22.7702592168088
22.9285897122658
23.0843804472043
23.2373812547323
23.3666845352164
23.4749120939455
23.5545020680743
23.6085509009567
23.6387157093863
23.66591740122
23.6908506541567
23.7204697557888
23.757871674624
23.7980033371249
23.8364487366095
23.8756036699541
23.9113375515713
999.99
999.99
999.99
999.99
999.99
999.99
999.99
999.99
999.99
999.99
999.99
21.0211441359002
21.1896098451606
21.2736533204298
21.3768439587823
21.4845904778557
21.6083219691234
21.7445802184423
21.8829393794721
22.0245008980427
22.1577919539963
22.2623412470335
22.3328630907441
22.3677740985709
22.3683476124947
22.3424801719972
22.3109875474862
22.2832803320923
22.2763110412627
22.2990049195618
22.3594526817328
22.4515424948132
22.579394634648
22.7309588274278
22.8971524126223
23.0625813637276
23.2260547144281
23.3660676842222
23.4829664125649
23.5705817052415
23.6316466099798
23.6656501829086
23.6923855569363
23.713554569429
23.7341048725252
23.7608568118043
23.7938723899202
23.8307343287482
23.8725914373799
23.9174412870351
999.99
999.99
999.99
999.99
999.99
999.99
999.99
999.99
999.99
999.99
999.99
20.9833456430191
21.1031826154733
21.1832064370462
21.2857162410898
21.3917486816531
21.5145117076743
21.6501795226979
21.7901103803443
21.9366437046348
22.0769850891506
22.1928657201692
22.2772870779091
22.3256785012732
22.3381884140372
22.3215963386609
22.2945132988197
22.2672139604254
22.2571035185596
22.2726431432545
22.3248301750291
22.4097481999263
22.532782799694
22.6850110112908
22.8567424352716
23.0305292898444
23.2041896806683
23.3561361476645
23.4823395582725
23.5788120562609
23.6479071221416
23.6870843214763
23.7139185105126
23.7329629938525
23.7466407092459
23.7649750569295
23.7917152828939
23.8262492285686
23.86796387333
23.9181481420528
999.99
999.99
999.99
999.99
999.99
999.99
999.99
999.99
999.99
999.99
999.99
20.9892590883114
21.0431164347857
21.1113482713544
21.2023495515893
21.3066688732542
21.4271874327654
21.5607396899281
21.7007386632439
21.8498856805568
21.9952324008915
22.1222563591751
22.2210842235698
22.2841111691784
22.3104143054017
22.3057956123543
22.285247270362
22.2602465856347
22.2476194556065
22.2556334422732
22.2970241695857
22.370961667836
22.4841196658787
22.6315181684873
22.8037660269369
22.9826702625571
23.1641070617818
23.3278551244755
23.4649176348989
23.5722042784616
23.6511309209335
23.6978207698595
23.7262790303798
23.7444139286052
23.7534887202756
23.7656331523954
23.7874309223666
23.8195415234473
23.8594166879015
23.9113053695783
999.99
999.99
999.99
999.99
999.99
999.99
999.99
999.99
999.99
999.99
999.99
20.8671021586124
20.9796331086936
21.0416311959147
21.125709942263
21.2286964505583
21.3473250077474
21.4787407486603
21.6184425514911
21.7680852906898
21.9158540330136
22.0522264652391
22.164314012433
22.2416918961016
22.2827542449327
22.2917692999005
22.279560597676
22.2585553556549
22.2442683704473
22.2449331938102
22.273995638027
22.3337827249276
22.4327330828978
22.56981064761
22.7372340348905
22.9177860831547
23.1048677134291
23.2794732744416
23.4287040464718
23.5486507948019
23.639014665124
23.6953697855404
23.7283083128544
23.7477223443874
23.7554678626701
23.764304348149
23.7819558202492
23.8105553838804
23.8467042506945
23.8959286634711
999.99
999.99
999.99
999.99
999.99
999.99
999.99
999.99
999.99
999.99
999.99
20.9131625781626
20.9159682506604
20.9781063794163
21.0586479582596
21.1608765699108
21.2784740656763
21.4082566182583
21.5470013503665
21.6947017614279
21.8419082765931
21.9840969179123
22.1062715771814
22.1964355271209
22.2520599470866
22.2751359368226
22.2722448022682
22.2562437876704
22.2408934431773
22.2345558688248
22.2508943297687
22.294858036669
22.377444170005
22.5008885287173
22.6595421286889
22.8386444016215
23.0296919105685
23.2138357280906
23.3755213034591
23.509195598974
23.6119905511716
23.6794564130111
23.7193395805329
23.7421402717526
23.7517562578513
23.7604122457827
23.7760170822977
23.8009303685736
23.8324678878095
23.8757071061853
999.99
999.99
999.99
999.99
999.99
999.99
999.99
999.99
999.99
999.99
999.99
20.8057595282508
20.8584600730807
20.9178617836659
20.9989474863581
21.1015703274738
21.2193127025739
21.3472574140723
21.4837846229392
21.6278610339485
21.7719069099567
21.9163398584869
22.0460479482762
22.1483183699444
22.2184968012597
22.2564979582478
22.2642129053254
22.2546035452703
22.2392464516429
22.2270918853622
22.2312920171894
22.2591963288488
22.3240988577336
22.4311167133335
22.5770286724323
22.7512586847992
22.9441887394885
23.1361187606455
23.3099808984534
23.4577899362646
23.5731284909457
23.6517127734712
23.6996788390741
23.726906680196
23.7402183890789
23.7514996993138
23.7670453197127
23.7889860598501
23.8156430917533
23.8510689088947
999.99
999.99
999.99
999.99
999.99
999.99
999.99
999.99
999.99
999.99
999.99
20.7446062885366
20.811456099479
20.8689525245647
20.945710543225
21.0484490999512
21.1665973336693
21.2930133849305
21.4262882656456
21.5667051378806
21.7076492234197
21.8522581074519
21.9871774127284
22.1007557154693
22.1845409566568
22.2363612979361
22.2553935166636
22.2531871000308
22.2388499747442
22.2221793433331
22.2160650265235
22.2286359579365
22.2758276810198
22.3648058390093
22.4953445251606
22.6612714506165
22.8537295663356
23.0511561220258
23.236507767049
23.3982241425434
23.5268346710538
23.6170052970156
23.6744337570133
23.7073161428121
23.7263540800901
23.741618773346
23.757936128888
23.7772746331051
23.7991019411431
23.8247009084482
999.99
999.99
999.99
999.99
999.99
999.99
999.99
999.99
999.99
999.99
999.99
20.6915849435118
20.7626561290238
20.8208625730744
20.8978013259317
20.9985745727982
21.1156112285185
21.2397340763294
21.3683134581075
21.5040027308199
21.6414108903529
21.784618619232
21.922976603353
22.0469134582542
22.1445799386539
22.2107288150865
22.2426946000709
22.2494934364148
22.2380807726897
22.2183499212491
22.2035860787739
22.2018918722049
22.2320632232432
22.3032088635095
22.4180136651864
22.574125789588
22.7653015324372
22.9671565775068
23.1625703693907
23.3368736020016
23.4785812282997
23.5800447379343
23.6473024144495
23.6872801319377
23.7136106236589
23.7334528023335
23.7504143266949
23.767228189249
23.7839531204452
23.7994018904687
999.99
999.99
999.99
999.99
999.99
999.99
999.99
999.99
999.99
999.99
999.99
20.7156426702733
20.7265245873703
20.7847481099953
20.8597732372646
20.9565323619711
21.0699742264269
21.1901499603622
21.3118307074877
21.4415675202947
21.5747089546965
21.7153892585989
21.8553866456877
21.9885265132225
22.0993562566525
22.1800496628766
22.225854093298
22.2429400989621
22.2358156624885
22.2141934004763
22.1920105893593
22.1773637314254
22.1913278736956
22.2457753396919
22.3454719651011
22.491129845083
22.6801647429235
22.8864151931259
23.0903072290678
23.2760387178237
23.4304535658587
23.5430645699631
23.6194595516392
23.6672500843846
23.70058805037
23.7244827270361
23.7415863753339
23.7558871528224
23.7672494203116
23.773685419349
999.99
999.99
999.99
999.99
999.99
999.99
999.99
999.99
999.99
999.99
999.99
20.6541050391085
20.7102386967428
20.7623026646971
20.8334903655195
20.9249541913122
21.03225313904
21.1457661150506
21.2584573865699
21.3811707596194
21.5095093106006
21.6472833143192
21.7883152873711
21.9292579211568
22.0515014885889
22.1455769143474
22.205237394357
22.2335068352159
22.2326887098441
22.2116412643079
22.1844729069075
22.1594047821825
22.1583286992574
22.1957597425712
22.2794372546544
22.4126514244405
22.5961770514181
22.8047991272969
23.0161178930999
23.2126648288453
23.3800617237985
23.5050675148244
23.5909418828859
23.6467554367354
23.6859974693395
23.7124172994508
23.7280280373256
23.7397847186275
23.7465265219777
23.7471831230614
999.99
999.99
999.99
999.99
999.99
999.99
999.99
999.99
999.99
999.99
999.99
20.6259780398979
20.7102363407267
20.7519015259105
20.8205935396252
20.9056173042481
21.0045595317127
21.1093324614856
21.2119467811575
21.3268561918491
21.4502888593276
21.5849837617844
21.7260610603959
21.8720938588057
22.0023896155958
22.1067047332338
22.1785767227959
22.2175217411265
22.2238224337914
22.2052514592616
22.1756657212725
22.142900541929
22.1288263784927
22.1501359091683
22.2179834163919
22.3372254633543
22.5120201874554
22.7201221150318
22.9373261849395
23.1437284829701
23.3244180727896
23.4635106007813
23.5606099640265
23.6256462551206
23.671173712296
23.6996569830215
23.7135730094574
23.7233910850251
23.7280969692197
23.7271455117279
999.99
999.99
999.99
999.99
999.99
999.99
999.99
999.99
999.99
999.99
999.99
20.6534570694501
20.7083731247715
20.7496620673421
20.8201912836572
20.9010602785271
20.9865055880189
21.0807293874802
21.1686024589227
21.2692146083982
21.3820782825152
21.5214293552884
21.665109713075
21.8096392542636
21.945904826452
22.061243726482
22.1439930725325
22.1952091703563
22.2120141247819
22.1982067362981
22.1707885371089
22.1279971787012
22.0986611383723
22.102440062099
22.1475218088192
22.2499449788504
22.417639864144
22.6278147137799
22.851915726545
23.0791620650654
23.2766994512224
23.4288487436931
23.5376423476551
23.6170355156382
23.6636431070084
23.688799410648
23.6916755168235
23.6941406909929
23.6954457709425
23.697566521723
999.99
999.99
999.99
999.99
999.99
999.99
999.99
999.99
999.99
999.99
999.99
20.6238648388648
20.7149877741986
20.7595275121616
20.8335952626675
20.9139953758793
20.9934836745326
21.0747696768609
21.1434393183643
21.2257328358857
21.3204666044912
21.4569122597979
21.6017254733618
21.7499391091067
21.8911727913185
22.0218516388682
22.1125733664718
22.1717106677621
22.1926848836291
22.1838831341267
22.1544264481054
22.1069361826568
22.0696644259995
22.0562520449908
22.0787256177249
22.1604856514681
22.3157421778616
22.5213980825678
22.7536643473192
22.9976923088352
23.2187602956286
23.3868968562854
23.5089416812519
23.6023614248367
23.6559823595906
23.6789232316528
23.6803949699028
23.6824414630446
23.6842098426133
23.6916989987092
999.99
999.99
999.99
999.99
999.99
999.99
999.99
999.99
999.99
999.99
999.99
20.6728053087705
20.6374672710178
20.7522185217028
20.7722425549673
21.0160678512351
21.0602678401738
21.0374071928845
21.003913855663
21.1225022097531
21.2598491233892
21.3581711004185
21.4390744000483
21.8204086710811
21.8901314740235
21.9017091120262
22.0681498861185
22.1174824250469
22.3170932923058
22.2753254697296
22.114546017668
22.0679051968163
22.0539372269233
21.9862869008653
21.9606321276478
21.9454533689307
21.9925142163295
22.3630884202905
22.7611832561554
23.0429514256553
23.1445980587357
23.4512792182653
23.5590054418417
23.6474583817267
23.7228392385779
23.7393149363219
23.6462669351554
23.6036684565918
23.4659461463817
23.6086645474154
999.99
999.99
999.99
999.99
999.99
999.99
999.99
999.99
999.99
999.99
999.99
999.99
999.99
999.99
999.99
999.99
999.99
999.99
999.99
999.99
999.99
999.99
999.99
999.99
999.99
999.99
999.99
999.99
999.99
999.99
999.99
999.99
999.99
999.99
999.99
999.99
999.99
999.99
999.99
999.99
999.99
999.99
999.99
999.99
999.99
999.99
999.99
999.99
999.99
999.99
999.99
999.99
999.99
999.99
999.99
999.99
999.99
999.99
999.99
999.99
