999.99
999.99
999.99
999.99
999.99
999.99
999.99
999.99
999.99
999.99
999.99
999.99
999.99
999.99
999.99
999.99
999.99
999.99
999.99
999.99
999.99
999.99
999.99
999.99
999.99
999.99
999.99
999.99
999.99
999.99
999.99
999.99
999.99
999.99
999.99
999.99
999.99
999.99
999.99
999.99
999.99
999.99
999.99
999.99
999.99
999.99
999.99
999.99
999.99
999.99
999.99
14.9150180526017
14.9576607941033
14.8737436619388
15.07991464923
15.1381368471508
15.0663882780015
15.0780792242987
15.1692583022862
15.2132885248704
15.3851676244777
15.5408974413121
15.4733197027518
15.8070153400606
15.737494949495
15.6878976072321
15.7197455892926
16.1633851657441
15.9055302150424
15.9268228728299
15.9546240352756
16.2701246612466
16.479780985565
16.2798539300421
15.835581385449
16.2559486502657
16.2743473661453
16.5267398005272
17.3988106374848
17.4053246401295
17.4084510108552
17.1946318385447
17.3066014450126
17.3530731120731
17.0912003207787
17.0550195274464
17.1896650946163
17.4625152294473
17.4298979591837
17.3743285115968
999.99
999.99
999.99
999.99
999.99
999.99
999.99
999.99
999.99
999.99
999.99
14.9370484109387
14.9646536311192
14.9927423592876
15.0283575754251
15.0461892541704
15.0769756470281
15.1106374107962
15.1626236233582
15.2461746035232
15.33739949168
15.4495093353445
15.5471283453215
15.6394861173769
15.7108967152527
15.8419610385214
15.9367611066289
16.0416216568075
16.1356044931523
16.2504423426799
16.2803526602303
16.2963536067632
16.2846449303767
16.2892921353779
16.2972210821813
16.3760404750349
16.5659836890934
16.7878305717926
17.0052066339412
17.1651027785474
17.263143164784
17.2611927707628
17.2158099521653
17.1467131112039
17.1336781173925
17.1646684572436
17.230118451151
17.4974450460256
18.3346322798932
19.1851161326334
999.99
999.99
999.99
999.99
999.99
999.99
999.99
999.99
999.99
999.99
999.99
14.87453616051
14.9843248900218
15.0023162356989
15.0366010463809
15.0581873477473
15.0894781230832
15.1199643827048
15.1712968456183
15.2490460520091
15.3329103999356
15.4382575502682
15.5469443444057
15.6507938284427
15.7357684253586
15.8910778091842
16.0164838825617
16.1435237316678
16.2644060736128
16.3934435413382
16.4067018469211
16.4112661618128
16.3754858652401
16.3496012525384
16.3474887098007
16.4311126773341
16.5952630785251
16.8092642456729
17.0207304478936
17.1695624379287
17.2611963377844
17.2707867124797
17.2330200229763
17.1673404429383
17.1307530726716
17.1420072534448
17.1908903580191
17.5015769840051
18.3949905559273
19.3272057408092
999.99
999.99
999.99
999.99
999.99
999.99
999.99
999.99
999.99
999.99
999.99
14.8748448773449
14.995871953352
15.0017273714547
15.0361660691132
15.0572159240616
15.0816581526042
15.1114844727963
15.1612108824887
15.2317651642411
15.3145257467564
15.412788708439
15.5257968037528
15.6470254380111
15.7526807501824
15.9212520595961
16.0794746386222
16.2511084531234
16.4073944590581
16.5561657498654
16.5689245196563
16.5714354443936
16.5066637812765
16.4363499847765
16.4117730958932
16.4956256747609
16.6249178889127
16.8156946540983
17.0237130987754
17.1677276296119
17.2439926352271
17.2634066245141
17.2338343293246
17.1677496150865
17.1156167772659
17.1204944917157
17.1564941041276
17.5153702994505
17.8996582718662
18.2716303234231
999.99
999.99
999.99
999.99
999.99
999.99
999.99
999.99
999.99
999.99
999.99
14.9194936925251
15.0016720576463
14.9987816792541
15.0324454960784
15.0541374032597
15.0791885012206
15.1063056040236
15.1514007040935
15.2153026118118
15.2922848839482
15.3858386089077
15.5035056730182
15.636231117347
15.7567186207735
15.9477361934718
16.124825185278
16.3298677478606
16.5129966339993
16.6821466290791
16.6962633079452
16.7060367247291
16.6040808236163
16.4981429260774
16.440723432241
16.5038314858958
16.6089136057943
16.8006892232511
17.0120641059337
17.1633475957296
17.2419651342236
17.2681293022806
17.2389538744776
17.168193089745
17.1047009820147
17.1162905993055
17.1273254056421
17.4368499373722
17.7949761338486
18.1453733748906
999.99
999.99
999.99
999.99
999.99
999.99
999.99
999.99
999.99
999.99
999.99
14.9126355742593
15.0019017598356
14.9943263977609
15.0268272944062
15.0494383595008
15.0752940528269
15.100460918123
15.1409912783907
15.1978265675477
15.2682025431364
15.3557758508409
15.474917095453
15.6171228781245
15.7508890330442
15.9359972871817
16.1030351913965
16.3143007636329
16.4957722088067
16.6574861161935
16.6979882376131
16.7411222027953
16.628793797991
16.5194838953465
16.458862793583
16.5034062259208
16.585165685687
16.7780946148997
16.9834309564491
17.1355982478873
17.2121955511645
17.2431466009025
17.2119108632981
17.1404532075536
17.0717255120435
17.0734253234854
17.0438155878356
17.2903881237472
17.6090566978628
17.9220139397071
999.99
999.99
999.99
999.99
999.99
999.99
999.99
999.99
999.99
999.99
999.99
14.9549821384577
15.0001033006802
14.9939604145262
15.0233743488528
15.0477960288562
15.0753032424853
15.0993306231626
15.1359503821766
15.1848706405876
15.2473689385161
15.3279007285737
15.4449829555792
15.5894170946858
15.7301884658057
15.9014797536778
16.0506784908496
16.2641835776312
16.4454523211012
16.6024118134726
16.6745810508415
16.7555995242965
16.636813994413
16.5271073524468
16.4632147558983
16.487541511668
16.5439958334689
16.7339743437098
16.92602238818
17.0746012391133
17.14628747363
17.1811803406394
17.1513858576991
17.0881798256491
17.0227627934334
17.0240528940007
16.9858271024104
17.1632305752761
17.4223287528823
17.6794792917294
999.99
999.99
999.99
999.99
999.99
999.99
999.99
999.99
999.99
999.99
999.99
14.8889035376161
15.0040422827966
14.9985658149002
15.0244848405188
15.0514763489098
15.0819567482391
15.107726876589
15.1422734091459
15.1838928993432
15.2378851346396
15.3095190366858
15.4180531400438
15.5563862462095
15.6947425301956
15.8465211367423
15.9742262854644
16.1736369114178
16.3414458083638
16.4857477779231
16.5762713983587
16.6796285712621
16.5729220934147
16.4803578873622
16.4270517703933
16.461718536679
16.523578562606
16.7219974912144
16.9119905587468
17.0673506379716
17.1144953099904
17.1298219405922
17.0818993263436
17.0110750630365
16.9364011806984
16.9387599082196
16.9032707081607
17.0199530879381
17.2324517590897
17.4445476217713
999.99
999.99
999.99
999.99
999.99
999.99
999.99
999.99
999.99
999.99
999.99
14.9616881683937
15.0156495628621
15.0110047719444
15.0302159384769
15.0574084869648
15.0885733022718
15.115621781181
15.1478554753478
15.1826003846058
15.2282045255881
15.2911268146007
15.3891613180907
15.5178892058922
15.6501294694883
15.780300931842
15.8856202015352
16.0439754130197
16.1739091509098
16.2832211459207
16.3691457733765
16.469942703577
16.4050030370698
16.3571392546295
16.3385884121011
16.403639761142
16.4949347318606
16.6974261213696
16.8817309275191
17.0432221864867
17.0717065472297
17.0609372231438
16.9919117693127
16.9135563384492
16.8298028475108
16.8621804649877
16.8726086274952
16.9686688966811
17.1722136744738
17.3811250407463
999.99
999.99
999.99
999.99
999.99
999.99
999.99
999.99
999.99
999.99
999.99
15.043974905853
15.0303131407705
15.0276555242316
15.0361028318098
15.0597596616379
15.0880899638501
15.1151027376722
15.1465581061215
15.1772628370896
15.217641909332
15.2755063191074
15.3639180279116
15.4802253243268
15.6030671043278
15.711710786669
15.7958504697434
15.9158683323597
16.0119214403809
16.0930200820628
16.1778195939168
16.2764308498632
16.2537016071737
16.2532831592218
16.2679077735907
16.3603161995548
16.4793208527134
16.6824485006341
16.8509062079658
17.0102601579594
17.016614508958
16.9787522432322
16.8914784160243
16.8079906216036
16.7162832675567
16.7701474985739
16.814884066867
16.9113431484764
17.1237570012236
17.3480278186003
999.99
999.99
999.99
999.99
999.99
999.99
999.99
999.99
999.99
999.99
999.99
15.1070564979238
15.048011806288
15.0448702703947
15.0413810510448
15.0612571534086
15.0863872359914
15.1138509621658
15.1456247931445
15.1738044789732
15.2104408064194
15.2648473343392
15.3446285046823
15.447345410044
15.5589945751276
15.6583698167648
15.7343245761222
15.828979933283
15.9070184877345
15.9760098958756
16.0490228507548
16.1336420003645
16.1403485761174
16.1647501078728
16.192442874124
16.3058466512022
16.4468535073274
16.6456770272337
16.8108653989954
16.9765235607425
16.9761514069361
16.9262251040887
16.8378629868425
16.7569805905358
16.6653205382167
16.744052686579
16.8257903749116
16.9220000267088
17.1428501818665
17.3833485406722
999.99
999.99
999.99
999.99
999.99
999.99
999.99
999.99
999.99
999.99
999.99
15.2153881673882
15.0641675911066
15.0577245691088
15.0467872374047
15.0626346156204
15.0837949503191
15.1118339711142
15.1444368409608
15.1719103047643
15.2061846604638
15.2578507690609
15.3294940250795
15.420464456165
15.521979694959
15.6146478358484
15.6860637350283
15.7578154635026
15.8179317856271
15.8736187608567
15.9320167913798
15.9997175875571
16.0334824645746
16.0789574349371
16.1204397120046
16.2574158447414
16.4232150732525
16.6218665876719
16.7938163041349
16.9712677744718
16.9677302478066
16.9077826765548
16.8176698059165
16.7336252849549
16.6374251385172
16.7364111316134
16.8761050665574
17.0245677194228
17.2985732255576
17.5992902898847
999.99
999.99
999.99
999.99
999.99
999.99
999.99
999.99
999.99
999.99
999.99
15.1750493418146
15.0728154913694
15.0682080663596
15.0523366179471
15.0636822312931
15.0797573656533
15.1067403876283
15.1398743564837
15.1677114267568
15.2010990417162
15.251447379687
15.3176391410516
15.4002407781836
15.4951000908924
15.5844270590328
15.654580341182
15.7142028739072
15.765293612147
15.8132309770952
15.8619600608894
15.9175702338865
15.9654952822101
16.0196118631144
16.0673654816745
16.1889755067922
16.3412955221486
16.5241120714711
16.6887976479834
16.8605305108152
16.9022500123307
16.8828870439869
16.8136305187151
16.7460454300735
16.6656560460012
16.7715586003172
16.9501149852509
17.1459113599439
17.4514603214971
17.7906931286285
999.99
999.99
999.99
999.99
999.99
999.99
999.99
999.99
999.99
999.99
999.99
15.1233177594763
15.0749667028676
15.0788281617156
15.0628024910561
15.0726407171315
15.0861448299918
15.1117058238809
15.1449609790852
15.1722423162985
15.2037608603803
15.2510997025323
15.3123886669987
15.3881316191267
15.4783283487814
15.5656269002108
15.6363968492937
15.6973082300507
15.7500642935759
15.7986313269529
15.8469910478221
15.8994364253889
15.9455360500627
15.9956838991667
16.0403871616033
16.1399531633719
16.2642494961277
16.4287989388959
16.5820546374684
16.7409309953142
16.8166197345052
16.8465184843058
16.8065004860936
16.7621674714416
16.7056843795038
16.7636932320344
16.9114216401629
17.0850150988982
17.3541418612241
17.650568977418
999.99
999.99
999.99
999.99
999.99
999.99
999.99
999.99
999.99
999.99
999.99
15.1300711847193
15.0775247168046
15.0952674891109
15.0862807701631
15.0991083047058
15.1134791689729
15.1378234059755
15.168416660337
15.1916169275224
15.2178002019128
15.2580633238314
15.3125978594311
15.3826699460771
15.4700600508203
15.5560618245288
15.6280500897798
15.68953192293
15.7416719108621
15.7864908350081
15.8305294186973
15.8770311390117
15.9193373712395
15.9626344041653
16.0051263223412
16.0856995335552
16.1846984228912
16.3334867770911
16.4816002803699
16.6499324155841
16.7792476613665
16.8954233635553
16.9211093880259
16.9370196991079
16.9051507320301
16.9530601952951
17.0898240972256
17.26130509808
17.5101844896274
17.7983835633733
999.99
999.99
999.99
999.99
999.99
999.99
999.99
999.99
999.99
999.99
999.99
15.1351699850672
15.0823644483455
15.1184946897991
15.1232458233685
15.1407218047031
15.1557246151554
15.1761635091682
15.1999888152646
15.2155674097402
15.2337942356266
15.2651583768206
15.3124417536918
15.378381301808
15.4646907496135
15.5506562595282
15.6251394980496
15.6879337078899
15.7373921812645
15.7757312092758
15.8131432231759
15.8515225485213
15.8885324852214
15.9290046434264
15.9727819154246
16.0376346350115
16.1157500478464
16.2522207992426
16.3903750815743
16.5658763751284
16.7307549148782
16.9126653641122
16.9837893506576
17.0447898187029
17.0209397020465
17.0858792853087
17.2400617574399
17.4379278493782
17.6926737682018
17.9987586975542
999.99
999.99
999.99
999.99
999.99
999.99
999.99
999.99
999.99
999.99
999.99
15.1748368377654
15.0890827392307
15.1449618690299
15.1669189410813
15.1901351216053
15.2057016758649
15.2201836174316
15.2348915748023
15.240604708457
15.2503223971459
15.2729316979256
15.3142669809666
15.3773498975172
15.4630908865172
15.5483815555581
15.6244070231726
15.6874022971911
15.7327473478777
15.7647286225147
15.7961384835383
15.8273515934552
15.8592920091542
15.8982790937169
15.9416814964837
15.9885121498222
16.0429449723107
16.1645668104888
16.288064512837
16.473750189466
16.7019161234898
16.9784018309296
17.1246646453787
17.262021325066
17.2676278486409
17.3474443505162
17.4905110928243
17.6854848846547
17.9398077744317
18.2613870438425
999.99
999.99
999.99
999.99
999.99
999.99
999.99
999.99
999.99
999.99
999.99
15.050636547154
15.0964624907995
15.1719098320333
15.2172031716294
15.248132985569
15.2655021414839
15.273756600428
15.2774165704994
15.2708621385221
15.2706271260701
15.2841953849522
15.3197428005142
15.379682555088
15.4634585554768
15.5456519397633
15.6205104021425
15.6813754426213
15.7217593827024
15.7485586492487
15.7766006230951
15.8038115756832
15.8334209172743
15.8726491814552
15.9148628706739
15.9587299672706
16.0045670381026
16.1012495495712
16.1991707041305
16.3869721319512
16.6356104719871
16.9627033656292
17.1914533484818
17.4141930668636
17.4566614748681
17.5781310065504
17.7374943475121
17.9310362508042
18.1943794970753
18.5405978876644
999.99
999.99
999.99
999.99
999.99
999.99
999.99
999.99
999.99
999.99
999.99
14.9668460940917
15.1067003942059
15.1985616597781
15.2673042706501
15.3062455580755
15.3255672785837
15.3292186260106
15.3226696943458
15.3052776155261
15.2967714293276
15.3028731449689
15.3319149013775
15.3867903607933
15.4648892451886
15.5398234519692
15.6094030496289
15.6669048120763
15.7040357446239
15.7298307360098
15.7587937087457
15.7871873182812
15.8162297813134
15.8544071807948
15.8929460054308
15.9309509079352
15.969374957663
16.0467276707795
16.1259645459336
16.3218856221794
16.597366425777
17.0009651348832
17.3338071547707
17.6640123564561
17.7796514623844
18.044913937562
18.2693848507978
18.5124994321612
18.835494464799
19.2368647950451
999.99
999.99
999.99
999.99
999.99
999.99
999.99
999.99
999.99
999.99
999.99
14.8937963356813
15.1236919348695
15.2232438377631
15.3098855593653
15.35676271404
15.3790791733174
15.3806239372252
15.3672283331768
15.3427353174767
15.3285324986571
15.3289915001832
15.3514445285857
15.3987054151296
15.4664132060864
15.5298058441471
15.5900391891974
15.6417691576807
15.6762018876202
15.7038075801171
15.7371531249351
15.7704912181392
15.801436663841
15.8398106528393
15.8749132895532
15.9070862186357
15.9388985195087
16.0003041357415
16.0642827651486
16.2342030889966
16.50105759885
16.9080043222938
17.2687570380119
17.629264446323
17.84933838
18.2248026371014
18.5437635956167
18.8673593199823
19.27189835141
19.6449807798338
999.99
999.99
999.99
999.99
999.99
999.99
999.99
999.99
999.99
999.99
999.99
14.9020174392004
15.1522474352471
15.2526046388585
15.3472594087187
15.4019138534561
15.4293860846085
15.4320926763343
15.4165889030984
15.3884234050825
15.3706624791509
15.3655057580685
15.3801953048534
15.4161659231036
15.4693841064302
15.5176604466125
15.5657371321337
15.6097014311598
15.6422347271541
15.6736827710776
15.7134650428948
15.7542726199536
15.7898437361007
15.8304285254738
15.8644885598725
15.8940515908432
15.9217923877903
15.9705578733638
16.0221418851513
16.1658687593277
16.4299805386637
16.8505289280793
17.2473907403077
17.6789187912122
18.0459113913432
18.5365497357216
18.9468912705583
19.3493696953092
19.7671628778202
20.0436466186788
999.99
999.99
999.99
999.99
999.99
999.99
999.99
999.99
999.99
999.99
999.99
15.044410347879
15.1854486035869
15.2864952297154
15.3883538135548
15.4513234352404
15.4861268029597
15.493439067327
15.4784814512793
15.4480082239377
15.4257709851366
15.4125852082705
15.4159447202833
15.4373210912993
15.473677924683
15.5059993922594
15.5417613242295
15.5781840091145
15.6094042453659
15.64447639844
15.6901458612366
15.7378725952285
15.7790922693133
15.8236980880824
15.8607381452675
15.8928667564686
15.9226565163311
15.9630100450196
16.004552308919
16.1121188772024
16.3140799615254
16.6876425041909
17.0611527196445
17.5055033002114
17.9804101270967
18.5931194430115
19.0768082861517
19.5393449529892
19.9220161701085
20.0447401087134
999.99
999.99
999.99
999.99
999.99
999.99
999.99
999.99
999.99
999.99
999.99
15.1474676531366
15.2281938433614
15.3256310418953
15.4293718193047
15.4992552196409
15.5409503730412
15.5539810474789
15.5419060892878
15.5112528052974
15.4849487113189
15.4629163048692
15.4534080970944
15.4589921139612
15.4784536124879
15.4960437849328
15.5211008751809
15.5507776479043
15.5802282126082
15.6170421623905
15.6660584287219
15.7184812512073
15.7657345023596
15.8167367277769
15.8610746854173
15.9011148118182
15.9382948736169
15.9850351277621
16.0297488345288
16.1105864795934
16.2598636395168
16.596579520921
16.9342997673424
17.3790547549631
17.9563322924393
18.6827697694967
19.2296981632168
19.7528771698151
20.1012914462213
20.0630642879212
999.99
999.99
999.99
999.99
999.99
999.99
999.99
999.99
999.99
999.99
999.99
15.1105633085459
15.2796769968395
15.3688795217347
15.4696442917766
15.5452103047438
15.5930473545302
15.611160484284
15.6021587556038
15.5709236790604
15.539862755333
15.508621479221
15.4867458351224
15.4776737245252
15.4827366297506
15.4888787627528
15.5064573210506
15.5306887593198
15.5576662332768
15.5938133051826
15.6429496747491
15.6965143925601
15.7495559973815
15.8093076221434
15.8647786061042
15.9173666185344
15.9667523977817
16.019844099851
16.0656667337212
16.1170163267552
16.2096214985865
16.4470271914912
16.6909488556502
17.0788430845795
17.6751982531589
18.3664887174133
18.9438812406487
19.4929240980881
19.771249355963
19.5884656434998
999.99
999.99
999.99
999.99
999.99
999.99
999.99
999.99
999.99
999.99
999.99
15.1422801283115
15.32383290364
15.4058164542495
15.5053495271199
15.5851771125786
15.6379349866235
15.6603041488708
15.6544010303372
15.6226897137172
15.5872102678392
15.5481134401657
15.5161435495556
15.4952792605705
15.4897729119005
15.4886923891901
15.502428429283
15.5234384450029
15.5480880188445
15.5816733509899
15.6275376571502
15.678790868046
15.7358182222061
15.8039294240752
15.8716157712006
15.9384360224378
16.000178535923
16.0561478862908
16.098806259926
16.1347747311187
16.1846271734126
16.3558417894646
16.543529693264
16.9134220034124
17.4631960678291
18.0874315697214
18.5935718563418
19.0640262850425
19.176423609118
18.9074188388947
999.99
999.99
999.99
999.99
999.99
999.99
999.99
999.99
999.99
999.99
999.99
15.2543841802796
15.355714620618
15.4312095448033
15.5317416441636
15.6148817239942
15.6713209693028
15.6973557067231
15.6941494613659
15.6631845585706
15.624092813944
15.5794163837559
15.5401496321235
15.5114563229937
15.4983632822078
15.4933002233304
15.5054910700179
15.525508081268
15.5483409424539
15.5793242793396
15.6208743061664
15.6687076064551
15.7275527298148
15.8020718560163
15.8799489212014
15.9589783188245
16.0304548506147
16.0861067225298
16.1222968858708
16.1412307313668
16.1473019482135
16.2446967041679
16.3707309047433
16.6509865190661
17.0822753666651
17.5785645941753
17.9672103520539
18.3109119988998
18.3445770238999
18.0761374672255
999.99
999.99
999.99
999.99
999.99
999.99
999.99
999.99
999.99
999.99
999.99
15.3131225897602
15.3722798863806
15.4392641753993
15.5389185517387
15.6228201095743
15.6810675498157
15.710139705141
15.7110166890407
15.6841217271986
15.6460386109966
15.6012336023356
15.5598350020557
15.5273257740451
15.5087558449911
15.5005040920236
15.5107884323923
15.5298650615141
15.5512996803287
15.5810264349364
15.6193195807164
15.6649814941839
15.7249491204489
15.804089132607
15.8890893381333
15.9767208790034
16.0535243116454
16.1060297858036
16.1339672827576
16.1398176045653
16.1306013844716
16.1820587273042
16.2722243014384
16.4875868222675
16.8160857168853
17.1800413916416
17.4746998427027
17.7178921382134
17.7156889431224
17.4962015967685
999.99
999.99
999.99
999.99
999.99
999.99
999.99
999.99
999.99
999.99
999.99
15.2903088199064
15.3734980072073
15.4340494479878
15.5275018191177
15.6108035795178
15.6707224748484
15.7041223688352
15.7117083706057
15.6928831576679
15.660887042378
15.6211752244717
15.5820062028857
15.5485884210963
15.5254962542257
15.5137701315635
15.5213935137993
15.5395028904985
15.5602676121494
15.5904185794122
15.6269519192
15.6709507911771
15.73002122597
15.8103236728969
15.8981072393033
15.9896415517163
16.0676954803532
16.1162214171394
16.1364083689364
16.1310703840288
16.1089591194856
16.1141983991164
16.1640650198103
16.309112843226
16.5213523417154
16.7399424114751
16.932601146989
17.0710527431698
17.0308185073975
16.873604919519
999.99
999.99
999.99
999.99
999.99
999.99
999.99
999.99
999.99
999.99
999.99
15.1685719162758
15.3562434791479
15.4152354189876
15.502539221947
15.5830348881629
15.6434906725298
15.681695489209
15.6983163625061
15.6920079716186
15.6706190207715
15.6405508024824
15.6075379040982
15.5763050487768
15.5500327416069
15.5354069955195
15.5401283367272
15.5571548924453
15.577424733042
15.6086279876153
15.6442340030978
15.6865573070972
15.7422932996988
15.8197862577056
15.9058467610956
15.9961691739442
16.0716217099014
16.1160583879103
16.1301390488204
16.1158811720752
16.0843509381601
16.0741229037761
16.1106027306877
16.2103421451563
16.3436572341442
16.4860014062382
16.5904751326496
16.6410503182669
16.5829657475969
16.4840585228902
999.99
999.99
999.99
999.99
999.99
999.99
999.99
999.99
999.99
999.99
999.99
15.2244196947072
15.3323108631187
15.3920845451629
15.4734064775916
15.5478960324868
15.6068862225132
15.6495361666682
15.6757889530956
15.6838878790064
15.6759806786498
15.6580945124395
15.633486433125
15.6070182778333
15.5795838100427
15.5628274465029
15.5645099168114
15.5798462105227
15.5989006366583
15.6307092437995
15.666107271542
15.7069914813467
15.7583734682374
15.8312006564976
15.9130323891606
15.998948371079
16.071207320657
16.1147680686111
16.1265037418419
16.1072680368738
16.0705451724358
16.045927485786
16.0639344204802
16.111636571686
16.1926487413153
16.2848969141686
16.3556911759062
16.3784936565804
16.3659306165249
16.3227040726138
999.99
999.99
999.99
999.99
999.99
999.99
999.99
999.99
999.99
999.99
999.99
15.22886921731
15.314349373063
15.3737422258182
15.4450827473943
15.5108165462141
15.5667172607871
15.6137139418529
15.650322641715
15.6737004016538
15.6814054972261
15.6776104618738
15.6628816697829
15.6426973567163
15.6164235483422
15.5986195577128
15.5973705616081
15.6098589471808
15.6264209756151
15.657009541926
15.6915557537841
15.7302001461491
15.7768558219809
15.8442689351735
15.9207781773896
16.0003263762335
16.0693031560791
16.1144380988743
16.1268256935065
16.1243457004342
16.1051323115757
16.0896808235519
16.1074642717938
16.1536874331193
16.1954651757113
16.24988209352
16.2947528050335
16.3027040672325
16.2832677598273
16.2700794442986
999.99
999.99
999.99
999.99
999.99
999.99
999.99
999.99
999.99
999.99
999.99
15.2244628942486
15.3156231704778
15.3734551852301
15.4269875630045
15.4838940619039
15.5364803894437
15.5870811060266
15.6325518113383
15.6693684998852
15.6905603129279
15.6990131312055
15.6935987391848
15.680971436222
15.6586501951048
15.642857024058
15.6410776006326
15.6515099425719
15.6649869829285
15.6920936206603
15.7235676438986
15.757589360069
15.7978094225107
15.8581133535542
15.9282225856027
16.0006187320234
16.0669045388763
16.1157866735866
16.1322385592512
16.1508883094289
16.1535922113357
16.1509843481099
16.1697329396222
16.2140926032795
16.2149903372308
16.2276497399564
16.2426715706962
16.2339816313566
16.2066237300418
16.2222207393391
999.99
999.99
999.99
999.99
999.99
999.99
999.99
999.99
999.99
999.99
999.99
15.2804388911514
15.3332064053661
15.3836653113045
15.423991463141
15.4722737993119
15.5213081496864
15.5736081894057
15.6245475169382
15.6707982492253
15.701094511658
15.7181149592617
15.7206468406729
15.7166694535443
15.7010416950516
15.6908323155141
15.6909123315796
15.7001498173701
15.7105313652661
15.7328220056836
15.7595320529211
15.7883026688604
15.822218221516
15.8751589618664
15.9385083781385
16.0034754411068
16.0668378924259
16.1198802867236
16.1419462049844
16.1852723734732
16.2131019004858
16.2279685541024
16.2509555410163
16.2951739315792
16.2578256324684
16.2320874647499
16.2180402167497
16.1951192666829
16.1632123589084
16.2046388172006
999.99
999.99
999.99
999.99
999.99
999.99
999.99
999.99
999.99
999.99
999.99
15.4032836000623
15.360439061454
15.4039207179454
15.4335354114186
15.4748209553304
15.5216446946252
15.5754481706336
15.6295371085833
15.6811724944078
15.7167352344729
15.7388994516504
15.7469184723643
15.7505325093192
15.742488930324
15.7387897785533
15.7411617963497
15.7498013412525
15.7577004216763
15.7748372032846
15.7964968195811
15.8207056958572
15.8497842673729
15.8965140147259
15.9539393201071
16.0124906352479
16.0733112483406
16.1299349551147
16.1577631748905
16.2276217365287
16.2817848300769
16.3171255800687
16.3473235881295
16.3938376658813
16.3192022351947
16.2576654782207
16.2145876140477
16.1778486319556
16.140559197646
16.2060074135158
999.99
999.99
999.99
999.99
999.99
999.99
999.99
999.99
999.99
999.99
999.99
15.4226174814345
15.3984558421991
15.4343076695319
15.4546224062238
15.4919292569105
15.53844223842
15.5931290451146
15.6481387514833
15.7016007330466
15.7385069958593
15.76250105281
15.773760752909
15.7827784395329
15.7814179572376
15.7837664309629
15.7882778707288
15.7965861328484
15.8030943311782
15.8161383007389
15.8335838275399
15.8546721061679
15.8809444572181
15.9227505070433
15.9746678875531
16.0273723972665
16.0846438229966
16.1419288729359
16.1739672481929
16.2708996094339
16.3527476451087
16.4118728479612
16.4551918255647
16.5264422990878
16.4354696880771
16.35859004795
16.305906648664
16.2728941707022
16.2119848036869
16.2814366702692
999.99
999.99
999.99
999.99
999.99
999.99
999.99
999.99
999.99
999.99
999.99
15.4580310392555
15.4380179504543
15.4683140009446
15.4852407649058
15.5209060815791
15.568210251373
15.6223469107757
15.6753468948497
15.7270936256638
15.7621777266792
15.7852135872707
15.7982140467249
15.8112529419247
15.8157806290161
15.8237779769092
15.8302639731306
15.8384621667897
15.8444128985198
15.8543599670811
15.8680484220628
15.8872435745872
15.9122494160434
15.9503729750143
15.9978267822288
16.0464869454631
16.1006191470782
16.1567995469917
16.192044192713
16.2783833721019
16.3493719408792
16.395386713035
16.4179721445897
16.496179116233
16.4450705639138
16.4104160619691
16.4042247515524
16.428880598693
16.3639235694719
16.4033858653338
999.99
999.99
999.99
999.99
999.99
999.99
999.99
999.99
999.99
999.99
999.99
15.5133748284236
15.4770205635782
15.5017757040349
15.5221414500487
15.5570949894812
15.604861912732
15.657145863068
15.7062851053764
15.754107836587
15.7861689517046
15.8076928633076
15.8218531051818
15.8372508986584
15.8460350441576
15.8576998031887
15.8644823735587
15.8714781766206
15.8771278034369
15.8852636170752
15.8970181435163
15.916800275554
15.9434842402666
15.9808707131568
16.0260330141626
16.0721365103547
16.1232211247374
16.1761781487033
16.211424840632
16.2837929518715
16.3409454473676
16.3717909773159
16.3744902667223
16.4623777439674
16.454278559402
16.4656985977724
16.5090385618965
16.5919539269831
16.5214803216976
16.5294356715763
999.99
999.99
999.99
999.99
999.99
999.99
999.99
999.99
999.99
999.99
999.99
15.5007260211444
15.5113348214884
15.5379573672507
15.5625754610529
15.5972652852712
15.6443774489612
15.6931612534992
15.7370891539417
15.7797447667242
15.8086036230452
15.829194235198
15.8446985084285
15.8611661062642
15.8727757771395
15.8861362363674
15.8918761024149
15.8968770344114
15.9019677924091
15.9089081176215
15.9199949177789
15.9420254329666
15.9729082938304
16.0135571029072
16.0604334906477
16.1077865753889
16.1577602311289
16.2067476745144
16.2387671406143
16.2921120138224
16.3294793492041
16.3401690978872
16.3213525020411
16.420056162491
16.4587983461193
16.5217441781379
16.6194695290443
16.762786568218
16.6864873441384
16.6609406916528
999.99
999.99
999.99
999.99
999.99
999.99
999.99
999.99
999.99
999.99
999.99
15.5032009894867
15.551023976196
15.5792379605013
15.6090575357366
15.6428201052401
15.6869364612069
15.7288728333079
15.7649100078062
15.8007415307652
15.8255435741821
15.845068628682
15.8628646190582
15.8806625950331
15.8947502271064
15.9098464101879
15.9153548188254
15.9184045105669
15.9228521148781
15.9294089389696
15.9405873730182
15.9659977206898
16.0030356928615
16.0503677918272
16.1028775868363
16.155184308586
16.2056911124469
16.2508062165498
16.2774549323327
16.3066246207022
16.3185418344007
16.3031835653198
16.2593709610953
16.3672455099399
16.4536789055559
16.5723480179242
16.7299740383177
16.9369166914808
16.8579292226997
16.8027637263751
999.99
999.99
999.99
999.99
999.99
999.99
999.99
999.99
999.99
999.99
999.99
15.5289307359307
15.5904378223384
15.621383879301
15.6586622235582
15.6906680725444
15.7295786875361
15.7625474527045
15.7893878793431
15.8176572785015
15.8384280195313
15.8574124155015
15.8781620896858
15.8982391918491
15.9153102198132
15.9328699126263
15.9395953644201
15.9418505170692
15.9459542408302
15.95276377925
15.9645268553817
15.9936628523098
16.037742889265
16.0940140349405
16.1553706700889
16.2156654213735
16.268683247761
16.3109810546576
16.3313435611542
16.332169962355
16.3131621676032
16.2670040891323
16.1942551435161
16.2748356643259
16.3774170112838
16.5206225503365
16.7052670922356
16.9421658393913
16.8950872400947
16.8409245717483
999.99
999.99
999.99
999.99
999.99
999.99
999.99
999.99
999.99
999.99
999.99
15.5610094197324
15.6355572442761
15.6672414637673
15.7095852207881
15.7394295256058
15.7717847357711
15.7950546807654
15.8129204800346
15.8337614308909
15.8503811429968
15.8689787043855
15.8927043440136
15.915285173016
15.9357519508296
15.9568420132429
15.9669770297973
15.9705927861085
15.9758895192057
15.9844550917543
15.9976439581824
16.0303594039457
16.0819103091919
16.1480997148991
16.2196424364875
16.2894382361687
16.345959565197
16.3853387682499
16.3980666924077
16.3864921184787
16.352200422004
16.2915651409741
16.2074643210951
16.246267543949
16.3129616583876
16.4270130961404
16.5847965011581
16.7970697905794
16.7943634843671
16.7942501921349
999.99
999.99
999.99
999.99
999.99
999.99
999.99
999.99
999.99
999.99
999.99
15.5640823566677
15.6822799816579
15.7162166277489
15.7609290914703
15.7876065118145
15.812774607576
15.8260291250688
15.8354336273427
15.8494508316384
15.8620618081778
15.8799798621357
15.9067524438857
15.932642303128
15.957623325796
15.9842116002075
16.0007553746205
16.0087131860642
16.0169321476925
16.0286189928533
16.0437792461624
16.079250365724
16.1371564929712
16.2126733919289
16.2937857790708
16.3727553928875
16.4329762062007
16.4696166163429
16.474943653048
16.4510266258659
16.4007990169651
16.3256119360538
16.2306771054484
16.2266263441758
16.2554100706331
16.3375917716294
16.4668710185896
16.6513806485328
16.6923885445312
16.7549706269598
999.99
999.99
999.99
999.99
999.99
999.99
999.99
999.99
999.99
999.99
999.99
15.6068282828283
15.7313755172766
15.7680091681829
15.8118507845161
15.834482691546
15.8523403390293
15.8563556815757
15.8581592205996
15.8661297858774
15.8753189703198
15.892476865353
15.9222811025094
15.9526112875226
15.9833290659011
16.0169700931639
16.0422302062577
16.0569358082514
16.0697606637941
16.0864699552137
16.1051969460914
16.1431698123723
16.2054004699177
16.2868863721683
16.3729071305442
16.4559553614526
16.5169753150674
16.5500697661707
16.5494637889725
16.5162347497728
16.4544292560863
16.3682059342722
16.26486499116
16.2179676530047
16.2062778064545
16.2518526527701
16.3487587013456
16.50084480816
16.5822298102484
16.7189081080779
999.99
999.99
999.99
999.99
999.99
999.99
999.99
999.99
999.99
999.99
999.99
15.6616034209693
15.7849980429575
15.8214377938871
15.858065573914
15.8765349799773
15.8879798320755
15.884997567902
15.8815228675137
15.8850278038912
15.8922867865407
15.9094620768629
15.9421265910836
15.9774044855738
16.0144182880821
16.054857857835
16.0884023108617
16.1101528111485
16.1276845540777
16.1497026109135
16.1729156834983
16.2133714892586
16.2781456122962
16.3621244206043
16.4479550080356
16.5297012485928
16.5882042330308
16.6163738462454
16.6110376344671
16.5731754166359
16.5058118794784
16.4151018912845
16.308783598133
16.2230185345421
16.1721284283672
16.1738537684418
16.229652164087
16.340729406519
16.4539473352752
16.6616402132014
999.99
999.99
999.99
999.99
999.99
999.99
999.99
999.99
999.99
999.99
999.99
15.7552748063009
15.8324545328165
15.867310890532
15.8967129133499
15.9107626331005
15.9169264668158
15.9093025193431
15.902788730862
15.9037683578764
15.9105631735949
15.928409498591
15.9636804598096
16.0033555848326
16.0455602598502
16.0910005750473
16.1304887608549
16.1578038618433
16.1794679450379
16.2066328687613
16.2349457105865
16.2784278061638
16.3443386538074
16.4277871456614
16.509274761526
16.5855192046994
16.6389176950323
16.6616775977489
16.6527637780439
16.6143548818706
16.5467870158469
16.4564883537227
16.352213982454
16.2489812866592
16.1724623010327
16.1437814276023
16.1793530200874
16.2805122674669
16.4220747278932
16.7076669250247
999.99
999.99
999.99
999.99
999.99
999.99
999.99
999.99
999.99
999.99
999.99
15.9234222815512
15.8462782953464
15.8733380869481
15.8876084764714
15.8983522517694
15.9017308937847
15.8929223303109
15.8868722795501
15.8893298073752
15.8995884063023
15.9213092890411
15.9612353286158
16.0067566929383
16.0541960558162
16.1034944403035
16.1471746127168
16.1788081754757
16.2040826353691
16.236035498585
16.269887583044
16.3168866014088
16.3823422721792
16.4626154185934
16.5379742969553
16.6083295634413
16.65972168259
16.6849143640124
16.6826115097509
16.6548544966224
16.5975143869999
16.5156281056311
16.4200243790686
16.3215780529811
16.2416172095111
16.2057004803161
16.2419517259949
16.3497214916857
16.4979405318589
16.8140729483515
999.99
999.99
999.99
999.99
999.99
999.99
999.99
999.99
999.99
999.99
999.99
15.8894399822013
15.8302506015684
15.8395920510846
15.831493802279
15.8418937475314
15.8458062074832
15.8399128948995
15.8378383474446
15.8448168485331
15.8618049501539
15.8901431225841
15.9355045971257
15.9870242459116
16.0388477360752
16.0896237159516
16.1584400669419
16.2165288620735
16.2689060726327
16.3298323522881
16.3942835564485
16.4229113499676
16.4645226249151
16.5164844692098
16.560967358338
16.6022825611201
16.6547682341933
16.689508205104
16.7035094412665
16.6964782267245
16.6590009667191
16.5925272328126
16.5094974303862
16.4200056690777
16.3420108125738
16.3038921283263
16.3414103655755
16.45547517042
16.6041548718803
16.9476170268969
999.99
999.99
999.99
999.99
999.99
999.99
999.99
999.99
999.99
999.99
999.99
15.9065754357915
15.6994439860748
15.7235068601703
15.7311383593747
15.7431947400911
15.7501262228001
15.7502946965229
15.7558625833755
15.7704979406998
15.7971978451447
15.8346700257139
15.8863414320353
15.9432680473747
15.9992440053121
16.050686016059
16.1541102306811
16.249102966701
16.3402109597612
16.4400499042872
16.5442528690414
16.5430507712961
16.5491023300279
16.5611314957854
16.5664750178004
16.5735199779859
16.6337827861854
16.6869547241655
16.7264132558504
16.747156137725
16.734285775831
16.6866110004709
16.618009042376
16.54008802825
16.4691336123414
16.4341293364781
16.4777665779909
16.6138601121435
16.7744771274756
17.1337784084376
999.99
999.99
999.99
999.99
999.99
999.99
999.99
999.99
999.99
999.99
999.99
15.9467912047302
15.5367043794775
15.5669965914851
15.5882441559702
15.6037974299879
15.6159265178508
15.6243788033982
15.6399598826144
15.6643740532814
15.7025634388082
15.7506429521094
15.8092577613426
15.8715051629284
15.9320252916274
15.9843845075866
16.1238643277943
16.2575819794105
16.3894787934946
16.5287237601608
16.6734939305979
16.641679122556
16.6111796363295
16.5827039748566
16.55177189864
16.5288881616859
16.6035833130133
16.6840863833275
16.7582182584551
16.8130695465235
16.8292218619659
16.8023234096854
16.7490469612025
16.6834148266632
16.6217477661956
16.5956017784911
16.6501226397931
16.809826949652
16.9804554307918
17.3380083534206
999.99
999.99
999.99
999.99
999.99
999.99
999.99
999.99
999.99
999.99
999.99
14.8884949494949
15.35128011758
15.3800262457353
15.4047149804224
15.4255715807727
15.4449274464586
15.4636693724516
15.4914330210886
15.5270076321657
15.578106181062
15.638515158396
15.7057060757313
15.7753071834321
15.8436215888073
15.9000845839607
16.0793233466955
16.2552361896767
16.4290586801331
16.6076770949541
16.7928307180463
16.7281218645013
16.6586553946981
16.5900266301438
16.5252031198162
16.4763918969265
16.5725732248183
16.6890663703489
16.8058758051301
16.9011042973367
16.9504978782603
16.9461432044326
16.9081776528987
16.8545924344222
16.8050509349919
16.7894281842778
16.840209773186
16.9838859734966
17.1440260578355
17.4719559194718
999.99
999.99
999.99
999.99
999.99
999.99
999.99
999.99
999.99
999.99
999.99
14.9176722978918
15.1872243651675
15.2219258126659
15.2613160973545
15.2870833726453
15.3125863038227
15.3396848580392
15.3766393433737
15.4188006738042
15.478118425425
15.5474490343823
15.6214732684858
15.6989015986981
15.7781310968185
15.8425973103485
16.0651201213243
16.2844829973246
16.4987629762165
16.7140329764126
16.9365769567887
16.835739058927
16.7278257897069
16.6210021249381
16.5233633376108
16.4477479237587
16.5618198910304
16.7054396457034
16.8547142858631
16.9801422907971
17.054739055968
17.0670418550838
17.0385946191619
16.9914676403283
16.9467099109697
16.9314230261138
16.9699952464939
17.0933119808335
17.2437383065508
17.5569286337085
999.99
999.99
999.99
999.99
999.99
999.99
999.99
999.99
999.99
999.99
999.99
14.9578999334644
15.0461998333291
15.0939917251627
15.1550939212922
15.1831535274886
15.2115486049397
15.2429034729629
15.2852225649439
15.3304952420639
15.3945658528031
15.470799280493
15.5531617393514
15.6413195018766
15.7358909861958
15.8141522189816
16.0372315668164
16.2538933239428
16.4595573306834
16.6603721477713
16.8672259196006
16.7728284508884
16.6704610899153
16.5722516403637
16.4890704789297
16.4334147675959
16.5615709318987
16.7258626598784
16.8989191570512
17.0461085951159
17.1379955993504
17.1617745335981
17.1391221842551
17.0931412784324
17.0454607996175
17.0223314858763
17.0418863555421
17.1418680362749
17.2869147829077
17.5546840805294
999.99
999.99
999.99
999.99
999.99
999.99
999.99
999.99
999.99
999.99
999.99
14.8945068923849
15.0130432872947
15.0375035098729
15.0815183320861
15.1109197294411
15.1405200868295
15.1727469982238
15.2158654774981
15.26096102796
15.326087676942
15.4067079978226
15.498461250915
15.6010968675814
15.713387874535
15.8079979935115
16.011822706419
16.2018017370091
16.3724021531581
16.5330406373021
16.7010566903723
16.6333459758729
16.5604963826705
16.4947582640989
16.4485502063063
16.4312318472815
16.5687007562333
16.7449327888059
16.9334371366172
17.0957263396748
17.2007166136467
17.2332091199702
17.2144021285396
17.1660190609997
17.1162547187247
17.0851904680681
17.0828919775873
17.1363283511225
17.258615106928
17.4513719216825
999.99
999.99
999.99
999.99
999.99
999.99
999.99
999.99
999.99
999.99
999.99
14.9110786142493
14.9983922261379
15.0067704706196
15.0401662982411
15.070824549019
15.1011201064007
15.1330527144362
15.1743409905915
15.216731673932
15.2789458306563
15.360355141698
15.4593284749147
15.5760212014634
15.7058558307763
15.8188709518984
16.0027951127496
16.1650931558844
16.2992501998871
16.4188834219531
16.5452430090047
16.5057164888939
16.4641502976739
16.4319281706821
16.4207594119895
16.438400649937
16.5782443822207
16.7571442918664
16.9521264077188
17.1218916361123
17.2333561489145
17.269720412346
17.2495464125522
17.191966410397
17.1340285692196
17.0910009273504
17.0645291259326
17.0748458816542
17.183292260743
17.3204538359284
999.99
999.99
999.99
999.99
999.99
999.99
999.99
999.99
999.99
999.99
999.99
14.976293760569
15.002013392791
15.0015866830696
15.0334307665338
15.0651536454949
15.095615838896
15.1259624061769
15.1630179854292
15.2016696030073
15.2581690429042
15.3363286610871
15.4392006507564
15.5672966744706
15.7112098279949
15.8404843487406
16.00172896507
16.1323540610905
16.2281773253418
16.3048707630167
16.3852234885263
16.373799339526
16.3660878833425
16.3659623199263
16.3869023842862
16.4379792295578
16.5769030687973
16.7526859091746
16.9518852218186
17.1278664912068
17.2447635374572
17.3073535997857
17.3076308848971
17.2631963404841
17.2211515009648
17.1911214360803
17.1248990280814
17.0932410084549
17.1436521362912
17.1832546045972
999.99
999.99
999.99
999.99
999.99
999.99
999.99
999.99
999.99
999.99
999.99
14.9951737484351
15.0017137900538
14.9963470290521
15.0231578561041
15.0554580100175
15.086598718915
15.115777686501
15.149131422727
15.1865944312064
15.2384756273041
15.3119814103631
15.4160508179093
15.5508638937441
15.7011912316327
15.8398433636993
15.9724990326682
16.0690730294286
16.1277334599482
16.1648508170376
16.2023212694481
16.2227820573739
16.2482010157256
16.2780721927177
16.362777238279
16.4789678325891
16.6641431478203
16.8873792663846
17.1406408913814
17.3036708661699
17.4070286226066
17.4453213793318
17.4156453818738
17.3351062555783
17.2982943480011
17.2737220057684
17.1769569503473
17.1217768135543
17.1326472401843
17.0899947551568
999.99
999.99
999.99
999.99
999.99
999.99
999.99
999.99
999.99
999.99
999.99
14.9577440490855
14.9955976975177
14.9912130398503
15.0139902029282
15.0477804256881
15.0819449549194
15.1125638891928
15.1438584008002
15.1812829542849
15.2276158549548
15.2931887793175
15.3920954562204
15.5266988049019
15.6751402368325
15.8154707838337
15.9371424024297
16.020427838815
16.0650699808837
16.088084486884
16.1103322070554
16.1417846750175
16.1805889781964
16.219039223991
16.3446871455094
16.5011531809254
16.7314841118902
17.0012104449764
17.3066543348992
17.4548961615908
17.5445984491175
17.5880835332024
17.5555884685362
17.4708873105967
17.4745470066977
17.4917316595717
17.3456730554675
17.2464638602841
17.1923181819524
17.0638009817011
999.99
999.99
999.99
999.99
999.99
999.99
999.99
999.99
999.99
999.99
999.99
14.9429932659933
14.9914758308319
14.9868305851233
15.0096645145135
15.0445600774058
15.0824103899839
15.1164677596658
15.1482522880623
15.1858244397949
15.2258947585194
15.2807729418188
15.3679003853909
15.4932389559456
15.6322925387405
15.7683265381987
15.8858182517692
15.968416747246
16.0140648849455
16.0400022716784
16.0611161505093
16.0953952578869
16.1349821564727
16.169811285973
16.3208198357986
16.5034945548469
16.7742716543421
17.0870218902231
17.4390656541679
17.5686239033501
17.6417051964467
17.689930432962
17.6571590830522
17.5752757674625
17.6135609768879
17.6670707836074
17.4679588274608
17.3292104900765
17.2103526373602
17.0328510664604
999.99
999.99
999.99
999.99
999.99
999.99
999.99
999.99
999.99
999.99
999.99
14.9494848887079
14.996897538159
14.9922559024886
15.0124126713349
15.0452831309884
15.0836192352802
15.1190281431601
15.1515080300713
15.1898907600257
15.2256127521338
15.2715178403166
15.3472058760869
15.4606558791671
15.5862506121078
15.7125499051049
15.8231369506483
15.9020265830382
15.946939307616
15.9761011918125
15.9967918538585
16.0306268167747
16.0703577017852
16.1024089906419
16.2787619988294
16.4890586696123
16.8023162738432
17.1567656704602
17.5507486112369
17.6591094250565
17.7146645768064
17.7691497754016
17.7424857079719
17.6750510552291
17.7575966727649
17.8538168621904
17.6133858223011
17.4426889637523
17.2625645887105
17.0381782874472
999.99
999.99
999.99
999.99
999.99
999.99
999.99
999.99
999.99
999.99
999.99
14.9316686024003
15.0112146554477
15.0085822934151
15.0204014943463
15.0477234788518
15.0824514052639
15.1160914874748
15.1479543670066
15.1855955352012
15.2177890290759
15.2573569036678
15.3234525876312
15.4245683325112
15.5360084446088
15.6512220029949
15.7542897420606
15.8302457726917
15.8761186260075
15.9112961524455
15.937076696773
15.9723913444368
16.0131285936004
16.0458755769055
16.2510766890576
16.5100022614828
16.8815641088372
17.2915245163942
17.7350104582329
17.8298603248616
17.8338474469375
17.8212151246993
17.7322261167284
17.6106292763599
17.6671092795352
17.7576520630514
17.5277692221304
17.3729850144829
17.2311339363336
17.0969593330211
999.99
999.99
999.99
999.99
999.99
999.99
999.99
999.99
999.99
999.99
999.99
15.0254559982723
15.0298115271456
15.0266726313404
15.03046631176
15.0511772684925
15.0804414466123
15.1114610864784
15.1434199808376
15.1796345209771
15.2092111648251
15.2447748261663
15.3033392588666
15.3930380533998
15.4930098159969
15.5987225820531
15.6955286646704
15.7687575649668
15.8154160327268
15.8551309060304
15.8856004373551
15.9218837677322
15.9647190589549
16.0010433463378
16.1700614292609
16.4121951910763
16.752390987849
17.126732651197
17.5271064404145
17.6535285501967
17.6499446564053
17.6633530888026
17.6067235120047
17.525752880893
17.5799518297198
17.6881269504644
17.4755569681894
17.3238777424331
17.2056131641143
17.1483764410737
999.99
999.99
999.99
999.99
999.99
999.99
999.99
999.99
999.99
999.99
999.99
15.1380811248372
15.0501056185218
15.043575886812
15.0409879766873
15.0539165303212
15.0753006457358
15.1018173463648
15.133461845477
15.1685175991116
15.1973640757258
15.2321900255662
15.2866860477015
15.3665910689357
15.4575854317945
15.5553896978345
15.6467374741689
15.7182138734804
15.7677684129034
15.812375071009
15.8476057725469
15.8852950509499
15.9289791877425
15.967768711437
16.1022871359644
16.3298390373843
16.6412273814284
16.9787936141374
17.3355395250544
17.4906766760325
17.4754272704365
17.454017840291
17.3780973022202
17.2834871832538
17.2804094124785
17.3511819718895
17.2122540909533
17.1171533913517
17.0774807715769
17.1526649712606
999.99
999.99
999.99
999.99
999.99
999.99
999.99
999.99
999.99
999.99
999.99
15.1254118345751
15.0670621885205
15.0626280236575
15.0513996127284
15.0567832881513
15.0694883476098
15.0902074023426
15.1206027232013
15.1550910069765
15.184569263967
15.2213193186838
15.2756910111373
15.3495525263552
15.4351778085007
15.5275720819843
15.6146041666138
15.6830359780679
15.734115836371
15.7798114166466
15.8173039555867
15.8542191199178
15.8985279581077
15.9402650923696
16.0445534245034
16.2616632435798
16.5495401957727
16.8589019801754
17.180788466799
17.370866995911
17.3490853801456
17.2965687661345
17.1958933352625
17.0797585552522
17.0178866343014
17.0496076642291
16.9980518767365
16.978657691801
17.0382724639134
17.2528418089376
999.99
999.99
999.99
999.99
999.99
999.99
999.99
999.99
999.99
999.99
999.99
15.0751348795739
15.0758326801794
15.0797292465606
15.0626015521453
15.0646999248366
15.072810692853
15.0902230199088
15.1196716421385
15.1533390687365
15.1822044011911
15.2189098466149
15.2716413164569
15.3403058014875
15.4222986102318
15.5118526588604
15.5960179752882
15.6633862951215
15.7162970092874
15.7614609237701
15.8002392748374
15.8372683673453
15.8808965823003
15.9248237769571
16.0005524019756
16.2064723850219
16.4701931515808
16.7530576924425
17.0420506791142
17.2665487280129
17.2382165366771
17.1534159941926
17.025629850439
16.8845508888396
16.7616148773039
16.753268139132
16.7751773556803
16.8179233304091
16.9634403092607
17.3039973005989
999.99
999.99
999.99
999.99
999.99
999.99
999.99
999.99
999.99
999.99
999.99
15.1089484156313
15.074099141604
15.0901280919468
15.0793962790194
15.0844178934849
15.0936750141749
15.110965846957
15.1404295144797
15.1718277345755
15.196999580518
15.2294765084311
15.2771912535212
15.3393295646909
15.4181047450214
15.5064526525856
15.588936132872
15.6563082579683
15.7100950670502
15.7524516537329
15.7889293053596
15.824206883591
15.8648170924123
15.9088203613082
15.9546779697196
16.1037244113703
16.3007329290074
16.5157258130337
16.7324726821547
16.9514965538097
16.9678910391078
16.9215399880505
16.8362608105816
16.7412990021824
16.6301022383912
16.6086105180073
16.6798429164966
16.7608532976126
16.921256079613
17.2768749418037
999.99
999.99
999.99
999.99
999.99
999.99
999.99
999.99
999.99
999.99
999.99
15.1803588263588
15.065549694962
15.097876093518
15.1051600029474
15.1177536183421
15.1308246789235
15.1483939299856
15.1751157526641
15.200720108497
15.2182595437717
15.2436740307487
15.2841479722229
15.3399356167727
15.4159113466074
15.5044110135827
15.586078367617
15.6544869775861
15.7086141459754
15.7475491060404
15.7801198898521
15.8118340718042
15.8476200204477
15.8883462811593
15.9351898702281
16.0582213406882
16.2198657083833
16.3979734976554
16.5763212794971
16.7560618163803
16.7851301808174
16.7451707841216
16.7005399534355
16.6498122123606
16.5820154330104
16.5782063832675
16.7103138498047
16.7904255895229
16.9260192579879
17.2565911236541
999.99
999.99
999.99
999.99
999.99
999.99
999.99
999.99
999.99
999.99
999.99
15.0816009070295
15.0575101772988
15.1082371412499
15.1382758374455
15.1628631366114
15.1824792241145
15.2003823614575
15.2222434572999
15.238591986531
15.2458446779426
15.2621902886875
15.294492108366
15.3449650299647
15.4188199694552
15.5074167972972
15.5883735842603
15.657406443751
15.7097905616886
15.7445350986169
15.772614807019
15.8005187488799
15.8312076602814
15.8681587751359
15.9131894763747
16.0074172092822
16.1310246436877
16.2726935085082
16.4138605722933
16.5578404488269
16.6038734974842
16.6014964188968
16.6462618129218
16.6890711341346
16.7135801708624
16.7764804631438
16.9640209619359
16.994421697098
17.0555425584972
17.3107229197205
999.99
999.99
999.99
999.99
999.99
999.99
999.99
999.99
999.99
999.99
999.99
14.8793527778197
15.053087958038
15.1223520186823
15.1790750082434
15.2190523918059
15.247039454825
15.2654601297287
15.2806898790379
15.285045822369
15.2801414652783
15.2860230318382
15.3088421348028
15.3536204439175
15.4238873004919
15.5103741255073
15.5889161196139
15.6576420585198
15.7075662462756
15.7395536479928
15.7649482629152
15.7913081151612
15.8185843610822
15.8516172699794
15.8927120070659
15.9561385650244
16.0390590605354
16.1350496350588
16.2310343811963
16.3317588427627
16.3868636056642
16.4139167529482
16.5545197271831
16.6978361635678
16.8245250163544
16.9890473402867
17.2370444865992
17.2145474082768
17.1970505821656
17.4047649168959
999.99
999.99
999.99
999.99
999.99
999.99
999.99
999.99
999.99
999.99
999.99
14.8103996728526
15.0516172901673
15.1368823632938
15.2237264541617
15.2789438266414
15.3145827370101
15.3327639197242
15.3407750437912
15.332356339591
15.3157135529417
15.3122770432957
15.3264928504504
15.364540549928
15.4292801687772
15.5099900993167
15.5829025931041
15.6485501873998
15.6957879124264
15.7267370358773
15.7520907341877
15.7797992383339
15.8067124087787
15.8365926010314
15.8729978343126
15.9063050338098
15.948776979687
16.0012515128208
16.0571374905417
16.1193822233279
16.1857623719471
16.2426057938497
16.4751386499456
16.7120999863782
16.948798267703
17.2247154343093
17.5525807389693
17.4981093667337
17.4238642090167
17.5777785319172
999.99
999.99
999.99
999.99
999.99
999.99
999.99
999.99
999.99
999.99
999.99
14.8372803646218
15.0663045403925
15.1597956223741
15.2654921299325
15.333287988456
15.3748723782145
15.3928607187495
15.3943448589978
15.3763768367424
15.3517275386203
15.3421594185076
15.3496693926918
15.3809179081835
15.4370598606848
15.5069334976686
15.569982677901
15.6284939088888
15.6714826034441
15.7024320705713
15.7305100429924
15.7621265959707
15.7917425865022
15.8205542933124
15.8532155944271
15.881490583881
15.9091092697836
15.9454685328165
15.9895919815158
16.0415091964531
16.098041494665
16.1625546549784
16.4613703629633
16.7642675960625
17.1163480025493
17.5329909986103
17.9702375426551
17.9153321085316
17.8369300709104
17.8857606432325
999.99
999.99
999.99
999.99
999.99
999.99
999.99
999.99
999.99
999.99
999.99
14.851600382454
15.0983149266965
15.1936687829776
15.3051594790259
15.3826011242513
15.4295868897678
15.4479540992658
15.4452213362281
15.4214421286406
15.3928714468649
15.3789328495736
15.3807027504727
15.4042625751472
15.4492098800449
15.5042529545369
15.5548217804942
15.6034356344115
15.6410861983217
15.6721003140708
15.7041761455497
15.741314183175
15.7765137990196
15.8084562577197
15.8420813859343
15.8707190847999
15.8971938879018
15.9311773823049
15.9750846469011
16.0253447505601
16.0780537978787
16.1381073519179
16.4640494348486
16.8274842276822
17.3261516608296
17.9150165483561
18.5133281909801
18.5607231749336
18.5132010642223
18.4230015049559
999.99
999.99
999.99
999.99
999.99
999.99
999.99
999.99
999.99
999.99
999.99
14.9860458358264
15.1370917565407
15.2327632811245
15.3457094873983
15.4293040622988
15.4811865652188
15.501717643878
15.4979559002737
15.4725936555695
15.4424887968626
15.4239393164189
15.4183594674725
15.4311841670195
15.4614276507715
15.4995528593598
15.536879457528
15.5751510181114
15.6078740794626
15.6393194417807
15.6753957243475
15.717895312528
15.7597812091005
15.7977648592847
15.8362199869114
15.8698351895514
15.9000248870011
15.9354709716498
15.9802282069167
16.0284389459681
16.0755413131932
16.1292946733811
16.4356269348232
16.8140894673113
17.4142490248943
18.1631329212251
18.9080864590488
19.1323740296935
19.1901691809143
19.0347259872954
999.99
999.99
999.99
999.99
999.99
999.99
999.99
999.99
999.99
999.99
999.99
15.0637996540819
15.1845130528179
15.2755778180491
15.3855458330925
15.4713161972578
15.5271212477401
15.5509681712911
15.5492745016168
15.5264047720034
15.4969870678553
15.4737214612292
15.4601018120746
15.4606053812939
15.4750188709635
15.4963313362649
15.5213354087549
15.5497492043448
15.5774611569794
15.6078922414401
15.6462615431917
15.6922218745919
15.7400969517052
15.7863178350742
15.8334877120124
15.8764806526898
15.9155899159131
15.9597400961934
16.0093846292411
16.0586299291612
16.1025088356062
16.1516082167639
16.4340067186709
16.825040503482
17.5218765234033
18.3788151163932
19.2314566456741
19.5972923966326
19.7240796048147
19.3969519653133
999.99
999.99
999.99
999.99
999.99
999.99
999.99
999.99
999.99
999.99
999.99
15.062019665713
15.2420664810454
15.3233176335661
15.4230646261011
15.5087108939255
15.5679503690524
15.595792313981
15.5973809744755
15.5784277825395
15.5505118963519
15.5220755465376
15.4999293468805
15.4886911168751
15.4885251940745
15.4952466910163
15.5108187514635
15.5317428627634
15.5547833133043
15.5828289125146
15.6210560760591
15.6672454007176
15.7189635829153
15.7741355425085
15.8323080600195
15.8879052720106
15.9397136902632
15.993375610094
16.0446814688783
16.0917267435959
16.128948044657
16.1718111906163
16.4325300110512
16.8422838093331
17.6135359830499
18.5550934062225
19.487093213559
19.9650731288143
20.130656973026
19.657208826708
999.99
999.99
999.99
999.99
999.99
999.99
999.99
999.99
999.99
999.99
999.99
15.1397711778478
15.2957464113322
15.3681404966513
15.4558859713699
15.5411469553286
15.603891843043
15.6362950617869
15.6418030757323
15.6260064889023
15.5987377801563
15.5646923882917
15.5339541548232
15.5122415825901
15.5007847353683
15.4968482716771
15.5068864165183
15.5242861258612
15.5448714145617
15.5705510957486
15.6065007405718
15.6501306243145
15.7027308761322
15.7650966862828
15.833849194112
15.9032132294345
15.9684511928953
16.0299402555973
16.0792187358516
16.1194623578168
16.1455405136938
16.1773602411192
16.414425942561
16.8437715470618
17.6234210065113
18.5854143444125
19.5337721659755
20.0598378408409
20.199259814333
19.6878230827999
999.99
999.99
999.99
999.99
999.99
999.99
999.99
999.99
999.99
999.99
999.99
15.2969394995249
15.3363051257932
15.4000871437266
15.4784182793296
15.562837449889
15.6292519067027
15.6669528157232
15.6776777242409
15.6662066090485
15.6395983391251
15.6006781953412
15.5629620501239
15.5326051779719
15.5119723144811
15.5003079925976
15.5070284938705
15.5230650188576
15.5429860325626
15.5678090331931
15.6017585256487
15.6422289675531
15.6940206303071
15.7611379100472
15.8375835910403
15.9181783920962
15.9942753452454
16.0604103849365
16.1047560171256
16.1359686809371
16.1494056207068
16.1693944527452
16.343873599495
16.6864010366863
17.2993492284492
18.1078464385995
18.8964937676009
19.373612179678
19.5265006643939
19.1547528230468
999.99
999.99
999.99
999.99
999.99
999.99
999.99
999.99
999.99
999.99
999.99
15.4535350149914
15.3567029951575
15.4108285503973
15.4845459246509
15.567620470462
15.6368093904997
15.6796855301996
15.6962223978521
15.6901916439805
15.6662857282163
15.6261678063073
15.5857128798628
15.5511490513645
15.5249989538296
15.5079313127398
15.5122269618675
15.5272529378081
15.5466903677492
15.5712180987697
15.6036503277313
15.6413780854076
15.6917870873111
15.7612434559673
15.8423250882664
15.9311139490703
16.014510559538
16.0823186947705
16.121119370303
16.1424075315196
16.1422182780143
16.1489349926462
16.2799787796688
16.552287583536
17.0160491206464
17.6227492630301
18.2061619322352
18.5473614958817
18.6294644714629
18.3155684441464
999.99
999.99
999.99
999.99
999.99
999.99
999.99
999.99
999.99
999.99
999.99
15.4031578972067
15.3615184617209
15.4085404034518
15.4715677031299
15.5535006921942
15.625671864553
15.6743457958674
15.6978266960322
15.6988800090261
15.6807533870083
15.6438148456176
15.6048474175597
15.5700920702174
15.5414498697585
15.5205561954129
15.5228449475743
15.5371390699991
15.5563750093911
15.5816353046764
15.6136795572329
15.6492385321809
15.6980211225888
15.7673723443454
15.8496223263315
15.942603481336
16.0291705706905
16.0955011580494
16.1286132653309
16.1404162322492
16.1274981277262
16.1216436750408
16.2079279971838
16.4049809038206
16.7157065423639
17.1400166324713
17.5421444920929
17.7730823083351
17.8145080623065
17.6250812858889
999.99
999.99
999.99
999.99
999.99
999.99
999.99
999.99
999.99
999.99
999.99
15.1893102989409
15.3394918910787
15.3849929531921
15.4459606763718
15.5256239480707
15.5991710912128
15.652872595246
15.6842910903024
15.6950050228866
15.6858731035418
15.6566775366554
15.623583923481
15.59210415041
15.5635961407216
15.5406053002485
15.5412984463155
15.5547288656896
15.5737137737957
15.6000984618898
15.632677062509
15.6665637717852
15.7131660844503
15.780111320409
15.8602562070789
15.9525789903964
16.0381740770707
16.1008027710776
16.1294884496211
16.1326799161189
16.1091910538764
16.0911669523159
16.1307573265035
16.2456823827725
16.4118004603769
16.6620094946689
16.8948617128759
17.0292045191832
17.0478548012126
16.9740071675234
999.99
999.99
999.99
999.99
999.99
999.99
999.99
999.99
999.99
999.99
999.99
15.3282716848257
15.3079778188294
15.3550110211201
15.419035489504
15.4925029162117
15.5637173009028
15.6197712025367
15.6589394205349
15.6815799132349
15.6847733210492
15.6672382447444
15.6440350838359
15.6189200820979
15.592556499011
15.5691514564071
15.5683769141382
15.5799629275841
15.5974180928126
15.62391912762
15.6573567342782
15.6900929285542
15.734580330026
15.7983567735399
15.8749825371418
15.962444382993
16.0440400683054
16.1028841870009
16.1295585135322
16.1282387753768
16.1086527207822
16.092106599546
16.0952859615302
16.1338785580654
16.1922998908885
16.2859825830507
16.3679195027907
16.425834164797
16.4459375255029
16.4464192034171
999.99
999.99
999.99
999.99
999.99
999.99
999.99
999.99
999.99
999.99
999.99
15.180662853858
15.2849837167655
15.3334447307118
15.3966883046707
15.4609668971755
15.5263605975079
15.5827439728495
15.6289048350075
15.6637231668026
15.68129649955
15.6781663295775
15.6667599004145
15.6502595030216
15.6286067995837
15.6068795295943
15.6055428026567
15.6148494614799
15.628940310377
15.6530572543956
15.6851948647329
15.7155616491686
15.7571678710691
15.8171599236245
15.8893929235089
15.9704484698828
16.0468491859226
16.1029684128814
16.1303351695605
16.1281221313692
16.1287120288093
16.1289397502073
16.143198955238
16.1839330921258
16.24623236527
16.270058369614
16.2897405786249
16.2916617304001
16.2680942039988
16.2303316840584
999.99
999.99
999.99
999.99
999.99
999.99
999.99
999.99
999.99
999.99
999.99
15.1487702191988
15.2855874588326
15.3346283804147
15.3866400489277
15.4405543621836
15.4987843124537
15.5538804487041
15.6054593803509
15.650856068139
15.681598293471
15.6920762183255
15.6920905526723
15.6845040807644
15.6690207156937
15.6511370177957
15.6508132218546
15.6588508968045
15.6697195425193
15.6905878539071
15.7200271741349
15.746579993165
15.7837416951309
15.8388245147698
15.9054349622192
15.9788825526761
16.0501594127421
16.1048017588902
16.1346079698051
16.1349112120168
16.1595586285389
16.1796227304753
16.2077106712173
16.2529288655741
16.3197353031516
16.3070744018289
16.2981074856751
16.277872509837
16.2439202509876
16.2005528931839
999.99
999.99
999.99
999.99
999.99
999.99
999.99
999.99
999.99
999.99
999.99
15.1867766850519
15.3026678055538
15.3467969293734
15.3945475414836
15.4374804625663
15.4872665074447
15.5395750294543
15.5939579368026
15.6463830226576
15.686967714983
15.7083264273252
15.71774194588
15.7185877836508
15.7104097833429
15.6984104643394
15.7005752917878
15.7082646544282
15.7163544623296
15.7333946724168
15.7585529947525
15.7802783689576
15.8118843219722
15.8612576010165
15.9216112773161
15.9876469497219
16.0544021405999
16.1091419658751
16.1430934407756
16.148486103362
16.1998839134256
16.2416470722716
16.2846290005208
16.3353755129811
16.4061073856883
16.3554848348154
16.3157224809331
16.2726679182356
16.2269455503712
16.2145888304674
999.99
999.99
999.99
999.99
999.99
999.99
999.99
999.99
999.99
999.99
999.99
15.285400574519
15.3408108582411
15.3803190178519
15.4169760636892
15.4498368565283
15.4920746063562
15.5418645564876
15.5976166910959
15.6534892768828
15.7002669317279
15.7289782870955
15.7446965782374
15.7519487178916
15.7507110790769
15.7451472950758
15.7498832228932
15.757739678792
15.763918916943
15.7773689691017
15.7975575094798
15.8148091023824
15.8408097331101
15.8843612974492
15.9384314851928
15.9981278858202
16.0610964887137
16.1170642496954
16.1558138022386
16.1687390668065
16.2492992201543
16.3150957098316
16.3746593144262
16.4337275866834
16.5084667519299
16.4192904882762
16.3479305525995
16.2831333841018
16.2246893601619
16.2418927922475
999.99
999.99
999.99
999.99
999.99
999.99
999.99
999.99
999.99
999.99
999.99
15.3389207053109
15.3874005979038
15.4205780705708
15.4463875349472
15.4727906459079
15.5107917458954
15.559894955248
15.6157659800372
15.6720984857126
15.7212593902356
15.7535034681187
15.7722005686559
15.783870702805
15.7880077591517
15.7879921393981
15.7948282385351
15.8029440444225
15.8077235700973
15.8184321498754
15.8339747515616
15.8477622894353
15.869594634779
15.9085795213983
15.9571578100267
16.0122904517425
16.0723277239037
16.1283598965015
16.1700443349639
16.1878584653791
16.277970169721
16.3492277888059
16.4092626091391
16.482713202342
16.5706783355109
16.48635283028
16.4254945727036
16.3802819098414
16.3081875607025
16.3504633716207
999.99
999.99
999.99
999.99
999.99
999.99
999.99
999.99
999.99
999.99
999.99
15.4612892383505
15.4331545063148
15.4614834222193
15.4823927190898
15.506300977049
15.542996650532
15.5918872446533
15.6457221316104
15.6989502548741
15.7462186183716
15.7780178152588
15.7970909084671
15.8111022459105
15.8190437584812
15.8234793891573
15.8317889443831
15.8402696809883
15.8449169563969
15.8543150744244
15.8668135466669
15.8789632883007
15.8985252890139
15.9346245523604
15.9791335356882
16.0309543363141
16.0887449264252
16.1440634485422
16.1866073189487
16.2085494580476
16.2824881498293
16.3337574394711
16.3695237673716
16.4355384157975
16.5137426817231
16.4617714016307
16.4390148601824
16.441376288212
16.3804984852821
16.4710927056373
999.99
999.99
999.99
999.99
999.99
999.99
999.99
999.99
999.99
999.99
999.99
15.5123452561118
15.4750547984952
15.4979364038178
15.5208011629844
15.5447859686985
15.5816845566495
15.6303799328982
15.6807815884617
15.7289244270729
15.7720521328111
15.801508164549
15.8196404103043
15.8345998415804
15.8450000635101
15.8526727162888
15.8614657061289
15.8691733496842
15.8735656102552
15.8817669767516
15.892186805599
15.90454009186
15.924868553003
15.9607232546685
16.0041046050135
16.0543834166357
16.1104501625333
16.1643762735109
16.2061223629586
16.2304791698805
16.2873058350346
16.3190435436493
16.3308137897253
16.3924095468583
16.4630728904545
16.4462120608318
16.4622841476227
16.5122257345882
16.4593486629916
16.5957154849119
999.99
999.99
999.99
999.99
999.99
999.99
999.99
999.99
999.99
999.99
999.99
15.4861514857025
15.5106001204215
15.5347008393646
15.5587064915068
15.5845464524732
15.6219994089865
15.6691722342592
15.7147487209183
15.7570143108644
15.7947721838802
15.8215000999811
15.8393985860061
15.8553436361847
15.8673410218013
15.8775007989584
15.886124079892
15.8919218937513
15.8955346616135
15.9026304756766
15.9122174145703
15.9266122481409
15.950806831037
15.9898473016984
16.035894851716
16.0867916576366
16.1421162299216
16.1941755825377
16.2330251155955
16.2561096479757
16.2922782879602
16.3022559483412
16.2881966749288
16.3464262450398
16.424471995162
16.4595254347463
16.5292596012591
16.6406383859094
16.6066172585272
16.700031234296
999.99
999.99
999.99
999.99
999.99
999.99
999.99
999.99
999.99
999.99
999.99
15.4591866281866
15.5440985602112
15.5688128226915
15.5991705471441
15.6277366113118
15.6650213264383
15.7081105809859
15.7460795296251
15.7811981489223
15.8123069470996
15.8357995368024
15.8545491334534
15.8727384862252
15.886611642937
15.8993826498115
15.9085103427762
15.9121217105578
15.9144016462266
15.9201990187824
15.9297674820453
15.9473826280294
15.9781828333044
16.0237860607212
16.0764815142035
16.1309162780452
16.1866544366805
16.2362156180581
16.2700693122808
16.2877410563033
16.2983298844338
16.2826323859644
16.2400443428433
16.2939573225002
16.3865268982267
16.4826345256315
16.6142570378181
16.7931938716236
16.7841288475496
16.8291592420466
999.99
999.99
999.99
999.99
999.99
999.99
999.99
999.99
999.99
999.99
999.99
15.5455146755425
15.5780235552163
15.6047621804567
15.6435160677044
15.6744384907049
15.7099665343223
15.7463387389076
15.7752535715374
15.8018766042126
15.8254259412823
15.8454488694562
15.8660180140688
15.8871132726783
15.9042813961293
15.9207761788374
15.9320498459217
15.9345402911334
15.9363916105462
15.9412625103011
15.95149623045
15.9725745894072
16.0104912349182
16.0631973107828
16.123997605904
16.1836100819563
16.2408946051291
16.289134896219
16.3189949498947
16.3313801812188
16.3232942261317
16.2886046957315
16.2231837313138
16.2384340522394
16.3221971931335
16.4472186399014
16.6084372234825
16.8229568799701
16.8878812528296
16.9209775840956
999.99
999.99
999.99
999.99
999.99
999.99
999.99
999.99
999.99
999.99
999.99
15.5498005959713
15.6188255449417
15.6454889731983
15.6881416915064
15.7202214673046
15.7527042421733
15.7812948588052
15.8013238170051
15.8202406082562
15.8368542197263
15.85406894237
15.8770802578724
15.9017211119547
15.9230954897332
15.944493279575
15.9599899362337
15.9636196207035
15.9666560436311
15.9718955052953
15.9836735292883
16.0079925359072
16.0525189040303
16.1120686356445
16.1816056506749
16.2474675411841
16.3073413089241
16.354967589201
16.3817671673847
16.3870595019494
16.3710622037267
16.328727554934
16.2530225708378
16.240413523861
16.3278968166621
16.4657106268075
16.6395758015954
16.8757524808439
17.0041439589759
17.0163913560159
999.99
999.99
999.99
999.99
999.99
999.99
999.99
999.99
999.99
999.99
999.99
15.5568594070789
15.6633121208503
15.6917091964861
15.7341394319088
15.7656733791261
15.7936612456463
15.8135647431399
15.824907100761
15.8371110815181
15.8480118038386
15.863409675273
15.8896950711876
15.918698365105
15.9452582323182
15.9724960176089
15.9940542025518
16.001549155577
16.0078227000564
16.0152365439394
16.0297027411398
16.056945440246
16.1064267026519
16.1718808387568
16.2488638815481
16.3206292172933
16.3830969836078
16.4299256343821
16.4532542458782
16.4504682229297
16.4243975279353
16.3717692738552
16.2853848365057
16.2419800778891
16.3309398127445
16.4778428565187
16.6621024453219
16.9164971542831
17.1094289837286
17.1050972263623
999.99
999.99
999.99
999.99
999.99
999.99
999.99
999.99
999.99
999.99
999.99
15.6201090731439
15.7072554498226
15.7383466461905
15.7824239507241
15.8115999453516
15.8341836563907
15.845507338618
15.8489273318417
15.8552544070712
15.8616208130779
15.8753829519754
15.9044184411254
15.9376880170546
15.9701595427552
16.0036971892879
16.0328179891203
16.0467649136556
16.0582636340589
16.0694822884159
16.0880573605134
16.1184036393066
16.1711141037332
16.2402708014273
16.3214836948144
16.3965412825571
16.4596354609697
16.5045468806371
16.5243393912364
16.5149283986385
16.4801001221708
16.418600874729
16.3247035266915
16.2511749367912
16.3162345869419
16.4444495217048
16.6120016899433
16.8551877595527
17.0855701864767
17.1280269037941
999.99
999.99
999.99
999.99
999.99
999.99
999.99
999.99
999.99
999.99
999.99
15.6744728435843
15.7571634494928
15.7885255523612
15.8281997911218
15.8539466907844
15.8712751077471
15.875610880251
15.8731480299514
15.8750036580358
15.8784250152321
15.8912651638375
15.9224216501648
15.9593948896444
15.9977370493037
16.0372711125162
16.0735827124338
16.0946607131732
16.1122434152737
16.1284412489025
16.1521064663023
16.1857168451477
16.2403081925839
16.3110041549338
16.3927298770295
16.4676533408939
16.5296577525794
16.5719442810625
16.5883521034724
16.574428945472
16.5336489862957
16.4660497055573
16.3682469459929
16.2675622684638
16.2977213834797
16.3949905394533
16.5330327739392
16.7512056374007
17.0040886121723
17.1054436279969
999.99
999.99
999.99
999.99
999.99
999.99
999.99
999.99
999.99
999.99
999.99
15.7027392709239
15.8061978404372
15.8372653138694
15.8694059398833
15.8910610660486
15.9036893996839
15.9029820847238
15.8963134886841
15.8956711025664
15.8980620601314
15.9108202450709
15.9433079021199
15.9834704463865
16.0262936576517
16.0701575017257
16.1117263046365
16.1388615269697
16.1613210791358
16.1823571016379
16.2110929102782
16.2483481373791
16.3045848894359
16.3764230369184
16.4569221304829
16.5299290118802
16.589228090412
16.6274359586386
16.6391306940076
16.6208732041034
16.5750812166798
16.5031516686989
16.4051413752082
16.3014066011069
16.2958257843776
16.3462832279968
16.4394218862231
16.6186284644647
16.8386608038068
16.9769605973867
999.99
999.99
999.99
999.99
999.99
999.99
999.99
999.99
999.99
999.99
999.99
15.8364335021025
15.8494859883615
15.8819886556395
15.9104618611615
15.9304172776512
15.9368703182266
15.9308720028451
15.9225095153774
15.9168430271871
15.914147406615
15.9266009469053
15.9627790673377
16.0085681903354
16.0626532423917
16.1111134375231
16.1570155499136
16.1850616081036
16.2052767649148
16.224901613956
16.2563225282471
16.2968352874516
16.3588523803826
16.4344152970689
16.5129451731183
16.5872524807229
16.6438600035061
16.6775479335502
16.6820422303419
16.6624059496696
16.6106348236961
16.5355860459327
16.4355400758955
16.331691591518
16.2889393445156
16.2920312310294
16.3356277541962
16.4846262916099
16.6495081450411
16.8137417479454
999.99
999.99
999.99
999.99
999.99
999.99
999.99
999.99
999.99
999.99
999.99
15.8933828763829
15.8863593084306
15.9169291570733
15.9454261658483
15.9641841423547
15.9635329442666
15.9548357937027
15.9463873843073
15.9345602346907
15.9275678553647
15.9428511431286
15.980647702969
16.0272935380016
16.0877184374919
16.1438587742284
16.184239356654
16.2076472750428
16.2262444537909
16.2441922928478
16.2731676290886
16.3223120500455
16.3920533456241
16.4729922509542
16.5503666770335
16.6193986374299
16.6719426741388
16.702278925455
16.6977210905444
16.6738719606471
16.6222787025041
16.547209436075
16.4469391266131
16.3427543077042
16.2739885802422
16.2328082187688
16.2243378806468
16.3348654459178
16.4707836539535
16.7401004300637
999.99
999.99
999.99
999.99
999.99
999.99
999.99
999.99
999.99
999.99
999.99
15.8632684217318
15.9703665625896
15.9919787924039
15.9925093040912
15.9855127984675
15.9984889663182
16.0859921715915
15.956112869193
15.9134876615835
15.9535768687371
15.8919972715373
15.9753737373737
16.0075082985153
16.1483777747611
16.2602818679578
16.3378578065372
16.2620131981839
16.2642533221714
16.2360425207777
16.2562496275179
16.3517918231594
16.4152877606327
16.4943210250841
16.6517824235385
16.7020348432056
16.729242484577
16.8451452554414
16.7602437415469
16.7777051617888
16.6376178685813
16.6436115560785
16.5179003591582
16.3719693601018
16.2400583384869
16.1547458607981
16.0629629394995
16.0302985052114
16.0193792881528
16.8063426726197
999.99
999.99
999.99
999.99
999.99
999.99
999.99
999.99
999.99
999.99
999.99
999.99
999.99
999.99
999.99
999.99
999.99
999.99
999.99
999.99
999.99
999.99
999.99
999.99
999.99
999.99
999.99
999.99
999.99
999.99
999.99
999.99
999.99
999.99
999.99
999.99
999.99
999.99
999.99
999.99
999.99
999.99
999.99
999.99
999.99
999.99
999.99
999.99
999.99
999.99
999.99
999.99
999.99
999.99
999.99
999.99
999.99
999.99
999.99
999.99
