999.99
999.99
999.99
999.99
999.99
999.99
999.99
999.99
999.99
999.99
999.99
999.99
999.99
999.99
999.99
999.99
999.99
999.99
999.99
999.99
999.99
999.99
999.99
999.99
999.99
999.99
999.99
999.99
999.99
999.99
999.99
999.99
999.99
999.99
999.99
999.99
999.99
999.99
999.99
999.99
999.99
999.99
999.99
999.99
999.99
999.99
999.99
999.99
999.99
999.99
999.99
20.3500423347462
19.6711130066217
20.6241622295629
21.0058837428541
21.2200518776616
20.8070573781619
20.5755208606724
20.9926587980351
21.3123018839465
21.8725772206887
22.2045373797708
21.4819488161857
21.8884478483189
21.8340505050505
22.342068025535
22.1570322990985
22.4984321160837
22.431003715603
21.9329172059068
22.615746242917
22.6181796008869
22.8775677783308
22.9329500530441
22.8935542315473
22.5102607282381
23.0968084930942
22.8476340541637
23.0509658255024
23.2965495975183
23.8480332543956
23.4130112222273
23.2994884685582
23.1291058201058
23.6368860707624
23.4117363421841
23.537866085779
23.5552814581856
23.4286820419225
23.7185817558361
999.99
999.99
999.99
999.99
999.99
999.99
999.99
999.99
999.99
999.99
999.99
20.641620510732
20.4509622648209
20.644115602492
20.7749381020779
20.9525206415992
21.0952081560571
21.1938311977603
21.3222514735358
21.498852915353
21.6403197028644
21.7943076971795
21.9195598122201
22.0416529182839
22.1132187546412
22.2305709655453
22.2867533302308
22.319809820374
22.3523832368859
22.4146770034025
22.483995851286
22.5781883808974
22.7184698732284
22.774449715597
22.8592158186088
22.9195739679617
23.0018996170794
23.097504762547
23.2684255251731
23.3564069692176
23.4306197526726
23.4546933767796
23.4704619271594
23.4207988795323
23.4182919494464
23.4367518288698
23.462698121914
23.472405737957
23.4842064134372
23.4834066503281
999.99
999.99
999.99
999.99
999.99
999.99
999.99
999.99
999.99
999.99
999.99
20.6280604778496
20.6937771877791
20.9015530295747
21.0483434143041
21.1919790288781
21.2785043292386
21.3572677183544
21.4498494364847
21.5868671942414
21.7198868656031
21.8703421559025
21.9939185810439
22.091857422115
22.1505893234358
22.2371038764161
22.2888675725753
22.3192075096141
22.3660483598755
22.4245028032601
22.4935220311454
22.5650414220788
22.6661208296859
22.7240534376692
22.8123483159774
22.8858066534024
22.9915687732316
23.1142396111371
23.2718736016424
23.3708129723866
23.456864959896
23.488389735982
23.4959678135247
23.4546835110179
23.4380241584265
23.4211828239522
23.4175731554537
23.4157877672521
23.4218650984456
23.4261599411832
999.99
999.99
999.99
999.99
999.99
999.99
999.99
999.99
999.99
999.99
999.99
20.5008520923521
20.8359660490654
20.9903063618731
21.1559446427081
21.2749471085052
21.3564558738586
21.4334474810111
21.5156133587661
21.6184953195187
21.743182122386
21.889112931886
22.0177639394777
22.1150912654268
22.1872960377198
22.2421646994236
22.2801732534249
22.3163132685863
22.3649109261348
22.4170767417517
22.4828286124789
22.5465310605963
22.6244096648074
22.7039371161906
22.7958476648643
22.8984595675648
23.0296258524505
23.1663027434873
23.2977536652471
23.4045788539384
23.4862860710641
23.5207215649684
23.5122828029852
23.4811182745779
23.4523336399187
23.4164436737322
23.3938496317252
23.3839078003194
23.3861101795643
23.395110914694
999.99
999.99
999.99
999.99
999.99
999.99
999.99
999.99
999.99
999.99
999.99
20.7153546163477
20.9384723871124
21.0261719808143
21.1965878953459
21.2851006134194
21.347965298848
21.4105239952849
21.4898825375871
21.5961864005457
21.7267948378532
21.8767076452368
22.0053830136748
22.0981350606553
22.1617233064784
22.2106993955805
22.2482601926643
22.2888024679649
22.3440688629772
22.4009592997008
22.4642832079896
22.527179760921
22.6046592631703
22.6878496713557
22.7890684036663
22.9084727809356
23.0477294076883
23.1895344186394
23.321344302972
23.4251572725617
23.49945036754
23.5322172191535
23.5231165246666
23.4909120926337
23.4602508808624
23.4215870002926
23.3930909562028
23.3761211665324
23.3740597725213
23.3797723007624
999.99
999.99
999.99
999.99
999.99
999.99
999.99
999.99
999.99
999.99
999.99
20.431430597664
21.0138099120479
21.0124338333588
21.1540125622739
21.212836992452
21.2661005434269
21.3282485434358
21.417920237464
21.5368958021067
21.6781673998616
21.8305588804441
21.9547274794683
22.0415455952631
22.0985409831918
22.1459716868315
22.1898815147808
22.243691274717
22.3121028747203
22.3801602098892
22.4477487222998
22.516483023567
22.5990308002997
22.6906337972551
22.8014362394504
22.9331526145423
23.0744482414012
23.2125028674225
23.3349425441124
23.4291583446625
23.493137140846
23.5236077674223
23.5181956591111
23.4935994798089
23.4712272776774
23.4394365437873
23.412461886077
23.3923684776432
23.3849562362353
23.3828725074753
999.99
999.99
999.99
999.99
999.99
999.99
999.99
999.99
999.99
999.99
999.99
20.4313498574596
21.0515740788806
20.9644029153353
21.0560969986708
21.0884083597482
21.1407451285645
21.214580692267
21.3232875397121
21.4623212501381
21.6177182345512
21.767175107465
21.8806397002392
21.9596603573076
22.0099900907025
22.0594101643265
22.1183978433526
22.1947734176236
22.2810338592256
22.3654834436658
22.4416237125447
22.5181377933564
22.6058568444551
22.7049089289589
22.8200048220827
22.9554395578826
23.0904836487667
23.2157566498263
23.3221035662196
23.4029754082165
23.4565165715479
23.4859920593531
23.4896580149127
23.4806148849496
23.4753896014643
23.4590550579631
23.4403703614117
23.421127587176
23.4082661325591
23.3954761113016
999.99
999.99
999.99
999.99
999.99
999.99
999.99
999.99
999.99
999.99
999.99
20.8534782795602
21.0088653850865
20.8756941086888
20.9223468338829
20.9317389060414
20.9876944278661
21.081391397606
21.2145926328145
21.3790968914057
21.5494277335302
21.6924016513449
21.7922458332185
21.8625452753859
21.9066723147523
21.9613976781038
22.0394522207157
22.1407129337058
22.2464760551703
22.3495738591557
22.4356603108946
22.5214184875163
22.615016894288
22.7196233887704
22.8337560893076
22.9665748034386
23.088977155599
23.1953530299009
23.2823742080415
23.3490990565738
23.3920931951002
23.4218689166776
23.4375271810509
23.4476266777251
23.4639798391739
23.4686150892338
23.4627165989285
23.448533379033
23.431894305708
23.4076735179123
999.99
999.99
999.99
999.99
999.99
999.99
999.99
999.99
999.99
999.99
999.99
21.0053108939067
20.9302049809916
20.7907509087982
20.7897033677379
20.7850205193682
20.8465532539125
20.9600759130847
21.1154086798727
21.3019420546892
21.4823989233887
21.6168445236338
21.7027561340475
21.7630985182802
21.8024384744609
21.8628031890737
21.9588903321723
22.0827459224304
22.2071494094037
22.3286598014991
22.4261348835784
22.5205091271928
22.6192255725696
22.727183022346
22.835922392766
22.9599788959309
23.0663709502986
23.1512798339798
23.2184322425526
23.2725086736474
23.3074825790898
23.3398269426907
23.3699281028769
23.4005944683836
23.438990861599
23.4658118701212
23.4751901492345
23.4690449587128
23.451028747018
23.417922874718
999.99
999.99
999.99
999.99
999.99
999.99
999.99
999.99
999.99
999.99
999.99
20.9186003665324
20.8543017108895
20.7204464093585
20.6654184692303
20.6559767298832
20.7242133943419
20.8556168011521
21.0272535109611
21.2279178364576
21.4138139961216
21.5392182451135
21.6121780377021
21.6631597788365
21.7003238227702
21.7662138192617
21.8781483489921
22.0217168430433
22.1636876155892
22.3018245914687
22.410113385774
22.5104812094416
22.6103036606727
22.7147617720673
22.8120455084173
22.9211740766983
23.0101086281745
23.0758121744755
23.1295665979939
23.1772609037528
23.2111537889533
23.249380371196
23.2940115654715
23.3418036020517
23.3976687242934
23.4435578143968
23.4685037782971
23.4729253529708
23.4587960506912
23.4237284681559
999.99
999.99
999.99
999.99
999.99
999.99
999.99
999.99
999.99
999.99
999.99
20.7537445003976
20.7744073294552
20.645313365846
20.5585371975281
20.5491976552178
20.622222965258
20.7653412225666
20.9456070759295
21.1528898285724
21.3409493531644
21.459928341118
21.5261986063461
21.573522398859
21.6115253840485
21.6829595340016
21.8075985771679
21.9644146722402
22.1190268643518
22.269592516486
22.3857076102417
22.4878596585587
22.5845269677551
22.6791155042222
22.760773838913
22.8520452387701
22.9236135791396
22.9740476941276
23.0211861455655
23.0680170079682
23.1048505599613
23.1503573035581
23.2066980871192
23.2657998376533
23.3325791902407
23.392764938437
23.431821280912
23.4488859031923
23.4441888310901
23.4143585995126
999.99
999.99
999.99
999.99
999.99
999.99
999.99
999.99
999.99
999.99
999.99
21.0580115440115
20.678078300516
20.5668762561778
20.4701785684376
20.4624566378789
20.5339791333215
20.6783841373408
20.8563517178249
21.0586054366334
21.2420993326127
21.3588938381891
21.4260242808072
21.4776377321641
21.5246115943947
21.6050587364159
21.7396386623544
21.9040832535842
22.0678353712785
22.2267961271188
22.3494381201319
22.4514614075399
22.5451366382896
22.6285239819416
22.6949340853622
22.7700055531848
22.8286159560456
22.8681397057576
22.9131156897465
22.9630129122472
23.0038975748717
23.0554740984326
23.1200214016152
23.1847468659031
23.2563925238851
23.3261635594263
23.3773068111244
23.4072927059457
23.4155297030338
23.3951902146467
999.99
999.99
999.99
999.99
999.99
999.99
999.99
999.99
999.99
999.99
999.99
21.0836472892187
20.5930457107976
20.4900489314632
20.3956397266624
20.392175920203
20.4593599273949
20.596239897201
20.7641440192134
20.9537227525471
21.129535409892
21.2490299164758
21.3238807152591
21.3844668908093
21.4427794057493
21.5307767649142
21.6699731667084
21.8374315023533
22.0081998008818
22.1753787787311
22.3078999952665
22.4123018638411
22.5052785927867
22.5792012576365
22.6326198505984
22.6917622205043
22.7396627804758
22.7701408213343
22.8130542798779
22.8648203649729
22.9089833503602
22.9637460044932
23.0323189508937
23.0994513563178
23.1739186557383
23.2517569109888
23.3156528499787
23.3611504637596
23.3859684595139
23.378452894858
999.99
999.99
999.99
999.99
999.99
999.99
999.99
999.99
999.99
999.99
999.99
20.8128271389856
20.5044746892858
20.4090287068113
20.321962131435
20.3244114836144
20.3888332716906
20.5167855192461
20.6730494728896
20.8493990368329
21.018902912864
21.1430949423019
21.2288533267214
21.3020854673954
21.3725230452896
21.4665755782264
21.6068833562542
21.7727042396663
21.9456000628663
22.1169675788077
22.2579307846581
22.3654179943708
22.4598964176289
22.5283818938958
22.5744647454802
22.6222446755246
22.6631024170728
22.6873789355205
22.7268066627298
22.7769878808925
22.8209121274833
22.8741964075888
22.9405205373978
23.0067165407355
23.082391006582
23.1677402282926
23.2455106600084
23.3097638765658
23.3546994644567
23.3625409786631
999.99
999.99
999.99
999.99
999.99
999.99
999.99
999.99
999.99
999.99
999.99
20.540609446883
20.3960741631083
20.3155602471713
20.2534362736906
20.262406191731
20.3264030521246
20.4455915366864
20.5909839953335
20.7577396405863
20.9231442765188
21.0529551160419
21.1509878602443
21.2378538556538
21.3183651939536
21.4166403715511
21.5555187225022
21.7154299984245
21.884635340872
22.0547173604766
22.1991360253863
22.3069172226817
22.403982881422
22.472348409024
22.5187065600549
22.5636483828088
22.6039423543798
22.6250246618172
22.658680444803
22.702327147503
22.7397189498633
22.7860544769593
22.845275550637
22.9090365745907
22.9867507446237
23.0805719252602
23.1731305845431
23.2576970078255
23.3235955742164
23.346204638819
999.99
999.99
999.99
999.99
999.99
999.99
999.99
999.99
999.99
999.99
999.99
20.2858216636248
20.2776188723949
20.2254481684449
20.1937376345171
20.2117385428877
20.2790814783931
20.3930874458978
20.5311851624998
20.6916308422678
20.8535032213104
20.9884026296762
21.0963774543018
21.1930311963428
21.2802506724684
21.3796084081169
21.512610095588
21.663074101211
21.8241120447615
21.9875269095316
22.1311721321668
22.2383121071258
22.3382800047182
22.4111491903236
22.4641376530009
22.5135298837869
22.559056642958
22.5811537620732
22.6092660417349
22.6441866993431
22.6714878932751
22.7059018557639
22.7537551162861
22.8125483155269
22.8915248745203
22.9933003675514
23.1014981798254
23.2076023469847
23.2953637207949
23.3332324058865
999.99
999.99
999.99
999.99
999.99
999.99
999.99
999.99
999.99
999.99
999.99
20.1671910946197
20.184365957126
20.1478456097843
20.1451537914069
20.1761416051221
20.2534067540301
20.3697445547197
20.5078398341432
20.6675815501614
20.8282624359173
20.9652422322458
21.0770592444708
21.175841159322
21.2622187582539
21.3568729370583
21.479606993385
21.6179697976941
21.7676514040153
21.9201457235127
22.0581532974299
22.1623867219243
22.2622360634518
22.3397465991425
22.4020691130306
22.4587543779028
22.5122200168659
22.5398761427924
22.5643031961219
22.589520008071
22.6060280251482
22.6257460080991
22.6581772917144
22.7101996687378
22.7891905254934
22.8979957569992
23.0223351667018
23.151521013823
23.2615536819372
23.3175894596772
999.99
999.99
999.99
999.99
999.99
999.99
999.99
999.99
999.99
999.99
999.99
20.1179914199235
20.1093569398756
20.0915376042368
20.1134195797149
20.1600003448723
20.2516041746833
20.3770051101893
20.5216169510858
20.6847526138558
20.8453653326495
20.9801527781643
21.089232139102
21.1831734720344
21.2624180063867
21.3477519933779
21.4590209351226
21.5848471275905
21.7221210760333
21.8613612788164
21.9887550223188
22.0850532718403
22.1781926240765
22.254633299373
22.3219804748249
22.3849619270213
22.4460227781408
22.4824423933189
22.5068185389947
22.5256906222041
22.5340405514779
22.5411688833891
22.5591214715933
22.6037480247814
22.6804117680083
22.7932787498734
22.9307264637401
23.0787609738721
23.2090600215743
23.2852080509237
999.99
999.99
999.99
999.99
999.99
999.99
999.99
999.99
999.99
999.99
999.99
19.9799411009045
20.057714552995
20.0599933354933
20.1025486348187
20.166603674369
20.2744216515525
20.4126306694515
20.5663560024053
20.7322880918466
20.8902898043277
21.0183580205748
21.1178501277919
21.1995548630959
21.2662824399924
21.3386144142081
21.4379518857894
21.5541036420753
21.6837437310701
21.8140921416722
21.9334557845292
22.0221045011187
22.1043863111513
22.1722995577611
22.2359389262165
22.2975704855061
22.3602014359477
22.4033906780927
22.4302454071278
22.4467418261849
22.4518731146688
22.4520250056067
22.4608896420894
22.5006422720371
22.5756592987596
22.6909386907455
22.8372412765464
22.9981187040553
23.1437041225314
23.2389268249336
999.99
999.99
999.99
999.99
999.99
999.99
999.99
999.99
999.99
999.99
999.99
19.9326897370922
20.0284314695319
20.0447242039053
20.1064829953358
20.1904594272454
20.3159281769103
20.4688584564691
20.6316797726098
20.7961161128323
20.9457348025843
21.0605822833586
21.1435022505969
21.2059863183244
21.2558601977177
21.3131233098437
21.4010686934961
21.5117407822321
21.6415950415601
21.7730859498586
21.8937894490188
21.9825341549492
22.0556487740843
22.1112224179462
22.1619617944033
22.2105713445334
22.2629217327065
22.3060028022438
22.333545929188
22.3501288367826
22.3575501383156
22.3579392631005
22.3640355804576
22.402505440934
22.4764598970156
22.5919414939251
22.742667322628
22.9111251558452
23.0676520123002
23.1812836863193
999.99
999.99
999.99
999.99
999.99
999.99
999.99
999.99
999.99
999.99
999.99
19.9111672649843
20.0158734172761
20.0377774603912
20.1170659745529
20.2206367600036
20.3624736687586
20.5296862474474
20.7012165943932
20.8611167934705
20.9986001895765
21.0952941816425
21.1558371139261
21.193870267028
21.2226318090384
21.2622815403117
21.3397933313088
21.4489610325522
21.585512121786
21.7280456095717
21.8614577823806
21.9600363642625
22.0309309519526
22.0758118687469
22.1097765418338
22.1362187751495
22.1675083634808
22.1996207523853
22.221299676533
22.2358904220047
22.247764262576
22.2542146236039
22.26502664971
22.3081611432393
22.3842962014222
22.499955224945
22.6512752943056
22.8217563006591
22.9837956321308
23.1129876016914
999.99
999.99
999.99
999.99
999.99
999.99
999.99
999.99
999.99
999.99
999.99
19.9446527243566
20.0005734386466
20.0349459925822
20.1287848449868
20.2473749992683
20.400961770476
20.5779302484664
20.7546540837772
20.90874221918
21.0330907170876
21.110279922808
21.1469329159241
21.1582092886764
21.1630096821555
21.1825483897492
21.2494164283981
21.3591700804615
21.5069077710304
21.6685737289778
21.8259760249249
21.9449427111587
22.0235352502064
22.063380975827
22.0801203673892
22.0791385760026
22.08117674529
22.0913137938469
22.1002295519013
22.1109997163941
22.1284836493034
22.1467269474181
22.1707303414245
22.2241383760928
22.3060184977621
22.4225567512202
22.5708433960417
22.737968919083
22.9019726456883
23.0433891684873
999.99
999.99
999.99
999.99
999.99
999.99
999.99
999.99
999.99
999.99
999.99
19.972843203061
19.9779773385114
20.0286460354264
20.1341668503063
20.2624776965728
20.4223541278483
20.60446159267
20.781358458786
20.9273728477394
21.0365134620806
21.0936326252028
21.104827904591
21.0897182044034
21.0714388933235
21.0726442195896
21.1286489790488
21.2390264854538
21.3971650880734
21.5780741454566
21.7627322218622
21.9086831556018
22.0048443178947
22.0499703320593
22.0582875458135
22.0344990381666
22.0084147566456
21.9932352783142
21.9861594175101
21.9907612097507
22.0130313072158
22.0450440900151
22.0863786056711
22.1541375429047
22.2454383156067
22.364644744275
22.5089314609161
22.6707972301961
22.8336705782953
22.9832987485661
999.99
999.99
999.99
999.99
999.99
999.99
999.99
999.99
999.99
999.99
999.99
19.8525896646907
19.9558657630374
20.0154785794779
20.1245575162208
20.2556967553337
20.4146634488841
20.5958399899912
20.7696024949398
20.9077747880504
21.0028869220736
21.0431607270126
21.0322367708222
20.9939692617873
20.9550781787626
20.9417028180849
20.9881210740838
21.0975261002834
21.2626443317663
21.4598476197073
21.6687139173946
21.8421572330104
21.9620351822214
22.0218163591582
22.0319938635145
21.9954230652314
21.9479161356763
21.9097713781894
21.8865704812894
21.8835027698977
21.9082285759751
21.9528288607918
22.0113984110412
22.0937291783996
22.1951907559833
22.3178557835853
22.458767732183
22.6153434542605
22.7762990647071
22.9316367381718
999.99
999.99
999.99
999.99
999.99
999.99
999.99
999.99
999.99
999.99
999.99
19.7722525202247
19.9249521394198
19.9893954445802
20.0941025514183
20.219967041721
20.3694689545316
20.5437306834491
20.7130388470389
20.8468620871948
20.9335154580362
20.964751622653
20.9394289912485
20.8848471609019
20.830692342947
20.806118900329
20.8438128278625
20.9497493530078
21.1159052649649
21.3216097725005
21.5485674269545
21.7456410842482
21.8914992379706
21.9726698562985
21.9948087666176
21.9563816726348
21.8971698200696
21.8404392651077
21.802690752158
21.7912488068969
21.8154608289887
21.8690046840893
21.9425794540849
22.0378547452236
22.1488284408941
22.2764058650068
22.4159301384899
22.5685970891339
22.7278133166917
22.8869615725008
999.99
999.99
999.99
999.99
999.99
999.99
999.99
999.99
999.99
999.99
999.99
19.7865990165467
19.8747488989621
19.9484592855356
20.0419245528657
20.1558722690452
20.2905215782326
20.4528831420561
20.6149395599814
20.7481019109308
20.8324328187104
20.8615534881907
20.8301453793029
20.7678198846752
20.7055821073037
20.6758640481403
20.7086166303205
20.8112811291183
20.9758393297649
21.184461982627
21.4210844526432
21.6338141848939
21.8014184432679
21.9039188346086
21.940921894796
21.9079854187403
21.8456360387402
21.7778210419107
21.7299378528889
21.712962404454
21.7364439275074
21.7964091196753
21.8810325838468
21.9857515797591
22.1035105379597
22.2357514202855
22.3757603874068
22.5268691791732
22.6861567345276
22.848506216595
999.99
999.99
999.99
999.99
999.99
999.99
999.99
999.99
999.99
999.99
999.99
19.804066810464
19.8102113805988
19.8948139485702
19.9677026463018
20.06761152979
20.1843943302144
20.3324421814656
20.4872278847945
20.6219912535516
20.708395108506
20.7427832133313
20.7129359617452
20.6503000118792
20.5866275157803
20.5576346752007
20.5884599145971
20.6893277752967
20.8511903403157
21.0589778869538
21.2971173314496
21.5176202650832
21.6995326542599
21.8198413497336
21.8718108530629
21.8498491072826
21.7910375615294
21.7201679667423
21.6673181717115
21.6474759227181
21.6703949227372
21.7340162477216
21.8250394471397
21.9351218879862
22.0561740987174
22.1916285783577
22.3336799253206
22.4850023776749
22.6445440746312
22.8083724468645
999.99
999.99
999.99
999.99
999.99
999.99
999.99
999.99
999.99
999.99
999.99
19.7955386090874
19.712460227165
19.8108474425959
19.8788503667677
19.965584665769
20.0649819987337
20.1969257572976
20.3439672011102
20.4808079329107
20.5729821777141
20.6176674633188
20.5970943828368
20.540976356293
20.4817222041648
20.4572481908798
20.490348315413
20.592211652906
20.7534991160518
20.9617751393879
21.1996557015397
21.4233851497045
21.6141584484004
21.7466525032411
21.8076857403878
21.7937529413464
21.736905719567
21.6631143261961
21.6068999987316
21.5867537340325
21.6105431545064
21.6769479407528
21.7714353811833
21.8823474329397
22.0018393525606
22.13748861039
22.281274725104
22.4335554300838
22.5941943879867
22.7591304102006
999.99
999.99
999.99
999.99
999.99
999.99
999.99
999.99
999.99
999.99
999.99
19.7684673942008
19.6018001802488
19.713470087046
19.784208801672
19.8619347387638
19.9483076860471
20.0656394467925
20.2036589429909
20.340107191218
20.43787658334
20.4942214862131
20.4866547251952
20.4421974750431
20.3924341971834
20.3747667014194
20.4121787231881
20.5172175499183
20.6800075734588
20.8904187919453
21.1295250880238
21.3563028240125
21.5533184618872
21.6936589159959
21.7583686120833
21.747294756057
21.6887289434997
21.6097665400459
21.549521811789
21.5299548019743
21.5552244448212
21.6226410581796
21.7174609262708
21.8250689265309
21.938272727435
22.0706347424683
22.2146223937346
22.3673698283569
22.5296979636498
22.6959496947507
999.99
999.99
999.99
999.99
999.99
999.99
999.99
999.99
999.99
999.99
999.99
19.2395498112032
19.4875520292153
19.6168795415714
19.6934877948451
19.7667649016409
19.845383741032
19.9498970388967
20.0767512709534
20.2092575538106
20.3108327605989
20.3777211541974
20.3837752262563
20.3530983432011
20.3148946476184
20.3049272904442
20.3472204130919
20.4564862435243
20.6227212362014
20.8380669171892
21.0808367959187
21.3122693004255
21.514375323537
21.6600671359515
21.7246008425372
21.7123401968368
21.6490445757257
21.5643614207152
21.4997167484569
21.4802406943435
21.5060784163078
21.5720668660027
21.6635641864633
21.7641649036159
21.8681835864777
21.9943891032214
22.1366867033648
22.28809898203
22.4509636309711
22.617285578655
999.99
999.99
999.99
999.99
999.99
999.99
999.99
999.99
999.99
999.99
999.99
19.1050188344369
19.3959824122372
19.5112335557895
19.6109804893669
19.6798830794408
19.7514934102519
19.8439394377369
19.9596412007394
20.0867676742765
20.1917585544082
20.2701802150552
20.2915616775554
20.2752969817317
20.2489677230671
20.2460118283616
20.291632725216
20.4040854360871
20.5739525323532
20.7945950748286
21.0421146212374
21.279228557734
21.4855674543544
21.6346635219573
21.6978857821661
21.6837563754164
21.6161816078288
21.5272105974267
21.4600332719047
21.4405296641155
21.4654893779514
21.5272697181914
21.6127432835298
21.7038284496439
21.7973983986029
21.9153464850221
22.0531253254469
22.199758795076
22.3594234616763
22.5228477407317
999.99
999.99
999.99
999.99
999.99
999.99
999.99
999.99
999.99
999.99
999.99
19.1424976293548
19.3061955720692
19.409859830712
19.5367268365657
19.5986118311044
19.6618308228845
19.740509838617
19.8432100003746
19.9637377332965
20.0710605117265
20.1607598057921
20.2001785117069
20.2014977503281
20.1901619982464
20.1968065466965
20.247498946419
20.3626314000497
20.5352208913542
20.759266798512
21.0102583737767
21.2519204496409
21.4619492486616
21.6134663833423
21.675942602079
21.660550064442
21.5903047180099
21.498296060822
21.4296095126095
21.4089646755873
21.4305015610601
21.4849681338933
21.5618040079057
21.6418909938809
21.7249643639168
21.8334292461242
21.9636737102276
22.1021258409816
22.2545354916682
22.4120255550747
999.99
999.99
999.99
999.99
999.99
999.99
999.99
999.99
999.99
999.99
999.99
18.7759750768009
19.2580299198082
19.3358369784468
19.4602483218063
19.5082197337603
19.558488214384
19.6219116407263
19.7118463152564
19.8277592225531
19.9397539487464
20.0436556816768
20.1046971626725
20.1268294782914
20.1324295688032
20.1505784045875
20.2068992256217
20.3248439000371
20.4997609958734
20.7251692425881
20.9774075805557
21.2216326148513
21.4320075496502
21.5838975883997
21.6473205045842
21.6335531069326
21.5655593755921
21.4757806153751
21.407415680644
21.3838231073512
21.3986615659592
21.4420647995512
21.5077514726074
21.5770405512094
21.6516331531814
21.7514945101933
21.8724689291811
21.9998768402646
22.1413952394082
22.2892909077833
999.99
999.99
999.99
999.99
999.99
999.99
999.99
999.99
999.99
999.99
999.99
18.6673781166569
19.2233659050002
19.267176972739
19.3735976862089
19.4020768921439
19.4346313806503
19.4795041712546
19.5564883043156
19.6696540542935
19.7893016669708
19.9105245030312
19.9979645428559
20.0448603239263
20.0705097864127
20.1037238787469
20.1681282575958
20.2903559703972
20.4669224613773
20.6905130664529
20.9390911440599
21.1804867630832
21.385897691381
21.5360279995809
21.6013377244916
21.5926093661086
21.5324004624977
21.4503612331328
21.3845840283433
21.3579023241621
21.3644548490898
21.3956550415235
21.4498369452496
21.5102610413041
21.579548830528
21.6728225808868
21.7833697925647
21.8980315770257
22.0251684776813
22.1600308782303
999.99
999.99
999.99
999.99
999.99
999.99
999.99
999.99
999.99
999.99
999.99
18.8051895435188
19.210835254168
19.1947900953509
19.2627267059711
19.2691315142881
19.2819620706691
19.3081897333857
19.372865570945
19.4834100510259
19.6114565149269
19.7518836419485
19.8692577706951
19.9456990220887
19.9971761089822
20.0522197974291
20.1310158308828
20.2624938590061
20.442392753883
20.6617088221008
20.8998012655629
21.1301248414732
21.3226753717656
21.4654376626579
21.5308864146496
21.5296666546471
21.4814372795161
21.4111634797062
21.350742854224
21.3232576776268
21.3227238832626
21.3433652239228
21.388064713387
21.4422777820702
21.5075425074984
21.5939719910624
21.691804492063
21.7915159871079
21.9018189166684
22.0222648015674
999.99
999.99
999.99
999.99
999.99
999.99
999.99
999.99
999.99
999.99
999.99
18.9529425155343
19.1573912385078
19.1012380589364
19.1279735522373
19.1178317506068
19.1141460153437
19.1253315845073
19.1781318561678
19.2819136342493
19.413515287076
19.5696025379629
19.7146858515516
19.8226705907327
19.9056916587284
19.988921900532
20.0882463584822
20.2339292421073
20.4192306625281
20.6336165166366
20.8580553491878
21.0731478413569
21.2491653521577
21.381764504113
21.4458529221809
21.45181439268
21.4154743046886
21.3567606674525
21.3011591722427
21.2736765477018
21.2678252506524
21.2813725955377
21.3200183738627
21.3713133514059
21.4342132392375
21.5148161945014
21.5995506755466
21.6843841277066
21.7781575076033
21.8848130706463
999.99
999.99
999.99
999.99
999.99
999.99
999.99
999.99
999.99
999.99
999.99
19.3688464812385
19.0838608301855
18.9879488568539
18.9863636461443
18.9753328700956
18.9685526454459
18.9777556030277
19.0251326244024
19.1193583872343
19.2432728006166
19.4020292938708
19.5612783137749
19.6914014184567
19.8010293020151
19.9123758609777
20.0338214722857
20.1952704428827
20.3873243757946
20.5983249173796
20.8108095846358
21.0113516073481
21.171554757534
21.2929576454691
21.3531141374363
21.3629052670398
21.3352767482289
21.2853694235021
21.2339224518525
21.208433448661
21.2009106984105
21.2125189275006
21.2499203539187
21.3019164388956
21.3651011967518
21.4431596592902
21.5177738114265
21.5902861038876
21.670247015672
21.7639871788542
999.99
999.99
999.99
999.99
999.99
999.99
999.99
999.99
999.99
999.99
999.99
19.0129282769384
18.9633719028888
18.8815757645481
18.8555308165862
18.8609301434235
18.8642677892069
18.8822818564813
18.9294919999168
19.0097929831763
19.1105563347144
19.2558842140717
19.4132909495082
19.5526398048596
19.6826691025276
19.8220164888986
19.9671200290458
20.1448753028471
20.3451540305125
20.5548521031711
20.7577577099953
20.9451932860774
21.0924151469045
21.2033814311184
21.2573426351824
21.2675788490255
21.2447185949103
21.1999021721601
21.1520224562399
21.1310995372845
21.1257954801261
21.1409179858674
21.1815802865872
21.2372698605173
21.3023518690114
21.3795430751584
21.445889754698
21.5077184075893
21.5747525306041
21.6557744154416
999.99
999.99
999.99
999.99
999.99
999.99
999.99
999.99
999.99
999.99
999.99
18.7203312719027
18.8026369603262
18.7539652440106
18.7486501061713
18.7774821493339
18.7961461107829
18.8280713439585
18.8758504696365
18.9392645033195
19.0100525057979
19.1322397997713
19.2767465839022
19.4174616758605
19.5629217919342
19.7261986818064
19.8933734119811
20.085204240601
20.2931418522235
20.5025112647432
20.6983280322302
20.8744889994735
21.0108661223404
21.1102530793728
21.1556781892868
21.1630553772463
21.1415485503398
21.0998650369974
21.057451475959
21.0446008842947
21.0463766361285
21.0698461140215
21.1181660956622
21.1802899874132
21.2490488703133
21.3266673822933
21.3882189414664
21.4415677381402
21.4969238739977
21.5640040455162
999.99
999.99
999.99
999.99
999.99
999.99
999.99
999.99
999.99
999.99
999.99
18.9616183261183
18.6540227500542
18.6553789573574
18.6840825072972
18.7394771238882
18.7748636524757
18.8227473599764
18.8728408303585
18.9208763673347
18.9583116897718
19.0510088472109
19.1725665626992
19.3055294060467
19.4574237397654
19.6362024781829
19.8182786420875
20.0176732690539
20.2286755092004
20.4355384647712
20.6260860678437
20.7936361741705
20.9227422571088
21.0122424319817
21.0497016230802
21.052852494996
21.0314092892035
20.9923010746862
20.9571380291532
20.9547694421181
20.9673451788529
21.0031001472311
21.0631376824733
21.1353493448919
21.2121384354189
21.2955596706293
21.3582058125718
21.408101724474
21.4545087448785
21.5066315288323
999.99
999.99
999.99
999.99
999.99
999.99
999.99
999.99
999.99
999.99
999.99
18.1394600208154
18.5734175465622
18.6240261793627
18.6702276596018
18.7488835763045
18.7994373461071
18.860056405932
18.912117475702
18.9484421227202
18.9541778812906
19.0153497510771
19.1099059724221
19.2295269197303
19.379155976636
19.5656964137625
19.7562785171027
19.956739699541
20.1640174605952
20.3633683736946
20.5460631658583
20.7035856001992
20.8250338600804
20.9053746885612
20.9366444763706
20.9364517237151
20.9159425534162
20.8814955158503
20.8563779183918
20.8654502825164
20.8906337053072
20.9397329843791
21.0125397006625
21.0964504176351
21.1841643202439
21.2763828642148
21.3451698798219
21.3959319802928
21.4366004571978
21.4745950065601
999.99
999.99
999.99
999.99
999.99
999.99
999.99
999.99
999.99
999.99
999.99
18.411781860416
18.5422710415527
18.6219347913008
18.6775734112641
18.7617902704648
18.8136367234471
18.8735975195185
18.9196443763809
18.9464697452366
18.9357178918574
18.9785400015572
19.0582120769091
19.1746358768166
19.3268875989275
19.5188435028869
19.7157029515369
19.9139416133744
20.111534524003
20.2967892400554
20.464928682082
20.6061943675672
20.7155302386183
20.7862190626872
20.8136216878316
20.8132833457175
20.797904092554
20.7726602685003
20.7596703317467
20.7796874171849
20.8170433255169
20.877249501824
20.9603153832734
21.0545205738487
21.1516985214743
21.2494139184153
21.3225751764063
21.3743849851859
21.410979208467
21.438378615978
999.99
999.99
999.99
999.99
999.99
999.99
999.99
999.99
999.99
999.99
999.99
18.6626897546898
18.5710979887168
18.6292694216618
18.6910833926348
18.7645298631675
18.806544864722
18.8569300574291
18.8914934608828
18.9128188490631
18.9045665641645
18.9445263871883
19.0224455954378
19.1479589727267
19.3084587380492
19.5028181027089
19.7027305462416
19.8954743350076
20.0761691836245
20.2400357810405
20.3867979491936
20.5062651574005
20.5993385090567
20.6599153466974
20.6852096857676
20.6873814378744
20.6805444026313
20.6675200527284
20.6677134724407
20.6980208169621
20.7466332476918
20.8148284617967
20.9050501808448
21.0064999991057
21.1100028208751
21.2092737022711
21.2849791776078
21.338603037271
21.3751162374446
21.3980788796785
999.99
999.99
999.99
999.99
999.99
999.99
999.99
999.99
999.99
999.99
999.99
18.5071736327938
18.6435337068565
18.67104084557
18.7060808580432
18.7637693664095
18.7967321294219
18.8388753478475
18.8678713550349
18.8894960219055
18.8893907538399
18.9303950048282
19.0091409576652
19.1433033323855
19.3110381849998
19.5082775600384
19.7104279449655
19.8965563579542
20.0565391777366
20.1946582200408
20.3157844914571
20.4111932962236
20.4877790630848
20.5415792394092
20.5683678319294
20.5756384603305
20.5780629122109
20.5759452242297
20.5855760661897
20.6216354399747
20.6770393067895
20.7501548159947
20.8448790567604
20.9509358971577
21.0580859880169
21.1561985208246
21.2304897956824
21.2844647028815
21.3235051601718
21.3495574422466
999.99
999.99
999.99
999.99
999.99
999.99
999.99
999.99
999.99
999.99
999.99
18.7436424674822
18.7041177019694
18.705275986469
18.7216087768208
18.7629491982349
18.7899397381106
18.8250806078601
18.8511956366897
18.8751121248056
18.8874465731041
18.9313178429607
19.0139717139433
19.1559172049348
19.3297594795595
19.5299568259707
19.7351397335988
19.9151709088791
20.0549046760996
20.1673367696276
20.2614582976002
20.3318568529898
20.3914756185649
20.439070571381
20.4675912946823
20.4791258913515
20.488453577703
20.4939741143534
20.5088872241244
20.5458871846455
20.6037688587444
20.6782321231965
20.7737661840117
20.8801626659266
20.9866970252544
21.078255752993
21.1459194533435
21.1961470023038
21.238086164895
21.2726281241766
999.99
999.99
999.99
999.99
999.99
999.99
999.99
999.99
999.99
999.99
999.99
18.7350993886098
18.7707988238771
18.7542023622158
18.7685603326217
18.7976401301302
18.8271405814762
18.8671050021964
18.9030751316154
18.9401609288188
18.9763761848073
19.0338058528332
19.1286894323155
19.280946901657
19.4609826151825
19.6611107338606
19.8632923879069
20.0330890150096
20.1520985828204
20.2405391593707
20.3124498045368
20.3655676194794
20.4149271022138
20.4613211905483
20.4939202224106
20.5101202253563
20.5249350835637
20.5368023819238
20.5556533227372
20.5938859008697
20.6531024112772
20.7266638750552
20.8181137070804
20.9188342391575
21.0179853468563
21.0972786038879
21.1536290711784
21.1971376044755
21.239642429328
21.2817367940068
999.99
999.99
999.99
999.99
999.99
999.99
999.99
999.99
999.99
999.99
999.99
18.8507623974941
18.8585564005303
18.8605589253088
18.8960077444657
18.9221159936796
18.9597398100735
19.0111200215703
19.0654511108161
19.1218203968821
19.18332762261
19.2573374375472
19.3632470779834
19.5174623380324
19.6942023044073
19.8856457377089
20.0758106108156
20.2315955046479
20.3339198461415
20.4055717145237
20.4653385526893
20.512169117876
20.5589831950968
20.6077026804806
20.6446122595056
20.6640012341661
20.6821028903805
20.6994070698704
20.7228981659582
20.764235951849
20.8257588055394
20.8983377587147
20.9834952429676
21.0749831032328
21.1645207125444
21.2315880271693
21.2779360348627
21.3150410007237
21.3563180298113
21.4015770015791
999.99
999.99
999.99
999.99
999.99
999.99
999.99
999.99
999.99
999.99
999.99
18.9221069907638
19.1187182771883
19.112593471112
19.1243011071136
19.1557898613358
19.2055648412367
19.2700603502367
19.3463327700513
19.4261581473176
19.510866968566
19.6017739802284
19.7174960865198
19.8670002042204
20.0331190720505
20.2106358680778
20.3818161587778
20.5200561375025
20.6089173534033
20.6687097717416
20.7227395372219
20.7709973525036
20.8205795417711
20.8736209443229
20.9158148013106
20.9386353278395
20.9593794064313
20.9830752643716
21.0133554463151
21.0592917229236
21.1235754851585
21.195986462579
21.2735339039829
21.3536237316855
21.4324620434416
21.488595074669
21.526216176433
21.5570327257295
21.5943403279129
21.6377407975638
999.99
999.99
999.99
999.99
999.99
999.99
999.99
999.99
999.99
999.99
999.99
18.672334723542
19.4209965704887
19.4252126559184
19.4464800012107
19.4972866188965
19.5636653497417
19.645091946321
19.7412851937956
19.8441350508744
19.9518415171003
20.0634842955535
20.1898164059537
20.3328636853178
20.4841716270654
20.6406579095458
20.7846755683264
20.9013531373372
20.9789210971008
21.0309826578015
21.0846628019126
21.1394886956413
21.1947380797563
21.2523146034066
21.3005591224352
21.3284343192496
21.3558282745477
21.3915894281243
21.434825797361
21.4897125144231
21.5596366760768
21.6307341258036
21.6964240855879
21.7597586726921
21.823889467933
21.8671186640683
21.8969879829749
21.9228913952171
21.955165097145
21.9913762507853
999.99
999.99
999.99
999.99
999.99
999.99
999.99
999.99
999.99
999.99
999.99
20.5589822029822
19.7623870954094
19.8049754674309
19.8480611901956
19.928575965372
20.0162421627954
20.1171810562409
20.2325637060956
20.3562838176422
20.4843540717613
20.6184629897703
20.7575588458241
20.8975113378444
21.0359938321526
21.1698532301478
21.2825474369472
21.3748452433933
21.4400394730581
21.485830121859
21.5432177962495
21.6095787691214
21.6744132819042
21.740487298702
21.7987401441647
21.8371514297513
21.8783690542887
21.9341985716558
21.9978924568452
22.0679285040536
22.1465462406953
22.215674533216
22.266111838117
22.3074642742393
22.3517160303067
22.3789509215775
22.4004375738778
22.4221169621578
22.4476933454244
22.4718074338862
999.99
999.99
999.99
999.99
999.99
999.99
999.99
999.99
999.99
999.99
999.99
20.3040240030972
20.1139691472092
20.2271621818785
20.3088973220856
20.430142598156
20.5147079559034
20.6039219725913
20.7055332311534
20.8180123682848
20.9365187890399
21.0804685864707
21.2244743872104
21.3580993882881
21.4823800687854
21.5953439022822
21.6817713142897
21.7541987438346
21.8106683879432
21.8545843281395
21.9133311419917
21.9840344615962
22.0516655844377
22.1204188916127
22.1841034519424
22.2343422786793
22.2940726336161
22.3727499856437
22.4597829077863
22.5459881391851
22.6323583055161
22.699347985997
22.737494758457
22.7579135277742
22.7831622703638
22.7953114071218
22.8067498490248
22.8216016626393
22.8405692977976
22.8542659590362
999.99
999.99
999.99
999.99
999.99
999.99
999.99
999.99
999.99
999.99
999.99
20.6072270640703
20.4410860552242
20.5942468699967
20.7111489223825
20.867524421312
20.9462816563443
21.0189207530851
21.0983481666587
21.1917650207628
21.2915340383547
21.4370988511349
21.5842102256841
21.7149730413744
21.8287956081673
21.9279775870053
21.994538537843
22.0497467598836
22.0962563436589
22.1368780508627
22.1904585620935
22.2580536746633
22.3238037872
22.3927363706177
22.4618390516226
22.5281579647599
22.6103307973754
22.7123392396586
22.8227687409445
22.9240299725364
23.0151496780635
23.0796836592626
23.1083531498291
23.1099061823947
23.1159644724504
23.1126476948077
23.1106266124768
23.1153128492384
23.126849580528
23.1333678311759
999.99
999.99
999.99
999.99
999.99
999.99
999.99
999.99
999.99
999.99
999.99
20.5646141521402
20.6509313666828
20.8430652597733
21.027397515687
21.2130968594575
21.2830185302072
21.3379737465257
21.3926623493363
21.4597582304009
21.5355157096607
21.6782287687842
21.8262560156575
21.9530695734126
22.0576231951317
22.1461357929747
22.1981929467967
22.2400967584308
22.2794266752342
22.3192264417542
22.3667224562063
22.4287050300972
22.4918160272793
22.5620865380119
22.6383095985815
22.724235307185
22.8315170571593
22.9558572381857
23.0863512004652
23.199530902619
23.292547941029
23.3528314206113
23.373855808364
23.3599828380101
23.3494546614511
23.3315371884218
23.31512143973
23.3081564993194
23.3113690627892
23.3117086493754
999.99
999.99
999.99
999.99
999.99
999.99
999.99
999.99
999.99
999.99
999.99
20.05388107724
20.8891258218527
21.068712418676
21.2436034835454
21.436571731035
21.4863728076126
21.5160465589023
21.5465686218561
21.5895417016127
21.644777256144
21.7829529099926
21.9317807367613
22.0568919613309
22.1538032676082
22.2353713122116
22.2827153312089
22.3206181031084
22.357954603601
22.402026929252
22.4450625204345
22.5007330522883
22.5606126924476
22.6329498553707
22.7151174913509
22.8203174522367
22.9496731089974
23.0906546482807
23.2341911351859
23.3550920551163
23.4464511923737
23.5021268697421
23.5193468992711
23.4971277191802
23.4757476357657
23.447996042863
23.4198122292244
23.4017166677681
23.3961892862268
23.3917231570834
999.99
999.99
999.99
999.99
999.99
999.99
999.99
999.99
999.99
999.99
999.99
20.7137967077443
21.0717392175478
21.20501967963
21.3633107860819
21.5397556938044
21.5554873433694
21.555588150875
21.5630339261189
21.5891666702934
21.6311677004014
21.7664526170951
21.9134143967191
22.0341804677309
22.1211296296497
22.1967801059971
22.2461812300433
22.2890762679431
22.3323816257025
22.3873815913266
22.4296513670557
22.4796814814091
22.5372774164623
22.6124644020427
22.6993096585071
22.8205211572463
22.9666619557754
23.1150591827202
23.2600375005767
23.3795167960139
23.463282616526
23.511840995374
23.5280254077781
23.5058233138553
23.4833024715099
23.4547581491611
23.4216059097563
23.3961463946034
23.384237221347
23.3760952392952
999.99
999.99
999.99
999.99
999.99
999.99
999.99
999.99
999.99
999.99
999.99
21.6645870015905
21.1666587175715
21.2042579325666
21.2968308847222
21.4225342369248
21.431858905358
21.4411429173753
21.4666598395837
21.5181227262275
21.5864108376307
21.7250829709794
21.8681445923754
21.9808238050108
22.0570375099406
22.1263394755198
22.1816623018223
22.23723832258
22.2951769019493
22.3660206419543
22.4166166670079
22.4690305177717
22.5312011732336
22.6145998738538
22.7092731870931
22.8414636410429
22.9960325232682
23.1426046687844
23.2773349521188
23.3867678677775
23.4603511289031
23.5011055250685
23.5175314927781
23.5028671469391
23.4878366123783
23.4659702267487
23.4358352231202
23.40881004508
23.3914982030519
23.3776583289246
999.99
999.99
999.99
999.99
999.99
999.99
999.99
999.99
999.99
999.99
999.99
21.3879938995061
21.2282880330286
21.1731214397126
21.1815292737669
21.2567917807612
21.2631053554342
21.2899323289682
21.3448717992762
21.4299401747024
21.532751127873
21.676792233775
21.8089256721335
21.907326766873
21.9719611716042
22.0328695751301
22.0969409512296
22.1733837432142
22.2523187830009
22.342229467409
22.4086144344187
22.4695060389697
22.5389725715377
22.632735425466
22.7341026499806
22.8694711157743
23.0230418508404
23.1601046390395
23.2760121309833
23.3701603200986
23.4327608026589
23.4652977645653
23.4824458324623
23.4800070091685
23.4790630881344
23.4709201284896
23.452960412958
23.43196635232
23.4135279388715
23.3938019846251
999.99
999.99
999.99
999.99
999.99
999.99
999.99
999.99
999.99
999.99
999.99
21.4230274170274
21.1888787545583
21.0785231896469
21.0239230560872
21.0505826078614
21.0575191114619
21.1076961522659
21.1978359816837
21.3229502910794
21.4635854420031
21.6127899431387
21.7301939444544
21.8148803990098
21.8702414838136
21.9253983396064
22.0024058312872
22.1061116175126
22.2082325310751
22.3175444971839
22.40255029306
22.4738258433432
22.5501234906528
22.6527362972774
22.7573388920038
22.8882018434298
23.0323799576428
23.1532117625192
23.2464199163648
23.3240164625977
23.3765382217936
23.4025437270574
23.4223965862668
23.4345746027362
23.4508863613577
23.4611252873205
23.4623878210253
23.4540646026572
23.4398801650495
23.416482075484
999.99
999.99
999.99
999.99
999.99
999.99
999.99
999.99
999.99
999.99
999.99
21.1277612947125
21.0557929148521
20.9286142307958
20.8569776268272
20.8441717936395
20.8558911942534
20.9307959721317
21.0541251715423
21.2158440418622
21.3903039439852
21.544793576431
21.6488014706739
21.7202662596955
21.7697787174289
21.8222312378286
21.9099106451069
22.0370106989401
22.1601730022213
22.2851635033269
22.388286528595
22.4706787212894
22.553956821517
22.6630712339105
22.7687004973513
22.8897059583149
23.0202990223768
23.1223486657447
23.1936967595743
23.2562212073437
23.3019297957644
23.3244287503678
23.349664777514
23.3770539357683
23.4105162628765
23.4386556799342
23.4597910913348
23.4659130710881
23.4584166372492
23.4336109010762
999.99
999.99
999.99
999.99
999.99
999.99
999.99
999.99
999.99
999.99
999.99
21.0260627311777
20.9175982139742
20.782428670807
20.6860388931769
20.6474636752472
20.6706494186776
20.7696480033159
20.9235045571563
21.114206842304
21.3161237252663
21.4748210532611
21.5683028050236
21.6287871164089
21.6758645601926
21.7275117849144
21.8225240117493
21.9675979416526
22.1083976389054
22.2459098695629
22.3654090455189
22.4598606568533
22.5482821980465
22.6573133753852
22.7577034245137
22.8620830199711
22.9721723111537
23.0543419558113
23.109133133393
23.1623153307906
23.2070898549229
23.23244851976
23.2662866738358
23.3077393006873
23.3548539469871
23.3980945642263
23.4369487063524
23.457749948397
23.4591280452452
23.437914746378
999.99
999.99
999.99
999.99
999.99
999.99
999.99
999.99
999.99
999.99
999.99
20.8706261055649
20.8190539996344
20.6878574557069
20.5834021851735
20.5412315936161
20.5658038063845
20.670944117145
20.8341520970216
21.0300121889123
21.2365976201353
21.3965902194359
21.4844323475717
21.5413931229205
21.5911385054887
21.6462316289632
21.7468138023895
21.9037006170244
22.0560398240236
22.2021756637697
22.3331957108592
22.4372186792333
22.5279165431144
22.6306045225176
22.7204095329267
22.8063794526315
22.8950861237915
22.9582617674238
23.0028273465482
23.0523438403149
23.0982202839664
23.1286379860548
23.1718205646818
23.2232268774361
23.2791970352477
23.3353521250825
23.3901374458967
23.4264547747822
23.4406883281579
23.4285620675012
999.99
999.99
999.99
999.99
999.99
999.99
999.99
999.99
999.99
999.99
999.99
20.936129114272
20.7119458419864
20.5969181739787
20.4914595315631
20.4497533442573
20.4736312863027
20.5778273762221
20.7405729109127
20.9327770400846
21.135944966472
21.2971874990625
21.3881681085258
21.4496947932989
21.5065456355298
21.5694867850827
21.6750880243941
21.8374521146368
21.9987134020613
22.1536513438519
22.2938311686031
22.4056967754743
22.4979836975854
22.5908815155632
22.6670916709055
22.7358140958455
22.8058172670458
22.8526091764721
22.8910045116634
22.9395403138109
22.9871977662987
23.0228594421582
23.0750348944095
23.1335923898744
23.1954974484296
23.2614819275295
23.3287266237297
23.3790760576296
23.4070039169005
23.4066435008561
999.99
999.99
999.99
999.99
999.99
999.99
999.99
999.99
999.99
999.99
999.99
21.0783859881615
20.6266111769629
20.5184904638912
20.4140129570284
20.3768677637621
20.4006508335758
20.4998975354338
20.6569321553747
20.8404290415077
21.0365151394143
21.1988741557837
21.2989196419167
21.3673248194126
21.4312151010893
21.5005419772475
21.607044693575
21.7665835783505
21.9348147329847
22.099470979957
22.2501075493503
22.3719638738709
22.4691654142316
22.5530827464732
22.6160413297018
22.6691807863228
22.7230568928424
22.7562280040723
22.789149501
22.8359098360261
22.8838843676613
22.9226525851843
22.9798959104287
23.0421816605924
23.1072739397556
23.1799858807532
23.25610604875
23.319256357229
23.3621131492128
23.3765536470985
999.99
999.99
999.99
999.99
999.99
999.99
999.99
999.99
999.99
999.99
999.99
20.7095150576614
20.5376502796257
20.4356456341821
20.3343986984729
20.3062583341346
20.3332708740545
20.4292131369919
20.5800968641374
20.7544003492733
20.9432496544074
21.1058394727486
21.2154526696113
21.2914580814236
21.3616427436122
21.4354764845556
21.5418595464874
21.6966867018816
21.8707115324963
22.0447618555442
22.2051686155333
22.3372757532763
22.4403850027574
22.5180375836398
22.5712240940924
22.6131064436272
22.6532357729178
22.6750765784239
22.7007367154475
22.7412625392839
22.7838947037444
22.8211964382118
22.8773689936511
22.9394065292439
23.0077588474901
23.089769411349
23.1780239419911
23.2582990126009
23.32144606605
23.3538800705865
999.99
999.99
999.99
999.99
999.99
999.99
999.99
999.99
999.99
999.99
999.99
20.6828141008559
20.4341950437134
20.346108673109
20.2597307144792
20.2426174112758
20.2756048722528
20.3707444536783
20.5156731614988
20.682260583547
20.8643652162265
21.0259431332443
21.1443478420344
21.2278166830789
21.3030782800093
21.3802053043639
21.4864331148757
21.6345267603421
21.8096617180414
21.9873669411849
22.1514443848948
22.286770171651
22.3924286485649
22.4672896913408
22.517073341498
22.5560699172324
22.5919238423991
22.609598319847
22.628910482807
22.6607786605869
22.6946544886064
22.7258475503336
22.7757511941368
22.8349339785089
22.9069191929508
22.9982789047821
23.1004737438602
23.2002411719007
23.2857065260956
23.3367980226403
999.99
999.99
999.99
999.99
999.99
999.99
999.99
999.99
999.99
999.99
999.99
20.5068811928812
20.312734729808
20.2516227301476
20.1891759205323
20.1843974383927
20.2258985287484
20.3233302881834
20.4646724939203
20.6277371782366
20.807022391669
20.9687868952818
21.0953594418366
21.1851765188695
21.264001672239
21.3418253473809
21.4455752807317
21.5842601971831
21.7540454595825
21.9280476847996
22.0888061807224
22.2216568454446
22.3254609049902
22.4006666185634
22.4522471587783
22.4948328538734
22.5336646278289
22.5563037671029
22.5731908441782
22.5974772440464
22.6231883497345
22.6459698962455
22.6840261964647
22.7365238590634
22.8099151243247
22.9076076245049
23.0230658622611
23.1431491172038
23.2520278462585
23.3230209974547
999.99
999.99
999.99
999.99
999.99
999.99
999.99
999.99
999.99
999.99
999.99
20.3240147048718
20.2206362766765
20.1748222752534
20.1323078271721
20.1426280022529
20.1969071362055
20.300659206971
20.4415370341283
20.6033904851424
20.7813267906176
20.9407470810837
21.0709478229045
21.1634393622961
21.2430536706228
21.318655391376
21.4182621742402
21.5463603861923
21.7058101790072
21.8691643018314
22.0202371559067
22.1455448669978
22.2436379579448
22.3194855581255
22.3764420642215
22.4258639270046
22.4707885875819
22.5030524046972
22.5210823000078
22.5389289771015
22.5571488315023
22.5712818950984
22.5947866426937
22.6380722119122
22.7104927376478
22.8121335393653
22.9394215085993
23.0791200863117
23.2111419105649
23.3032572242517
999.99
999.99
999.99
999.99
999.99
999.99
999.99
999.99
999.99
999.99
999.99
20.2622633301658
20.1364220258775
20.109416926787
20.0934559051085
20.1209193251795
20.1900007122159
20.3027021290858
20.4459833468355
20.6075170972523
20.7832620886884
20.9382362588755
21.0668877052603
21.1586951454871
21.2365934894282
21.3082535257174
21.402551097686
21.5214910535908
21.6682878988712
21.8183146620142
21.9558516682471
22.0695698950011
22.1567362609268
22.2289400814503
22.2877673339038
22.3415744907163
22.3909929712563
22.4329143606498
22.4552577439086
22.4695478279674
22.4828798887605
22.4911803383253
22.5032600287487
22.5387609361054
22.6104592317615
22.715899562974
22.8541838104985
23.0108853779661
23.162532482651
23.2739182346766
999.99
999.99
999.99
999.99
999.99
999.99
999.99
999.99
999.99
999.99
999.99
20.0894555845496
20.072546442745
20.0652910820339
20.0753066104
20.1211725614761
20.2070017794698
20.3313885291957
20.4805936846775
20.6427716551786
20.8144996098379
20.9617768384961
21.0827637282491
21.1681498341356
21.2391285080759
21.3036550418792
21.3901911279029
21.5004837766589
21.6350647591937
21.7738865802019
21.8996452552859
22.0026364512126
22.07740721082
22.1420996468511
22.1962988869508
22.247334633661
22.2962348149878
22.3445438324952
22.3713658466356
22.3854968171068
22.3991708214302
22.4064203917469
22.4132336395996
22.4457467102443
22.5170434628053
22.6234268052122
22.7675690104214
22.9337303360856
23.096927666189
23.2240814437616
999.99
999.99
999.99
999.99
999.99
999.99
999.99
999.99
999.99
999.99
999.99
20.0057985965512
20.0309772410228
20.035968087941
20.0685013670134
20.1333749130596
20.236381517099
20.3733443163636
20.5305498133229
20.6934189326522
20.8588678272836
20.9952132178838
21.1031145087832
21.1759555089947
21.2343991500738
21.2876444503733
21.3636936411602
21.4666450687985
21.5940977400325
21.730407071423
21.8549878810283
21.9580330691243
22.0280537476909
22.0866057580041
22.1315829115445
22.1705752006248
22.2075933358499
22.2508824195444
22.2756444931304
22.2883662306047
22.3040089449853
22.3144742047802
22.3226912199225
22.356785979271
22.4285565547347
22.5348998556583
22.6802498660861
22.849574030652
23.0186177882679
23.1580900513977
999.99
999.99
999.99
999.99
999.99
999.99
999.99
999.99
999.99
999.99
999.99
19.9625488098171
20.0125878615201
20.02203267845
20.0726145777241
20.1561839835179
20.2756282075254
20.4247029045082
20.5907566801944
20.7525081054474
20.9069225197668
21.0266472415839
21.1140891655724
21.1661677677736
21.2050859444875
21.2427349886775
21.3070202115343
21.4048865992234
21.5323529622798
21.6765490141327
21.8125520623001
21.928076740423
22.0049858686014
22.0619280457322
22.0969012955692
22.1183727354836
22.1338957208749
22.1589076024154
22.1722450329517
22.178958668344
22.1944590247576
22.2104478437925
22.2268308281943
22.2685034159856
22.3438275607269
22.4510264150944
22.5949571243934
22.7620778977684
22.9314275499109
23.0790818070588
999.99
999.99
999.99
999.99
999.99
999.99
999.99
999.99
999.99
999.99
999.99
19.9197793481522
19.9975234742836
20.0175823878473
20.0783655306434
20.1780116968752
20.3109274435894
20.4710943005472
20.6465035480647
20.8074495266493
20.9486787176708
21.0505008813766
21.1132706298478
21.1386213929331
21.1523065445482
21.1698091434685
21.2186933535427
21.3110996288808
21.4430428061722
21.6019422277904
21.7604873304782
21.9005142874533
21.995962295581
22.0580218639382
22.0851786109229
22.0870174783508
22.0756196542092
22.0738738218622
22.0690941105389
22.0673222700595
22.0814459339973
22.1046786668664
22.1340316127406
22.1877206891011
22.269018737537
22.378555060237
22.5200293519271
22.6817865050867
22.8480257785822
23.001096177039
999.99
999.99
999.99
999.99
999.99
999.99
999.99
999.99
999.99
999.99
999.99
20.0143645698733
19.9729841942665
20.0078047446182
20.0795046264389
20.190033624402
20.3319110055364
20.4997245817364
20.6810974853107
20.8413106654318
20.9694785994634
21.0523748879912
21.088743900397
21.0854538631485
21.0716458795286
21.0674876616599
21.1005992009627
21.1871242474749
21.3239997087812
21.497025440883
21.6799665928038
21.848559766583
21.9692860621949
22.0450593077521
22.0738877677656
22.0636285228552
22.0298359707136
22.0029701982131
21.9785586019813
21.9670720668694
21.9782396558436
22.007908418876
22.0501325620271
22.1164089341452
22.2039625498456
22.3157818431804
22.4539824485546
22.6092472976454
22.7715684902665
22.9288910349153
999.99
999.99
999.99
999.99
999.99
999.99
999.99
999.99
999.99
999.99
999.99
20.006622431382
19.9483049918076
19.9922903097516
20.0714040852554
20.1848015353629
20.326528436074
20.4937218920125
20.6745924723016
20.8332980029678
20.9507970034642
21.0187386246363
21.0337389844984
21.0061620280616
20.9678083113102
20.943723671422
20.9628053734974
21.042981793021
21.1829747453228
21.3667624077563
21.5718162698389
21.7676093754884
21.9167591146548
22.0117470182106
22.050718749628
22.037558190615
21.9889208875012
21.9410155908513
21.9005615111111
21.880268077904
21.8873478206334
21.9222809221252
21.975597903696
22.0520443393215
22.1453935878687
22.2599526370605
22.3961354976464
22.5476586200911
22.7078846420656
22.8686895937131
999.99
999.99
999.99
999.99
999.99
999.99
999.99
999.99
999.99
999.99
999.99
19.8125407752655
19.9231282216651
19.9745081379771
20.0490965355322
20.1578420923675
20.2915877152598
20.4515462723817
20.6273542781041
20.7841441927448
20.8948955579971
20.9532678177602
20.9534295522754
20.9082019823535
20.851350639681
20.811847493659
20.8202487970087
20.8946342369103
21.0350784900513
21.2236386782201
21.443498743801
21.6600656682478
21.8347649585512
21.9502651786664
22.0051186243292
21.9986698614833
21.9456025014854
21.8853121882921
21.8345654361662
21.8078700761415
21.8103053336444
21.8475964074486
21.9076677872094
21.99089956742
22.0886892321938
22.2059042470874
22.342410897327
22.4934052637233
22.6535565115445
22.8179139759661
999.99
999.99
999.99
999.99
999.99
999.99
999.99
999.99
999.99
999.99
999.99
19.7099581730697
19.8783852196939
19.941355929721
20.0040364218311
20.1018183417772
20.2212893671086
20.3680723293167
20.5349619614013
20.6907442310384
20.801131981716
20.8586881387748
20.8547722603946
20.801569580886
20.7340470780625
20.6846699700372
20.6853799102839
20.7539741234814
20.8927708747525
21.0815312411173
21.3094071155665
21.5391415392445
21.7332740963322
21.8673653733459
21.939316048985
21.943419898284
21.8932738974775
21.8287186122248
21.7731101175471
21.7432600181312
21.7438550826211
21.7828930091249
21.8466655599526
21.9336518310405
22.0341134720545
22.1530974942282
22.2908508809562
22.4436186139624
22.6054391894857
22.7732915308707
999.99
999.99
999.99
999.99
999.99
999.99
999.99
999.99
999.99
999.99
999.99
19.8190914839451
19.8004787196418
19.8775746017319
19.9371524793379
20.0203825973704
20.1228814236971
20.2524064346387
20.406988494911
20.5616014103256
20.6770864299823
20.7404315410806
20.7420571918703
20.6909401951756
20.6206948641015
20.5684307995462
20.56642210941
20.6323081977351
20.7687936330714
20.9562995776916
21.1857444509472
21.4202131000773
21.6250970798558
21.7735163260064
21.8600890739082
21.8751654123957
21.8322154158891
21.7685337686512
21.7114110562348
21.6802183821048
21.6818241759879
21.7227316051184
21.7890030892539
21.8779865177369
21.9800204578025
22.0993224155382
22.2383968441327
22.3935913467725
22.557307710303
22.7265536144883
999.99
999.99
999.99
999.99
999.99
999.99
999.99
999.99
999.99
999.99
999.99
19.9262349394057
19.6962881267428
19.7898380313076
19.8540384810843
19.9228475834636
20.0079350562094
20.1188729457187
20.2600455534405
20.4112368601066
20.5335016572857
20.6080953632586
20.6225652438867
20.5810322349401
20.5159107528848
20.4669483020576
20.4655467616654
20.5319505865786
20.6681988646766
20.8566565946413
21.0875685145049
21.3246449845433
21.5360602783676
21.6939120433765
21.7885618725191
21.8088179590121
21.7694756366077
21.7038121389666
21.6444307068964
21.6127939841153
21.6177462170831
21.6619819586983
21.7319759707954
21.8226911800561
21.9253140476904
22.0435164826671
22.1831424175667
22.3398169851453
22.5041627200842
22.6722412578427
999.99
999.99
999.99
999.99
999.99
999.99
999.99
999.99
999.99
999.99
999.99
19.5730957559669
19.5817000340756
19.6899787473487
19.7598054776027
19.8200596047068
19.8953296787031
19.992627093775
20.1212878534527
20.2651408530234
20.3910076795203
20.4753456741753
20.5039809457267
20.4752165604128
20.4202037389793
20.379254641475
20.3811151101297
20.4501797182417
20.5886235909559
20.7809679703234
21.0146182065755
21.2557070578598
21.4727348911353
21.6383034843165
21.7369453398334
21.7581276082893
21.7179884338001
21.6470578635655
21.581738269916
21.5480088243819
21.5557721992502
21.602508120826
21.6754889898031
21.7665506420193
21.8672984969147
21.9818681622423
22.1196936493738
22.2748474828176
22.4382112890283
22.6041556215347
999.99
999.99
999.99
999.99
999.99
999.99
999.99
999.99
999.99
999.99
999.99
19.1354068074138
19.464591687581
19.590416912835
19.6656522023956
19.7231721549056
19.7943425424486
19.8806073995559
19.9960845261696
20.1298119066853
20.254806147638
20.346381656677
20.3900958059641
20.3766484162937
20.3343504230505
20.3040710135542
20.3105892399542
20.3829062923605
20.5244935776239
20.7228827491145
20.9615522017561
21.2086980202972
21.4318502960275
21.6041115292872
21.7045770715685
21.7229817635871
21.6783476121735
21.5993903805321
21.5261140554803
21.4882926831454
21.4973535286443
21.5449606159984
21.6198404631897
21.7100012584568
21.8071743528881
21.9168510819172
22.0512290731976
22.2018706955361
22.3617310206401
22.5242256854632
999.99
999.99
999.99
999.99
999.99
999.99
999.99
999.99
999.99
999.99
999.99
19.06166502255
19.3829928855785
19.4946894943904
19.5811144816407
19.6363195206943
19.7044039713036
19.7809589233983
19.8832585856669
20.0057014894108
20.1277815123406
20.2245842250358
20.2818614242602
20.2848331872647
20.2570527493726
20.2393828129029
20.252880446768
20.3307535552532
20.4761480299581
20.6807134089915
20.9241054068664
21.1766761380763
21.4042860254793
21.5807247084899
21.6812209573954
21.6960487226578
21.6465972718538
21.5603221163029
21.4804326732022
21.4388274032095
21.4474808506716
21.4938503325044
21.5684964877553
21.6560926946854
21.7481597531807
21.8513941104263
21.9799718915574
22.1222321883095
22.2742212276339
22.4301390994679
999.99
999.99
999.99
999.99
999.99
999.99
999.99
999.99
999.99
999.99
999.99
19.2460034357177
19.333318807924
19.4332647943789
19.5087944673895
19.5582172757715
19.6194792981402
19.6843287014877
19.7719904692168
19.8830989738088
20.0007386150795
20.1023873391106
20.1732311974437
20.1951890911234
20.1849690167648
20.1822618356777
20.2050285853511
20.289444857725
20.4377212184851
20.6451365822361
20.8906055216333
21.1464438481065
21.3768474956416
21.555728245092
21.6571154277758
21.6708301909
21.6191357859175
21.529106643689
21.4459441704145
21.4014432017281
21.4074459773748
21.4493809530157
21.5194385160609
21.6013130498665
21.68648371085
21.7819972317604
21.902690705257
22.034853877665
22.1766832631057
22.3244922416137
999.99
999.99
999.99
999.99
999.99
999.99
999.99
999.99
999.99
999.99
999.99
19.2650661719233
19.2968212858207
19.3728218018742
19.4416815122356
19.4796079737062
19.5292131018042
19.5789121197063
19.6497567215093
19.7517594858981
19.866416956291
19.9744178811347
20.0618932746451
20.1074686243738
20.116831807198
20.1309119626359
20.1653887238927
20.2563591916878
20.4060901402166
20.6135050261854
20.8575503275097
21.1131584066464
21.34334477104
21.5222658929785
21.6258041769427
21.6421506651089
21.5930508925483
21.5054134246753
21.4230724952841
21.3753788341416
21.375184817747
21.4078542069225
21.4677813515222
21.5405416337879
21.6179403815034
21.7060437309487
21.8182833235847
21.9398458346009
22.0706018412279
22.2095016835243
999.99
999.99
999.99
999.99
999.99
999.99
999.99
999.99
999.99
999.99
999.99
19.4655943657581
19.2897169948415
19.3338620371468
19.3689852515241
19.3887334184397
19.4182208268621
19.4465672672077
19.498864304787
19.5937458561282
19.7089539610767
19.8283387488548
19.9372470331062
20.0119718964326
20.044989313255
20.0796148503275
20.1295737878753
20.2304242299656
20.382303246226
20.5872072552289
20.8253081208486
21.0740857398536
21.2969013037269
21.4705545547986
21.5749599001139
21.5954593899602
21.5537110205691
21.4749659838663
21.3981108359672
21.3492756329608
21.3427903936517
21.3644940441491
21.4120311848009
21.4754927949756
21.5462216842146
21.6280920190701
21.7326079778463
21.8430476715065
21.9611965733984
22.0889842589578
999.99
999.99
999.99
999.99
999.99
999.99
999.99
999.99
999.99
999.99
999.99
18.8668946256995
19.2822465217099
19.267295877101
19.2689065797592
19.2650154226194
19.2711539473899
19.2786955209406
19.3149762616549
19.4048546101914
19.5247370871193
19.6596674441293
19.7918217030307
19.8985979232425
19.9599255062202
20.0195871900212
20.0898565098207
20.2058499911909
20.3631849258964
20.5648973024576
20.7929773725387
21.0284253937282
21.2365228695103
21.3992898696483
21.5015815315076
21.5270681806419
21.4960432156081
21.4308284311467
21.3630225365871
21.3160741118278
21.3051435230015
21.317215619464
21.3532475540897
21.4082594929306
21.4733049856272
21.5491117902116
21.6444608532407
21.7419738121859
21.8455584197838
21.9597081874246
999.99
999.99
999.99
999.99
999.99
999.99
999.99
999.99
999.99
999.99
999.99
19.3477458746846
19.2222643751723
19.165682387035
19.1371676117638
19.1133731419998
19.1003486327078
19.0916035190252
19.1153534321054
19.2002834821818
19.3236236188961
19.4732879391763
19.6288604488025
19.7679571843553
19.8600913362255
19.9476611695264
20.0405265358485
20.1731209708429
20.3381374296905
20.537339004047
20.7543557275414
20.9746641582085
21.1661209586477
21.3165022181404
21.4155232620565
21.445527825805
21.4250290092621
21.3735329309685
21.3143764763913
21.2695368775615
21.2559333985464
21.260714278161
21.2881962039463
21.3372811483729
21.3990955756994
21.4713022888061
21.5598356730677
21.6465908203616
21.7379390773331
21.8395921934494
999.99
999.99
999.99
999.99
999.99
999.99
999.99
999.99
999.99
999.99
999.99
19.348286160091
19.1259122354647
19.0261050505449
18.9889254603286
18.9654185653912
18.9551864826509
18.9494990498106
18.9770933491501
19.0656244471317
19.1791890222662
19.3235028497457
19.4839667235471
19.6362215867884
19.7453138734354
19.8584928709726
19.9756711901636
20.1257020762364
20.3019400207855
20.5030514092648
20.7125971618432
20.9207632410808
21.0980512120353
21.2365246507951
21.3296782165828
21.3605384131275
21.3462557296255
21.3044380151552
21.2511553806055
21.2085219863371
21.1947465718487
21.1958285141408
21.2197727749135
21.2666358133444
21.327933848192
21.3993750834181
21.4848751642701
21.562881253205
21.6436331470306
21.7334425802961
999.99
999.99
999.99
999.99
999.99
999.99
999.99
999.99
999.99
999.99
999.99
19.169993639014
18.9998507080395
18.9070595687384
18.8348407852812
18.8318982428349
18.843188738953
18.8577104923205
18.9030924815502
19.0008726352711
19.0884348193054
19.2091651853503
19.3544847572422
19.5008127556442
19.6147924939606
19.7533474621692
19.8964226346715
20.0662678524803
20.2565339343638
20.4620811423992
20.6663157766093
20.8631075870542
21.0272309629668
21.1546155432864
21.2399088640558
21.2683520828217
21.2571464481106
21.2218107789292
21.1729074723887
21.1344951436056
21.1249695096914
21.1275751488476
21.1537511293017
21.2022931927917
21.2658384739964
21.3381179218042
21.4224773167331
21.4927716137811
21.5632026338747
21.6398931009072
999.99
999.99
999.99
999.99
999.99
999.99
999.99
999.99
999.99
999.99
999.99
18.8752405002405
18.8219433814875
18.7541368385837
18.6974037351468
18.7210100421869
18.7612262261092
18.8030382792026
18.8699906002022
18.9764597911114
19.0336480539624
19.1210844806417
19.2396769983
19.3689174647888
19.4810623186361
19.6391288773744
19.805561762176
19.9928205914158
20.1962544658624
20.4070750271158
20.6087732450074
20.7965897993944
20.950615346078
21.0684654529157
21.1447157428175
21.1687378285846
21.1582897535497
21.1267223991812
21.0823538473203
21.0507423797778
21.0492079138308
21.0582032485956
21.0922817171797
21.1461926001373
21.2146109942335
21.2902531333323
21.3751937234909
21.4398820846621
21.5012534251156
21.5644846642049
999.99
999.99
999.99
999.99
999.99
999.99
999.99
999.99
999.99
999.99
999.99
19.0218086774498
18.6456672952353
18.6231714670227
18.6085209238615
18.6654793364415
18.7391908468988
18.8100634079132
18.898783513127
19.0125516211448
19.034932199346
19.0803697127849
19.1624874044203
19.2644515952733
19.3662115723711
19.5360144080358
19.7203644045277
19.9192326056233
20.1306046759366
20.3435576847195
20.5417360820653
20.7205771537564
20.8659905223412
20.9752055139934
21.041740942297
21.0604696664456
21.0497480976529
21.0210600116802
20.9824497588297
20.9602388178693
20.9699784003563
20.989413270522
21.0355475844727
21.0989831407863
21.1764910312324
21.2592827764422
21.3489776126385
21.4131363712238
21.4689353146981
21.5196907424976
999.99
999.99
999.99
999.99
999.99
999.99
999.99
999.99
999.99
999.99
999.99
18.3658557635422
18.5400949897029
18.5661955653945
18.5798338446679
18.6705629489454
18.7772012666864
18.8749195042043
18.982712575931
19.1027964994375
19.0886330127834
19.087950179949
19.1273363488597
19.1951851398865
19.2800210704758
19.4553567730598
19.6529361965798
19.8586532910997
20.0714170787014
20.2800760357284
20.47036409604
20.6367651957447
20.7716665893517
20.8714441138312
20.9284834674366
20.9429595968711
20.9330156660756
20.9079591224391
20.8775038376594
20.8665087519212
20.8877178874311
20.918862995294
20.9781196916351
21.0524183345998
21.1410248928206
21.2330921485722
21.3288997800323
21.3954407271976
21.4480187796467
21.487700377267
999.99
999.99
999.99
999.99
999.99
999.99
999.99
999.99
999.99
999.99
999.99
17.9822994286653
18.4883592556283
18.5466633579614
18.5850095597551
18.6866558758305
18.7999365233962
18.8992180795025
19.0016985219582
19.108432020085
19.0765392470405
19.0572441036886
19.0789956260538
19.1379072747699
19.2268771269047
19.4087214620744
19.6150618031748
19.8231923169464
20.0292120897497
20.2243771260504
20.3988320377497
20.5454988258197
20.6643970987394
20.7523754299457
20.8009414467544
20.8138789904761
20.8085281526635
20.7909290578222
20.7719000911895
20.7732841757243
20.8051890355917
20.8475331512053
20.9183541529043
21.0029855783592
21.1021042388145
21.2020745038976
21.3007291857885
21.3688296002092
21.4192304496789
21.4510293010693
999.99
999.99
999.99
999.99
999.99
999.99
999.99
999.99
999.99
999.99
999.99
18.4407570880533
18.5134639249773
18.5572789526779
18.6152303360883
18.7048402071139
18.8039870253479
18.8853961409086
18.9653956502467
19.0458088426428
19.0204325167436
19.0052582660553
19.0315135573909
19.1008811936068
19.2085255242628
19.3917184195296
19.600954839194
19.8053874854522
19.9981550042224
20.1739369268058
20.327993328335
20.4521221823599
20.5533688404402
20.6291647560979
20.6706107260627
20.6836391981833
20.6842028011068
20.6754187960722
20.6682472962805
20.6812108139366
20.7224865245238
20.7750985581261
20.8553632672543
20.9492470966818
21.0563318566156
21.1612447495684
21.2595305228586
21.3282915768148
21.3779684888493
21.4081888295023
999.99
999.99
999.99
999.99
999.99
999.99
999.99
999.99
999.99
999.99
999.99
18.3667947518993
18.5797702557039
18.6025054876168
18.6555000923481
18.7309092778561
18.8132329928935
18.8772296314921
18.9371231542936
18.9973484051632
18.9829912510243
18.9785994484334
19.0144068350747
19.0964473315501
19.2197070357082
19.4029951669447
19.6114383574373
19.8080774509039
19.9827378410245
20.1348624528142
20.2644874778111
20.3646647116273
20.4480268541221
20.5131799960528
20.5503809636407
20.5648875552499
20.5708295190471
20.5700067806708
20.5722208944182
20.5928701727573
20.6403977124314
20.7009252474799
20.7868955584892
20.8869972030576
20.9989349961738
21.1046656601951
21.1983206173137
21.2657731917027
21.3154915067382
21.3494486776335
999.99
999.99
999.99
999.99
999.99
999.99
999.99
999.99
999.99
999.99
999.99
18.7231058351895
18.664749596093
18.6682202323189
18.6948220260384
18.7519429245653
18.8126690287037
18.8586551839722
18.9000472761086
18.9445275627972
18.9453994487424
18.9596561922382
19.011886725395
19.1099672334466
19.2474747522622
19.4306298694957
19.6351032056098
19.8217155282897
19.9773444220603
20.1059084065892
20.2116135603857
20.2898720656547
20.3568721923908
20.4132881325724
20.4484882938762
20.4639916902156
20.4733099896593
20.4777995623251
20.4854897065066
20.5089391840194
20.5583609296804
20.6225211038314
20.7092912617745
20.8103247921525
20.9216556508104
21.0233560139601
21.1081181758156
21.1708732506294
21.2207431798576
21.2629602029842
999.99
999.99
999.99
999.99
999.99
999.99
999.99
999.99
999.99
999.99
999.99
18.7145542466309
18.7219221817243
18.7124796133628
18.7083630869089
18.7459054709714
18.7730559923741
18.8035267002294
18.8109621160369
18.8607633992271
18.8883212587057
18.9384937953975
18.9874053095432
19.0998870030025
19.2614640216909
19.4553852407386
19.6485328874744
19.8367152253191
19.9825350875659
20.078791163637
20.1544689151706
20.2217107422967
20.2847866642788
20.3405011275791
20.3712489315588
20.385252725389
20.3862849731857
20.3779230037169
20.3936053208065
20.4208980641658
20.4695842824904
20.5357268422483
20.6297503713076
20.7341105055747
20.8429075702571
20.9390862412048
21.0089665380616
21.0552570319971
21.0816596071778
21.1234369953459
999.99
999.99
999.99
999.99
999.99
999.99
999.99
999.99
999.99
999.99
999.99
18.8311462241462
18.7745741308395
18.7693182287303
18.7374102788201
18.7630732961431
18.779100515001
18.8008510482425
18.7910118043686
18.8472152893689
18.9083589487119
18.9832925019835
19.0328752168427
19.1542164131027
19.3145240950738
19.4882592355223
19.6698258939272
19.8602874037042
19.9939829319202
20.0772263109019
20.1305684817567
20.1790484636469
20.2308683896191
20.2800231782662
20.3054896503083
20.3151311976496
20.311203522385
20.2941616261772
20.3107282945037
20.3340462400705
20.3778721720728
20.4379233692183
20.5335368591091
20.6388469932241
20.7412488680239
20.835358012561
20.8936289100717
20.9322982504615
20.9495228632849
20.9931341227855
999.99
999.99
999.99
999.99
999.99
999.99
999.99
999.99
999.99
999.99
999.99
18.8771160484889
18.4993080129317
18.736085851044
18.9522489655138
18.9979466391139
18.3619279756248
18.6135769441554
18.5538644668018
19.1188769476748
18.686508058853
19.0184200726361
18.9997674681107
19.1670709986877
18.9537235470685
19.1820889180506
19.9815646711013
20.1496340709233
19.935215175649
20.0244104911736
19.9232459571658
20.075870803606
20.1889243404679
20.2940266276503
20.4415543865735
20.2803105318994
20.1575069962945
20.2125037332006
20.085151243646
20.0702906147923
20.4543496613723
20.3370229874655
20.416333971874
20.4188853216083
20.6846836659276
21.0366970149479
20.8542383818272
20.8562622944226
20.5942020889164
20.6632795526193
999.99
999.99
999.99
999.99
999.99
999.99
999.99
999.99
999.99
999.99
999.99
999.99
999.99
999.99
999.99
999.99
999.99
999.99
999.99
999.99
999.99
999.99
999.99
999.99
999.99
999.99
999.99
999.99
999.99
999.99
999.99
999.99
999.99
999.99
999.99
999.99
999.99
999.99
999.99
999.99
999.99
999.99
999.99
999.99
999.99
999.99
999.99
999.99
999.99
999.99
999.99
999.99
999.99
999.99
999.99
999.99
999.99
999.99
999.99
999.99
