999.99
999.99
999.99
999.99
999.99
999.99
999.99
999.99
999.99
999.99
999.99
999.99
999.99
999.99
999.99
999.99
999.99
999.99
999.99
999.99
999.99
999.99
999.99
999.99
999.99
999.99
999.99
999.99
999.99
999.99
999.99
999.99
999.99
999.99
999.99
999.99
999.99
999.99
999.99
999.99
999.99
999.99
999.99
999.99
999.99
999.99
999.99
999.99
999.99
999.99
999.99
16.8089745413317
16.7889325258559
16.6996047935804
16.8299894188274
16.703132994119
16.8643692223379
16.8222498026557
16.9318443871266
16.953924712531
17.2611557989049
17.2019326817201
17.1488654288027
17.5196722249875
17.835771043771
17.6983125045041
17.7348651899784
17.5863805400948
17.6417974217033
17.7870916180219
17.8479214997159
17.754519832471
17.6817456068902
17.7843166156337
17.7953576716225
17.9586110407208
18.1992555721476
18.1995858451782
18.2268548023792
18.3330840359795
18.5668804621627
18.4505497986334
18.3454803183653
18.1702188552189
18.3772230367387
18.2662742507202
18.5189067177499
18.7360392400863
18.7915899010011
18.6553931550447
999.99
999.99
999.99
999.99
999.99
999.99
999.99
999.99
999.99
999.99
999.99
16.7040139599077
16.7301756963375
16.7129649571232
16.7196123081621
16.739282818089
16.796365788339
16.8668347806024
16.9845920329038
17.0828447691208
17.1834639050361
17.292929840271
17.4135313910822
17.4996786575494
17.5826179488035
17.6453073072024
17.6803782410426
17.6964474727243
17.7067074504863
17.7060042494727
17.7191779116387
17.7287293778093
17.742073691561
17.7789442412618
17.840714905373
17.9145729504368
17.998586544819
18.0833389956629
18.1645726066774
18.2134054811731
18.2406242980916
18.2496069278777
18.2542371046399
18.2404136897993
18.2794554540956
18.3344441171456
18.4019876012865
18.4687034798974
18.5414074190144
18.5851198974621
999.99
999.99
999.99
999.99
999.99
999.99
999.99
999.99
999.99
999.99
999.99
16.7394122383617
16.6897637237401
16.6685382604073
16.6774674792994
16.7079290128549
16.7792889826059
16.8726036763762
16.9967038982773
17.1128399364074
17.2261602681375
17.3343225608479
17.4392270443181
17.5201210939057
17.5942975760391
17.6461178004797
17.6772867672605
17.691038745961
17.7006248917085
17.7049912854699
17.7165173863915
17.727585171138
17.7405978447022
17.7668456920156
17.806641615443
17.8604971814592
17.9213999779417
17.9896502193731
18.0575054374131
18.1082636201752
18.1430234759997
18.1592338644155
18.1700515170728
18.1687651506282
18.1961122749204
18.2545515537415
18.3442971797256
18.4361738819139
18.5332501525894
18.6140426626028
999.99
999.99
999.99
999.99
999.99
999.99
999.99
999.99
999.99
999.99
999.99
16.7148751803752
16.635112212088
16.6068687311985
16.6116320160771
16.6446046045321
16.7208378368172
16.8331466519772
16.9656417362555
17.1002504093358
17.231791466117
17.3439009160917
17.4361159725183
17.5187148976971
17.587154157805
17.6324589756118
17.6661817230356
17.6851979185088
17.6891277207556
17.6929458240155
17.7022220343753
17.7097748802161
17.7265906903379
17.7525348791274
17.776347307063
17.8112923285766
17.856081142117
17.9057699881376
17.9530802318563
17.9986503409687
18.0320692087143
18.0563239587472
18.069359146081
18.0852678277891
18.1202104676753
18.1779926453102
18.2613739254567
18.3650970361655
18.485142385088
18.5949331736452
999.99
999.99
999.99
999.99
999.99
999.99
999.99
999.99
999.99
999.99
999.99
16.5958818146623
16.5792078067002
16.5445852470469
16.542528826385
16.572683195853
16.6492496654214
16.766622001143
16.9080419766995
17.0524089877812
17.1928746847724
17.3139040033439
17.4128992531413
17.4998382864423
17.5711855648384
17.6195780411368
17.6548186483504
17.6733512608052
17.6769079691034
17.6804793822197
17.6903267350002
17.6994506609242
17.7172345113816
17.7399954053238
17.7557367026509
17.7772491542148
17.804151300146
17.8371510338735
17.8707092983527
17.9065419742217
17.9353214440861
17.962346017853
17.9795450200897
18.0014858671708
18.0446040004183
18.1118647471215
18.2021278768679
18.3139489327548
18.4446781861837
18.5667927358711
999.99
999.99
999.99
999.99
999.99
999.99
999.99
999.99
999.99
999.99
999.99
16.5382671412985
16.5454274928572
16.5086589206108
16.4938801793572
16.5183053312632
16.5888859000545
16.7006477023053
16.8392203533446
16.9843883256122
17.1278417049231
17.2552135022915
17.3633790772969
17.4595393882371
17.5388499620569
17.5952301398361
17.6352616835459
17.6549651406958
17.6585780140546
17.6617061114708
17.6717157903709
17.6837509394942
17.7049547418998
17.728114255492
17.7406399402071
17.7531299100003
17.7655264482435
17.7820802081448
17.8009066698738
17.8247338899411
17.8466270360737
17.8738993987125
17.8974840395178
17.9284941456322
17.982451700636
18.0611572868087
18.1580683056683
18.2709691889742
18.4024111270904
18.5250965689723
999.99
999.99
999.99
999.99
999.99
999.99
999.99
999.99
999.99
999.99
999.99
16.505925298279
16.529513318369
16.4923403560984
16.4809747528219
16.5000678941178
16.5610578343046
16.6595859828063
16.7851975994072
16.9203902330252
17.0583994543113
17.1864323935397
17.3014611437763
17.4076798656083
17.497873927825
17.565370788041
17.6127791137844
17.6359223064839
17.6399696559838
17.6416679545344
17.6500120848898
17.6631834666561
17.6864138248364
17.7113714103399
17.723818035907
17.7307812970569
17.7332451696585
17.7360139801613
17.741110484821
17.75381441614
17.7698007371735
17.7975749378569
17.8308719889186
17.8748255014564
17.9431163311358
18.0365810430285
18.1404271588599
18.2521483337064
18.3781647405856
18.4907397049663
999.99
999.99
999.99
999.99
999.99
999.99
999.99
999.99
999.99
999.99
999.99
16.7506017894224
16.529733730025
16.5070853836922
16.5000774301345
16.5174245907282
16.569555116328
16.6528546000646
16.7596737328885
16.8769518071782
17.0018301939236
17.1241708177247
17.2409669821187
17.3541520132686
17.4541594969625
17.5322678597597
17.5866899431088
17.6142768370906
17.6193979807566
17.6195965589939
17.6248066826467
17.6374291395566
17.6606613001045
17.687603468461
17.7015383554515
17.7063953694303
17.7034318204861
17.6959978774478
17.6892155071015
17.693317022126
17.7065911478573
17.7372109162623
17.7839371451177
17.8455525577759
17.9296914603308
18.0378723042436
18.1505678260595
18.2605912182358
18.3760117628229
18.4728406529921
999.99
999.99
999.99
999.99
999.99
999.99
999.99
999.99
999.99
999.99
999.99
16.5092479046312
16.5586223930765
16.545844028521
16.5411357735686
16.5591263201067
16.6035555021488
16.6717274813052
16.7570535165138
16.8533350930337
16.9607759411617
17.0728339244823
17.1866598013553
17.3031817819773
17.4100221311126
17.496435121662
17.556274809179
17.5879728097585
17.5938656759524
17.5918440797253
17.5930085636939
17.6037167037311
17.6255579194795
17.6545247424774
17.6719329094752
17.6782045108724
17.6756399289416
17.6640601012433
17.6509412483746
17.6518867233658
17.6678499186235
17.7037361398647
17.7648806254173
17.8437069542746
17.9399393903676
18.0576886402261
18.1767284061266
18.2845755171644
18.3889867564878
18.4708030641082
999.99
999.99
999.99
999.99
999.99
999.99
999.99
999.99
999.99
999.99
999.99
16.5731764810877
16.6044070043138
16.5975674860128
16.5932544176177
16.6108726680914
16.6466562236723
16.7001717738132
16.7648359083966
16.8407693278251
16.9300575702487
17.0312609042116
17.1410664272511
17.2589630555349
17.3703400304402
17.4632942789321
17.5256963000443
17.5589935059838
17.5639579852976
17.558028475946
17.5532415421415
17.5608584716884
17.580227896744
17.6104111454874
17.6322408571736
17.642684185985
17.64488933278
17.6351965975345
17.6225764811393
17.6268736503316
17.6512528737587
17.6951778992634
17.7697429078695
17.8628345594715
17.9668677277257
18.0880040423596
18.2095500923326
18.3145759155163
18.4081416051593
18.4741223886841
999.99
999.99
999.99
999.99
999.99
999.99
999.99
999.99
999.99
999.99
999.99
16.6982888800542
16.6358136833814
16.6300274139682
16.6325673926172
16.6477384922247
16.6760684190235
16.720202021067
16.7711331025259
16.832407683063
16.9091222979402
17.0031717530926
17.1107667528371
17.2301645034005
17.3445448366558
17.4415334293026
17.504079893113
17.5354733208286
17.53675074956
17.5253295059275
17.5138037016004
17.5173452624504
17.5346455407526
17.5662430049441
17.5925248155284
17.6082515702475
17.617759850712
17.614541635587
17.6070304770564
17.6194110914532
17.655541582499
17.7086855085545
17.792000981249
17.893874548065
18.0008033265016
18.1194402738561
18.2393055769482
18.3433232760307
18.4302386359412
18.4850210047983
999.99
999.99
999.99
999.99
999.99
999.99
999.99
999.99
999.99
999.99
999.99
16.7527503607504
16.670448505738
16.661082863157
16.6525843185845
16.6619980006864
16.6831474972187
16.7214855164799
16.7646614912053
16.8189868720191
16.890403263991
16.9829386793959
17.0940081691925
17.2188017035119
17.3361634074817
17.4357492463834
17.4969996217914
17.5224113975518
17.516803248589
17.4991357649619
17.4816305311355
17.4818298971393
17.4991965675735
17.5325091751576
17.5626532714075
17.5836624787893
17.6007357754432
17.6056570364802
17.6066807101459
17.6296598986171
17.6782707669143
17.739265805641
17.8256943700271
17.9292270259888
18.0331460760347
18.1431022791181
18.2583025512574
18.3619010164591
18.4442950838008
18.4925588726923
999.99
999.99
999.99
999.99
999.99
999.99
999.99
999.99
999.99
999.99
999.99
16.7712882469005
16.698824067264
16.6812068007701
16.6578714737204
16.6586688780714
16.6722060840655
16.7061831157936
16.7456535835951
16.7985333822449
16.8712675617254
16.9679138199553
17.0869477799317
17.2203120706303
17.3417230476572
17.4428928015961
17.5028992329019
17.5222529006221
17.5098317123223
17.4873394925916
17.4676070588014
17.4669021864584
17.4857654585431
17.519955732857
17.5522765545585
17.5759192867741
17.5981698485016
17.6108485545096
17.6226347226336
17.6562567842548
17.7151116879158
17.7807942681784
17.8639911895045
17.9621282300444
18.0594094826284
18.1582799336285
18.266036557565
18.3696274889535
18.4496964141954
18.4951343527243
999.99
999.99
999.99
999.99
999.99
999.99
999.99
999.99
999.99
999.99
999.99
16.8483563861613
16.7313564031691
16.7006615327423
16.6597040433057
16.6511583308633
16.6566798541405
16.6856146620596
16.7223973071236
16.7737486790449
16.85044802767
16.9544253224432
17.0845908011049
17.2292984839953
17.3583612445042
17.4633718122619
17.5242711370036
17.5399564028023
17.5229598886046
17.4976204184378
17.4771694656024
17.4766242682748
17.4955923922097
17.5277872848796
17.5587592272622
17.5820104737089
17.6053264473145
17.6247831172528
17.6477403852578
17.6911306239427
17.7571735749129
17.825681162101
17.9020808193111
17.9907751477033
18.0810808672675
18.1704051335279
18.2709250049726
18.3734258030716
18.4510829904263
18.4924954335162
999.99
999.99
999.99
999.99
999.99
999.99
999.99
999.99
999.99
999.99
999.99
16.9072714803586
16.7512899924255
16.7008840157439
16.6570190720643
16.6416811162954
16.6417275353837
16.6663851070188
16.7021760115666
16.7538394159536
16.8358513188874
16.9475686470019
17.0881573337947
17.243311393921
17.380954634036
17.4918024675437
17.5569691729089
17.5734150138719
17.5553541632731
17.5294219676472
17.5088051391246
17.5074781605751
17.5247478741283
17.5541809014569
17.5825064013354
17.6048601890812
17.6283766629421
17.6535890591829
17.684665034602
17.7335178785698
17.8013986037529
17.8690953473634
17.936464872675
18.0139605161815
18.0980324384784
18.1797682897403
18.2728808139333
18.3719904830349
18.4464494613748
18.4821672917221
999.99
999.99
999.99
999.99
999.99
999.99
999.99
999.99
999.99
999.99
999.99
17.0932914812636
16.758188702431
16.7007057939411
16.6541966482498
16.6341885465081
16.6294369148032
16.6493337949178
16.6844850198176
16.7372228614944
16.8235460187632
16.9421418051478
17.0901410964635
17.2515947867638
17.3965268786915
17.5139919712601
17.5861925515852
17.6093782952008
17.5973216375815
17.5754411894485
17.556707288643
17.5540957344751
17.5670158954822
17.5912695395457
17.6159422115949
17.6379072608735
17.6618720986376
17.6917365311195
17.7280297894124
17.7768611165419
17.8401274660896
17.9023709396384
17.9603464765793
18.0274363921127
18.1066578223056
18.1834741515406
18.2707937224564
18.3629240642222
18.4288303354338
18.4545241743176
999.99
999.99
999.99
999.99
999.99
999.99
999.99
999.99
999.99
999.99
999.99
16.7719010513296
16.750970328824
16.6870613216125
16.646699154923
16.6251181858541
16.6174130977872
16.6327755287373
16.6683828374765
16.7219212445802
16.8108507293683
16.9341190044877
17.0836660174841
17.2439204861312
17.3927032494454
17.5158635846962
17.5965434183749
17.6335387633799
17.6365650537208
17.6257305608491
17.6133535922722
17.6112126019784
17.6185829522853
17.6361441207038
17.6561064722444
17.6776177836517
17.702503311812
17.7356526944982
17.7735602688498
17.8175881188966
17.8707205360166
17.923347322387
17.9713419914184
18.0284468016289
18.1022877503609
18.1743060124911
18.2538955901675
18.3333866351161
18.3863022492245
18.3986187465994
999.99
999.99
999.99
999.99
999.99
999.99
999.99
999.99
999.99
999.99
999.99
16.7785430663026
16.7403129241699
16.6647832624342
16.6309646581588
16.610531874421
16.6019448862033
16.613768619357
16.6504345502572
16.7047824995024
16.793357781957
16.9164865127465
17.0627209809031
17.2170212604559
17.3670729789778
17.4972412374041
17.58982865753
17.6449135288548
17.6684727134105
17.6732547985299
17.667966254764
17.6653334895824
17.6658434180612
17.6756278864021
17.6895613720641
17.7112690845632
17.7383715003722
17.7741578984469
17.8102211043959
17.8464384578501
17.8859041634704
17.9259079450647
17.9650329593717
18.0139855392284
18.0837378637907
18.1529573240043
18.2264141025024
18.2904392639774
18.3289889361872
18.324745748663
999.99
999.99
999.99
999.99
999.99
999.99
999.99
999.99
999.99
999.99
999.99
16.6296709177389
16.6967587336018
16.6184467229226
16.6011574071077
16.58265356898
16.5754261977921
16.5863411382449
16.6267063094191
16.6859833346305
16.7735845481864
16.8934724286998
17.0326361052369
17.1764165467477
17.3231820414746
17.4595094118983
17.5655490925569
17.6407577731843
17.6882212351945
17.712037957501
17.7156830812026
17.7118764631307
17.7059175074387
17.7079337988064
17.715504120295
17.7371970032886
17.7678780396566
17.8042253805874
17.8356723667536
17.8617074306188
17.8845185670516
17.9087817092632
17.9388983155866
17.9798079920224
18.0437257812356
18.1103920092298
18.1770186679994
18.225320791643
18.2497732541985
18.2308833913758
999.99
999.99
999.99
999.99
999.99
999.99
999.99
999.99
999.99
999.99
999.99
16.640628655897
16.6371385821219
16.5719426634488
16.5660996282037
16.5482541667144
16.5426893163203
16.5551829084004
16.6007249794484
16.6652645804023
16.752560422787
16.8674118213494
16.9966605012756
17.126914709464
17.267356728954
17.4062481430975
17.5242160279751
17.6196164448024
17.692776839129
17.7386751600344
17.7551103314103
17.7531471261679
17.7420278055417
17.7343285775827
17.7327729854362
17.7506837791138
17.7812781315005
17.8145143223132
17.8416852413432
17.8591806451748
17.866615207334
17.8760681876941
17.898204996936
17.9311568232047
17.9869368314598
18.0498946232446
18.1100271061798
18.1443378750974
18.1562985616188
18.1282477998207
999.99
999.99
999.99
999.99
999.99
999.99
999.99
999.99
999.99
999.99
999.99
16.4785228064618
16.5764571489603
16.5283146284333
16.5323779664359
16.5164836961404
16.514953069304
16.5315895656308
16.5823740095912
16.6506113105718
16.7364801870425
16.8429662666137
16.9600060435703
17.0763156531688
17.2096689296844
17.349439118185
17.4773623300374
17.5906010166292
17.6868596929963
17.7544144881019
17.7849704501957
17.7882319056475
17.774178438775
17.7559838913898
17.7419207547611
17.7505364610257
17.7751474504233
17.8022247699011
17.8272422359705
17.8428936584535
17.8433297003002
17.8452462345841
17.8631802045408
17.889840389784
17.9348549132017
17.9908356158593
18.0419811961741
18.0643804578803
18.067071298651
18.0355992690066
999.99
999.99
999.99
999.99
999.99
999.99
999.99
999.99
999.99
999.99
999.99
16.2490730224093
16.5254905804271
16.496004242376
16.5019355457344
16.4898852734882
16.4935487125846
16.5163543688553
16.571266246588
16.6411355912669
16.7241058470955
16.820527290479
16.9250167012819
17.0298259197865
17.15697053826
17.2971516967371
17.4327347640895
17.5587381215587
17.6709298193188
17.7541957271336
17.7952472860612
17.8035806720183
17.7876462620752
17.7608289810895
17.7353620116935
17.7335862859074
17.749757486323
17.7713983524751
17.7971214936878
17.8166007852717
17.8186587035726
17.8214674647547
17.8403458975191
17.8650304981938
17.9025292608823
17.9527078487051
17.9958900080815
18.0091430942
18.0045519316771
17.9706746449811
999.99
999.99
999.99
999.99
999.99
999.99
999.99
999.99
999.99
999.99
999.99
16.3226681498912
16.4820796772208
16.4792077048259
16.4799037440689
16.4733013258706
16.4815644183343
16.5102405550283
16.567946195907
16.6371133474892
16.7151324223137
16.8027119698073
16.8964340056024
16.9926367041405
17.1148112881515
17.2541193187558
17.3923934795628
17.5242984861859
17.6430071330984
17.732774992118
17.7796037301168
17.7923892205667
17.7772081793947
17.7472009650123
17.7170798473804
17.7091873508578
17.7190528265472
17.7372364120676
17.7668628281555
17.7947359325513
17.8046822813045
17.8156024072348
17.8396879222019
17.8645420140439
17.8938710498474
17.9353100717881
17.9658271163106
17.9680717361932
17.9526587241655
17.914745479827
999.99
999.99
999.99
999.99
999.99
999.99
999.99
999.99
999.99
999.99
999.99
16.4255363968204
16.4262853709405
16.4594866829597
16.4662730138927
16.4661412211942
16.4785160039472
16.5119998641279
16.5704867114322
16.6349003837774
16.7056061623623
16.7853078193141
16.8713107587466
16.9631170438066
17.0833386503844
17.2213782551407
17.357992241365
17.4883123964476
17.6043025057464
17.6920392006261
17.7398683513174
17.7570047744047
17.7462963663112
17.7187657381567
17.6904815469793
17.6818143133891
17.6881911069453
17.7046101108057
17.740207472554
17.7795880402244
17.8024173582569
17.8271523607993
17.8619662193342
17.891811505018
17.9158488112571
17.9475187531891
17.9650809695401
17.9542588598512
17.92455441167
17.8796247940818
999.99
999.99
999.99
999.99
999.99
999.99
999.99
999.99
999.99
999.99
999.99
16.6879650134998
16.4003879541819
16.4555085801275
16.4569873537928
16.4647554599896
16.4810380450223
16.5173760909322
16.5738554330255
16.6298495842205
16.6896142147354
16.7611649428843
16.8420364968752
16.9335962961823
17.0543239930977
17.1926365566748
17.3261081490827
17.4495152793761
17.5552769823793
17.6341147431709
17.678097223381
17.6971644880851
17.6933795013952
17.6741355005519
17.6543009860865
17.6510033962576
17.6591246624815
17.6763806192363
17.7181698131633
17.7694312824224
17.8073774603644
17.8484023460421
17.8977152674916
17.9368348762904
17.9595994340485
17.9827987566335
17.9876634809244
17.9629688813135
17.9162939859226
17.8593101263265
999.99
999.99
999.99
999.99
999.99
999.99
999.99
999.99
999.99
999.99
999.99
16.3269208586613
16.4029655697482
16.4591827996092
16.4591379102202
16.4752251484079
16.4936904629061
16.5281957990256
16.5781458410955
16.6213608372908
16.66630723017
16.729586646405
16.8074882851854
16.9012598627362
17.0241102845505
17.1635120601227
17.292848897742
17.4056441716545
17.4958798316438
17.5598723082774
17.5951419247581
17.6118746551374
17.6156088353842
17.6098304412889
17.6056599390138
17.6150021178971
17.6319367053659
17.6523870804531
17.6974436605739
17.7548610907871
17.8029106622931
17.8564555903498
17.9209553386099
17.9730742364572
18.0023603609749
18.0232040646129
18.0204352688484
17.9825122754232
17.9166716256335
17.8404911119933
999.99
999.99
999.99
999.99
999.99
999.99
999.99
999.99
999.99
999.99
999.99
16.4427150700634
16.4112001983961
16.4764938408582
16.4822606927091
16.5035845883866
16.5213253891415
16.5496594270631
16.5891433583514
16.6166904546028
16.6445556762515
16.6993615650328
16.7748371522626
16.8700533528375
16.9944713600059
17.1333049042796
17.2563987502247
17.3569989706
17.4321095551406
17.4816914995678
17.508893713976
17.5234361169445
17.5360038695326
17.5445753705215
17.5572348512542
17.5806048662031
17.6073760917447
17.6287835972105
17.6722298523151
17.7291325987119
17.7809630776094
17.8426995115234
17.9215684904073
17.9891698110422
18.0304315666129
18.0550871696276
18.0501979237592
18.0031978233384
17.9187513369608
17.8208100288446
999.99
999.99
999.99
999.99
999.99
999.99
999.99
999.99
999.99
999.99
999.99
16.4959185936015
16.4348004132541
16.4978648906292
16.5199424680359
16.5417585587992
16.557643152148
16.5789033126822
16.6062705421214
16.6177631230024
16.6309788186159
16.6770390065098
16.7486614880432
16.8427632231899
16.9667352112812
17.1020036802926
17.2169841724161
17.3056373057108
17.3693125108942
17.4089583906039
17.4316515992163
17.447029711757
17.4694920949505
17.4909478335557
17.5173413717718
17.5517716864118
17.5859167861351
17.605321608959
17.6418162029842
17.691458629211
17.7408450211221
17.8038335365736
17.8923812978405
17.9756416648945
18.0337247977207
18.0686348866907
18.0699099735071
18.0217751450366
17.9256109543204
17.8089544477528
999.99
999.99
999.99
999.99
999.99
999.99
999.99
999.99
999.99
999.99
999.99
16.486603974036
16.5022959896761
16.5532427464504
16.5700272397189
16.5894070257873
16.6021591525328
16.6158522308682
16.6298676574968
16.6267566623273
16.6283526642432
16.6657285049788
16.730808059939
16.8205799200272
16.940733857591
17.0686371161504
17.1738728024107
17.2522337140699
17.3077044695852
17.3415736049086
17.3635401294873
17.3814898801199
17.4130724327637
17.4462532613596
17.4837981888881
17.526666948004
17.5672414410305
17.5845631038093
17.6100935086347
17.6462199440632
17.6858324028847
17.7416886448571
17.830702029208
17.9254037379898
18.0013295129158
18.0511763530604
18.0643660873745
18.0242008001099
17.9241651875181
17.7938120325431
999.99
999.99
999.99
999.99
999.99
999.99
999.99
999.99
999.99
999.99
999.99
16.5254412995058
16.5623283499592
16.6093857378604
16.6267713755923
16.6397492663365
16.6474226884984
16.6531792968705
16.6542177797487
16.6389732705023
16.6333612426934
16.6646130545207
16.7235921821768
16.8087865081477
16.9262332247365
17.0467722877221
17.142116484524
17.211757292515
17.2606842867205
17.288815549628
17.3094425357528
17.3292594979079
17.3663331634071
17.408002937483
17.4543908956578
17.5037885714205
17.5495934567765
17.5671051840268
17.5811638065259
17.5998530671614
17.6237100632058
17.6661692059309
17.7469448687331
17.8472820412414
17.9402431823273
18.0083196592063
18.0376002823939
18.0112659352885
17.9139431849244
17.7752810074007
999.99
999.99
999.99
999.99
999.99
999.99
999.99
999.99
999.99
999.99
999.99
16.72697561227
16.6126942165467
16.6551002399545
16.6723558469862
16.6747018841717
16.6775151594941
16.6791684955384
16.6717857099282
16.6501025210512
16.644032947813
16.6713421263882
16.7247895521493
16.8064818674349
16.9224460486813
17.0358959741634
17.1230245965854
17.1864258128281
17.2304351818299
17.2535093544799
17.2725720013823
17.2939173007942
17.3332805273723
17.3795860866786
17.4312746440975
17.4851397680606
17.5345312494033
17.5538508612939
17.5589448527324
17.5614561338287
17.5676676858621
17.5928371629271
17.6581620860579
17.7554394732592
17.8583929032365
17.9422993440669
17.9878327780195
17.9784483140011
17.8909649863681
17.7523802513578
999.99
999.99
999.99
999.99
999.99
999.99
999.99
999.99
999.99
999.99
999.99
16.6761069882498
16.6707868353255
16.6982302881813
16.7006161734965
16.6874622460643
16.6843501322379
16.6824203411578
16.6702574412952
16.6481311907916
16.6483478332202
16.6737263317254
16.7254689273691
16.8084680522066
16.9260886512282
17.0356990146431
17.1193956252713
17.1776236775641
17.2137668102422
17.2281957335597
17.2408747084732
17.2587825684933
17.2966676695218
17.3459025320731
17.4026895677323
17.4632564789321
17.5199940737473
17.5462308124468
17.5490154791682
17.5404904008351
17.5294165820446
17.5335167859815
17.5765811037349
17.6604246617398
17.7630957561486
17.8561656713156
17.9160771448036
17.9238029943917
17.8520355115426
17.7218796410843
999.99
999.99
999.99
999.99
999.99
999.99
999.99
999.99
999.99
999.99
999.99
16.6469158081562
16.7254123588182
16.7329993096909
16.7149881389246
16.6865405073102
16.6766185205431
16.6697246213402
16.6544224474174
16.6346290728248
16.6413084458998
16.6652217410877
16.7189651868253
16.8071220314145
16.9288009152346
17.0390800807964
17.1246890380677
17.1793348029101
17.2056668280993
17.2091182727983
17.2113236310891
17.2202313442607
17.2520023393603
17.3011264981243
17.3616175759505
17.4297187739356
17.495797704397
17.5329290653845
17.5406640142903
17.5275566796228
17.5021285775984
17.4866137622434
17.5065415118016
17.5710367234713
17.6660146249623
17.7634426418736
17.8352129205061
17.8576483272516
17.8025134913382
17.6846317973345
999.99
999.99
999.99
999.99
999.99
999.99
999.99
999.99
999.99
999.99
999.99
16.8581260765947
16.769692994618
16.753598398569
16.7201355702565
16.6782605791474
16.6611052446971
16.6491427570766
16.6327364333333
16.6151973373269
16.6260192527002
16.6473888412914
16.7031869975979
16.7963894172526
16.9228190069733
17.0376328894265
17.1302702606672
17.185087926502
17.2039074014305
17.1965796859521
17.1864475529271
17.1838831329944
17.2064842572861
17.2518678827043
17.3135282098271
17.3869457076275
17.4602683312476
17.5083250084957
17.5258260567209
17.5152534824208
17.4826740061726
17.4527898583646
17.4538991375658
17.4981488761807
17.5814960063198
17.6790134019468
17.7596809563814
17.7919103310227
17.751132183748
17.6438600312702
999.99
999.99
999.99
999.99
999.99
999.99
999.99
999.99
999.99
999.99
999.99
16.9404731284975
16.7991187811474
16.7640741656759
16.7153875662635
16.6651500109549
16.6437320483921
16.628676520715
16.6134859620165
16.5990593857073
16.6107581363629
16.6261605493431
16.6799602763054
16.7729743950957
16.8984161035391
17.0157671816418
17.1164184192977
17.1742530401654
17.1903807755969
17.177465861488
17.1589379140979
17.1472229386472
17.1628740235187
17.2039822233805
17.264382157653
17.3401464379886
17.4179025653847
17.4725074180366
17.4998896824455
17.4971422197933
17.4641559041523
17.4254122471587
17.4138506704892
17.439546798748
17.5070815132952
17.5990134950583
17.6844513831543
17.722326087046
17.6945051767479
17.5990529514108
999.99
999.99
999.99
999.99
999.99
999.99
999.99
999.99
999.99
999.99
999.99
16.9922485054628
16.8075806085182
16.7611639021464
16.7001578723559
16.6461309965094
16.6212409195754
16.6023440940415
16.5883018448522
16.5766466671315
16.5854486788162
16.5941260369718
16.6434599524374
16.7316192836678
16.8516264192061
16.9707066799958
17.0794267988143
17.1439935033379
17.1641581741452
17.1528485211055
17.132033818589
17.1158194038103
17.1266028389793
17.163018899913
17.2201318344439
17.2943346206634
17.3725536308528
17.4308537133079
17.4664954118591
17.4729977225761
17.4439963534015
17.4010642890471
17.3806692263414
17.3909426335332
17.441090938693
17.5237074508008
17.6105564564112
17.652244413009
17.6356968497364
17.5548032317605
999.99
999.99
999.99
999.99
999.99
999.99
999.99
999.99
999.99
999.99
999.99
16.9306149624669
16.7790929099803
16.7250337065635
16.6698123464939
16.6212859072404
16.5977072031518
16.5780649083932
16.5662779354387
16.5556676551442
16.5562865395663
16.5565257261575
16.5964767472467
16.6729971999187
16.78321580788
16.9029631147752
17.0189859556649
17.0955537721218
17.1291380508104
17.1281173218855
17.113692271109
17.0998316085862
17.1082178263707
17.1393678583149
17.1907931730169
17.2576975519599
17.3302943165952
17.3873671315444
17.426463710736
17.4401365020954
17.4175417111634
17.374918618373
17.350330551555
17.3503891926399
17.385353892397
17.4576811282223
17.5425770820844
17.58610934847
17.5781060307179
17.5118089803553
999.99
999.99
999.99
999.99
999.99
999.99
999.99
999.99
999.99
999.99
999.99
16.8049127278617
16.7323355130059
16.6803620863302
16.6341850131909
16.5957925320353
16.5769903725869
16.559855950943
16.5520920147875
16.541907251012
16.5325830171708
16.522638859495
16.5477518134375
16.6067133809693
16.7037811766918
16.8220775055245
16.9444316450478
17.0364690538673
17.0898200615411
17.104838978621
17.102943409468
17.0964965765177
17.1054523771088
17.1323958858727
17.1770848584621
17.2327244943258
17.2956742626535
17.3476772160661
17.3849879338019
17.4035621033237
17.3895147303842
17.3505198793964
17.3241639359529
17.3173751690354
17.3371581645504
17.3952386933987
17.4722698135642
17.5150108943398
17.5146371948975
17.4654461828232
999.99
999.99
999.99
999.99
999.99
999.99
999.99
999.99
999.99
999.99
999.99
16.5847663871166
16.6632550967796
16.6289709329196
16.5936068486608
16.5659581150261
16.5541301921685
16.5408208612061
16.5369091655565
16.528612921238
16.5112091144179
16.4914703982991
16.5021088042585
16.5437723891125
16.626717889322
16.7416486722189
16.8685163512609
16.9750268372641
17.0491635901445
17.0839680570282
17.0981356553305
17.1017316096527
17.1130004595792
17.1359646016807
17.1721309771853
17.2144891263203
17.2658312097953
17.3108023429185
17.3439422797984
17.3655326472982
17.3604993608299
17.3284363867508
17.3027838795897
17.2912523733251
17.2962348555012
17.336967076068
17.400661709834
17.4405120472096
17.4489253929849
17.4218731748797
999.99
999.99
999.99
999.99
999.99
999.99
999.99
999.99
999.99
999.99
999.99
16.6132691197691
16.6116311184903
16.5845023382023
16.5552070721227
16.5376953806089
16.5327707779749
16.5229024661437
16.5225409496527
16.5166034970494
16.4932841518812
16.4662599997688
16.4658877202706
16.4939751342775
16.5647073893624
16.6758256133485
16.8060725978695
16.9248713143131
17.0176237770221
17.0730940352046
17.1044915581066
17.1182774723495
17.1313403660699
17.1501412416938
17.1758684835958
17.2039144722415
17.2430020257208
17.2816042542515
17.309965254418
17.3331594447007
17.3362066106842
17.3119925656479
17.2869294268599
17.2712873061677
17.2631294823478
17.2855084628518
17.3322326952155
17.3671328994967
17.3832522141049
17.3791028985818
999.99
999.99
999.99
999.99
999.99
999.99
999.99
999.99
999.99
999.99
999.99
16.5901460624161
16.5678198685741
16.5503229827694
16.5341767464457
16.5276014359992
16.5308200103264
16.5259427155087
16.5295418584734
16.5275064668375
16.5014585456084
16.4692621397619
16.4602600232468
16.4766987876196
16.5329486687204
16.6353531129756
16.7633651851739
16.8865493029546
16.9906581300094
17.0636271595774
17.1104009337954
17.132544011327
17.1483465034025
17.1649369546557
17.1809689601827
17.1965842634653
17.2259170280319
17.2590618272874
17.2831840632155
17.3080173789945
17.3186714120685
17.3030264293138
17.2803137112529
17.2616625326627
17.2430181344646
17.2479226913148
17.2758594872557
17.302815190964
17.3245553666709
17.3397919090986
999.99
999.99
999.99
999.99
999.99
999.99
999.99
999.99
999.99
999.99
999.99
16.6491681624608
16.545957776545
16.540111820755
16.5324754209545
16.5359930480283
16.547969078171
16.550381110315
16.5589982249246
16.5625083634079
16.5384595834608
16.5048277959148
16.4900669841896
16.4971823488522
16.5367611930919
16.623267630107
16.7402734213511
16.8574716078256
16.9632329085572
17.0488537442231
17.1084351652078
17.1384771311463
17.1584080094892
17.1745702100149
17.181137508772
17.1855449794834
17.2058482798709
17.2343485119349
17.2556735984713
17.2841653660642
17.3042167693175
17.2992325319305
17.2808823429637
17.2602472656053
17.2323808833379
17.2195921091295
17.2276993658189
17.2446597280471
17.2712072921711
17.303990405233
999.99
999.99
999.99
999.99
999.99
999.99
999.99
999.99
999.99
999.99
999.99
16.4492352092352
16.5308320450029
16.5333605307751
16.5356945654414
16.5478394816672
16.5680537282471
16.5786174774458
16.593440961474
16.6057185279361
16.5904415311274
16.5621659857376
16.5476110582647
16.549520905021
16.5714565540911
16.6359718000285
16.7331501537278
16.8351030063113
16.934381393267
17.0280461845306
17.0981860449003
17.1368720457805
17.1622683782977
17.1789039861753
17.1768912420854
17.1715770927245
17.1824770354965
17.2056928425761
17.2252980029383
17.2578231592541
17.2873646600855
17.2942731976651
17.2826653656874
17.261924595663
17.2287816169272
17.2012266941296
17.1920569531707
17.1991301071039
17.2288913854014
17.2746263872761
999.99
999.99
999.99
999.99
999.99
999.99
999.99
999.99
999.99
999.99
999.99
16.4502834969908
16.5341744793453
16.5340041189342
16.5391700834125
16.5603824071087
16.5896139796036
16.6092036670471
16.6318642418732
16.654305925761
16.6508320582376
16.6320470932574
16.6210004865392
16.6199133302576
16.6250696153223
16.6651218545783
16.7374079786241
16.8193974406712
16.9071225591532
17.0030349224798
17.0805219494926
17.1275193119501
17.1589505843784
17.1776395747326
17.1703448142323
17.1582401163197
17.1607316250449
17.1782441650847
17.195663252003
17.2310079925587
17.2679060101503
17.2851315900347
17.2803018137962
17.2607986788234
17.2246264224002
17.1854324246775
17.1619224845743
17.1601077218161
17.1900603161088
17.2444105923358
999.99
999.99
999.99
999.99
999.99
999.99
999.99
999.99
999.99
999.99
999.99
16.4622213247457
16.5232720920611
16.5324357423218
16.5398838412544
16.568786004574
16.6057161318042
16.6342510460034
16.6646190040629
16.6980437312069
16.7083021503758
16.701953133512
16.6973219913366
16.6952922743479
16.6854194301227
16.7018789333105
16.7474025942183
16.8066243904624
16.8799184815375
16.9735609048226
17.0549037665589
17.1097686412222
17.1480032525273
17.1694018361629
17.1604179233517
17.1441795875946
17.139468779265
17.1507742623514
17.1662408532969
17.2029565696266
17.2458012168796
17.2720424975516
17.2749718569883
17.2590849240881
17.2234491999082
17.177331735012
17.1445341527718
17.1364990161244
17.1651491134032
17.2232822772339
999.99
999.99
999.99
999.99
999.99
999.99
999.99
999.99
999.99
999.99
999.99
16.6383265230704
16.5183713361094
16.5327867039574
16.5429159153225
16.5754059291934
16.6161762918409
16.6518500928113
16.6895720960231
16.732719600183
16.7584606761265
16.7684854081053
16.7753491764353
16.7789192504585
16.7650982537866
16.7671665193417
16.7923882772869
16.8328809400995
16.8925926161968
16.9793653034409
17.0604148643361
17.120987558036
17.165233266543
17.1894154864001
17.1826593544363
17.1665110531283
17.1582416304636
17.165807698704
17.181991663962
17.2203983148384
17.2683368556995
17.3025572864011
17.3133527056703
17.3032943867921
17.2726171812232
17.2253781409127
17.189140901771
17.1789634582279
17.2058639535156
17.2622324118544
999.99
999.99
999.99
999.99
999.99
999.99
999.99
999.99
999.99
999.99
999.99
16.6885951928443
16.52061875516
16.5436947689458
16.5514839497386
16.5834257662472
16.6241560510766
16.6637580974477
16.7079268937029
16.7598347527212
16.8007732455238
16.8282376962913
16.8500392107194
16.8646592356483
16.857084562617
16.856064722812
16.8712232949653
16.9001081135067
16.9492912816367
17.026037407821
17.1019533437229
17.1632469330437
17.2105679032234
17.2370849004557
17.2366309989867
17.2261854933178
17.2207519996782
17.2285217403328
17.2481008212619
17.2873141000126
17.3370523122327
17.3757255571906
17.3930449923264
17.389695637935
17.3676185040878
17.326223746745
17.2922694450582
17.2831833178334
17.3074622200555
17.3572225594884
999.99
999.99
999.99
999.99
999.99
999.99
999.99
999.99
999.99
999.99
999.99
16.4575761170691
16.5475346106682
16.5683464443848
16.5704713203835
16.60102905176
16.6414867576606
16.6847210499755
16.734781402462
16.7926155753533
16.8450806380755
16.8871473227057
16.9237897209976
16.9523649401974
16.9597221186935
16.9660200812197
16.9813396932511
17.0060477132084
17.0475949261347
17.1119661871196
17.1789265826421
17.2358951795493
17.2823872992986
17.3109289513445
17.3197633734203
17.3197879475988
17.3243435850176
17.3378777057625
17.3636869433824
17.4037565609076
17.452184281765
17.4907203199139
17.5121329653435
17.5154911527071
17.5037899885907
17.4748344139614
17.4503694150585
17.4479993346278
17.472222268102
17.5147557526498
999.99
999.99
999.99
999.99
999.99
999.99
999.99
999.99
999.99
999.99
999.99
16.5590213634604
16.5862832317413
16.6046370182462
16.6042131166317
16.6321208989876
16.6708928437586
16.7183553946956
16.7749624033466
16.8386446383919
16.9019329596318
16.9582261470843
17.0102126027476
17.0548053865042
17.0824516935514
17.1028090271797
17.1247350897647
17.1494619117446
17.1847038720867
17.2354008010176
17.2908856581263
17.3400859716448
17.3831759723145
17.4139549962797
17.4334464634907
17.4468069473242
17.4670374804746
17.491919713742
17.5268674141555
17.5693052425995
17.6157286667009
17.6508310876892
17.6736419723808
17.6822726472477
17.6813489697037
17.6691148129847
17.6610815776682
17.6710579546009
17.7012315958604
17.7404027299791
999.99
999.99
999.99
999.99
999.99
999.99
999.99
999.99
999.99
999.99
999.99
16.7002101972102
16.6396202772359
16.6481727566181
16.6514552817305
16.6758144412326
16.7138205650371
16.7674504692399
16.8339832520768
16.906120989177
16.9825515144047
17.0538571242004
17.1208960815871
17.1823460410322
17.2332467557929
17.2702053528563
17.3019019156892
17.3297262657583
17.358500198254
17.3932253260355
17.4348373831884
17.4730890494083
17.5097351409968
17.5432218658005
17.5743418288865
17.6033037914891
17.6429657533838
17.6837599688406
17.7296938291198
17.7758192945925
17.8198687221443
17.8501168527498
17.8722699964584
17.8844174448504
17.8940584066757
17.9008487332633
17.9134673689703
17.9407042515361
17.983741915417
18.0253787429818
999.99
999.99
999.99
999.99
999.99
999.99
999.99
999.99
999.99
999.99
999.99
16.8540251293422
16.6863233813885
16.6846929769894
16.6806759585649
16.7045906597684
16.7471063901239
16.8112024664645
16.8920919107303
16.9762721454948
17.065435325465
17.148199896474
17.2250935528465
17.2959614159635
17.3610148087572
17.4076512147015
17.4447468995044
17.474250292032
17.4970072101067
17.518843885729
17.5492043297431
17.5777320944249
17.6064588885852
17.6403160359862
17.677337100757
17.7151345838474
17.767280962426
17.818835428196
17.871309660238
17.9197244871063
17.9615400215904
17.9871903442455
18.008362792613
18.021858503282
18.0375345422796
18.0588817611321
18.0902358854662
18.1355776999046
18.1966916072368
18.2519982502885
999.99
999.99
999.99
999.99
999.99
999.99
999.99
999.99
999.99
999.99
999.99
16.8032693418338
16.708705601204
16.6909643842239
16.6818320527244
16.7067881153624
16.7564784309959
16.8333123374579
16.9309294340532
17.0305989717061
17.1339253420483
17.2279188070008
17.3130495479608
17.3897363533259
17.4620598016481
17.5129777730368
17.551330154858
17.5801912023155
17.5968099907507
17.6091851441336
17.6313800529335
17.6530818212991
17.6751455202779
17.7083831033668
17.7460602722389
17.7861649022496
17.8428267737699
17.8988100989024
17.9528120399321
18.0016800624127
18.0412187044736
18.0629473319114
18.0824572091554
18.0957038516226
18.1148726021482
18.1474274416386
18.1975835718459
18.2644687940899
18.3489556745903
18.426836442916
999.99
999.99
999.99
999.99
999.99
999.99
999.99
999.99
999.99
999.99
999.99
16.7853199558217
16.6959269484143
16.6706938880948
16.65748686997
16.6804222440674
16.7342184397404
16.8207185171952
16.9334784804608
17.0510799663937
17.1706230412169
17.2780353679164
17.3731960379974
17.4560617519868
17.5321537083086
17.5849470785144
17.6224900685675
17.6486818170207
17.6591879058955
17.6649099210938
17.6812972585667
17.6988434237929
17.7171011299496
17.7497308907143
17.7844679955017
17.8215562507732
17.875207412922
17.9293187393296
17.9805401172864
18.0281188306935
18.0659249316272
18.0855778050517
18.1028292977078
18.1139407443219
18.1343958343696
18.1738676461633
18.2387489706744
18.3240157441587
18.4316635973459
18.535132231253
999.99
999.99
999.99
999.99
999.99
999.99
999.99
999.99
999.99
999.99
999.99
16.7067618963821
16.6485792108267
16.6172298346679
16.610602991886
16.6291161479081
16.684245633542
16.7764136634988
16.9016619002341
17.0360713818765
17.1713701617657
17.2930696554126
17.3993236459555
17.488787820376
17.5666365571105
17.6196986424712
17.6549452186789
17.6775381466338
17.6827738187972
17.6851139608543
17.6986391898303
17.7148076598874
17.7318513294136
17.7636439851564
17.7926166960529
17.822085989835
17.8653681694623
17.9102114394075
17.9529219712425
17.994854195494
18.0283750788294
18.0464590635782
18.0619221739385
18.0719900241439
18.0954442347416
18.1420828628961
18.2194081474603
18.3205089383431
18.446897383226
18.56961268783
999.99
999.99
999.99
999.99
999.99
999.99
999.99
999.99
999.99
999.99
999.99
16.6441723104615
16.5937170874258
16.5582170027523
16.550551512057
16.563963890297
16.6175989776377
16.7106448278719
16.8414520547194
16.9860631335395
17.131756310361
17.2644647686891
17.3804659353515
17.4765401468557
17.5561424089577
17.6104177285233
17.6451489802193
17.6657612048207
17.6690603978018
17.6723937416776
17.686887335624
17.7043738486588
17.7232291556963
17.7543946373079
17.7758443149866
17.7941436543809
17.8220204254659
17.8513148224505
17.8804160383071
17.9124146439058
17.9391103739006
17.955058571621
17.9692826934123
17.9801763069889
18.0084870248407
18.0626576398959
18.1511773512017
18.2649429321508
18.4037349555847
18.5390767844779
999.99
999.99
999.99
999.99
999.99
999.99
999.99
999.99
999.99
999.99
999.99
16.3901571715161
16.5521603427445
16.5163924158901
16.5087986913328
16.5161050135468
16.5629973191266
16.6487948700679
16.774136483194
16.9182758660613
17.0666592354016
17.2055512091615
17.3302599234247
17.4363326505634
17.5231900733635
17.5849337628081
17.6252587892008
17.6480427465429
17.6522760401909
17.6578306455442
17.6730293962113
17.6921209146383
17.7144957896536
17.7463320822293
17.7632500037052
17.7735533078319
17.7880628978928
17.8021170163195
17.8170385167661
17.8371657569677
17.8553581330196
17.8688036806599
17.8834157401686
17.8993868064364
17.9373348709219
18.0033561075711
18.1040870484383
18.2271603011794
18.369495349926
18.5048394617058
999.99
999.99
999.99
999.99
999.99
999.99
999.99
999.99
999.99
999.99
999.99
16.4636444115956
16.5421727163309
16.5067484037192
16.4990239811672
16.5016929676466
16.5395687985342
16.6129603602613
16.7249034022516
16.857894983294
16.9993731179654
17.1369097823372
17.2657674456607
17.3801713934067
17.4768199008295
17.5490704458347
17.5987377461757
17.6265274616233
17.6341120294829
17.6412593380207
17.6556912713114
17.6741790030904
17.6987845426507
17.7308216411286
17.7461844169164
17.7518643586594
17.7571619204123
17.7586292419592
17.7609214603887
17.7690471256701
17.779461621907
17.7913370146355
17.8098525122438
17.8354359407078
17.8873749996862
17.9681761010403
18.0799359051594
18.2066353317209
18.3449374734564
18.4700029618438
999.99
999.99
999.99
999.99
999.99
999.99
999.99
999.99
999.99
999.99
999.99
16.5021798941799
16.5367038536542
16.514375079497
16.5157695488811
16.5181061853785
16.5492248865311
16.6109303156663
16.707439293441
16.8217537811785
16.9486625544557
17.0768356031771
17.2022400721463
17.3191951167523
17.4237311059024
17.5059990660678
17.5662968423196
17.6013408059917
17.6141697771693
17.6229461160711
17.6346439541994
17.6493387760163
17.6728783221276
17.7034945736896
17.7184203534638
17.722388246767
17.7228457085357
17.7154090145066
17.7072063879066
17.7047551931144
17.7101382340844
17.7232156408338
17.7505466116002
17.7914570619818
17.8615263822528
17.9580644269595
18.0799844485888
18.2083378117846
18.3380091495974
18.4464818975158
999.99
999.99
999.99
999.99
999.99
999.99
999.99
999.99
999.99
999.99
999.99
16.6096289575697
16.5585020598614
16.5432541625255
16.548466611445
16.5542343023373
16.5818792102257
16.6342187819246
16.7143133308805
16.8058691899472
16.913179659096
17.0251443836571
17.1402094409981
17.2543098415056
17.3642025295693
17.454998894476
17.526435549
17.5698711381011
17.5888753644611
17.5983363202198
17.6055845718185
17.6144901550086
17.6354959560506
17.6645742719946
17.6813653547799
17.6875864040474
17.6885392847323
17.6775196034836
17.6633819392646
17.654519244012
17.6602920687812
17.679032493392
17.7192204119707
17.7778919855346
17.8661138311407
17.9739082189428
18.1010914120486
18.2269674323482
18.3458251340014
18.4382184281942
999.99
999.99
999.99
999.99
999.99
999.99
999.99
999.99
999.99
999.99
999.99
16.5199188768387
16.5915550031002
16.5786759655616
16.5861256770894
16.5964412591619
16.6221673384973
16.6667154344907
16.7318229092451
16.8010635413126
16.8876087655838
16.9813371174435
17.0844390749613
17.1938219197373
17.3074615384549
17.405409604929
17.48621177567
17.5358003137366
17.5587851856619
17.5664744603508
17.5670412103202
17.5694724214692
17.5871382845289
17.61471768422
17.6350037263755
17.6460876608815
17.6506896764563
17.6409810043526
17.6262592181364
17.6168286455765
17.6290982628293
17.6579576279541
17.7128228787296
17.7883774228328
17.8913439083332
18.0053853102884
18.1321939771837
18.25251386607
18.3603418389716
18.4370870896002
999.99
999.99
999.99
999.99
999.99
999.99
999.99
999.99
999.99
999.99
999.99
16.535207507534
16.6195526424806
16.6055690660717
16.6147875841292
16.6274584024101
16.6512783097104
16.690659071102
16.7454082348602
16.7989247105068
16.8700648244426
16.950631983217
17.0457866752639
17.1531041551694
17.2702842043587
17.3730802948456
17.459802217723
17.5109093395989
17.5320220356574
17.5327946305613
17.5245714386025
17.5187122595673
17.5322941852935
17.5598673603037
17.5858034781509
17.6035673358763
17.6151304419026
17.6117834774269
17.6014426785099
17.5957833914578
17.6181574854448
17.6585482770796
17.7252337618359
17.8118916626544
17.9250266712883
18.0408458583803
18.1640790007682
18.280375874688
18.38399488218
18.4513610026666
999.99
999.99
999.99
999.99
999.99
999.99
999.99
999.99
999.99
999.99
999.99
16.684484759659
16.6438174525929
16.6257010072199
16.6308886201507
16.6403897077064
16.6595926230698
16.6950289201179
16.7434272701486
16.7891334722196
16.8529638140974
16.9280505271659
17.0215423869015
17.1321265423516
17.2542830918711
17.3609654396815
17.4509210450648
17.5005055656424
17.5148289058642
17.5061865295155
17.489691533951
17.4772283103146
17.4881512482067
17.5180149454897
17.5500398090712
17.5743980027732
17.5927600992097
17.5976804178656
17.5940234470702
17.595718969816
17.6296577190485
17.6818753186239
17.7561358430943
17.8482364153513
17.964039409639
18.074997535059
18.1902925860138
18.3022350451595
18.4030492430466
18.4654088268012
999.99
999.99
999.99
999.99
999.99
999.99
999.99
999.99
999.99
999.99
999.99
16.6576822550088
16.669663296161
16.6440962497958
16.6354372476242
16.6377281118162
16.6501216085112
16.6810351027985
16.7243549387205
16.7680789768614
16.8310141061426
16.9080738400076
17.0069417538478
17.1264059246827
17.2563590556165
17.3666452083868
17.4574110910272
17.5040157023352
17.5101350436295
17.4917250911797
17.4705950868704
17.4563201773807
17.4672285243625
17.500595647837
17.5383214517626
17.5671704880007
17.5898459126426
17.6022814654988
17.606498551696
17.6172865078104
17.6611436674689
17.7219919473048
17.7978378395586
17.8880113316213
17.9994563417334
18.1030131565743
18.2089010390172
18.3175388513132
18.4172808784954
18.4775389478293
999.99
999.99
999.99
999.99
999.99
999.99
999.99
999.99
999.99
999.99
999.99
16.7752278417157
16.711568477231
16.6738877724545
16.636936446699
16.6291033013439
16.631681835889
16.6564451339228
16.6951929185997
16.7404386080922
16.8069785212721
16.8922645507116
17.0024502782031
17.1351994316757
17.275556222405
17.3912447417088
17.4827409368987
17.5267626430234
17.5255687727834
17.4989047412728
17.4752521785131
17.4614378204598
17.4725274214158
17.5073262658721
17.5480046576917
17.5783784456328
17.6021749128267
17.6204148809101
17.6336894099272
17.654100084377
17.7053585882103
17.7710993957904
17.8440808491997
17.9269740793316
18.0295237209218
18.1254781191779
18.2233622814537
18.3290319234795
18.4269907521276
18.484942144361
999.99
999.99
999.99
999.99
999.99
999.99
999.99
999.99
999.99
999.99
999.99
16.8096176599243
16.7526061500569
16.6973464102816
16.6396669706302
16.6227478816353
16.615992292721
16.6342438522537
16.6692720662945
16.7190743197838
16.7920329153442
16.8881281924019
17.0109363461537
17.1565478047371
17.3058951196757
17.4269181257302
17.5200339762112
17.5639622180275
17.5585720224605
17.5265886586614
17.5017311990944
17.4877802363333
17.4971710657286
17.5309740414685
17.5728063546991
17.6044778682999
17.6303659603298
17.6549459677615
17.6772679945224
17.7053288733592
17.7592672401365
17.8245713849944
17.8913028474633
17.9642759896922
18.055716828812
18.1428259199109
18.2325120340873
18.331668994171
18.4238937880352
18.4781898415889
999.99
999.99
999.99
999.99
999.99
999.99
999.99
999.99
999.99
999.99
999.99
17.125772967773
16.7785918629032
16.7172450703505
16.6399380934168
16.6154249231455
16.6012563683534
16.6135902632739
16.6471295265872
16.7021809400756
16.7815383276416
16.8872202877384
17.0194227220532
17.1714566699716
17.3252260000836
17.4504539509454
17.5464471364221
17.5955808591654
17.5955937803417
17.5681523593806
17.5475045804502
17.535850480732
17.5429450148295
17.572358893904
17.6108443184778
17.6420127233046
17.6697326119083
17.6992184166414
17.728320251692
17.7618289278928
17.8134723558678
17.8722967907477
17.9298456357114
17.9920732537007
18.0698388544108
18.1464514753269
18.227768061288
18.3169054131259
18.3966165256394
18.4427051149345
999.99
999.99
999.99
999.99
999.99
999.99
999.99
999.99
999.99
999.99
999.99
17.0874229368515
16.7722613650871
16.7040048911511
16.6282614439203
16.6010839523397
16.5848001078253
16.5940265229524
16.6281690782574
16.6876558753107
16.7712504286624
16.8827561812538
17.0188862118048
17.1701394689456
17.3231490160264
17.4519635292233
17.553095637569
17.6132037483298
17.6290745506382
17.6163733060171
17.6046756458226
17.596908722182
17.6006803422831
17.6214056916737
17.6519251964536
17.6806445610252
17.7098314182927
17.7427051572375
17.776468072108
17.8118163760088
17.8564104734438
17.9031714459037
17.9492809545557
17.999801805506
18.065041014629
18.1333646604483
18.2085725051498
18.2869923019601
18.352660967048
18.3868923498433
999.99
999.99
999.99
999.99
999.99
999.99
999.99
999.99
999.99
999.99
999.99
17.037271213881
16.7632880880107
16.6829786463165
16.607898694442
16.5818430451802
16.5667839102302
16.575422033237
16.6112776420626
16.6737206740697
16.7585791146615
16.8712436013548
17.005471702316
17.1507616834829
17.2992051765775
17.4324544507722
17.5425503842312
17.6182427152695
17.6559849170289
17.6653019749498
17.6652804939724
17.6608356658659
17.660465969702
17.6709547142398
17.6904041220072
17.7149982107989
17.7454721506232
17.7805440276332
17.815649559478
17.8491312225303
17.8838799817468
17.9159233466639
17.9497140330305
17.9897508815368
18.0437778051133
18.1038778367018
18.1731757527838
18.2390235012142
18.2892420110633
18.3104908408203
999.99
999.99
999.99
999.99
999.99
999.99
999.99
999.99
999.99
999.99
999.99
16.6338739091595
16.7189802489779
16.6363418249125
16.5778417235652
16.5548658030097
16.5439930851666
16.5536390453049
16.5924799426058
16.6577741010785
16.74179090893
16.851106535022
16.9788042047513
17.1136699784974
17.2534835180838
17.3899041374153
17.5105495488564
17.6047545300491
17.6684238974272
17.7051880702696
17.7205808368202
17.7205226337441
17.7156029067982
17.715422977454
17.7214357212544
17.7388894998192
17.7691422212783
17.8052116473606
17.837857225915
17.8669430634897
17.8905772643535
17.9068331513067
17.9271914102083
17.9573668306895
18.0011948980684
18.054094175892
18.1170747401327
18.1707814008209
18.206491408173
18.2140062986366
999.99
999.99
999.99
999.99
999.99
999.99
999.99
999.99
999.99
999.99
999.99
16.6990543379707
16.6489599153305
16.5784032242706
16.5395201797246
16.5174445753785
16.5100824251756
16.5230700871265
16.5668890447237
16.6342408606121
16.7169249074894
16.8218575479219
16.940698020674
17.0630634949676
17.1931961688912
17.3321546032886
17.4625616680507
17.5754331275429
17.6662961274467
17.7332707760344
17.7671764992912
17.7745030967649
17.7671359998793
17.7567052885074
17.7462756332276
17.7516091149397
17.7759552187949
17.8080485176383
17.8353386488908
17.8609085638961
17.8758745438269
17.8796511114745
17.8882515983864
17.9093176865989
17.9432481902536
17.9906052425137
18.0484283935194
18.0948055866191
18.1212658840577
18.1189297251566
999.99
999.99
999.99
999.99
999.99
999.99
999.99
999.99
999.99
999.99
999.99
16.5861902532878
16.5809474248629
16.5269588630637
16.5058068642677
16.4846017134196
16.4808786019089
16.498997675327
16.5470254493942
16.61500325711
16.6953509701669
16.7937777779212
16.901627540909
17.0123870811315
17.1340391567187
17.2753378933332
17.4142062028696
17.5432679152876
17.6567606294423
17.749613002578
17.8004738203874
17.8162078931824
17.8080936904817
17.7887976333905
17.7621336894869
17.7523247508971
17.7653039359877
17.7894659084061
17.8104440257749
17.8338752556405
17.8458352225665
17.8457093651726
17.8494593764223
17.866310726776
17.8944560181553
17.9383147088874
17.9898333048863
18.0286310774686
18.0474341672253
18.0375618060854
999.99
999.99
999.99
999.99
999.99
999.99
999.99
999.99
999.99
999.99
999.99
16.4282669468872
16.5337892491438
16.4990466143861
16.481117671172
16.4614226145564
16.4601373685325
16.4829693774607
16.5337134008088
16.601527930925
16.6787735311569
16.7698380386698
16.8664600622116
16.9670646683741
17.0812762555142
17.2229526600547
17.3671469708413
17.5071858185358
17.6354908927081
17.7458522428989
17.8105339282522
17.8344728043763
17.8276686427641
17.8033635084825
17.7650634763765
17.740851182633
17.7412799947938
17.7573925549492
17.7739339506537
17.7988408952187
17.8149365248959
17.819868783955
17.825365083555
17.8425990963184
17.8671156314524
17.9066213006803
17.9489703135567
17.978735550773
17.9899429603511
17.9749008920987
999.99
999.99
999.99
999.99
999.99
999.99
999.99
999.99
999.99
999.99
999.99
16.4517221660776
16.4811139293368
16.4738558596726
16.4643851414198
16.4474653947231
16.4489612964099
16.4747521353103
16.5271646897151
16.5951978243856
16.6690264516544
16.7524179139207
16.8395644443573
16.9315211473045
17.0387771817327
17.1784488323085
17.3234851991345
17.4674009949235
17.6021464910046
17.7188883783553
17.7899277803527
17.8191470501223
17.8145598091176
17.7882843491789
17.7463063231512
17.7149252034759
17.7076709302415
17.7189998387458
17.7361802680718
17.7672342226754
17.7932219499632
17.8101428023738
17.8246928583341
17.8463638178754
17.8692116703441
17.9034750045737
17.9345235359374
17.9514466139396
17.950857211786
17.9266159880135
999.99
999.99
999.99
999.99
999.99
999.99
999.99
999.99
999.99
999.99
999.99
16.4448262834081
16.4249529693082
16.4546506177126
16.4546952505805
16.4425419382717
16.4476090674443
16.4762121180774
16.5293395863141
16.5954878557924
16.6634376321543
16.7381733337007
16.8172012980738
16.9030773632056
17.0062088214952
17.1433178736065
17.2866330819796
17.4277192778316
17.5591688086842
17.6712396973096
17.7410720982488
17.7719148051667
17.7714373935553
17.7493255299556
17.712584342837
17.6831474727296
17.6753574489652
17.6858188038835
17.7069789221084
17.7473069684869
17.7868297258874
17.8196179080361
17.8488090880479
17.8799574933379
17.9031156600751
17.9303728047061
17.9489233985248
17.9506616495213
17.9350257854496
17.9007940524609
999.99
999.99
999.99
999.99
999.99
999.99
999.99
999.99
999.99
999.99
999.99
16.4079856219403
16.3709853593375
16.4248511399631
16.4510909586645
16.4482829215936
16.4584307415231
16.487291541326
16.537685984248
16.5979567349741
16.6552921894988
16.7184141975642
16.7902352604619
16.8729964844892
16.9751512664283
17.1100623632013
17.2515686842797
17.3864045021591
17.5078207459684
17.6069664420545
17.6700527861499
17.6989923074461
17.7024815068354
17.6883328017403
17.6645206720318
17.6450909836403
17.6438316857133
17.6584035508414
17.6855160128057
17.7338671250417
17.786602913439
17.8353094670173
17.8811851717145
17.9263638739678
17.9553673205216
17.9778461223725
17.9857171422364
17.9709374581414
17.9356500543836
17.8851102912865
999.99
999.99
999.99
999.99
999.99
999.99
999.99
999.99
999.99
999.99
999.99
16.3254487868565
16.3696403369792
16.4265463405007
16.4551364154772
16.464774907183
16.4805011210522
16.5062719125176
16.5503636135987
16.6009803051668
16.6436731561911
16.6944219198107
16.761081435221
16.8427194654801
16.9452715588016
17.077873168077
17.2159037814495
17.3413476980282
17.4480952742356
17.5294843155993
17.5817006694387
17.6056183045279
17.6123143958369
17.6093212039345
17.6035302283415
17.6004724955827
17.6120157102104
17.6345683149142
17.6673533251332
17.7207857810868
17.7825869733217
17.8430925452541
17.9036077835464
17.9640863338143
18.0029331953281
18.0248993487582
18.0266343104702
17.9992500622646
17.945394092936
17.8753334164985
999.99
999.99
999.99
999.99
999.99
999.99
999.99
999.99
999.99
999.99
999.99
15.8174920869555
16.3689176104701
16.4368016581786
16.4794619794574
16.4992970174323
16.5181179877755
16.5366411232913
16.5697369308576
16.6061099060839
16.6308245770129
16.6688002184285
16.7318454652005
16.813834156597
16.9181024039164
17.0496723631765
17.18337716825
17.2979363694848
17.3885722126672
17.452088724606
17.4914264468035
17.5087388825799
17.5177180622673
17.526623401614
17.5387257506795
17.5540861412358
17.5802713093276
17.6108743576653
17.6457227700479
17.6991058855112
17.7632572192595
17.8299094802171
17.9019073436606
17.9786262200462
18.031939239743
18.0605021568356
18.0635000443513
18.0300134673672
17.9596469736985
17.8669858324436
999.99
999.99
999.99
999.99
999.99
999.99
999.99
999.99
999.99
999.99
999.99
16.506693837328
16.4025444903483
16.4693225696541
16.5208837457167
16.5474361927783
16.5665524319203
16.5782918356513
16.599894387555
16.6191524409826
16.6251641858774
16.6508066797043
16.7091995171546
16.7902042554109
16.8955318930604
17.0248105424499
17.1525586226975
17.2559419825144
17.3317716021057
17.3819768357328
17.4126827718271
17.4264558378797
17.4392627641432
17.4604374939412
17.4863568402499
17.515652894988
17.5525658763591
17.5878310362399
17.6182596764781
17.6650842087214
17.7243330085578
17.7897213452219
17.8661849446018
17.9573991363873
18.0277459930984
18.0692338320373
18.0809935874531
18.0513525283953
17.9733193110303
17.8639315873626
999.99
999.99
999.99
999.99
999.99
999.99
999.99
999.99
999.99
999.99
999.99
16.2994813105336
16.4671170763926
16.5216847244209
16.5716089744647
16.6002542203988
16.6162392400715
16.6199892440543
16.6288901467343
16.6324442301535
16.6243310146241
16.642008878274
16.6965693710518
16.7761011877246
16.8805243885465
17.006073348362
17.1254210805919
17.2183630982156
17.2825116627701
17.3237976177545
17.3485963286061
17.3612163797497
17.3776784044286
17.4085042202815
17.4442360019146
17.4839128163466
17.5283524195263
17.5659307814713
17.589033224644
17.6239503653827
17.670811887834
17.7274314614712
17.8004852248102
17.8995565390423
17.986378539464
18.0456349729249
18.0719613410334
18.053448964055
17.9764164510719
17.8549165632378
999.99
999.99
999.99
999.99
999.99
999.99
999.99
999.99
999.99
999.99
999.99
16.4778851716099
16.5568910955086
16.6066633846921
16.6275675801332
16.6513596933422
16.6617580734023
16.6582815532608
16.655816448932
16.6482177094817
16.6325065681229
16.6463446229905
16.6978015962244
16.7752396497646
16.8769040210541
16.9985592363898
17.1084487134776
17.191786371565
17.2471216205178
17.2828399104246
17.3028355063534
17.31537865296
17.3346413689468
17.3717805341646
17.4127815822389
17.4589243295286
17.5078619292001
17.546439129477
17.5619809422742
17.5831484935715
17.6130354806898
17.6551745989069
17.7179422750217
17.8169704188056
17.915622407149
17.9935892580305
18.0371798588936
18.0347967854312
17.9667886841134
17.8415614458747
999.99
999.99
999.99
999.99
999.99
999.99
999.99
999.99
999.99
999.99
999.99
16.6740608054998
16.6063280705539
16.6497281527135
16.6702419958858
16.6823764900909
16.6851721083863
16.6790411876495
16.6702622510608
16.657347371562
16.6408930119741
16.6540589698438
16.701573658184
16.7765983536175
16.8764170880184
16.9956297824477
17.0990758865898
17.1762171849921
17.226265916507
17.2581081103063
17.2736136703152
17.2853663144644
17.3054428797563
17.3446118297051
17.387474724136
17.4379037340506
17.4904280407406
17.5311664713959
17.5426874656758
17.5526059671411
17.5644149373369
17.5873119749625
17.633010444295
17.7222825435466
17.823638005353
17.9157879844431
17.9776101357119
17.9938264363496
17.9403953785299
17.8205774944601
999.99
999.99
999.99
999.99
999.99
999.99
999.99
999.99
999.99
999.99
999.99
16.8175800178657
16.662278371448
16.6887177328779
16.6931361861016
16.6903155210195
16.6861004647739
16.6810783836643
16.671360941482
16.6584444353004
16.6473310868099
16.6612200004373
16.7038592735704
16.777464119834
16.8773876637569
16.9953418749526
17.096346573159
17.1710458222633
17.2162544863715
17.242143429931
17.2512503239515
17.2591499664204
17.2773030438398
17.3163153876319
17.3608659614695
17.4156432727453
17.4736402726735
17.5192623973522
17.5319822496133
17.5354578598537
17.5319277463554
17.5336302929288
17.5579653121561
17.6291235145796
17.7235736926231
17.8219690193282
17.8989204195466
17.9328341257513
17.897816342725
17.7915332458337
999.99
999.99
999.99
999.99
999.99
999.99
999.99
999.99
999.99
999.99
999.99
16.6617408362705
16.7140269907577
16.7196929307325
16.7023618441868
16.6825137182291
16.6695503765193
16.6631619875265
16.6514664801274
16.6404320368845
16.6381951258814
16.654723769757
16.6949291935472
16.7710177850693
16.8738584169352
16.9932488959976
17.0961656450301
17.1720592264055
17.2121519424862
17.2298510529794
17.2291484658186
17.2289058380116
17.2405969952702
17.27680984559
17.322713136157
17.3830917352518
17.4492537665586
17.5037606971997
17.5246948102748
17.5281027588621
17.5134676309695
17.4954760788395
17.4974650254733
17.5445911471186
17.6248288420308
17.723119475198
17.8112993972193
17.8600369334801
17.8432259057485
17.7528480054519
999.99
999.99
999.99
999.99
999.99
999.99
999.99
999.99
999.99
999.99
999.99
16.7149621920214
16.7497008248509
16.7325597414268
16.7074940641403
16.6735010364576
16.6532941640532
16.6462340895306
16.633870579262
16.6242789958581
16.6282158223603
16.6441140012108
16.6796403202173
16.7565987297395
16.8619608082628
16.9831728116601
17.091179617368
17.1712853831249
17.2082508773153
17.218015296614
17.2075458081307
17.1973283597974
17.2000526928855
17.230390929457
17.2754409840336
17.3385976212188
17.4106857516098
17.4736578208245
17.5056110531122
17.5146509725924
17.4962409908962
17.4647547034206
17.4486873659311
17.4731187001458
17.5357672245081
17.6286670361882
17.7239825191077
17.7844173366083
17.7829205898758
17.7089715661149
999.99
999.99
999.99
999.99
999.99
999.99
999.99
999.99
999.99
999.99
999.99
16.9340089982285
16.7650770947745
16.7305408967663
16.7050930945364
16.6625806868011
16.6377676119645
16.6323592291858
16.621056132198
16.6123826486443
16.6186393188399
16.631061993845
16.6580276592852
16.7313589302044
16.8357050418791
16.9566771990918
17.0696772108398
17.1559251934709
17.1929916414438
17.1977649824482
17.1801380396728
17.1613564084885
17.1566717667782
17.1819099967353
17.2256808390566
17.2902864304044
17.3672030901367
17.4365423792955
17.4784292538059
17.4970506585401
17.481489059339
17.4419663272089
17.4128362401507
17.4185233149406
17.4611775854004
17.5426959307438
17.640107876024
17.7075727859463
17.7172779041164
17.6592832451649
999.99
999.99
999.99
999.99
999.99
999.99
999.99
999.99
999.99
999.99
999.99
16.7737367651245
16.7726168982189
16.7294554144491
16.697222429903
16.6514902133266
16.6246393384827
16.6187698852871
16.6070173750291
16.5985202956725
16.6031305666017
16.6092950487039
16.6274091366352
16.6945050024403
16.7935431978496
16.9128969804764
17.0303216550496
17.1237273358937
17.1649401006616
17.1703024049047
17.1507513685451
17.1281340054877
17.1196430433347
17.1412680639336
17.1830289148705
17.2460615088638
17.3237688714281
17.3947677470097
17.4427953044851
17.4703579196789
17.4613175445071
17.4201279817726
17.3846525443682
17.3777119308629
17.4029334711721
17.4709541510077
17.5646422075632
17.6338418685501
17.6507819461493
17.6059720330354
999.99
999.99
999.99
999.99
999.99
999.99
999.99
999.99
999.99
999.99
999.99
16.7393094006265
16.7574085793544
16.7093559248957
16.67585614218
16.633173749907
16.6073327435537
16.6017021600058
16.5893973770784
16.5812745209095
16.5816321623708
16.5808864539138
16.5902732046884
16.6471580713429
16.7360609914253
16.8518480519337
16.9721247249626
17.0733248850397
17.1252624138425
17.1390631373605
17.1246067962597
17.1047653352512
17.0962422765273
17.1144016495894
17.1525213289029
17.2106043593258
17.2837265304839
17.3519670606484
17.4020945545055
17.435829008065
17.4339385874752
17.3955826408038
17.3589731774235
17.3444017096603
17.3555228205244
17.4097453695042
17.4959499916672
17.5632535672615
17.5850629653421
17.5524418100234
999.99
999.99
999.99
999.99
999.99
999.99
999.99
999.99
999.99
999.99
999.99
16.7540334049926
16.7131918823491
16.6680566680809
16.6407009536313
16.6065457808313
16.5874330836339
16.586168653568
16.5771067177758
16.5715050190947
16.5646409914004
16.5542540830735
16.5517424893061
16.5926331037063
16.6670901538894
16.7778684058771
16.9001970908832
17.0105789485486
17.0793715796492
17.1085629282325
17.106135945326
17.0950163485613
17.0908441092825
17.1067246260641
17.1404551485065
17.1899967289489
17.2532743903298
17.3132562269763
17.3596675869629
17.3950309821147
17.4006280856486
17.3689846080149
17.3357754016967
17.3183912890693
17.3183222156444
17.3569302062901
17.4305155601214
17.4915683281206
17.5163113913496
17.4967341840078
999.99
999.99
999.99
999.99
999.99
999.99
999.99
999.99
999.99
999.99
999.99
16.6556849446849
16.6478655684661
16.6194833290175
16.5964931009717
16.5704293221737
16.558771534563
16.5624516462399
16.5578820704226
16.5564061734616
16.5440344464141
16.5245724474516
16.5110139779646
16.5352617438895
16.5944001099696
16.6989128576735
16.8221429651132
16.9413240000762
17.0286818805884
17.0779171217787
17.0931190781539
17.0957549641852
17.0995242177279
17.1157983752236
17.1441509425469
17.1829779443872
17.2343121023851
17.2842601703681
17.3241353623023
17.3589404378013
17.3714386469813
17.348150094566
17.3198239370854
17.301490484088
17.2920413530321
17.3141171852827
17.3707450897336
17.4215378413627
17.4478626929894
17.4424244862802
999.99
999.99
999.99
999.99
999.99
999.99
999.99
999.99
999.99
999.99
999.99
16.6570011011056
16.5908415640803
16.5686225031985
16.5546023448337
16.5353803564271
16.5306141807239
16.5369893483651
16.5363087533773
16.539554415645
16.5251037048901
16.4979130510126
16.4773410857981
16.4881335846867
16.5333111374507
16.628587946212
16.7515403185674
16.8768119595766
16.9805987440288
17.0508301814657
17.0878054530269
17.1065269859138
17.1189279635263
17.1360491498653
17.1577178140076
17.1832208924569
17.2200964914081
17.2593549678499
17.2920517040933
17.324512502999
17.3427114353992
17.3297653555027
17.308156025497
17.2890857043774
17.2723435626714
17.2787105498004
17.3153017132441
17.3521610785602
17.3788412822551
17.3865814312142
999.99
999.99
999.99
999.99
999.99
999.99
999.99
999.99
999.99
999.99
999.99
16.4859603803088
16.5491993315077
16.5346103633421
16.5267303540348
16.5154732658368
16.518043059789
16.5275792469087
16.5314420054658
16.5388074881218
16.5258791570849
16.4947445179135
16.4701211127803
16.469827385228
16.5014469972926
16.5819381936238
16.6985250940488
16.8231409814961
16.9362713377817
17.0238028097647
17.0819544655256
17.1155552613212
17.1360470573657
17.1554265477932
17.1710546464299
17.1837869077986
17.207836536677
17.238311237185
17.2645832157251
17.295072375102
17.3193253902449
17.3174039754331
17.3030635193276
17.2843282005356
17.2613089949992
17.2526906929992
17.2683710976136
17.2899478672012
17.3147638434464
17.3347895335948
999.99
999.99
999.99
999.99
999.99
999.99
999.99
999.99
999.99
999.99
999.99
16.3271824164995
16.5228306755579
16.5171675981129
16.516995991902
16.5133724006485
16.5234962043859
16.5367327378631
16.5464243735695
16.5585442925174
16.5503263218273
16.5195172898015
16.4940144266313
16.4857787701898
16.5043072120397
16.5650656351235
16.6674968931912
16.7829010440106
16.8954966156888
16.9939680128549
17.070784966668
17.1182918947664
17.147751875697
17.1718899044014
17.1826349192422
17.1834241176987
17.1957298341563
17.2178913949243
17.2380468610977
17.26773369791
17.299147387615
17.3096006827619
17.3032813982357
17.2862416050398
17.2578316323785
17.234798273062
17.2291473177972
17.2351532203959
17.2566664523535
17.2875758501908
999.99
999.99
999.99
999.99
999.99
999.99
999.99
999.99
999.99
999.99
999.99
16.5082953644626
16.5171368603721
16.518075645934
16.5187227301091
16.5208693734049
16.5367436682511
16.5537964180997
16.5694940384834
16.5878731480191
16.5895287414983
16.5652428603996
16.5438334249091
16.5326435628574
16.5395303702122
16.5768216553482
16.6575807114503
16.755025962002
16.8579781542574
16.9599591610011
17.0510580924091
17.1114437717597
17.1503713132077
17.1796977650941
17.1863893495365
17.1767620044614
17.1780448197991
17.1923054312563
17.20811926348
17.239263462033
17.2784299270602
17.301818562784
17.3048429624106
17.2907598173311
17.2582522070856
17.2232170815344
17.1991654427936
17.1911027233061
17.2084833840311
17.2480486273279
999.99
999.99
999.99
999.99
999.99
999.99
999.99
999.99
999.99
999.99
999.99
16.4705080638809
16.5228736955042
16.5196705741282
16.520213779809
16.5289416305655
16.5522208816715
16.5748213827916
16.597503713368
16.6241066052421
16.6383260601904
16.6248903951813
16.6112652589757
16.6016852187956
16.598778210941
16.6126635599412
16.6681256429099
16.7427023344445
16.8296532710962
16.9279726410386
17.0265551911429
17.0964015373808
17.1434229432121
17.1772972088712
17.1827849221252
17.1666325003478
17.1588757001922
17.1655527926432
17.1773846870014
17.2089156362872
17.254017757555
17.2886320825283
17.3014303288012
17.2922088209482
17.2583456129049
17.2149069698599
17.1767503064198
17.1573559287288
17.1696752521009
17.214337464675
999.99
999.99
999.99
999.99
999.99
999.99
999.99
999.99
999.99
999.99
999.99
16.69462101352
16.5125440843263
16.5167135625309
16.5165835021541
16.5320352668359
16.5632241098598
16.5926102199054
16.6221155368451
16.6561751868417
16.6820833929781
16.6819945495171
16.678469961833
16.6748753924605
16.6667796780106
16.6632510430202
16.6940172957476
16.7447159642994
16.8113824843517
16.8999347815584
16.9979625284013
17.0731986131526
17.1266832177786
17.16521749228
17.1724384767523
17.1548563171426
17.1415880574988
17.1419009717443
17.1504999048149
17.1810658957573
17.229284167537
17.2715395492271
17.2921792766101
17.289289377159
17.2572447057614
17.2095409911251
17.1633000460701
17.1380126924369
17.1458707291397
17.1931852745031
999.99
999.99
999.99
999.99
999.99
999.99
999.99
999.99
999.99
999.99
999.99
16.5642145563818
16.4984216121339
16.494998461922
16.5092778794093
16.5234465350287
16.5540785322668
16.5946225755052
16.6431901544062
16.6832884167804
16.7152114890749
16.7452201491242
16.7514828224331
16.749296379326
16.7343135262966
16.7209631941221
16.7129969517374
16.7418253339125
16.7937232779375
16.8765146039643
16.9692208095221
17.0565523194768
17.1213810520791
17.1664862493848
17.169839418391
17.146666912349
17.1240072047544
17.1157364291476
17.1161313746927
17.1411565279354
17.1947656479754
17.2508436362202
17.2821966796782
17.2845447575298
17.2593105229471
17.2218002401154
17.1715391455648
17.1383719232491
17.1267192670947
17.1717580897892
999.99
999.99
999.99
999.99
999.99
999.99
999.99
999.99
999.99
999.99
999.99
16.4160476190476
16.4750234395376
16.468520661984
16.4886499026046
16.5063793527041
16.5341902545508
16.5816797127968
16.6444774401523
16.681512103219
16.7071466695641
16.7527484828467
16.7654823569024
16.7671099313453
16.7622688416965
16.7624330526127
16.7335296019857
16.7494915302445
16.7915857177315
16.8652662630379
16.9479112523664
17.0474006520932
17.1197463586574
17.1644424727045
17.1646601851574
17.1343176293132
17.1063275041921
17.0927692566776
17.0890915232498
17.110846650611
17.1627026852229
17.2255912819303
17.2633956101798
17.2674733951253
17.2457388562821
17.2228192134425
17.1619467068334
17.1200384656534
17.1080328291295
17.1454534797894
999.99
999.99
999.99
999.99
999.99
999.99
999.99
999.99
999.99
999.99
999.99
16.3351427549093
16.7655112901036
16.4581725166046
16.2699782242535
16.2408798889844
16.6873186871201
16.7466918714271
16.5162598240577
16.6128923706955
16.7770888459843
16.9092662279004
16.8901333695341
17.1117885173286
16.7337053813395
16.7412700122177
16.7661373868099
16.8302079128769
16.5901974071225
16.7167081919242
16.9321601664563
17.1789163235139
17.1908311487196
17.1934120447883
17.1804699408219
17.2320749254617
17.0986175945618
16.9849040680574
16.9680882040917
17.0482207188862
17.1068552473465
17.11675956177
17.3181174143962
17.4288357944804
17.3295659984615
17.1611444459528
17.1142488347889
17.3892752562961
17.1872648150662
17.0624174221056
999.99
999.99
999.99
999.99
999.99
999.99
999.99
999.99
999.99
999.99
999.99
999.99
999.99
999.99
999.99
999.99
999.99
999.99
999.99
999.99
999.99
999.99
999.99
999.99
999.99
999.99
999.99
999.99
999.99
999.99
999.99
999.99
999.99
999.99
999.99
999.99
999.99
999.99
999.99
999.99
999.99
999.99
999.99
999.99
999.99
999.99
999.99
999.99
999.99
999.99
999.99
999.99
999.99
999.99
999.99
999.99
999.99
999.99
999.99
999.99
