999.99
999.99
999.99
999.99
999.99
999.99
999.99
999.99
999.99
999.99
999.99
999.99
999.99
999.99
999.99
999.99
999.99
999.99
999.99
999.99
999.99
999.99
999.99
999.99
999.99
999.99
999.99
999.99
999.99
999.99
999.99
999.99
999.99
999.99
999.99
999.99
999.99
999.99
999.99
999.99
999.99
999.99
999.99
999.99
999.99
999.99
999.99
999.99
999.99
999.99
999.99
15.2978556244375
15.3553216435133
15.7228094886144
15.3347980677859
15.5817860737791
15.7511593385322
15.5895263360333
15.7767111583732
16.0879886319642
16.0252450186283
16.2946278816035
15.9852957951843
16.2956493732748
16.1661043771044
16.1736741766428
16.1310427520602
16.0161416353681
16.1520056513367
15.995936196208
16.0822460895666
16.5465272234541
16.1375120744528
15.7601156814537
15.812891682714
15.8602673398997
15.6203384718263
15.4753377209962
16.5318923430422
16.11831067268
16.4842424091588
16.6137651477442
16.3693164446858
16.4959105339105
16.3814989592289
16.7347424133487
16.5773881388968
16.7642760166366
31.2694999723442
16.336371721194
999.99
999.99
999.99
999.99
999.99
999.99
999.99
999.99
999.99
999.99
999.99
15.5980806848978
15.3328023351243
15.4643481243924
15.5606335719927
15.6275975100385
15.651986338314
15.7229276143375
15.7600838010864
15.8131999950405
15.860595334664
15.9367758875498
15.954536430963
15.9824094353845
15.9808577208327
16.0007373965961
15.983853336228
15.9858465546039
15.9996749502176
16.0263934243835
16.051714488075
16.0417090957774
16.0570265292102
16.0736678790489
16.0821196262006
16.0980030801894
16.2182596037369
16.2700208332475
16.3287014012231
16.399652490368
16.4454609763208
16.4409286662598
16.4806693894793
16.5259238224096
16.618332458311
16.7320515577874
17.4539571888373
17.5686761204456
17.6424179540046
17.5832929403202
999.99
999.99
999.99
999.99
999.99
999.99
999.99
999.99
999.99
999.99
999.99
14.9934695662448
15.338273641482
15.4946532863729
15.6168812570852
15.6846024056192
15.7096604290296
15.7539005530815
15.7829715151663
15.8088217736227
15.8331374170442
15.8691650231225
15.8700659510412
15.879134106215
15.8818237822848
15.8879840600382
15.8890302049558
15.9080704481952
15.9330714117488
15.9670574141079
15.981807632584
15.9780298040662
16.017072555877
16.0791724532404
16.1440116703335
16.2438689232458
16.4063757809394
16.4653797049697
16.4838553089672
16.4929958065949
16.4882663261623
16.4437446476754
16.4586420685144
16.4971467628119
16.6011042782693
16.713337781086
17.4631360045047
17.6134374325368
17.7458492141981
17.7274791326587
999.99
999.99
999.99
999.99
999.99
999.99
999.99
999.99
999.99
999.99
999.99
14.8752799422799
15.3180560656024
15.5009086007968
15.6210809589333
15.6901958459123
15.7127060377849
15.7212158295897
15.7285339256739
15.7293120656091
15.7355487956961
15.7490922997407
15.7433478598308
15.7423636120139
15.7470569398662
15.7495253025801
15.7583366857827
15.7928332876185
15.8323518320219
15.8593573086766
15.8741199359636
15.8881125730308
15.9536020042925
16.0649552219298
16.2185178355613
16.4058946303901
16.6024655205657
16.6753174382493
16.6545386662948
16.5974365893177
16.5252800547198
16.4491883955053
16.4396635201929
16.4718373339744
16.5911962264611
16.7024272704691
16.8763466145545
17.0462404067701
17.2163656477394
17.2097671139206
999.99
999.99
999.99
999.99
999.99
999.99
999.99
999.99
999.99
999.99
999.99
14.9684494698101
15.2799069526833
15.4889835379499
15.5991953772562
15.659960888244
15.6699710795736
15.6612204917306
15.6579997597465
15.6520386706058
15.6521731756242
15.6579383487505
15.6473455664379
15.6365934728483
15.6288777139907
15.6240605276914
15.6324117705316
15.6707997185661
15.7169574689064
15.7529950257377
15.7726599786617
15.7870083806507
15.8805802864485
16.0482888222974
16.2644979226231
16.5195526500872
16.7863257644146
16.8704021878949
16.8103538402042
16.7035022631584
16.5771250601084
16.4469777910116
16.4108431262539
16.4389473271308
16.5289928520396
16.6156739746328
16.7504476158392
16.8887295064989
17.0323804138538
17.0589908635362
999.99
999.99
999.99
999.99
999.99
999.99
999.99
999.99
999.99
999.99
999.99
15.2361051178787
15.2683751925775
15.4563353051242
15.5545728895539
15.6115261983686
15.6178266085913
15.6016574114867
15.5910991815551
15.5809978602484
15.575683134112
15.5734915930019
15.5581241695656
15.5395567349352
15.5189333080759
15.50558092419
15.5105172912869
15.5491040065
15.5992888036496
15.6458429617634
15.6728174416308
15.6889895156644
15.7824210718602
15.9748137821588
16.2177377339942
16.504391365026
16.8093003134568
16.9344333144077
16.8683737354524
16.7469455058443
16.6005876774081
16.4468699560215
16.3818823447159
16.4039485473011
16.4641980656522
16.5276098480266
16.6260308047594
16.7556207604368
16.893167846616
16.9718258288983
999.99
999.99
999.99
999.99
999.99
999.99
999.99
999.99
999.99
999.99
999.99
15.6194447260057
15.2436288966213
15.407222653991
15.498155548007
15.5533535759654
15.5626489431601
15.5465224186422
15.5330522130126
15.5231166382455
15.5143322097649
15.5046213159892
15.4864084049217
15.4637505447669
15.4346169940739
15.4157996269451
15.4183490023485
15.45563622391
15.5057665375519
15.5602253783026
15.5937431358919
15.6132210966686
15.7035541144392
15.8863381780844
16.1176832296373
16.3972507366941
16.7011090244051
16.8382433622749
16.8032922116434
16.7054515249902
16.5753117458346
16.4336209199233
16.3698741337553
16.3858937871516
16.4421490012173
16.5109148509323
16.6042390890041
16.7552427765628
16.917571394108
17.0301499392825
999.99
999.99
999.99
999.99
999.99
999.99
999.99
999.99
999.99
999.99
999.99
15.0236176976332
15.2262047220615
15.3699279394174
15.4497023993135
15.5005591766505
15.5147394777313
15.5020165742151
15.4889190379201
15.4807152336288
15.4718879975927
15.4584475675836
15.4409715939599
15.4181329994865
15.3872288364066
15.3669210637888
15.366974591291
15.4026258027146
15.4506723575512
15.5116059157171
15.5525462890453
15.5800717069365
15.6640966603007
15.829922458434
16.0354266560344
16.2903518150607
16.5744378046612
16.7148497383794
16.7115372717135
16.6451094555061
16.5427108196253
16.4241710195827
16.3712631010084
16.3884751572814
16.4470981121632
16.525670227234
16.6164649504009
16.7877015848409
16.9681419967338
17.1049829373441
999.99
999.99
999.99
999.99
999.99
999.99
999.99
999.99
999.99
999.99
999.99
14.7479775480037
15.2203793572725
15.3472899211267
15.4260293885456
15.4747040726472
15.4935865280778
15.4853749766003
15.4740910117771
15.465761273569
15.4556609452998
15.4400162980324
15.4230069424387
15.4005777217456
15.370777383412
15.351743245558
15.350547331057
15.3866744961705
15.4338244559001
15.5013968650433
15.5503981251174
15.5876466012881
15.6600689253709
15.8045353803119
15.9774126692496
16.1983953937354
16.4528556732003
16.5973158138589
16.6239027735823
16.5906154060149
16.5216264127555
16.4303677330587
16.3893613907981
16.411565723664
16.4759512333319
16.5649066033183
16.6726096081603
16.8864804542156
17.1039760669635
17.2814143992139
999.99
999.99
999.99
999.99
999.99
999.99
999.99
999.99
999.99
999.99
999.99
14.9744178017105
15.2420894490567
15.3447010999443
15.436993663574
15.4822034310406
15.5029533164423
15.4976739295276
15.4867391061905
15.4745621118956
15.4606002899552
15.4410096980714
15.4234194733741
15.4012155976924
15.375336501982
15.3609892885281
15.3621801433371
15.402092168976
15.4504262994886
15.5251462824404
15.5811057109704
15.626774950056
15.6684780017348
15.7703182754412
15.8865501945119
16.0499852682795
16.2507556375497
16.4084601762984
16.4805448107457
16.5001970430252
16.4849739928284
16.4416678768327
16.4184529809173
16.4462004717587
16.5227707957863
16.6275828047109
16.7589720774178
17.0206246075016
17.2821948483169
17.4912809173519
999.99
999.99
999.99
999.99
999.99
999.99
999.99
999.99
999.99
999.99
999.99
15.1561234944194
15.3162668736385
15.3949647312494
15.4725494372197
15.5075472311432
15.5230489448998
15.5165951514257
15.5069100722633
15.4941667639453
15.4810666267796
15.4621477928481
15.4471450816689
15.4265098613425
15.405199072619
15.3959150731122
15.4005927325992
15.4441901019749
15.4925050106706
15.5672559197278
15.6218181451885
15.6673297364981
15.6866776630258
15.7533625149274
15.8286937949961
15.9497799753673
16.110367676464
16.2626740955222
16.3657777358181
16.421877740227
16.448431480509
16.444588881102
16.4474468390159
16.4861742896352
16.5784006361302
16.6975297439741
16.8486275601234
17.1128506033447
17.373087785143
17.5690947816036
999.99
999.99
999.99
999.99
999.99
999.99
999.99
999.99
999.99
999.99
999.99
15.3479307359307
15.4313568535353
15.4809525405055
15.519448175051
15.5412347224039
15.5495575057094
15.5420771513362
15.536323976382
15.5267433084095
15.5188791617331
15.5040821320334
15.4924585848735
15.4721800293994
15.4529640128856
15.4465150871257
15.453407015985
15.4995877442114
15.5475304366627
15.6191327478765
15.6697438756795
15.7105422595409
15.7066281829927
15.7535922327501
15.8042561725174
15.8941364531434
16.026804850825
16.1803762491144
16.2877201691404
16.3606979044538
16.4161154993936
16.4397099469298
16.460306455058
16.5146146855096
16.6216639926034
16.7499158015001
16.9094628175696
17.1643857811913
17.4023479985436
17.5645437024531
999.99
999.99
999.99
999.99
999.99
999.99
999.99
999.99
999.99
999.99
999.99
15.4974682981418
15.5360161051867
15.557873281807
15.5630320200832
15.5725395994636
15.5752070953464
15.569575237698
15.5703557680405
15.5675860314513
15.5670376498208
15.5568012901154
15.5480273716026
15.5276721331404
15.5084731609322
15.5037050538349
15.5155624032562
15.5625146124515
15.6385715359091
15.7311161481229
15.8029137830659
15.8585831837651
15.862062847517
15.8617475115854
15.8698962184286
15.9083759563017
15.9937749830898
16.1223364174733
16.2318090704576
16.3133632696604
16.3888339170977
16.4343394363574
16.4652548553169
16.5287222490119
16.6440997470264
16.7762209791057
16.9367608055111
17.192674316169
17.4250914053453
17.5734494592765
999.99
999.99
999.99
999.99
999.99
999.99
999.99
999.99
999.99
999.99
999.99
15.8574429486503
15.6078999646273
15.6039896047812
15.5919623164987
15.5901820046587
15.5899992833833
15.5884843088991
15.5971238926736
15.6038959988088
15.6131240777276
15.6082598090149
15.6042909491165
15.5871933821091
15.5710323449139
15.5692618811485
15.5887997934869
15.633920406151
15.735763702433
15.8763556744019
15.9989063328011
16.0969979612944
16.1466957981315
16.1246082165246
16.0540459551086
16.0031498004003
16.0016008707466
16.0547441349554
16.137421204863
16.2317203023421
16.3299830203244
16.4042684411798
16.4559821854732
16.5276200780457
16.646772931205
16.7795132948299
16.9358196556401
17.1747971253099
17.3879807379047
17.5141127388793
999.99
999.99
999.99
999.99
999.99
999.99
999.99
999.99
999.99
999.99
999.99
15.925515785028
15.6390530250875
15.6185547611958
15.5972734481952
15.5902254672249
15.5937811424206
15.600930340322
15.6194710800256
15.6375641982071
15.657271843183
15.657641961933
15.6585882784522
15.647916180598
15.638350870722
15.642208443342
15.6724191114226
15.7144784709019
15.85778119308
16.0914400135897
16.3099580195044
16.494521971891
16.6502788381612
16.629676139952
16.4442834238383
16.2658512342459
16.1407550079932
16.0945817011071
16.1411301332153
16.2684012904156
16.4152622529193
16.5412028399896
16.5773298803965
16.6243506920562
16.7107614250885
16.8047262745132
16.9188428549159
17.1371396332979
17.3263542685885
17.4328187086243
999.99
999.99
999.99
999.99
999.99
999.99
999.99
999.99
999.99
999.99
999.99
15.6269985192894
15.6383441502675
15.6081998359216
15.5833185588597
15.5781200085307
15.5911612627729
15.6094350372679
15.6382833329515
15.6666576970065
15.694165369965
15.6976781526708
15.7022109454882
15.6983307733474
15.6970710255751
15.708815111149
15.7531482170122
15.7969311319438
15.9855521086723
16.3489628802273
16.7009002133815
17.0062989362254
17.2995460881343
17.3121738964035
16.9757873007847
16.6333790684075
16.3510109552316
16.1731711176616
16.1489305119286
16.3120298105126
16.5075687834978
16.6808484616955
16.6972358567543
16.7162874188379
16.7617711849874
16.8135526643667
16.8860360951536
17.1060085676071
17.2954444407141
17.4093533339043
999.99
999.99
999.99
999.99
999.99
999.99
999.99
999.99
999.99
999.99
999.99
15.5581169861884
15.5917062551352
15.5689410308458
15.5575773183095
15.5600639172401
15.5847004257321
15.6141469587528
15.6519128332361
15.6889738181667
15.7214279836865
15.7271192704987
15.7344317143712
15.7371688882982
15.7440747363529
15.7635741084435
15.8223017878258
15.8709720615483
16.1088461962263
16.6045231234258
17.08998146725
17.5167865460315
17.943235283447
17.9821724788448
17.4990477924735
17.0035949949274
16.5724783411193
16.2743968575182
16.194691077309
16.3895351890661
16.625260373036
16.8353125384129
16.8198081239856
16.7954196932231
16.7935666535663
16.831542986072
16.8973792971643
17.1565213169817
17.3936751937772
17.5649724138989
999.99
999.99
999.99
999.99
999.99
999.99
999.99
999.99
999.99
999.99
999.99
15.5384988209622
15.5241765824403
15.5134389795885
15.5238659996816
15.5374111676392
15.5745476622793
15.6151843178585
15.661903719199
15.7073587667671
15.7441701479906
15.7519808692694
15.7608705790743
15.7687154676012
15.7820573870043
15.8074027400603
15.8765778202789
15.9333074061451
16.1658657826582
16.7418584775119
17.3058270496104
17.8046958279471
18.3404807013674
18.4970588798481
17.9534891083153
17.3964015258662
16.9036181918447
16.5032578176197
16.3298390557968
16.5213446678234
16.7625467578533
16.9730839513453
16.9280886022779
16.8620578986485
16.8126104235547
16.8330950211919
16.8907067254229
17.1595976626794
17.4148676907607
17.6169019287282
999.99
999.99
999.99
999.99
999.99
999.99
999.99
999.99
999.99
999.99
999.99
15.4605609077334
15.442066699065
15.4470248222608
15.4809041592417
15.5069104121822
15.5568721184287
15.6101514707386
15.6672096349605
15.7226706835376
15.7657031987839
15.777213671719
15.7862686523654
15.7962789020787
15.8118431390916
15.8379771693386
15.9117889551672
15.9784520201225
16.2091836422782
16.8091461635128
17.393410359108
17.9361704255624
18.5437697705784
18.7885312585615
18.2772790075708
17.7547101299223
17.2403460197453
16.7803298173381
16.5402182009943
16.6931766591104
16.9064948830576
17.1086893835493
17.0255953722456
16.915705418731
16.8303692135077
16.8417751541526
16.90154554497
17.1989617401256
17.493754910948
17.7226643958691
999.99
999.99
999.99
999.99
999.99
999.99
999.99
999.99
999.99
999.99
999.99
15.3084095861552
15.3605973698277
15.3807384528544
15.4304928639667
15.4669981158725
15.5270564854934
15.5921586231172
15.6604639663159
15.7288074714693
15.7823684246963
15.8030628063707
15.8147217361376
15.8255796309577
15.8393111949453
15.8605784894869
15.9310025230344
16.0056327562631
16.2014774125584
16.7346925986914
17.2511006082224
17.7509582101032
18.3378621375648
18.6489795894245
18.2643806549787
17.8737077139036
17.4350196703531
16.9442791479834
16.6282882878342
16.6950359802381
16.8221916846228
16.9958321427646
16.9924920744015
16.9563834415588
16.9510993613253
17.0732256112535
17.1791510754914
17.4803215608363
17.7939589131612
17.9792892057957
999.99
999.99
999.99
999.99
999.99
999.99
999.99
999.99
999.99
999.99
999.99
14.935926424524
15.2787098452626
15.3112962964451
15.3713085455732
15.4156794201393
15.4837961818658
15.5602806404298
15.6410806368352
15.7254072425251
15.7947204681023
15.8308549486637
15.8504052944926
15.8651762300235
15.8775464869595
15.8920673862635
15.9522648514615
16.0277699354135
16.1951847054937
16.6381075797195
17.0637845157406
17.5067081167809
18.0922037303961
18.4656242161187
18.2686060591436
18.0730478330291
17.7650648582899
17.2355666265588
16.8468039669196
16.8085325489561
16.8595192556735
17.0209911766205
17.1678087045464
17.2768970571702
17.3954246333453
17.605259032888
17.7275771044058
17.9511777218526
18.2020233684551
18.2778391374019
999.99
999.99
999.99
999.99
999.99
999.99
999.99
999.99
999.99
999.99
999.99
14.9948904022807
15.2073516679253
15.2421298199007
15.3082626585845
15.3558437525787
15.4294478670991
15.5161901103955
15.6102444266243
15.7121926089419
15.8022233110303
15.8593620707838
15.8930613434454
15.9171994193389
15.9326051813117
15.9431945171402
15.9916372032271
16.06356062801
16.2006603947559
16.5543288813471
16.9187174922319
17.3373827768075
17.9652459249654
18.4762181036435
18.5257267693545
18.5271051464044
18.3518083494358
17.7703672352223
17.2235773792117
17.0215422710129
16.991567021528
17.1405619187949
17.4431384825912
17.7433891247106
18.0167093922817
18.2237098517098
18.2632783646119
18.3073673415354
18.3910858559103
18.2551420372531
999.99
999.99
999.99
999.99
999.99
999.99
999.99
999.99
999.99
999.99
999.99
15.0471376080366
15.1477203354467
15.1773008851602
15.2441026402495
15.29256624226
15.3696052202717
15.4655109158443
15.5718173658885
15.690483624467
15.8023459447141
15.8842408620936
15.9367719284513
15.9757443095954
16.0003098961515
16.0122020603674
16.0506245708709
16.1151471631357
16.2449000574123
16.531116582425
16.8577190130514
17.2762849479776
17.9074648678164
18.4640625780748
18.6706794677358
18.7766862993084
18.642748399174
18.0940080702971
17.4986394623777
17.2396245762119
17.2332953387565
17.4777443622115
17.8998929069331
18.3539556795
18.745810787665
18.9166463063792
18.83653645121
18.711035530881
18.6389374723436
18.3008211475356
999.99
999.99
999.99
999.99
999.99
999.99
999.99
999.99
999.99
999.99
999.99
15.0190209687718
15.1129145104082
15.133774559125
15.1876642819836
15.2367726067162
15.3153817972404
15.4172707927337
15.5318014972878
15.6619136330472
15.7918462380272
15.8978955928571
15.9720374592864
16.0312166734851
16.0726736466172
16.0951251792644
16.1301374457657
16.1876914808378
16.3052560043295
16.5496987039751
16.8634302295124
17.2530143962623
17.8845787226453
18.4875988979052
18.7903434132646
18.9396080229525
18.8951461434418
18.4093042113442
17.8199583398064
17.5871870265017
17.6833324925501
18.0511124384914
18.5954649716177
19.1613915916712
19.6054985051003
19.6763665874942
19.4091442304827
19.0652743207457
18.8277636614232
18.3264524341854
999.99
999.99
999.99
999.99
999.99
999.99
999.99
999.99
999.99
999.99
999.99
14.9824168866364
15.076516285424
15.0948788955626
15.1429510210785
15.193667733568
15.2728527611016
15.377877111266
15.4966008956651
15.6321203785698
15.7746763846462
15.9021844459515
15.9990606424008
16.0824489649533
16.1473322014276
16.1873093598859
16.2252670057782
16.2766506355108
16.3945393516954
16.6382632577967
16.9805919509462
17.3858912075602
18.0664021832404
18.7312124309881
19.0914911420718
19.2383221949762
19.2290558662878
18.7873151076842
18.2083328194583
17.9900641577896
18.1876866233004
18.6121615159813
19.1434554218375
19.6851523736253
20.0561194104627
19.8984356271799
19.4594754171615
18.9446655840065
18.5817489695948
18.0497092628855
999.99
999.99
999.99
999.99
999.99
999.99
999.99
999.99
999.99
999.99
999.99
14.9979639048524
15.0451318919864
15.0636855386746
15.1115447210261
15.1637183878379
15.2413347018323
15.3459873718744
15.4647243768014
15.5999432907981
15.749227923229
15.8939753827829
16.012797962431
16.1222561277658
16.2152025171751
16.2798497803427
16.3300017653636
16.3822243473728
16.4816459633552
16.675796298654
16.9965317038151
17.3865947254062
18.0263691258489
18.7097237733583
19.1404952039585
19.2935856484559
19.2818185343082
18.962524496222
18.4493651591236
18.2595008181991
18.512851681942
18.9737694169045
19.3661355886104
19.7583386544914
19.9604827349763
19.6269232168332
19.0703009590842
18.5383183845308
18.200925526253
17.77182012647
999.99
999.99
999.99
999.99
999.99
999.99
999.99
999.99
999.99
999.99
999.99
14.960236177102
15.0246472761637
15.0457889865276
15.0911303695136
15.1452406393907
15.2200726726378
15.3213328088973
15.435960236435
15.5660369566312
15.71553305946
15.8716009024333
16.0097202689741
16.1451483913661
16.2678329209761
16.3617119085677
16.4324471970972
16.4919496213222
16.5735719043321
16.7169247942626
16.9844015095177
17.3218729195325
17.8686316252942
18.4552923005133
18.8491984609254
18.9564811481168
18.8922817011732
18.6740626714481
18.3433370979177
18.2854643777013
18.6199203786268
19.1419808276549
19.4071653536471
19.5927296952642
19.5772615735776
19.1597497406587
18.5805486998621
18.1277183183331
17.9058668172849
17.6655322063598
999.99
999.99
999.99
999.99
999.99
999.99
999.99
999.99
999.99
999.99
999.99
14.9393118818851
15.0174313956717
15.0402488739943
15.0827407662864
15.1371573970131
15.2071593933092
15.3009448089697
15.408294201313
15.53029022374
15.6764764034491
15.8397831800306
15.9963847313299
16.1566503154713
16.3084939758213
16.4324426156504
16.5274024256717
16.5974639384748
16.6645308582677
16.7619725782301
16.9775354195968
17.2591951874463
17.7425626882369
18.2600141978506
18.640119464691
18.7293503942336
18.6450392425732
18.4201201623899
18.166965815243
18.1701285172051
18.5148118487936
19.0380485907348
19.2937467997322
19.3938657364267
19.2213250747233
18.7800923338368
18.2121268593545
17.8018253906967
17.6507919238432
17.5949052195434
999.99
999.99
999.99
999.99
999.99
999.99
999.99
999.99
999.99
999.99
999.99
15.0198227119377
15.019164696545
15.0421629367657
15.0837998984636
15.1359204716258
15.1989407984072
15.2824701185567
15.3808598082152
15.4945297498322
15.6366389582555
15.8058391757562
15.9802570115021
16.1631457317184
16.3409889444436
16.4923566465826
16.610843863007
16.6916321958258
16.7467817785393
16.7995067929477
16.9606422430159
17.2066761722583
17.6045966674488
18.0251610364424
18.3654970873881
18.416874387465
18.2438374169644
17.9796385828167
17.7328025848475
17.7271701776868
18.0114507029892
18.4887033639547
18.7403544116458
18.8492731764457
18.6269688009617
18.2700852165798
17.8230359274877
17.5186720941465
17.4093047258997
17.4806619753967
999.99
999.99
999.99
999.99
999.99
999.99
999.99
999.99
999.99
999.99
999.99
15.0293526655304
15.0336767683592
15.0549820639915
15.0929883607202
15.1409089325135
15.195777122873
15.2667635805488
15.3534265261984
15.4566623460421
15.5916364413553
15.7616452246668
15.9497785388499
16.152002602885
16.3540679362948
16.5346503785933
16.6815146359644
16.781351249957
16.8344041749018
16.848645434273
16.9905387950409
17.2315564156448
17.5691984795564
17.9148315600526
18.23661477241
18.2047826226123
17.9028802390902
17.5600727664443
17.2830115052434
17.255231007024
17.5029210574878
17.9924766683558
18.2996829436683
18.4764579016328
18.260128497116
18.0427701534983
17.6989274690337
17.4841519626316
17.4010913364551
17.5343849145493
999.99
999.99
999.99
999.99
999.99
999.99
999.99
999.99
999.99
999.99
999.99
15.0079016773006
15.0623141748717
15.0795947849237
15.1112232132079
15.1553710177695
15.202864002888
15.2612634017896
15.3351120094015
15.4265305019734
15.5516984902189
15.7173002182046
15.9121474465002
16.1255443365904
16.3443166409528
16.5475776317695
16.7202644082021
16.8409963571001
16.9106529141945
16.9336491857738
17.1025750138408
17.3318787206414
17.621716088184
17.8796816179026
18.1114436110268
17.9280286831308
17.5308570745658
17.0985306038929
16.787598774448
16.7444300025167
16.9934217033155
17.4820908374719
17.8814907813261
18.1668272423418
18.0392825205868
17.9424838604913
17.7101011771648
17.5418206804116
17.4422827244058
17.5719884237697
999.99
999.99
999.99
999.99
999.99
999.99
999.99
999.99
999.99
999.99
999.99
15.0534498041641
15.0853275863995
15.1042971416326
15.1344047579778
15.1762863997355
15.2182665223987
15.2659422746987
15.3279162277367
15.4072144650742
15.5207179388302
15.6782411267252
15.8726690523563
16.0882686472741
16.3148276463462
16.5328748263397
16.7243235244743
16.8653360395475
16.9570990704665
16.9961347654885
17.174070895854
17.3760437986044
17.6170423487078
17.815444264947
17.9859414097212
17.7328908368812
17.3219355120678
16.8428190922164
16.4722404314134
16.3831412345581
16.5991242649165
17.0495299179189
17.5266669849883
17.9576115888921
17.9612710191324
17.9794299905359
17.8562243555024
17.7300245538535
17.5809367655583
17.6725605755728
999.99
999.99
999.99
999.99
999.99
999.99
999.99
999.99
999.99
999.99
999.99
15.1480357532518
15.1109177485081
15.1275370361996
15.1590003243496
15.200608532272
15.2395765149581
15.2792969405021
15.3301777939767
15.3973270426032
15.4974313097045
15.6434144024433
15.8306161204954
16.0411289503637
16.2671566311167
16.4927104562565
16.6977727980178
16.8591812948523
16.9772415107359
17.0376777606832
17.2333033028597
17.4359990981689
17.6527695195112
17.8102504565418
17.9400466130943
17.6328717204967
17.1842774483837
16.6683892174186
16.2529803849103
16.0674574607359
16.2002753533693
16.553062368538
16.9813264771518
17.4286031757103
17.560753886703
17.6942879179352
17.738841667168
17.7489242031261
17.6488397360224
17.7137614238756
999.99
999.99
999.99
999.99
999.99
999.99
999.99
999.99
999.99
999.99
999.99
15.1510563977254
15.1358385842029
15.1499570327067
15.1793782178274
15.2213748999193
15.2590898191313
15.2932896126865
15.3351524297333
15.391537044635
15.4781514637729
15.6100434383156
15.7853060638772
15.985537749968
16.204591566885
16.4314127486612
16.6456850965738
16.8272841706321
16.9743303213239
17.0621684443592
17.2889353828672
17.5095287555375
17.7346291781344
17.8842722087489
18.0061276683076
17.6661035256701
17.1942892366951
16.6415593596548
16.1967233141134
15.9259274828948
15.9896921958018
16.262074908783
16.6301312389157
17.0422239928289
17.2538170930322
17.4546570864067
17.6201408148408
17.7465870881414
17.7215425799483
17.7887512945412
999.99
999.99
999.99
999.99
999.99
999.99
999.99
999.99
999.99
999.99
999.99
15.1220104001689
15.1671436741742
15.1726119837491
15.1979140223111
15.2380031696429
15.2741731375776
15.3045270749747
15.3404630172116
15.3901828292679
15.4672208142635
15.5870457008148
15.7497084456605
15.936290053594
16.1405042216184
16.3587094776072
16.5722043068367
16.7645313949002
16.9346532122381
17.0500437864254
17.2427053804718
17.417182455426
17.5849833634221
17.6653701929469
17.7175037619754
17.4277363844385
17.0424745947497
16.5696688794381
16.1985005722061
15.9445940297976
15.9562048513483
16.1125047246176
16.3795703577748
16.7211325010964
16.9725303510905
17.2079841076441
17.4878674320388
17.7250019244848
17.7730348985669
17.8468435346747
999.99
999.99
999.99
999.99
999.99
999.99
999.99
999.99
999.99
999.99
999.99
15.1705325558795
15.1950984001996
15.190014581326
15.2126111857059
15.246699257372
15.2789817862493
15.3056775812586
15.3371067092667
15.3840859298913
15.4566265522547
15.5695477345483
15.7237906142497
15.9009422360576
16.0905020296776
16.296363937195
16.5017153393338
16.6951354753022
16.8754802124355
17.0087289108048
17.161977402597
17.3137208815368
17.4528072308862
17.4927652166673
17.5050383622337
17.2919583719283
16.9695963486038
16.5499665965033
16.2322225088697
15.9931648288866
15.9554871799737
16.0255145114746
16.2187213245557
16.510738011724
16.7809472814554
17.0458004684161
17.378410372153
17.6670367023179
17.7350111197324
17.7876074934446
999.99
999.99
999.99
999.99
999.99
999.99
999.99
999.99
999.99
999.99
999.99
15.2374259870985
15.2404585534616
15.2142651579973
15.2279881281042
15.2513577783556
15.2757343888523
15.2965573167861
15.3231723392545
15.3700738656188
15.4428070584837
15.5537090679728
15.7048979013887
15.8777862420461
16.0559924944532
16.2487814040253
16.4448678938913
16.6353045435119
16.8202368014883
16.9662691226974
17.1108382162205
17.2684196396676
17.3863918074111
17.3920495131508
17.3688688667072
17.1740494623062
16.8568355239053
16.4816107377299
16.2141585455655
15.9914320881178
15.9369863013087
15.9600721946094
16.0899087088449
16.3048450365148
16.5597786075452
16.8174023316894
17.1555180224763
17.451108839289
17.5612587402001
17.6196153334191
999.99
999.99
999.99
999.99
999.99
999.99
999.99
999.99
999.99
999.99
999.99
15.2321430043879
15.2887414897033
15.2502616822626
15.2487151137833
15.257650931756
15.2706080981733
15.2835303369839
15.3056259156371
15.3538447239239
15.4288656190224
15.5397252814512
15.6905437469153
15.861504416803
16.0321417486199
16.2151818894417
16.4041169187352
16.5915870310249
16.7806473355582
16.9390696833913
17.0843467850539
17.2355712114995
17.3177574408939
17.2762419523417
17.1992297595665
16.9939050030193
16.7013930211619
16.3991323689456
16.2080909243762
16.0666139201349
16.0544869857198
16.0752152595545
16.1846242355452
16.3773900168261
16.615356896233
16.8774465317129
17.2048929625212
17.4805676839621
17.5826609127511
17.6196319615611
999.99
999.99
999.99
999.99
999.99
999.99
999.99
999.99
999.99
999.99
999.99
15.3337386533327
15.3448996653449
15.3000971083243
15.2819997164063
15.2758530837327
15.2765473028765
15.2811628610192
15.2979832303806
15.3465072609908
15.4235485891524
15.5340383638004
15.6842260069468
15.8538064553268
16.0194394315784
16.1949649845749
16.3779318139713
16.5615808805926
16.7535194055087
16.9229855414648
17.0741994112538
17.2379571412509
17.3136689601439
17.2648125721873
17.1740789319564
16.9823150609903
16.7165665139788
16.4736171697966
16.3263431962864
16.2306397775618
16.2398894394499
16.2421721875928
16.3216106766374
16.4947510533225
16.7252486678183
17.0048830343311
17.3374402322654
17.6082577612039
17.71583664005
17.7373057643912
999.99
999.99
999.99
999.99
999.99
999.99
999.99
999.99
999.99
999.99
999.99
15.4358564213564
15.397459267848
15.3533874342199
15.3231386019509
15.3047598219669
15.2947518861707
15.2922193572014
15.3033093533016
15.3495693072655
15.4253961605644
15.5324994134269
15.678880952407
15.8460486709902
16.0094455520174
16.1795162109089
16.3585182235023
16.5397157998463
16.734632767867
16.9160869073973
17.1222370494354
17.3615243719997
17.51406903339
17.5367205049823
17.5180238780467
17.3332115928834
17.0126805117796
16.7097414908668
16.4991518036524
16.3190294212067
16.2657566955813
16.2727681157663
16.3625957981489
16.5487509884372
16.8174215527693
17.1709769040967
17.5184912868229
17.7986724306601
17.9253056095221
17.9432478666469
999.99
999.99
999.99
999.99
999.99
999.99
999.99
999.99
999.99
999.99
999.99
15.5706225797045
15.4512391550852
15.4116943354083
15.3712815544748
15.3443474800443
15.3268564380507
15.3189167442984
15.3249925247379
15.3668228876905
15.4380754258765
15.5370564053011
15.6743436700318
15.8337689702953
15.9933057829028
16.1589359201446
16.3366741911811
16.5192439053056
16.7219717240309
16.9217600174526
17.1941041147374
17.5255332243995
17.7890596687907
17.9163945894326
18.0130877313342
17.8687641536122
17.5198253878421
17.1479774071953
16.8694089511877
16.5695919561196
16.4167436299034
16.3825083650855
16.4548232979482
16.6223523016541
16.9153781731936
17.344258506987
17.7493373238445
18.0802381592437
18.2599753731696
18.3111341567516
999.99
999.99
999.99
999.99
999.99
999.99
999.99
999.99
999.99
999.99
999.99
15.5919234505332
15.4979290738114
15.4676532723544
15.4222241154719
15.3921251655044
15.3726041655207
15.3632875072111
15.3666415645053
15.4035731502754
15.4687813490337
15.5569814946145
15.680956163667
15.8283276278432
15.98083771284
16.1393131980529
16.3115952875724
16.4921873482983
16.697517403861
16.9111234989521
17.2452944072101
17.6833187088893
18.0862018908523
18.3692982425243
18.6319354491281
18.5767380709068
18.2214759400269
17.7775345268613
17.3921087828268
16.9326231549891
16.6428957541935
16.5293889366557
16.5588292438357
16.7142911868388
17.0417980157685
17.5617105705097
18.0673176913818
18.4949585867121
18.7405729265252
18.8367262940999
999.99
999.99
999.99
999.99
999.99
999.99
999.99
999.99
999.99
999.99
999.99
15.6109834054834
15.533728208602
15.5144703047291
15.4702740419064
15.4421831624491
15.4259529251191
15.4199569769827
15.4225597047602
15.4554183893677
15.5156218121618
15.5936601044539
15.7025391675802
15.8361268014956
15.9774009798761
16.1220856350034
16.2818893548808
16.4535632145554
16.6524181146631
16.8703228791569
17.2437857094276
17.7706806150121
18.3094489974853
18.7613225758814
19.2118330675177
19.2823887983165
18.9454680217399
18.432633546546
17.9199624977321
17.2705331861374
16.8289936014492
16.6320913100999
16.6115111948115
16.7348518158356
17.0690150476401
17.6283974381156
18.1873108319121
18.6966241292529
19.0381246669081
19.2397223036672
999.99
999.99
999.99
999.99
999.99
999.99
999.99
999.99
999.99
999.99
999.99
15.666772340126
15.5559788090442
15.5459871715985
15.5082820033807
15.4849015962955
15.4745673092498
15.4747340939751
15.4793407522633
15.5111419229427
15.5691155431776
15.6400678296152
15.7353840634572
15.8544784638165
15.9807474817262
16.1067936024737
16.2491067529277
16.4070544488723
16.5938076241962
16.8096494099891
17.2012705506038
17.7820283810241
18.4099218103413
18.9784392967957
19.5616804013705
19.7394944575791
19.4260135567299
18.8770580488708
18.2878082016551
17.5144865457015
16.9599207907348
16.7133202064693
16.6725386760506
16.7798457219163
17.1233420194746
17.7218991116438
18.3408659239104
18.9180310645164
19.3349084141914
19.619332910377
999.99
999.99
999.99
999.99
999.99
999.99
999.99
999.99
999.99
999.99
999.99
15.6723468105646
15.5734759383998
15.5666992922328
15.5360494455261
15.5187714266823
15.5155070249855
15.5229656576879
15.5313502077218
15.5648051303585
15.6237922555986
15.6917398493969
15.7773256761985
15.8833037595226
15.9928728408183
16.0985226529828
16.2201432938806
16.3618869302603
16.532432417857
16.7396441152269
17.120399581197
17.7098300048679
18.3657753804329
19.0068611855678
19.6628986134547
19.9286553307572
19.6783305394489
19.1637783265
18.5414424451337
17.7308452973255
17.1332911604233
16.8528730054703
16.8040203964225
16.932564981029
17.3089330554875
17.9435707166684
18.620152672696
19.2304690932925
19.6642475247107
19.9550480538611
999.99
999.99
999.99
999.99
999.99
999.99
999.99
999.99
999.99
999.99
999.99
15.6592464465461
15.5696961078634
15.5670472281977
15.5425118372509
15.534783835894
15.541454400602
15.5585867116762
15.5748722907536
15.6147194021087
15.6790381079177
15.7487877145089
15.8294411855324
15.924764994898
16.01675884388
16.0999823684718
16.196669779734
16.3162442224186
16.4613417288317
16.6467811584047
16.9912832917191
17.5562466291328
18.1811297833556
18.8486113949508
19.5118659913023
19.8262481034999
19.6166976034515
19.1705459704514
18.5315496153479
17.7538868008889
17.1707997225859
16.9108696624241
16.8779730922359
17.0602915092314
17.4735307792387
18.1236040350842
18.8250327744765
19.4376436612659
19.8603633452753
20.1160373580041
999.99
999.99
999.99
999.99
999.99
999.99
999.99
999.99
999.99
999.99
999.99
15.6375569206249
15.5559002539602
15.5547905566017
15.5373479282555
15.5410655005968
15.5588261981501
15.5863353002586
15.6121438668819
15.6597682206046
15.7288861935459
15.8013965848094
15.8789640803898
15.96424580608
16.0390049238266
16.1021432627949
16.174776739947
16.2690675466542
16.3865044064779
16.5443381509792
16.828430138562
17.3181615986453
17.8670691821028
18.4855778269376
19.0841795762208
19.4099244502137
19.2563803287232
18.890579693802
18.3040211083474
17.6318210622708
17.115844525669
16.9084266613743
16.9230519765586
17.1638494962682
17.6116289405142
18.2569966951021
18.93606790494
19.4973946368939
19.8559449937518
20.0199076992701
999.99
999.99
999.99
999.99
999.99
999.99
999.99
999.99
999.99
999.99
999.99
15.6114922545515
15.5015386953859
15.5172654880419
15.5297184578582
15.5462758591859
15.5754744605089
15.6125954916371
15.6492918089915
15.7049885774419
15.7769425591331
15.8517875841555
15.9265762070159
16.001173435957
16.0594791692414
16.1050114400296
16.1540210147669
16.2228091555448
16.3119488778906
16.4392599614181
16.6594047516958
17.0605646363505
17.5082788113357
18.0335296258214
18.5252031182167
18.8278929810796
18.7208343024441
18.4480567745239
17.9635862453441
17.4469564354157
17.0311663807844
16.8936404023363
16.9693947620895
17.2726486843079
17.7460558237089
18.3749105568617
19.0090284636628
19.4677329370052
19.6940193629463
19.7058014000105
999.99
999.99
999.99
999.99
999.99
999.99
999.99
999.99
999.99
999.99
999.99
15.5953579347482
15.4598177044405
15.4846165247833
15.5213075079878
15.5546604942164
15.595596179313
15.6411027427727
15.6871825410394
15.747967716134
15.8170577938844
15.8904108150615
15.9598685167092
16.022786583763
16.0668223921605
16.0993165442163
16.1283345939515
16.1735919035291
16.2352145872382
16.3298635023767
16.485260593878
16.7851914895763
17.1274891579511
17.5451982956914
17.9242490456735
18.1918406722858
18.1457586960061
17.9638814533301
17.5979905029571
17.236965890055
16.9270195847913
16.8494056718273
16.9627551433462
17.2831084098217
17.733360383647
18.2860437668757
18.7954136714145
19.1137783811951
19.202649145569
19.0839881283251
999.99
999.99
999.99
999.99
999.99
999.99
999.99
999.99
999.99
999.99
999.99
15.0165392015392
15.4202975791081
15.4519540783873
15.5146314470593
15.5701082402844
15.6253836238851
15.6784404440583
15.7322388561628
15.7942618490248
15.8544487264508
15.9205535546338
15.9800506431375
16.0285944434543
16.059511377692
16.0821104906667
16.0945457127331
16.1177390994947
16.1529002927634
16.2130345513553
16.3085455276218
16.5076989182322
16.7349104611065
17.015833342175
17.2639611557941
17.4571948608801
17.4401197485368
17.3410721637989
17.1210049253508
16.9229988717425
16.7450105032112
16.7278538249101
16.8445113455438
17.1068232752914
17.4659375933324
17.9032426705686
18.295591716268
18.532813915037
18.5920264869757
18.4567669530622
999.99
999.99
999.99
999.99
999.99
999.99
999.99
999.99
999.99
999.99
999.99
15.1583868986865
15.3575316521512
15.4351183737571
15.5257097763807
15.5996736014588
15.6625958305028
15.7178408422476
15.7741401841612
15.8307737824517
15.8751027861452
15.9295467291424
15.9741782255943
16.0053470137164
16.0246955306548
16.0420276424427
16.0447318731553
16.0546673538719
16.0758285889122
16.1133833256474
16.1647034595153
16.280471032211
16.4216568633257
16.5977012231231
16.7590772874022
16.9091124780967
16.941969175208
16.9174946518699
16.8159301583836
16.7255372381624
16.6329189327203
16.6377249301806
16.7365379010454
16.9316316152988
17.2186507068082
17.5708870879351
17.8779452945962
18.0660372810117
18.1432649888668
18.0201183689336
999.99
999.99
999.99
999.99
999.99
999.99
999.99
999.99
999.99
999.99
999.99
15.1370787148069
15.2866839796217
15.4119678441237
15.5419364309134
15.6299827180811
15.6940549250434
15.7436461508907
15.7956254014792
15.8419333073452
15.8686439034151
15.9095921355932
15.9383883627206
15.9522401544055
15.9597080880388
15.9711800898167
15.967986867696
15.9734262376129
15.9907163414855
16.0189306493493
16.0496028469261
16.1138876264045
16.1948005436478
16.3052468156023
16.4530690699711
16.6106432626182
16.7180199727605
16.7918546554945
16.8010494663177
16.7347034763126
16.6575768063764
16.6308379584443
16.6620553455614
16.7563493617828
16.9784582981748
17.263997276743
17.5109512563121
17.6783960426905
17.8034107458775
17.725683507865
999.99
999.99
999.99
999.99
999.99
999.99
999.99
999.99
999.99
999.99
999.99
15.1026991115736
15.2589049035998
15.4076851156784
15.5492744373162
15.6459127269027
15.7054328543494
15.7431742716349
15.7836051105674
15.8152713329184
15.8239752334227
15.8490947672377
15.8625600001032
15.8614722050289
15.8583164235968
15.8653967590208
15.8625302830743
15.8701604833803
15.8923352306674
15.9209461416099
15.9438476879832
15.9763666373695
16.0187664371538
16.0932855773098
16.2906759381237
16.5102064836833
16.7244206431609
16.9212787174411
17.0449505149873
16.9358387004942
16.8122274868097
16.7053780199852
16.6244028285872
16.5861124785045
16.7601260044807
17.0073461881127
17.2284461309081
17.4188966123897
17.6335025670778
17.6275636687827
999.99
999.99
999.99
999.99
999.99
999.99
999.99
999.99
999.99
999.99
999.99
14.7767712985169
15.2251071178659
15.3971353366873
15.543260446595
15.6384582617266
15.6896810511004
15.7119659726369
15.7387430133142
15.7568569394305
15.7532045399594
15.7645818515723
15.7660843074515
15.7545581715975
15.7422066680369
15.7434890621912
15.7419352092942
15.754220009864
15.7840739199743
15.8181981012018
15.8420310931971
15.8619402256419
15.8813773855483
15.9451077106343
16.2136015190525
16.5460595806206
16.8942346557515
17.2446399162978
17.4919884536526
17.3539729915846
17.1297998499347
16.9010443178902
16.6758258961758
16.4945671448615
16.6187710692093
16.8728623049665
17.1229180537164
17.3707018405954
17.6894203072355
17.7512632092326
999.99
999.99
999.99
999.99
999.99
999.99
999.99
999.99
999.99
999.99
999.99
14.800969727137
15.1809757833373
15.3782995045313
15.5184164899085
15.600909739228
15.6378851840281
15.6448433708313
15.6589370866347
15.6687346672807
15.6620720912218
15.6675068165819
15.6631664815147
15.6463226369271
15.6254936463128
15.6186114802688
15.6166621720896
15.6331451172176
15.6720176554273
15.7155973057256
15.7469785940587
15.7674907106237
15.7863164223853
15.8700101656958
16.2396309015989
16.7156787913663
17.2136644607188
17.7117725983233
18.0590234445554
17.8666516621903
17.5097619007673
17.1476296441806
16.7890785499785
16.5003740210281
16.5943260715184
16.8378125239108
17.0746685003946
17.3144800850763
17.6404243529233
17.7089739935564
999.99
999.99
999.99
999.99
999.99
999.99
999.99
999.99
999.99
999.99
999.99
14.9720926638209
15.164417726185
15.3413290130386
15.4806238308434
15.5509358666553
15.5788308996425
15.5746611342695
15.5752261617348
15.5777873270994
15.5712845656378
15.5719600961572
15.5648873260349
15.5479616655555
15.5205745479873
15.5041644117083
15.4996433616845
15.5167003750637
15.5594211755866
15.6098735061798
15.6499973664226
15.6733237833302
15.6921960394532
15.771145892317
16.2135417473654
16.8004747439524
17.4159734722378
18.0344043822971
18.5095732951172
18.2940522937262
17.8362560379464
17.3712244064724
16.9068832803074
16.5098707676744
16.5456728316995
16.7546380110171
16.9552687989914
17.1619912997104
17.4619172672466
17.5562329183719
999.99
999.99
999.99
999.99
999.99
999.99
999.99
999.99
999.99
999.99
999.99
15.0289979586809
15.1631429071349
15.3174941786848
15.4390180641137
15.4985749857915
15.5219461563788
15.514746687018
15.5057443770316
15.502951719659
15.49680358787
15.4923049678902
15.4818360749552
15.4672636394539
15.4386927634242
15.4176543484241
15.4127691026257
15.4295230916349
15.4712754527937
15.5204034984258
15.5645467350373
15.5896630231607
15.6065483180694
15.6772825759604
16.1193575587111
16.7380253725854
17.391461649068
18.0584625785946
18.5978845153426
18.4371104631635
17.9593245519884
17.4691150694666
16.9715678633121
16.5348852634721
16.5130616803383
16.6879218788247
16.8570243845308
17.0339964487188
17.3082183932992
17.4242891286698
999.99
999.99
999.99
999.99
999.99
999.99
999.99
999.99
999.99
999.99
999.99
14.8366305916306
15.1671177889347
15.3035996341768
15.4044865747427
15.4552038375685
15.4771295309646
15.4722679404816
15.4586510062529
15.4532221512075
15.4480610716193
15.4411934628674
15.4287965665313
15.4181674956859
15.3922862454062
15.3702688769375
15.3643153924624
15.3783254675331
15.4141574910519
15.4571928258092
15.5033237058358
15.5329236269057
15.5532002045365
15.6175990111497
16.0211147420261
16.6250218630765
17.2753751873219
17.9483851706713
18.5185351721713
18.4561567587181
18.0109074647905
17.530735043973
17.035438932842
16.5921132098917
16.5091870370662
16.6441227444014
16.7858543037761
16.935245149052
17.1809255147518
17.3114414331932
999.99
999.99
999.99
999.99
999.99
999.99
999.99
999.99
999.99
999.99
999.99
14.9473626743627
15.1812740855227
15.3043076950533
15.3953511071731
15.4417090463904
15.4633538180928
15.4640370099012
15.4481831032393
15.4389860285985
15.4325521048603
15.4241280813239
15.4090322088353
15.3996419937795
15.3768972941343
15.3552994763828
15.3480520681704
15.3583299580772
15.389496631565
15.4273141054312
15.4783892695093
15.5167125689774
15.5468663276459
15.6027926003231
15.9629433018429
16.4669667697374
17.0329595086903
17.6289810839921
18.159654735949
18.1287366927918
17.8012793815815
17.4053318898948
16.9871304762942
16.6071804539662
16.5318459634012
16.6208581390731
16.737457481705
16.8669030525226
17.0876559882715
17.2342366679727
999.99
999.99
999.99
999.99
999.99
999.99
999.99
999.99
999.99
999.99
999.99
15.1000280237249
15.2356808782987
15.3380758144552
15.4233619780743
15.4665360383881
15.4869778487829
15.4905970997237
15.4724782246735
15.4567529363073
15.4449871156971
15.4318820770889
15.411753919664
15.4015611053992
15.3825825169617
15.3632838561078
15.3576854721365
15.3671423126231
15.3967100759307
15.4312363177445
15.490605923373
15.5405588776899
15.5848014433537
15.6286870975585
15.9407102962931
16.3336517500377
16.8013335486208
17.3081206723534
17.7988015371182
17.8006725043961
17.5984098268685
17.2960999720589
16.9577365007869
16.632062660724
16.5683650008913
16.6340732792383
16.7475392730983
16.8838540607996
17.1192448333002
17.2921037238369
999.99
999.99
999.99
999.99
999.99
999.99
999.99
999.99
999.99
999.99
999.99
15.1850655338614
15.3260144731916
15.4072361611122
15.4704546143995
15.5062160853167
15.5213284671699
15.5248359637813
15.5074830459494
15.489215681527
15.4755528360824
15.4605188087645
15.4371193907472
15.4251772859661
15.409618875927
15.3935926430227
15.3912592190617
15.401911546391
15.4327953502876
15.4648794638647
15.5295178133835
15.5869814078753
15.6419731450705
15.6784736230376
15.946797993491
16.2378077495369
16.6159783831971
17.0395809218299
17.4763401283872
17.4999305078794
17.411938688372
17.1941038402484
16.92822022684
16.6611353593154
16.6233757207535
16.6758414133363
16.7969531896044
16.9517570285729
17.1833159308087
17.3402591211286
999.99
999.99
999.99
999.99
999.99
999.99
999.99
999.99
999.99
999.99
999.99
15.326721437035
15.4339200005746
15.4878389171315
15.5244674194224
15.5501033418132
15.5590929275848
15.5615088910397
15.5480487196434
15.5313076908398
15.5209559699831
15.5086293618078
15.4850892804069
15.4712882575094
15.4564449927174
15.4407434159753
15.4394492735223
15.450105346804
15.4816116746044
15.5122981205623
15.5791797733324
15.6383155317526
15.6996621516868
15.7275175905247
15.9837424324175
16.2101782754811
16.5362339325981
16.909786563277
17.3208590318226
17.3290965483961
17.3159864455843
17.1464129245244
16.9194284602354
16.6802428641921
16.6668688656794
16.7047482176401
16.8299305305954
17.0008290465115
17.2257963936182
17.3690964240316
999.99
999.99
999.99
999.99
999.99
999.99
999.99
999.99
999.99
999.99
999.99
15.569015028811
15.5278572575543
15.5552005092489
15.5754311819071
15.5891102784172
15.591783786128
15.5932093980478
15.5860802424279
15.5748455867766
15.5723018138184
15.5656674630378
15.5441082184345
15.5292176639556
15.5141574889457
15.4973679466934
15.5168182435899
15.5482321792235
15.6022605662932
15.6547076086655
15.7442632505136
15.7836485118245
15.8292220762016
15.8259784100512
16.0112504001827
16.121635861591
16.3477758209311
16.6216304287896
16.954588314393
16.9630970723496
17.0332850747539
16.9563761798816
16.8157019048549
16.6533513274634
16.6777954128361
16.7161525576438
16.8408757250591
17.0377942247095
17.2815673599777
17.4429798940581
999.99
999.99
999.99
999.99
999.99
999.99
999.99
999.99
999.99
999.99
999.99
15.8008942150894
15.5979012677581
15.5995887544886
15.6082393552033
15.6094684597403
15.6081406977952
15.6095380053053
15.6096677007678
15.6077386010029
15.6158256408442
15.6161582283463
15.5987873901985
15.5870083793548
15.5744946948751
15.5604529207216
15.6041722611642
15.6603829978931
15.7339917537984
15.8054514151444
15.9114693356653
15.925278051615
15.9476729493346
15.9192246110664
16.0355133211011
16.0757604816349
16.2329871066684
16.4405994079908
16.7160407168776
16.7488046282331
16.8465351921487
16.8350247332802
16.7481074349014
16.6339515101206
16.6653222256756
16.7100389897207
16.8244924142696
17.028880627834
17.2759325376147
17.4460624710449
999.99
999.99
999.99
999.99
999.99
999.99
999.99
999.99
999.99
999.99
999.99
15.6625073532739
15.6307999765027
15.6152472265309
15.611438216668
15.6051075891297
15.6057894955306
15.6119459097498
15.6209579076605
15.6302461928743
15.64950366192
15.6574425654303
15.6453851262535
15.6388563092604
15.631842955732
15.6251615617513
15.6955384955192
15.7795796340419
15.8710250269891
15.9608952085682
16.0792220848132
16.0626500729678
16.0550422621473
16.0053019277002
16.0504989511899
16.0255100577597
16.1225176566437
16.2654257286481
16.4742127705636
16.5281267419199
16.6437849924796
16.6849443035433
16.6539531648867
16.5978831605913
16.639320334663
16.6957022200073
16.8067648459606
17.0180329671986
17.2612544762471
17.460733787817
999.99
999.99
999.99
999.99
999.99
999.99
999.99
999.99
999.99
999.99
999.99
15.5178581048581
15.6264077681489
15.5992808097376
15.5917221738471
15.5848237347595
15.5932829458594
15.6093548677629
15.6291311349639
15.6487341594555
15.6769490405548
15.6907807679514
15.6827165668535
15.6815718624987
15.6816059328372
15.6838082419121
15.7816836790474
15.8956428866871
16.0037665825299
16.1129507833019
16.2439603596039
16.1970014764499
16.1810306226353
16.1400674531491
16.1398258109178
16.0737485877556
16.1341213611234
16.1864184512479
16.2950836970652
16.3388400289913
16.4453689866001
16.5136369481615
16.539223737632
16.5419777959457
16.5945322206792
16.6630122080493
16.7706974223702
16.9900534825243
17.2554526746956
17.5089058724632
999.99
999.99
999.99
999.99
999.99
999.99
999.99
999.99
999.99
999.99
999.99
15.5885495086924
15.5818601914019
15.5596844028389
15.5581053624768
15.556339096872
15.574573025911
15.601418545726
15.6308310012388
15.6596364305581
15.6936388480281
15.7110715361271
15.7061221548873
15.7099161642916
15.7170599195564
15.7298626902602
15.8653465279363
16.0218271191547
16.1626234533539
16.331453630105
16.5138156417579
16.4577479820388
16.4492639004887
16.4275084425156
16.3447980190483
16.2014494851981
16.1956963756677
16.1269701819024
16.1311522624782
16.2148154895586
16.3647490034451
16.5176933733123
16.6610999624298
16.734949306816
16.7454995958243
16.7688856926791
16.8137244156958
16.9823059230772
17.23843306566
17.5704851566419
999.99
999.99
999.99
999.99
999.99
999.99
999.99
999.99
999.99
999.99
999.99
15.5826501919812
15.5186791299543
15.5065016932357
15.5156041052999
15.5244511674958
15.5555199824333
15.5952919321947
15.6347702583774
15.671808952987
15.7096093406083
15.7281091057849
15.7235106256526
15.7293716808034
15.7418358182173
15.7644025977458
15.8979294252792
16.0611269268937
16.2134202694991
16.4165860484166
16.6227303920013
16.6074411983591
16.6493474693899
16.6656554915715
16.5592995469771
16.3991697326584
16.356346612533
16.1997295791688
16.1409337660875
16.2386182750764
16.4078458818615
16.6090580616329
16.8302744329538
16.9362805980442
16.8958036732445
16.8626134475523
16.837673618801
16.9242390991077
17.1150066849589
17.471102099822
999.99
999.99
999.99
999.99
999.99
999.99
999.99
999.99
999.99
999.99
999.99
15.5441531927874
15.4392329563429
15.4401011753694
15.4622048962832
15.4839047046982
15.5280854933084
15.5823976290705
15.6347443169401
15.6817634473703
15.7260244107804
15.747486282837
15.7437253905962
15.7484902393653
15.7626949909864
15.788605258135
15.9151793447896
16.0810690287579
16.2647981722444
16.5213928357401
16.7716706244602
16.8424918571791
16.9783873000199
17.0364903377253
16.950501806167
16.8166068544407
16.737763097033
16.4861185690835
16.3754322912472
16.4250416175513
16.5559556996256
16.7549140366169
17.0205199942343
17.1249831338195
17.032254759446
16.9387813676233
16.8492025461283
16.8561493378288
16.9858058408471
17.3731344441006
999.99
999.99
999.99
999.99
999.99
999.99
999.99
999.99
999.99
999.99
999.99
15.2935103431862
15.3506613495378
15.3644796780253
15.4027831764226
15.4366324589435
15.491881628022
15.559525134
15.625500776849
15.6850712888581
15.7402335087594
15.7695755278258
15.7716924405576
15.7774055621957
15.7920907514555
15.8163415701907
15.9308091474171
16.0910981754442
16.3058855822693
16.617076144971
16.9138846279385
17.0758148282607
17.3146901620299
17.414049422786
17.34936707185
17.2657388107717
17.1724720416556
16.884087166144
16.7825269086657
16.8431630662628
16.9530753215426
17.199591131729
17.4825976695065
17.5581663034535
17.4211809589834
17.2929554219815
17.0965911230207
17.0173653698833
17.0810119435656
17.389676226632
999.99
999.99
999.99
999.99
999.99
999.99
999.99
999.99
999.99
999.99
999.99
15.0566582784875
15.2636472473532
15.2894028620729
15.3412333655828
15.3833502967367
15.4459934457232
15.5238346955361
15.6026210069837
15.6775831704709
15.7489085657343
15.7928403429483
15.807661720653
15.8187278093039
15.8350473260335
15.8567047510767
15.9562898322907
16.1040505237154
16.3478621852471
16.7104837336291
17.0513924411111
17.3031792592509
17.6007427305274
17.723530425706
17.667920976042
17.6499819803222
17.5624011488254
17.3559809465579
17.3183388080959
17.4399469358886
17.5559936955039
17.8693031571297
18.1361644565958
18.1846961587182
18.0075812443444
17.8079677649017
17.4670988927193
17.2610914661929
17.2154402223357
17.4022445747949
999.99
999.99
999.99
999.99
999.99
999.99
999.99
999.99
999.99
999.99
999.99
15.0013022845009
15.1874373993246
15.2156811424603
15.2784661578399
15.3241254092758
15.3912754828913
15.4768015214967
15.5680319377964
15.6594698918114
15.7515073171751
15.8160722329477
15.8507434860005
15.8738960185643
15.8975314964827
15.9183395243666
15.9848537392683
16.0948964819122
16.3414137124315
16.6819352983173
16.9964622401272
17.3072544537609
17.6419958471023
17.7687997719886
17.7948774215691
17.9165813640637
17.8910733294906
17.825286557677
17.8609533421108
17.9415560733795
17.9552668278884
18.2173170277102
18.3425309100887
18.3341189545432
18.2224616962064
18.0606412172416
17.6866143419294
17.4630056176765
17.3667023590763
17.3759528240722
999.99
999.99
999.99
999.99
999.99
999.99
999.99
999.99
999.99
999.99
999.99
14.9990538100434
15.1273517400398
15.1511639024444
15.217241082898
15.2626416772792
15.3311637505595
15.4213402053748
15.5226086172882
15.6292117883115
15.7423839287181
15.8315880491043
15.8921201404816
15.9344505733345
15.9722074292297
15.9974896066609
16.0531486280921
16.1395728943861
16.3730401127894
16.6798463210097
16.9605933879673
17.288203751869
17.6287672966544
17.7805674227743
17.9054741865648
18.1796883896321
18.2454567830975
18.3454567925765
18.4612364054627
18.5012528167271
18.4117984942184
18.6147243689082
18.5943111092555
18.5193406565484
18.472509990844
18.3493818159547
17.9492698743732
17.7215749291952
17.5992240599986
17.4510681105808
999.99
999.99
999.99
999.99
999.99
999.99
999.99
999.99
999.99
999.99
999.99
14.9763259389984
15.0901030833317
15.1063249091278
15.164937227044
15.2098028807337
15.278342900093
15.3698159914566
15.4768244202221
15.5943168057854
15.7235513115733
15.8363231458638
15.9248832754624
15.9914527096711
16.049737422296
16.0890484508547
16.1393619653231
16.203693217196
16.3904334363566
16.6299034971997
16.843383001126
17.1030140843999
17.3643840527691
17.5188640113589
17.6482036924125
17.9791931538716
18.1437752460755
18.4316206989335
18.6450050516182
18.8001635575696
18.7573228622335
19.0048468113448
18.926313698713
18.8253907263702
18.8224079553006
18.7218315703129
18.2758037471594
18.0277533706632
17.8821525303367
17.5687527370501
999.99
999.99
999.99
999.99
999.99
999.99
999.99
999.99
999.99
999.99
999.99
14.893025095823
15.0567642237487
15.0709134821706
15.1227393234847
15.1671421873126
15.2351837253169
15.3260968142926
15.4362362360717
15.5605498987097
15.7004725660306
15.8328154784024
15.9475313960967
16.0384400763474
16.1200528980959
16.1782703753111
16.2281157541072
16.2752125152102
16.4145480611631
16.5817665497371
16.7262781716342
16.9166210260642
17.1121616931973
17.288565630641
17.4484485149626
17.8120872096068
18.0455517561401
18.3879897905099
18.565754353014
18.6955945493662
18.6452317799358
18.8511475071937
18.7885409205554
18.7360235262859
18.79078772123
18.6893764163366
18.2521485019739
17.9684550546345
17.7800409898929
17.4265819276478
999.99
999.99
999.99
999.99
999.99
999.99
999.99
999.99
999.99
999.99
999.99
14.9681690842388
15.0254073452253
15.0396469632512
15.0921316044748
15.1365814884293
15.2035064435843
15.2916739508883
15.4016187336085
15.5274317980549
15.6714443770414
15.816743176853
15.9540219041921
16.0686834428359
16.175577816534
16.25681328055
16.3128602825843
16.3489556062191
16.4424950350413
16.5368133338738
16.6139583041012
16.7374766010898
16.8918843829078
17.054210200207
17.2103218497939
17.517160143013
17.7544670792654
18.0409350631687
18.2011439046641
18.3415161008314
18.3728181584094
18.5684220538214
18.5733695081381
18.5813519857423
18.6694064052337
18.5906602586573
18.2188313889929
17.9600923263403
17.7369202705608
17.367392573909
999.99
999.99
999.99
999.99
999.99
999.99
999.99
999.99
999.99
999.99
999.99
14.950857109338
15.0039782266226
15.020569750048
15.0726681782457
15.118091571032
15.1836761451046
15.2676357698062
15.3744657180157
15.4977146669831
15.6397026854187
15.790976268108
15.9449777502156
16.0804300566401
16.211524045987
16.3182905620626
16.3957046196976
16.4391871382362
16.5018865419994
16.5589207927658
16.6039083644034
16.6703222881291
16.7873234134319
16.9408550538555
17.0558557334481
17.2865263786527
17.5222377843899
17.747593111104
17.9097681649123
18.1349584677739
18.2810441296124
18.5320204235895
18.6738355836938
18.7647001016312
18.8413778579441
18.7636425480252
18.3778270869584
18.0656338605802
17.7524776814873
17.3652632591453
999.99
999.99
999.99
999.99
999.99
999.99
999.99
999.99
999.99
999.99
999.99
14.8318743767524
15.0018312505684
15.0200961786305
15.0655840401158
15.1115874608692
15.174534999224
15.2515174372576
15.352014659932
15.4695762554565
15.6062609828915
15.7588452868436
15.9257813590734
16.0798803467414
16.2333355742579
16.3643677770383
16.4651611091502
16.5219789785521
16.5717020470348
16.6056764118768
16.6311070096607
16.6461988471168
16.7227386094392
16.8416874077322
16.8937431425703
17.0285146924679
17.2499053336437
17.4134219598966
17.5821634299132
17.9100279933897
18.1886486804386
18.5427779985593
18.8584020776632
19.0753057204275
19.158924981179
19.1019537216726
18.6625226485076
18.2629104700219
17.8248035576368
17.3942296476574
999.99
999.99
999.99
999.99
999.99
999.99
999.99
999.99
999.99
999.99
999.99
14.8983818071205
15.0103820958978
15.029081896661
15.069975648086
15.1145952606791
15.1730449770082
15.2412871329938
15.3327889693993
15.4417848312345
15.5714436441173
15.7226475751469
15.8992728684596
16.0708793877424
16.2453494685203
16.3980058951741
16.5226998491408
16.5959491811401
16.6497090001699
16.6760494843052
16.6966982994537
16.6967112474124
16.7701577890795
16.8576228142335
16.8880516780823
16.9700594783781
17.1735280352837
17.2632342630232
17.4036226938737
17.7298749256034
18.0395316157927
18.4165751987187
18.8332114925172
19.1942155304909
19.3340528354519
19.3438128948786
18.8997054377515
18.4600647677459
17.8964950862269
17.424464074939
999.99
999.99
999.99
999.99
999.99
999.99
999.99
999.99
999.99
999.99
999.99
15.0262694759106
15.0282688445524
15.0461492581779
15.0845736746043
15.1270237450637
15.1802728284095
15.238892883798
15.3187071323435
15.4158637471969
15.5357281524842
15.6821656274268
15.8640112757011
16.051373108571
16.2451516203401
16.4205826248092
16.5717915802967
16.6677036067233
16.7309325603471
16.7560752143051
16.7703471701899
16.7505880670732
16.7794987278367
16.787820280914
16.745584552715
16.7538383468507
16.9222203745399
17.023858363713
17.2329907070798
17.661067703743
18.059685973431
18.4967287696514
18.9554391161349
19.3970074044731
19.5593098412181
19.6211674356204
19.1979013702204
18.7643335314724
18.1215508622014
17.5880681414399
999.99
999.99
999.99
999.99
999.99
999.99
999.99
999.99
999.99
999.99
999.99
15.0942263769267
15.0595877938207
15.0737675338472
15.1043008286442
15.1458506093596
15.195896540729
15.2466116338081
15.3145710629708
15.3983823816261
15.5061998523305
15.6450059158568
15.826128291365
16.0233605337892
16.2313684484936
16.4261734626263
16.6013335709134
16.7238338865543
16.8035845265316
16.8372122717151
16.8506615216581
16.8125633767466
16.793026075014
16.7476612883918
16.6893350058914
16.7117241800578
16.8688162560708
16.9996423344064
17.2305028806341
17.6076779205189
17.8852922827048
18.3096711949924
18.7536404645381
19.2010585964165
19.4215095678489
19.604052659661
19.2022343176968
18.7682167020825
18.1435458416249
17.608297317688
999.99
999.99
999.99
999.99
999.99
999.99
999.99
999.99
999.99
999.99
999.99
15.0711178451178
15.0879190436762
15.1036186768772
15.1264718151506
15.1675679264347
15.2155146361213
15.2597869582684
15.31671653746
15.3874978490898
15.4830566441256
15.6130160386202
15.7893574008444
15.989964198507
16.204672699991
16.4115284056811
16.6028790289142
16.7482766901779
16.8464055355259
16.8948426978317
16.9129104195576
16.8640186465093
16.8085544042367
16.7184436806428
16.6515729386446
16.6513578328047
16.7594873550244
16.8666642065597
17.0654384268969
17.3325714326722
17.5213745476965
17.9067493571032
18.3198857587921
18.758861524629
19.0278286733435
19.2776548739035
18.9616834917194
18.5899808615239
18.068976650891
17.6191627549843
999.99
999.99
999.99
999.99
999.99
999.99
999.99
999.99
999.99
999.99
999.99
15.131537123349
15.1091228340556
15.1208631010377
15.1456228717377
15.1866687304289
15.2343364907881
15.2754503245377
15.3238626599557
15.3831109949481
15.4665617741025
15.5859642472726
15.7531162875493
15.9500678731103
16.1633681720517
16.3752498581587
16.5762897359904
16.7411279614251
16.8612074440803
16.9416862819025
16.9815641818407
16.9409203447931
16.890650410144
16.8113416232564
16.7706842962131
16.7820872938714
16.8752479106355
16.9378060796244
17.0424147714644
17.1226628004502
17.1448310101935
17.354546637793
17.6379840424949
17.9919964386522
18.2783151956089
18.5653498270156
18.4209751354237
18.1922134722546
17.8572765518401
17.5571188887316
999.99
999.99
999.99
999.99
999.99
999.99
999.99
999.99
999.99
999.99
999.99
15.2122001045799
15.1286146829101
15.1363150605532
15.1605136970249
15.2002592780292
15.2478047211854
15.2871476545835
15.3288307204447
15.3792161653891
15.4521310154517
15.5600963695704
15.7150980387008
15.9031347389726
16.1085168907717
16.3193793278568
16.5255386250368
16.7073693454228
16.851784263951
16.9700633994579
17.0381794254896
17.0178206867129
16.9858824784532
16.9338483660524
16.9335657315085
16.9691073909548
17.0508936979217
17.0681305265475
17.0871616526969
16.9877316607965
16.8502174655682
16.8935053102619
17.0570102826157
17.2941673523979
17.5672915871008
17.8631737556641
17.8656147722979
17.7597548755328
17.6187954701953
17.4789245446487
999.99
999.99
999.99
999.99
999.99
999.99
999.99
999.99
999.99
999.99
999.99
15.0932780769366
15.1572310276067
15.1547783941272
15.1736991249986
15.2090971997363
15.2540119531304
15.2910261048918
15.3274227270562
15.3721868400764
15.4387136709316
15.5381213202509
15.6818082703674
15.8587833182879
16.0523120432938
16.2535317884446
16.4567061728687
16.6471087122889
16.8116802251364
16.9661898309819
17.0690427904123
17.089077921609
17.1133780378815
17.1301543428234
17.2138624585771
17.3094895411571
17.4041635915
17.372146226016
17.2870023049571
16.9813163166457
16.6626334469946
16.5304031960017
16.5585679678413
16.6697857792599
16.9229646099996
17.2205214971295
17.3209826974331
17.3212079055318
17.3610129860431
17.3726185568728
999.99
999.99
999.99
999.99
999.99
999.99
999.99
999.99
999.99
999.99
999.99
15.1789227650656
15.1933456904312
15.1800650355789
15.1900008263294
15.2163339247183
15.2531094384878
15.285020299639
15.3159666415797
15.3576335432779
15.4223591665574
15.5181761665103
15.6549686627444
15.8236892910285
16.0061616091042
16.1940089999068
16.3880364867438
16.578660704666
16.7563415510853
16.9411481336049
17.0777215914862
17.1399859259992
17.2238581839334
17.3072403057161
17.4024975686371
17.4835533551773
17.5578998299841
17.4517486993211
17.2450990187214
16.8749791957978
16.5365102572145
16.3089326411741
16.2667213021794
16.33864309475
16.5481809095876
16.7862903337269
16.9640616479441
17.0563690838595
17.2124041127322
17.3347394515775
999.99
999.99
999.99
999.99
999.99
999.99
999.99
999.99
999.99
999.99
999.99
15.2289053434628
15.2437908084163
15.2102884725169
15.2116972795254
15.2258876724929
15.2508246535834
15.2749352731992
15.2993401626735
15.3381331874559
15.4029431367636
15.4978319620494
15.6313017557838
15.7958973831699
15.9713580845388
16.147694714879
16.3334987202326
16.5228692105516
16.7105858611101
16.9225144425952
17.0967410299382
17.2079585072119
17.3515696754916
17.4991705869809
17.5975704803231
17.6712200316555
17.7277540484828
17.5682338752796
17.2672538409984
16.8721152293178
16.5076400886703
16.2127959522697
16.1156414577948
16.158806048964
16.3259145977085
16.5267924141542
16.7384261679902
16.8815400987423
17.073982842491
17.230496991201
999.99
999.99
999.99
999.99
999.99
999.99
999.99
999.99
999.99
999.99
999.99
15.3397945048149
15.3029957675151
15.2598058496278
15.2439636688761
15.2439570124757
15.253911589889
15.2669665292244
15.2831915207908
15.3181239462846
15.3830807912438
15.4778249081697
15.6101080799283
15.7740051757462
15.9478090653832
16.1175816643632
16.2995640084373
16.4884857900922
16.6824980742738
16.897601658914
17.0986460534693
17.2544078676633
17.4313603535516
17.5737973464506
17.6396779985804
17.658122008115
17.6416290718681
17.4286646128753
17.1285779773071
16.802453303096
16.4953667283079
16.2396491034458
16.1598663296193
16.2083360424494
16.3539948991225
16.5589491903383
16.8045550383517
17.0008854721035
17.2180223107065
17.3898155767835
999.99
999.99
999.99
999.99
999.99
999.99
999.99
999.99
999.99
999.99
999.99
15.4002275132275
15.3637946557565
15.3171602463684
15.2889279957865
15.2765202440663
15.2715565626377
15.2730849658474
15.2812415620024
15.3106882481221
15.3743342390808
15.4685509367117
15.5996837804799
15.762764104967
15.9365820328102
16.1022002104178
16.2803595787447
16.4668591129252
16.6631800514045
16.8784388661563
17.115792338486
17.3237172637216
17.5467319207076
17.7119207285611
17.7675244239776
17.7393072663355
17.6732159093088
17.4248967407568
17.1189124150387
16.8623561287487
16.6057709824179
16.364274517468
16.2784434137474
16.3200966070977
16.4402875936486
16.6530850278167
16.9375289983726
17.1898041722643
17.4337042814314
17.597738145945
999.99
999.99
999.99
999.99
999.99
999.99
999.99
999.99
999.99
999.99
999.99
15.5223416812894
15.4215204822832
15.3786036307937
15.3415486461787
15.3200577686516
15.3033148817105
15.2951483554521
15.2960000106936
15.3185391485984
15.3769752082222
15.4665154233907
15.5928343158264
15.7522342682862
15.9255595209821
16.0906965943287
16.2670014182361
16.4523676693632
16.6502604068629
16.8653508888516
17.1482267885919
17.4086742134169
17.6943576721668
17.9004180459168
17.9563424879845
17.8696160785831
17.7512112600353
17.4302228651993
17.085593313194
16.8780010617296
16.6632246602012
16.4398416237816
16.380675788342
16.4434843253994
16.5599621652834
16.8052401690494
17.1427813597635
17.453095226594
17.7254501772458
17.8819472851557
999.99
999.99
999.99
999.99
999.99
999.99
999.99
999.99
999.99
999.99
999.99
15.5750935654873
15.4683101843019
15.431662212404
15.3941363089478
15.3678652140383
15.3447636276134
15.330464802562
15.3262508070941
15.3419194914473
15.3928930964196
15.4734580886928
15.5905434145334
15.7420567305176
15.9116946775976
16.0764708129826
16.2526884838651
16.4373653429451
16.6341881173208
16.8460649258808
17.1796296506106
17.5061435364024
17.8863982421751
18.1846904465052
18.3429399925646
18.2882355834876
18.1864202768026
17.8275689654778
17.4525946749982
17.2029384789292
16.931870468304
16.644063590229
16.5501802545143
16.5828364628728
16.6937014948319
16.9843986252774
17.3782072723433
17.7446067988203
18.0422527830729
18.1877075386876
999.99
999.99
999.99
999.99
999.99
999.99
999.99
999.99
999.99
999.99
999.99
15.6088403430355
15.5082301857932
15.481301928753
15.4438022296353
15.4171669377303
15.3927278964081
15.3769564408826
15.3709062199165
15.3816309800641
15.4254525107414
15.4963643259087
15.6016567699687
15.7410959847938
15.9026469230803
16.0633646688698
16.2351459463636
16.4141790473166
16.6046907252929
16.8060920344726
17.1747667741244
17.5611469658408
18.0316262861728
18.437145927334
18.7358713175294
18.763402557762
18.7172864747852
18.3619716585654
17.9677698806381
17.6478101908718
17.2925964722681
16.9089089939945
16.7469722372632
16.7297847929144
16.8348289134332
17.1795803757487
17.6568371776199
18.1086822206821
18.4822366129215
18.6655633753988
999.99
999.99
999.99
999.99
999.99
999.99
999.99
999.99
999.99
999.99
999.99
15.5601889728545
15.5329832928039
15.5160485140075
15.4861864906775
15.4632197639565
15.4422806784795
15.4298730781141
15.4256921604403
15.4349926537048
15.4743199895876
15.5377325376734
15.6307091651742
15.7553897823377
15.9024358420991
16.0519951344633
16.2106643046278
16.3785970404547
16.5596230571157
16.7580701566976
17.1458006388455
17.577530916339
18.1140060911207
18.6376582859937
19.0795669929963
19.2129501500747
19.2359445913501
18.9148642524574
18.4621922521027
18.0266880742359
17.5704162584314
17.096732412013
16.8610615157816
16.8016740566733
16.8949147658515
17.2509943470079
17.7346906440661
18.2107958768445
18.6228399954847
18.831853409496
999.99
999.99
999.99
999.99
999.99
999.99
999.99
999.99
999.99
999.99
999.99
15.644688075378
15.549801151552
15.5400315453617
15.5154880989728
15.4980929906492
15.4839467173826
15.4785502114505
15.4794064701986
15.490788786229
15.5286217759329
15.5865440888487
15.6683154237996
15.7779325343362
15.9074157986502
16.0410308838107
16.1835158967743
16.337592338092
16.5068584074694
16.6982671547719
17.0787609427547
17.537695751229
18.1247790036402
18.7350088529069
19.299890567486
19.5429862058135
19.6048485428859
19.2845533866736
18.775810593399
18.2157434697421
17.6701708480507
17.1574443771232
16.898733215861
16.8323732840341
16.9393266999991
17.3117012886726
17.8044105022699
18.3083557516301
18.7555384526608
19.01375005011
999.99
999.99
999.99
999.99
999.99
999.99
999.99
999.99
999.99
999.99
999.99
15.5902064983668
15.561666895521
15.5521508373746
15.532044929545
15.521229037623
15.5151596402532
15.5183959452645
15.5263138615181
15.542559744329
15.5828278225252
15.6396027856705
15.7146536945563
15.8121287298792
15.923945239383
16.0385618285124
16.1625362033556
16.2996665704853
16.4543974662142
16.6340865835377
16.9804663027143
17.4254219629733
18.0085481056843
18.6679467253318
19.3306361468643
19.7167593965853
19.8720595989305
19.6375748820773
19.1239153015731
18.476042555859
17.830567718125
17.265336956739
16.9604184349723
16.8936818252592
17.0352062033756
17.4469294692107
17.9745508355996
18.5074999550271
18.9670833543276
19.2364994328825
999.99
999.99
999.99
999.99
999.99
999.99
999.99
999.99
999.99
999.99
999.99
15.6588876134834
15.5531809673412
15.5457438418564
15.528393749686
15.5281956968671
15.5453737934822
15.557308453445
15.5706687328986
15.5971438763825
15.6391399684048
15.6894987137089
15.7605861203131
15.847475374025
15.9430486278816
16.0351176005323
16.1284182756465
16.2461901566667
16.3948099049375
16.5616723411946
16.8692064749479
17.257012913911
17.7637585102211
18.4536290549103
19.2552143220036
19.8293937694186
19.9250620379057
19.6917381820537
19.1120194699993
18.3139899780914
17.5376911159155
17.1400468055679
16.9461310506882
16.9184526875916
17.0676392890437
17.504900736858
18.2353932086116
18.7294477172637
19.3706789070541
19.6087619424781
999.99
999.99
999.99
999.99
999.99
999.99
999.99
999.99
999.99
999.99
999.99
15.6665286195286
15.5391899416008
15.5306985172609
15.514541737721
15.5269346005226
15.5622681823297
15.5782566133852
15.5920769570696
15.6233558250392
15.6633708712062
15.7126824835164
15.7826065268755
15.8726994950092
15.9605874939701
16.035110911031
16.1015854947832
16.1984078996529
16.3352259212654
16.4975322939848
16.7477366626526
17.0643259420563
17.4976962262145
18.0818345243503
19.0543344588556
19.8788942750309
19.911164474128
19.9128757017957
19.3979919838175
18.4088083184353
17.4512811867817
17.2341875065872
16.9097718385814
16.9220452461984
17.2800630642628
17.9462818763879
18.7671897657159
19.1568044250524
19.919633826566
19.8934345440413
999.99
999.99
999.99
999.99
999.99
999.99
999.99
999.99
999.99
999.99
999.99
15.5840370973716
15.5133375567522
15.3669755494215
15.4669952888768
15.5050049625172
15.5436858228879
15.6508445178515
15.8300701741155
15.6006779567703
15.5990310186652
15.8161969102004
15.8531913485276
15.9426312905059
15.9400455123661
15.9526157443021
16.1647830922465
16.0797493853417
16.0243163491561
16.3423686491596
16.7291479570887
16.8733464234178
17.3239213539074
16.9992675284452
17.6644308440302
20.5936922099042
22.9445800398211
22.7666109009461
15.725289837147
15.5497846743526
16.2891087052707
16.7479040781132
16.8336731341958
17.1749754991427
17.1399061495995
16.9223389243354
17.3359363944075
19.3339246947326
24.65246
18.4250305853958
999.99
999.99
999.99
999.99
999.99
999.99
999.99
999.99
999.99
999.99
999.99
999.99
999.99
999.99
999.99
999.99
999.99
999.99
999.99
999.99
999.99
999.99
999.99
999.99
999.99
999.99
999.99
999.99
999.99
999.99
999.99
999.99
999.99
999.99
999.99
999.99
999.99
999.99
999.99
999.99
999.99
999.99
999.99
999.99
999.99
999.99
999.99
999.99
999.99
999.99
999.99
999.99
999.99
999.99
999.99
999.99
999.99
999.99
999.99
999.99
