999.99
999.99
999.99
999.99
999.99
999.99
999.99
999.99
999.99
999.99
999.99
999.99
999.99
999.99
999.99
999.99
999.99
999.99
999.99
999.99
999.99
999.99
999.99
999.99
999.99
999.99
999.99
999.99
999.99
999.99
999.99
999.99
999.99
999.99
999.99
999.99
999.99
999.99
999.99
999.99
999.99
999.99
999.99
999.99
999.99
999.99
999.99
999.99
999.99
999.99
999.99
18.4206111060832
18.4397608489072
18.5873184508097
18.2903118919408
18.6010346035433
18.6736070578022
18.605904794586
18.5020743170883
18.6331779567703
18.7056135873418
18.9225652291959
18.990822239317
18.9368164170324
18.6810336700336
18.6401939722428
18.6176302748742
18.5705052113972
18.402167363028
18.8401764634901
18.8111417007306
18.6983848238482
19.8162057106656
19.672317772046
19.0633941555927
19.444014487835
19.5901902499359
19.6983132385746
19.4566616991216
19.5999644076404
19.3159956106611
19.382186569528
19.4074035175046
19.568291005291
19.7500270902152
19.1582856296497
19.6391559279538
19.6661226475808
19.9072558486809
19.9558680634116
999.99
999.99
999.99
999.99
999.99
999.99
999.99
999.99
999.99
999.99
999.99
18.3607321774238
18.3629387328496
18.3271192062828
18.3735341159811
18.3950469729115
18.4238683756215
18.4798515948347
18.5449516528926
18.6257071719538
18.712229745051
18.7918750936691
18.8334966894912
18.8333523416277
18.7829727078034
18.7284829116907
18.6809879163884
18.6942127246931
18.7441035097509
18.8267391531965
19.0043346890039
19.1895301714594
19.3184754093958
19.4392129077334
19.5633681494661
19.582009244793
19.5847493328681
19.6120937821835
19.6155302019579
19.5988828879403
19.5935896021479
19.5983849694623
19.6030058540272
19.5909543880578
19.6335012723927
19.6760083441255
19.7480946934659
19.8224592683818
19.9376204606718
20.0080113163331
999.99
999.99
999.99
999.99
999.99
999.99
999.99
999.99
999.99
999.99
999.99
17.9123670553218
18.3846091492655
18.3269995186028
18.3404512560436
18.3294828781046
18.3332463742996
18.3729710666661
18.43745891614
18.5410654053379
18.6485829578158
18.7459125410883
18.797448222294
18.8045685652704
18.7658361423292
18.7153056030248
18.6765612975147
18.6999115733489
18.7657165669518
18.8703788159665
19.0473524043984
19.2310766109356
19.3639782078143
19.4844785631969
19.5858372922576
19.6249900223446
19.6449625616148
19.6821906017252
19.6916059334235
19.6944120451128
19.6871374038685
19.6895452823868
19.6910452388105
19.6870272991256
19.7091990145624
19.7505170706085
19.8169950782006
19.8884878712769
19.9886555720805
20.0776054244586
999.99
999.99
999.99
999.99
999.99
999.99
999.99
999.99
999.99
999.99
999.99
17.9608391053391
18.399179781506
18.3197475283396
18.3008249387042
18.2590310880194
18.2531068734428
18.2743520127509
18.3434080028023
18.4615682221907
18.586158647125
18.6961127977126
18.7715221678903
18.7986030562844
18.7801121573579
18.7476877150345
18.7328625444275
18.7602424773677
18.8378726686423
18.9674782956641
19.1319582647929
19.3044838284823
19.4575125300954
19.5740252737054
19.6519978842254
19.6957918713372
19.7196254707473
19.7354425291092
19.752003716921
19.7672508022639
19.7816448338745
19.7893587496843
19.7907210836502
19.7979341348833
19.8145305480677
19.8511117231167
19.9113854237373
19.982344914574
20.0532787351464
20.1402285388828
999.99
999.99
999.99
999.99
999.99
999.99
999.99
999.99
999.99
999.99
999.99
18.5508622914059
18.4231889004152
18.3326480048661
18.2955398179639
18.2194683907512
18.187535053085
18.1904502483017
18.2503001088135
18.3709295640688
18.5120101869909
18.6388718178071
18.7372456373095
18.7906718665963
18.79785253249
18.7818966796594
18.7803635428022
18.8202013984182
18.9062209050371
19.0421003878077
19.2182802212414
19.4029538693428
19.5534931306535
19.6667985373603
19.7406437950167
19.7699927321866
19.7781551641452
19.7919119267391
19.808982612497
19.8272327418375
19.8550247298309
19.8781500342117
19.8891991244893
19.9025096869702
19.9215611637047
19.9550191564103
20.0052779510988
20.0625008463973
20.1228754960268
20.2022247273599
999.99
999.99
999.99
999.99
999.99
999.99
999.99
999.99
999.99
999.99
999.99
18.5744140936493
18.4452819227662
18.3593712140827
18.2965998347029
18.1902436689302
18.1330309080282
18.1147156200884
18.1593311518237
18.2733530595311
18.4233297034054
18.5625651900964
18.6837643926224
18.7676614461201
18.8069740621359
18.8141666803935
18.8305055388194
18.8846318743419
18.9806782658468
19.1240029328493
19.3116449061338
19.5086099295943
19.6606085814803
19.771724130202
19.8401220370233
19.8536267036249
19.8450240095999
19.8507939909237
19.8640052037025
19.8841803234522
19.9264602757155
19.9656986534963
19.9899668058116
20.0128093151311
20.0364282172714
20.0663044964555
20.1060034776744
20.1477437680592
20.1949355580628
20.2615885063035
999.99
999.99
999.99
999.99
999.99
999.99
999.99
999.99
999.99
999.99
999.99
18.4071659099708
18.466572362104
18.3919038615521
18.2992030253766
18.180086675565
18.1098852397189
18.0766869597361
18.1061231030557
18.2040321346066
18.3465933036497
18.4861798507164
18.6216367046398
18.7303426568538
18.8013272949225
18.8356857475477
18.8717137418339
18.9391755727971
19.0452372061554
19.1955864228461
19.3905789876159
19.5961063061857
19.7521556502044
19.8638470751665
19.9287912154079
19.9347289107838
19.9186619663233
19.920799744762
19.9320359563446
19.9550096333221
20.0077128415232
20.0561388228897
20.0881749156185
20.1167245591299
20.1420389190936
20.1658601358571
20.1961541961686
20.224380454825
20.2607245937581
20.3164766265404
999.99
999.99
999.99
999.99
999.99
999.99
999.99
999.99
999.99
999.99
999.99
18.2393529923426
18.437771074501
18.3778921511998
18.2776801136856
18.1697516206348
18.1055019821088
18.0716023246183
18.0937781819317
18.1737565637531
18.2951524501486
18.4221433367078
18.5606216498844
18.6856114829198
18.7840469171131
18.8467328190192
18.904590694284
18.9854737900858
19.1014645175309
19.2565477622981
19.4528315558563
19.6597247570054
19.8190883406046
19.93182322177
19.9978495280339
20.0083559873207
19.9988818448819
20.005496972475
20.0195311636357
20.0450994395121
20.1007965501391
20.1496410209252
20.1830932976704
20.2130668164094
20.237684911899
20.2556304281745
20.2774300515858
20.2946661826797
20.3216328156891
20.3685835933296
999.99
999.99
999.99
999.99
999.99
999.99
999.99
999.99
999.99
999.99
999.99
18.6014693349624
18.3928518716978
18.3509478264229
18.2555345317166
18.1731792769713
18.1261487331385
18.0995334827934
18.1184158942447
18.1776473685701
18.2705927349534
18.3766439003698
18.507896509686
18.6407712148942
18.760076051262
18.8504831324063
18.9327965735002
19.0320883143647
19.1600611394141
19.321091881918
19.5157193975752
19.7188497610069
19.8791372046208
19.9931271052709
20.0607189930919
20.080475261299
20.0825877499276
20.0938771901115
20.1095719210182
20.1367294763485
20.1891308389295
20.232448959991
20.2645333631698
20.294782507476
20.318287152995
20.3333514203382
20.3509738313311
20.361203461621
20.3811052950023
20.4214179673702
999.99
999.99
999.99
999.99
999.99
999.99
999.99
999.99
999.99
999.99
999.99
18.7407018391984
18.3431019462147
18.3305554066646
18.2473487735237
18.2009652062446
18.1797509662054
18.1670519368508
18.1854628182886
18.2243508139498
18.2849178607186
18.3651640916122
18.4796215056553
18.6097007808621
18.7431949466462
18.8588489823142
18.9648772478368
19.0841280177979
19.2251599741663
19.3897729888096
19.5777756136874
19.7714881058339
19.929191873159
20.0421345852449
20.1088242856106
20.1366128825421
20.1489845303145
20.161583389462
20.1769733182876
20.2053296155612
20.2531095502227
20.2905093210044
20.3220284554715
20.3527560366214
20.3754790160018
20.3896535010096
20.4059838774207
20.4125172754817
20.428009055735
20.4656343860095
999.99
999.99
999.99
999.99
999.99
999.99
999.99
999.99
999.99
999.99
999.99
18.6436714668551
18.3079916348428
18.3169811423783
18.265521978047
18.2574319605178
18.2641353047391
18.2676292210506
18.2874156186474
18.3093250928641
18.3389319831249
18.3914346312215
18.4810319959011
18.5974740846401
18.7338363783557
18.863030648337
18.983965162277
19.1185190678844
19.2688631409382
19.4351073577164
19.6189772552786
19.8045423261398
19.9591415440975
20.0711389920005
20.1358388541863
20.1680302248773
20.1872164566939
20.2000075517261
20.2150103977695
20.2441455560653
20.2869542171264
20.3199663521551
20.3525623784855
20.3854488620714
20.4100525606802
20.4270291668776
20.4454490400635
20.4508222179358
20.4647803572145
20.5037622022149
999.99
999.99
999.99
999.99
999.99
999.99
999.99
999.99
999.99
999.99
999.99
18.4669191919192
18.3001161782145
18.3253519577124
18.3087510603998
18.3297751978009
18.3568272767992
18.3716349510156
18.3922247466449
18.403837781634
18.4132243529284
18.4445392961648
18.5105665342216
18.6109791745304
18.741897599941
18.873637304164
19.000965163627
19.1440666098009
19.2976713045458
19.4639833012584
19.6447849197087
19.8225830873901
19.9731588189235
20.082157345751
20.1401234939015
20.168715613942
20.1863938061509
20.1933798154341
20.2047141523757
20.2346747504771
20.2761412836299
20.3120712440521
20.3534629888178
20.3958131780441
20.4291126181924
20.4552486951537
20.4795038764375
20.4865543988464
20.5009002926753
20.5409852473388
999.99
999.99
999.99
999.99
999.99
999.99
999.99
999.99
999.99
999.99
999.99
17.9462316017316
18.3269221215511
18.3692855674375
18.3815281642192
18.4204764424283
18.459801246379
18.480021590095
18.4981880467823
18.5035487380581
18.5015363966719
18.5167558008287
18.560215835079
18.640946891713
18.7572345615983
18.8786144780603
18.9999902467165
19.1410018216511
19.2914120100368
19.455295137535
19.6358426542362
19.8115296037538
19.9623717528875
20.069941877017
20.1199399803656
20.1384904496067
20.1462768415753
20.1412244982286
20.1463122056332
20.1775850896673
20.2231594556724
20.2701357092899
20.3278849877136
20.3855125907682
20.4337499755872
20.4734619357057
20.5064803316761
20.5182146383056
20.5355595680023
20.5769973923053
999.99
999.99
999.99
999.99
999.99
999.99
999.99
999.99
999.99
999.99
999.99
18.2392012635062
18.3757427883956
18.4253152345455
18.4614764833838
18.5110647326714
18.5578296221895
18.5818664250189
18.5981465046617
18.6008559173777
18.5910833780716
18.5942487772933
18.6182873089711
18.675905002368
18.7721665143229
18.8738313856387
18.9771192379717
19.1032894403069
19.2446528876456
19.4011529044908
19.582007037403
19.7602100337331
19.9156356732568
20.023712882706
20.0692872126088
20.0782274278417
20.0749182103737
20.0592943047185
20.0604929310461
20.0938891075417
20.1471668461535
20.2092259675001
20.2847260292581
20.3585817874857
20.4242098913939
20.4787336706056
20.5212135032605
20.5396500864266
20.5619833016995
20.6053825799998
999.99
999.99
999.99
999.99
999.99
999.99
999.99
999.99
999.99
999.99
999.99
18.5586221649044
18.4079094415971
18.4562580108802
18.5276492950406
18.581776583734
18.633529828716
18.6614025013082
18.6785039716158
18.6823612124505
18.668880807523
18.662943222364
18.6723101196067
18.7096713751525
18.7832098537292
18.8622560567633
18.9419952637439
19.0463766971558
19.1728723602437
19.3203833964114
19.5006544743229
19.6834497922754
19.8439328742969
19.9539547912629
19.9978013702547
19.9997342448788
19.987378184638
19.966299345091
19.9670239974531
20.0038064703175
20.0654402738323
20.1432678229355
20.2347369446947
20.3237708844689
20.4076237871433
20.478539805358
20.5311621807278
20.5589316807777
20.5888006298795
20.6346844594193
999.99
999.99
999.99
999.99
999.99
999.99
999.99
999.99
999.99
999.99
999.99
18.5282146452077
18.4702303732724
18.5081934703845
18.5665003890142
18.6253964866815
18.6847011527398
18.7210558041374
18.7422923726661
18.7486063713509
18.7331061108847
18.720609121588
18.7211843180008
18.7462434200918
18.8052848369847
18.8749264673573
18.9434439602581
19.0332299823244
19.1493518059636
19.2866652292381
19.4533699673918
19.6260121829458
19.779336386691
19.8813962351936
19.9194295288265
19.9167434868456
19.8992519831337
19.8765990704799
19.8790203707508
19.9198704337768
19.9894791739652
20.0814254009044
20.1858876520428
20.2876218307168
20.3881757883341
20.4751677015443
20.5387304045301
20.578847157335
20.6186755482679
20.6674540301457
999.99
999.99
999.99
999.99
999.99
999.99
999.99
999.99
999.99
999.99
999.99
17.9479086786229
18.478608818938
18.5212643189683
18.5765174276516
18.6407840036141
18.7085364774802
18.7568145226874
18.7843393520188
18.7928531195883
18.7736781189904
18.7540667126487
18.7474033112952
18.7638763824987
18.8159556626841
18.8893172093974
18.9617352265773
19.0511096797442
19.1683266966717
19.2986323710264
19.4464065048613
19.6002345335037
19.7355084839843
19.8203043650523
19.8508240086482
19.8465954734329
19.8286206211787
19.8102502379806
19.8187493372405
19.863337536561
19.9382260954212
20.0391079332487
20.1502911951727
20.259145725801
20.3716107862597
20.4707697379338
20.5432666903833
20.5955086673416
20.6452762955713
20.6981464047593
999.99
999.99
999.99
999.99
999.99
999.99
999.99
999.99
999.99
999.99
999.99
18.5381311069883
18.4517614306543
18.4953547730405
18.554818472372
18.6184888113362
18.6886801143045
18.7480889991965
18.7835974952807
18.7950666115477
18.7757722156478
18.7557354327586
18.7488542401496
18.7663260203669
18.8254769572681
18.9210653439643
19.0170638194106
19.1242407950884
19.2535641706213
19.3803665616311
19.5021197277689
19.6249138482949
19.7289603961431
19.7882104008073
19.807859394735
19.8039597171432
19.7889944670478
19.7783205440729
19.7914552082698
19.83551285482
19.9089089952466
20.0101057430894
20.1207692257501
20.2343673022295
20.3556089980542
20.4655231210878
20.5478747602362
20.612434883257
20.6707628942754
20.7277024892187
999.99
999.99
999.99
999.99
999.99
999.99
999.99
999.99
999.99
999.99
999.99
18.4644490223288
18.422561462818
18.4576120638702
18.5056433180573
18.5654050567101
18.6349756690314
18.704523556655
18.7497084691977
18.7679010647614
18.7555886808272
18.7411179254325
18.739365211971
18.7682671104769
18.8448043756349
18.9738896831893
19.1075054698718
19.2442432969466
19.3897411406577
19.5160442097434
19.6106037895411
19.6966732743112
19.7655022942631
19.7979698386008
19.8048786350534
19.7996968960657
19.7875487301768
19.7817482002718
19.7942347911798
19.8312772292763
19.8959690797754
19.9900530435679
20.0966977001004
20.2140377147657
20.3431719489824
20.4644251229521
20.5582519743766
20.6337771902747
20.6973604142141
20.7553234449422
999.99
999.99
999.99
999.99
999.99
999.99
999.99
999.99
999.99
999.99
999.99
18.4031631924019
18.3960154725245
18.4246280383915
18.4390279033709
18.4942096360211
18.5611121495828
18.6389588748128
18.6958068196215
18.7247049489727
18.7242020184108
18.7214941313678
18.7301545951689
18.7746572943693
18.8736606351955
19.0397099801627
19.2166013326992
19.3884962234775
19.5545952227817
19.6836804067599
19.7552100220671
19.804225215973
19.8390512637952
19.846831768419
19.8424873461632
19.8359356125231
19.8277861035468
19.8233274854227
19.8282956030308
19.8505966343521
19.8995949956053
19.9793796331378
20.0795097456731
20.201007689218
20.3370166227813
20.4679846214245
20.5728544599994
20.6548485414932
20.717513767478
20.7709837080035
999.99
999.99
999.99
999.99
999.99
999.99
999.99
999.99
999.99
999.99
999.99
18.5870293175659
18.3303379234817
18.3584561810385
18.3643162262506
18.4118567867304
18.4727925416541
18.5542211225003
18.6223904479995
18.6651142223348
18.6807631685992
18.6945571081473
18.7185259956043
18.7812250118091
18.90163805614
19.0951654763919
19.3034617119219
19.4997516996153
19.6759404888995
19.804173607176
19.8622915666301
19.8897684712646
19.9061031170223
19.9060482821634
19.9026193627698
19.8995603473202
19.8965225146732
19.8918331369283
19.8843296700002
19.8866686654888
19.9161469142676
19.9777749905265
20.0701638327794
20.1964388577449
20.3387539090792
20.4771453915843
20.5899153108037
20.6719348235901
20.7266968587082
20.7696216378606
999.99
999.99
999.99
999.99
999.99
999.99
999.99
999.99
999.99
999.99
999.99
18.4437945407283
18.2740127448073
18.2814921430371
18.2928090418088
18.334963070097
18.3920499802766
18.4753054063274
18.5541281821969
18.6080761195858
18.6405371073295
18.6727776880764
18.7145496050614
18.7955032618215
18.9355958756827
19.1453918309989
19.3697379004044
19.5740688485313
19.7463129184908
19.8667732640504
19.9162011966428
19.9320443564408
19.9451304903042
19.9543196569082
19.964155304831
19.9708459508222
19.9765521720661
19.9707671778009
19.946516067084
19.9251874914642
19.9335716825839
19.9761763002878
20.0612513094107
20.193052095877
20.3421711380029
20.4862757092397
20.6038572124189
20.680532262639
20.7227929771972
20.7506697229162
999.99
999.99
999.99
999.99
999.99
999.99
999.99
999.99
999.99
999.99
999.99
18.3007206359262
18.2286654911176
18.2221986755372
18.2376406731942
18.2825234580643
18.3421581655748
18.4277466555517
18.5149942228162
18.5760195287013
18.6206081197038
18.666282236858
18.7205755714436
18.8124042494847
18.9614842624614
19.1701727783199
19.3926889198507
19.5914489893
19.752538870073
19.8658453592891
19.9175832944222
19.9344951959951
19.9563707578079
19.9833671810613
20.0105563724937
20.0282494891273
20.045402001977
20.0411026011594
20.0065574959993
19.9692968228226
19.9639099137678
19.9933617629891
20.0736567151656
20.2068900622458
20.3579237549344
20.5003329149011
20.6135293600253
20.6775437287653
20.7038110384334
20.7142888117384
999.99
999.99
999.99
999.99
999.99
999.99
999.99
999.99
999.99
999.99
999.99
17.9246915596985
18.2417515578509
18.2601178329343
18.3231657057624
18.353297448941
18.3948792022391
18.4578371795271
18.5257087793562
18.5650832702187
18.6155844393455
18.670070372592
18.7318227946993
18.8267138010602
19.0065717535844
19.2337914853719
19.4730096985762
19.6899255451449
19.8674531126783
19.9402996887043
19.9651583299708
19.9563137912616
19.9578026411977
19.9734046072694
20.0202566490859
20.0524253171041
20.0863885362763
20.0906857476226
20.0552075215912
20.0139395076043
20.0048768762133
20.0281946050906
20.1057307677297
20.2376722371255
20.384950795261
20.5179781480389
20.6174921019024
20.6636716725898
20.6731695099111
20.667392282485
999.99
999.99
999.99
999.99
999.99
999.99
999.99
999.99
999.99
999.99
999.99
18.0618433538973
18.3160900132109
18.3870715796837
18.5151432902542
18.5397112684672
18.5440599582352
18.5640678402751
18.5906311783379
18.5874465848758
18.6258435937648
18.6832699132905
18.747402861495
18.8399849231696
19.0442896477321
19.2826985722138
19.5309930783257
19.758912916898
19.9479268704821
19.9769735628384
19.9718469777527
19.938002580229
19.919076627212
19.9221729391529
19.9872011384836
20.0355515312675
20.0877153015819
20.1067347391151
20.0823634885815
20.0516759514682
20.0509595743397
20.0773616623162
20.1548971476799
20.2805420036945
20.4170651843767
20.5332944980142
20.6124367418656
20.6386582336616
20.6344759332539
20.6171731073214
999.99
999.99
999.99
999.99
999.99
999.99
999.99
999.99
999.99
999.99
999.99
17.9295269293231
18.4532767772689
18.5990494338954
18.8098181776148
18.8388219165139
18.7876353891816
18.7435363169866
18.7066924952616
18.6382696818177
18.6443878077674
18.6967498372717
18.7568338353544
18.8420159438875
19.068287108844
19.3185062618208
19.5799232065555
19.823276158281
20.0286451914179
20.0161344716701
19.9777056650184
19.9120065006558
19.8633529400983
19.8424070020732
19.9163223850384
19.9779997003156
20.048960683081
20.0883721490156
20.0872416736913
20.0805225532819
20.0977228244
20.1352082053292
20.2164576144696
20.3335584761114
20.4555247191892
20.5517260393777
20.6076994003214
20.6145014814493
20.6002354587548
20.5760736144736
999.99
999.99
999.99
999.99
999.99
999.99
999.99
999.99
999.99
999.99
999.99
17.9095510832567
18.6343011184845
18.8696163698967
19.1226573635909
19.1501927336498
19.037134939319
18.9228027733628
18.8142775335812
18.6809833589185
18.6545040035396
18.7007553791555
18.7573637741089
18.839365809603
19.0903231911319
19.3597307320612
19.6422505850475
19.9091477556762
20.1345958844678
20.0816334319765
20.0057914181711
19.9028334638924
19.812675158366
19.7547980671839
19.8249689480476
19.8925351197054
19.9776724864319
20.0406604299427
20.0727943496019
20.1026821382003
20.1466285907852
20.2021440872451
20.2897417747503
20.3966355014435
20.50103409257
20.5763144877962
20.6088790058059
20.5984757184307
20.5761032405073
20.5471206091712
999.99
999.99
999.99
999.99
999.99
999.99
999.99
999.99
999.99
999.99
999.99
17.8800309541407
18.7869111195877
19.1023721070833
19.42595749098
19.4462743963593
19.2685635297081
19.0857358151707
18.9121412981533
18.7223414609282
18.6723259701124
18.7206175649473
18.8044914373807
18.9050250231203
19.2029741912412
19.5172668594728
19.8435211837845
20.1044283278411
20.3261174440291
20.2055554076021
20.0614974061263
19.8941157156624
19.7605884574374
19.6610144160611
19.723662824526
19.7942353243924
19.8882491443468
19.9729074623789
20.0389411571202
20.1077251777573
20.1807523612592
20.2572955437407
20.3533067399316
20.4522616982086
20.5412471620536
20.6000243390279
20.614997682712
20.5920607003313
20.5640369073727
20.531553918069
999.99
999.99
999.99
999.99
999.99
999.99
999.99
999.99
999.99
999.99
999.99
18.5053329512144
18.7761673210853
19.12266765551
19.4819979722488
19.5317558104636
19.3302792894875
19.1232465104579
18.9301035837377
18.7341968971589
18.6641485367405
18.7388482135106
18.877754154063
19.0245090080565
19.3352347993002
19.6606136807718
19.9519628964273
20.1197280470317
20.2523525333204
20.1054800808696
19.933808461336
19.765799153255
19.6553549799228
19.5767913430667
19.6283210954851
19.6964556357885
19.7904091460482
19.8905180624831
19.9871399253916
20.0939002179566
20.1969273327186
20.2972114604897
20.4039170648526
20.496876262222
20.572496144815
20.6191875038569
20.623894126962
20.5938194210698
20.5632180565972
20.5288869285093
999.99
999.99
999.99
999.99
999.99
999.99
999.99
999.99
999.99
999.99
999.99
17.8490078460062
18.6951887372985
19.0309294048889
19.391412470837
19.4628532618445
19.2654512073427
19.0615959223706
18.8728197961079
18.6950717386721
18.6273741446001
18.7355475486594
18.9361121785535
19.1371186470829
19.4665172946288
19.809912363212
20.0720221174207
20.1529906725525
20.2012809200484
20.0263291830648
19.8231133658766
19.6505849287439
19.5595541978816
19.498284675507
19.5385352960888
19.6022122451688
19.6924991339082
19.8031406839324
19.9234730545555
20.0626120922489
20.1934580028498
20.3175901464112
20.4366559966695
20.5306880712363
20.6004226390093
20.6428251361386
20.6436127827323
20.6112490564648
20.5771122397387
20.5392950777877
999.99
999.99
999.99
999.99
999.99
999.99
999.99
999.99
999.99
999.99
999.99
17.2021518821867
18.52683475728
18.8258240697085
19.1507635433685
19.2267002153148
19.0704691643138
18.8993302576471
18.7421520814464
18.606589939299
18.563676681751
18.706911140682
18.9735332529452
19.2325074484219
19.5884488478516
19.9712773641168
20.2164348402538
20.2251828427335
20.2041669222001
20.0068836251461
19.7570752566067
19.5694136418866
19.4889356815557
19.4364652123257
19.4611961009799
19.5207153448526
19.6052736299286
19.7204745218517
19.8558918719057
20.0177127441677
20.1714066758375
20.3159025998066
20.4454935111688
20.5425404554481
20.6108730011809
20.6537341439844
20.655380201508
20.6243546654533
20.5869349787371
20.5445748479881
999.99
999.99
999.99
999.99
999.99
999.99
999.99
999.99
999.99
999.99
999.99
17.3611629560915
18.3037423687502
18.5640276322908
18.8714714244545
18.957651729958
18.8480080481075
18.7160050655545
18.6004041002279
18.5129925572188
18.4955826157632
18.6741202442227
19.0055095033728
19.3184234721531
19.6916319029035
20.1172568270048
20.3511652592369
20.2958256839263
20.217730590361
20.0100064677876
19.7034332313599
19.4917753489162
19.4169224500619
19.3682945771192
19.3770154875622
19.4407829026997
19.5239468816889
19.6416282734439
19.7861317193735
19.9620906348677
20.1334452304608
20.2950296542406
20.4347359345648
20.5368487299035
20.6065598262938
20.6512116607509
20.6555485735269
20.6273838577941
20.5885505541785
20.5442210319624
999.99
999.99
999.99
999.99
999.99
999.99
999.99
999.99
999.99
999.99
999.99
17.520339902258
18.1092955396044
18.3302823380563
18.5847776307468
18.6807731185988
18.6148467553501
18.5152409168031
18.4291534578812
18.3804006395491
18.3746510787852
18.5773275884328
18.9197957593233
19.2519842291661
19.6155156493982
20.0606022276536
20.2578676890897
20.210677152808
20.1323653607994
19.953194003817
19.6211568664439
19.4382572192915
19.373154028901
19.3402024134661
19.3571708308456
19.4537284807139
19.5229825500625
19.6268896326013
19.7581434740654
19.9216864947816
20.0854112200912
20.2607701551995
20.4084834683459
20.5166955016919
20.5903468174648
20.6378000627895
20.64469038942
20.6216859415043
20.5843948131582
20.5409468583097
999.99
999.99
999.99
999.99
999.99
999.99
999.99
999.99
999.99
999.99
999.99
17.5692988018563
18.0117950579755
18.2031147592002
18.4014608972954
18.4932689004513
18.4555720603236
18.373104788541
18.3009343996874
18.2652765794378
18.268983511004
18.4497489647748
18.7515631239072
19.0620330327192
19.4111614357412
19.8725167899431
20.1171174182683
20.1715047720202
20.1655894708273
20.0152404209903
19.6531304285603
19.4495736160675
19.3428106001878
19.2869433085261
19.3156897816761
19.4541285093668
19.5208009169578
19.6172619455114
19.7366774103079
19.8816619765725
20.0309916028601
20.2150913973208
20.3692520131407
20.4855803803519
20.5677102809082
20.619813408147
20.6284038475405
20.6107480185158
20.5755565331334
20.5337690892845
999.99
999.99
999.99
999.99
999.99
999.99
999.99
999.99
999.99
999.99
999.99
17.6734301728082
17.9256792481831
18.0926310659369
18.2487472701928
18.3407873228197
18.3494428624322
18.3052320657845
18.2539517011742
18.215507273301
18.2090869384456
18.3406673355069
18.5722551663655
18.8434487005246
19.1791806331072
19.6594665099874
19.9558166142999
20.1178652272255
20.1846328354955
20.0657360372785
19.6769288358398
19.4524538340759
19.3023738205744
19.2251714542081
19.2674829335152
19.4518405968674
19.5219481369582
19.6156171841728
19.7257227135485
19.8469095228181
19.9737884600839
20.1598826852246
20.3165356318523
20.4375672570953
20.528151575004
20.5849993780302
20.5957821753917
20.583873331893
20.554087593977
20.516535594693
999.99
999.99
999.99
999.99
999.99
999.99
999.99
999.99
999.99
999.99
999.99
17.7995534794004
17.8788414346221
18.0316943064411
18.182776399133
18.3049484006095
18.3447815247665
18.3333968068822
18.301358505696
18.2490120732416
18.214834988182
18.2926542489469
18.4433835071869
18.6612628715895
18.9629519083488
19.4280467425819
19.7565193469561
20.0072926339952
20.131903952645
20.0464277362031
19.653253119244
19.4232721642782
19.2435090280839
19.1567040876589
19.2186611103794
19.4501845556515
19.5255416418375
19.6183342693987
19.7193765801596
19.8161437637685
19.9164455861062
20.1007978038096
20.2590564043712
20.3852955814536
20.4838962486849
20.5453915131986
20.5593383830571
20.5528065497967
20.5299481683371
20.4997271321106
999.99
999.99
999.99
999.99
999.99
999.99
999.99
999.99
999.99
999.99
999.99
17.9163457622517
17.8585435036247
18.0106255509334
18.1757266081322
18.3346589890329
18.4126560992922
18.419633573809
18.3933314840011
18.3083301440704
18.2327768762593
18.2447466323961
18.3123483601184
18.4695719071786
18.7473802066144
19.1882266528
19.5376568369988
19.8658375497286
20.0429634827245
19.9779218140329
19.6011817038361
19.383875417264
19.1894848303723
19.1049683551123
19.1947965042566
19.4636999090518
19.5384031767945
19.6269128601174
19.7140695733927
19.7847462354986
19.8569385146081
20.0357426748831
20.1931805424958
20.3246920119978
20.4308036265613
20.4975527999967
20.5173352415232
20.5170984308248
20.5015071081691
20.4785043275992
999.99
999.99
999.99
999.99
999.99
999.99
999.99
999.99
999.99
999.99
999.99
17.7240866537091
17.8487583244277
18.0219002722327
18.2263297703724
18.4366598410904
18.5679577049133
18.5860174198181
18.555110965586
18.4255031333289
18.3004216953324
18.2344192882789
18.2395397083987
18.3480618031013
18.5973935342877
18.9980541974805
19.3615666055639
19.7123620303555
19.897559606168
19.8464047705009
19.5023667973089
19.267901354333
19.0514152244294
18.9537986743883
19.0321424165332
19.2852523490762
19.389107424766
19.5053945366335
19.6173416829835
19.7058841926126
19.7950632271163
19.9687510331035
20.1272138165886
20.2633826970297
20.3745529126279
20.4439002757366
20.4698369085595
20.472541785021
20.4610077287314
20.4424011939279
999.99
999.99
999.99
999.99
999.99
999.99
999.99
999.99
999.99
999.99
999.99
17.6610724416892
17.8470345810171
18.0711801753654
18.3496885977296
18.6281507124362
18.8275835537402
18.850574391432
18.7919224003277
18.6018483875497
18.4120228057691
18.2763387844422
18.2310942837557
18.2899252664244
18.5009058359301
18.8479848866499
19.1698063580128
19.4917159390986
19.6750386017714
19.6442712323546
19.3491868889558
19.1370751753442
18.9352035464331
18.8375298523904
18.9038451002436
19.1323463893153
19.252041019746
19.3874760288864
19.5201134093468
19.6285036940007
19.7374311675957
19.9093684419914
20.0690021639488
20.2074529018892
20.3191570608351
20.387145182727
20.4159159410273
20.4177785214446
20.4063277233289
20.3891622432116
999.99
999.99
999.99
999.99
999.99
999.99
999.99
999.99
999.99
999.99
999.99
17.6335483405483
17.8724596391441
18.1491134092205
18.4946671706403
18.8274302463863
19.05765520975
19.035072016046
18.9274355673172
18.6961402055868
18.474795090551
18.3147745587095
18.2714426927551
18.3089210068663
18.4758070173403
18.7400515532262
18.9879020714645
19.2474373536318
19.4097006954124
19.3945116413136
19.1595173374277
18.9857345164524
18.8147605813701
18.726132750491
18.7793469568342
18.975823491167
19.1030752695342
19.2505558252421
19.4005954797652
19.534966395405
19.6730390824196
19.8508526849797
20.0181577427742
20.1619898883339
20.2737364593452
20.3382889750754
20.3667688027396
20.3635431415741
20.3469635255798
20.3261146389285
999.99
999.99
999.99
999.99
999.99
999.99
999.99
999.99
999.99
999.99
999.99
17.4174956433423
17.8693213400793
18.1890845411048
18.5660741379117
18.9193088427245
19.1811631380344
19.1193331853791
18.9697774377638
18.7273218718361
18.5088973511272
18.347550269776
18.3282849775701
18.3524299291826
18.4706075539103
18.6388954418185
18.789694428411
18.9603199123147
19.0816409631203
19.0663360476497
18.9006957439327
18.7805626814961
18.6574429669841
18.5949446333753
18.6461721724668
18.8044334723479
18.9314300619098
19.0854007641815
19.2518356662652
19.4161023217495
19.5907989151215
19.782338599667
19.9627131556098
20.1141277203137
20.2271691992359
20.2879061039615
20.3143562517679
20.3045218745446
20.2792726907213
20.2498208194113
999.99
999.99
999.99
999.99
999.99
999.99
999.99
999.99
999.99
999.99
999.99
17.4154480167529
17.8399792398528
18.1976943715275
18.5992046242844
18.9589577698309
19.2374749255106
19.163421642997
18.9932117479214
18.7760210399433
18.6038392771537
18.4829301341159
18.5095950307104
18.5367625960042
18.5824026029497
18.6151039769581
18.6299786715851
18.6698220988075
18.7112039250658
18.68904291408
18.5969745672307
18.5361259368817
18.4697521109605
18.4428771630362
18.4935322406188
18.6137635239784
18.7383589133917
18.8961860396211
19.0815449466176
19.2783437631738
19.4915109965364
19.7021951756455
19.9007999838889
20.0616541182506
20.1779079045511
20.2371450076771
20.2602646536249
20.2418916852653
20.2057675249883
20.1653703091534
999.99
999.99
999.99
999.99
999.99
999.99
999.99
999.99
999.99
999.99
999.99
17.4671082251082
17.7737693273642
18.1609489842489
18.5523390703599
18.8977751577737
19.1698978999126
19.1070268163965
18.949504657006
18.7890180293394
18.7011181339891
18.660521770256
18.7509640160085
18.7877492603588
18.7760099726647
18.6819602874487
18.5654947873016
18.4755817169643
18.4398138086894
18.3966421184715
18.3543028212603
18.3496318844502
18.3415844705747
18.3602277170875
18.4289489441764
18.5391439534929
18.647265925409
18.7920222632843
18.9666355419661
19.1659397852466
19.3854853378446
19.6089351106262
19.8195569775445
19.9905543456801
20.1106448794552
20.1724456081009
20.1941293177187
20.1712714860609
20.127454480678
20.0802805092022
999.99
999.99
999.99
999.99
999.99
999.99
999.99
999.99
999.99
999.99
999.99
17.2738638802158
17.6863675494781
18.0671302222309
18.4020688168002
18.6941414740358
18.9221192893774
18.8681694352074
18.7555999276239
18.6804220931538
18.7028240163246
18.7683345225355
18.9495740133888
19.0199127543401
18.9800238595893
18.7945105303933
18.5806970846564
18.3785934882886
18.2580160279279
18.1780871680225
18.1616266093893
18.1859769819188
18.2149937458687
18.2726460032331
18.3561115235896
18.4555220202693
18.5516114977214
18.6817877205848
18.8385708021203
19.034912341711
19.256240819128
19.4853793045058
19.7063737264384
19.8898612543433
20.0162130149358
20.0855350705824
20.1131680347152
20.0918349334902
20.0458050761419
19.9966318556784
999.99
999.99
999.99
999.99
999.99
999.99
999.99
999.99
999.99
999.99
999.99
17.4872798316666
17.568071910207
17.9558360936049
18.2359995840373
18.4819096990424
18.6760263815307
18.658170075204
18.6070519438288
18.610534865685
18.707143428274
18.8443111030884
19.0789233017383
19.1572128240232
19.0871471596549
18.8549702083693
18.5852106870579
18.302849695764
18.1225035828433
18.0194775422262
18.0174745214041
18.0589556948205
18.1190897022054
18.2099207874338
18.3063178618683
18.3958998687418
18.4796437789292
18.5921661376458
18.7268321582459
18.9135128329966
19.1281425970328
19.3556391822966
19.5802605057108
19.7722566506975
19.9012209913584
19.9777693785655
20.0138131330803
19.9985981124603
19.9559093854905
19.9115738631378
999.99
999.99
999.99
999.99
999.99
999.99
999.99
999.99
999.99
999.99
999.99
17.4432682700575
17.5603796898114
17.9078731151814
18.1292006197114
18.3292708228655
18.4779039612073
18.4888468962689
18.4817996284222
18.5367212660836
18.6815088796838
18.8686535850167
19.131041960766
19.2275735041219
19.1612390515632
18.921388820257
18.6395274655804
18.324477178538
18.1134554231711
18.0005971280326
18.0044410688064
18.0499326843987
18.1267195672321
18.2352495610473
18.3323909864624
18.4137174215751
18.4875800424363
18.5805717997995
18.6872902601911
18.8534502836982
19.0471951348372
19.2576335617257
19.4716602817744
19.6614183854755
19.7858136204548
19.866436553705
19.9108904874409
19.9056278830126
19.8719707411369
19.8394092862429
999.99
999.99
999.99
999.99
999.99
999.99
999.99
999.99
999.99
999.99
999.99
17.4564192623095
17.5471714529754
17.8391478837574
18.035565964937
18.1894744806628
18.2971802354392
18.3230434519248
18.3483413185132
18.4205296437935
18.5631907708187
18.7488801252413
18.9954433181939
19.0892817653113
19.0553536279287
18.8728051536164
18.6444245636512
18.3670407980851
18.1806967791053
18.0827791464892
18.0884710962914
18.1336257236894
18.2208152410326
18.3395341816584
18.4335888183519
18.5102499704104
18.5771348551467
18.6489516465695
18.7208628451473
18.8553802435309
19.0156605148181
19.1947447586491
19.3850357598671
19.563612280018
19.6789468833227
19.7606095449253
19.8135062289019
19.8225522222122
19.8028341684923
19.7871237878704
999.99
999.99
999.99
999.99
999.99
999.99
999.99
999.99
999.99
999.99
999.99
17.8279327169153
17.6858392975793
17.8799341338405
18.0079030531659
18.1188971766692
18.1956196195569
18.2238708479765
18.262640922978
18.33591131012
18.4441600640346
18.5931576352672
18.7957075660658
18.8785342801281
18.8671736390487
18.7608412217005
18.6071037867845
18.396299127769
18.2564307888306
18.1941003091752
18.2097516189147
18.2629288906515
18.3643647924083
18.4869015496507
18.573737717246
18.6419524452869
18.6991715600776
18.7465697599834
18.7932238272766
18.9003729845397
19.0298300436184
19.1773595606846
19.3438426107982
19.5049411906649
19.6096849825456
19.6896998910827
19.7485559025798
19.7707382351325
19.7652606796192
19.7664689806215
999.99
999.99
999.99
999.99
999.99
999.99
999.99
999.99
999.99
999.99
999.99
16.8212011579207
17.8563410172861
17.9727228421818
18.0519066450353
18.1378325416405
18.2042351460464
18.2409387830801
18.2834272617909
18.3517649173724
18.4216549477036
18.5269212810987
18.6731612460902
18.7354540808114
18.7336423600346
18.6842111841028
18.5886031131425
18.4403429354152
18.3504146607155
18.328239756266
18.3628086249616
18.4342257253734
18.5555651053463
18.6825047695539
18.7655452394583
18.8302426732622
18.8810916997395
18.910239524288
18.9405090694116
19.0219878050513
19.1183029448628
19.2304971383107
19.3648086513544
19.4976524506763
19.5861054475051
19.6593246170965
19.7194032735545
19.7532915771004
19.7627704057197
19.7811505322265
999.99
999.99
999.99
999.99
999.99
999.99
999.99
999.99
999.99
999.99
999.99
18.480695045695
18.0699145492758
18.0994618101759
18.1426173639198
18.1970812091474
18.2493298366567
18.2890370391773
18.3293729420939
18.3921394178332
18.4483719990976
18.5259707514024
18.6239006558005
18.6708115359476
18.6775333371755
18.6543575614633
18.5988765443328
18.5133214482144
18.4746408571225
18.4931497101896
18.5579280207244
18.6537217660953
18.7902341432401
18.9204696073859
19.0018952579271
19.0667985820778
19.1161106840053
19.1353344980646
19.1534059232362
19.2088536576519
19.2687150158488
19.3391969415767
19.4316395933786
19.5278017886688
19.5961872595502
19.6599930766111
19.7202416603895
19.7668286757095
19.7926750331723
19.8288999588679
999.99
999.99
999.99
999.99
999.99
999.99
999.99
999.99
999.99
999.99
999.99
18.5163624866552
18.2036269368435
18.1922784610313
18.2138071246814
18.2432684404325
18.2858542865926
18.3269099767121
18.3732322268557
18.4392014406071
18.4901437270041
18.5498059656341
18.6134343291873
18.638194026277
18.6364490147801
18.6257890668301
18.5950936974352
18.555944210633
18.5624909944297
18.6196711891408
18.7112713921979
18.8293813815257
18.977999753017
19.1086367793191
19.1899630703527
19.2575884765425
19.3095645867702
19.3282747357548
19.3448168579244
19.3853536985492
19.4194170406353
19.4584585582071
19.5162541189482
19.5811665272885
19.6327762112165
19.6885792445336
19.7482513438805
19.8046201339159
19.8437641734873
19.8944729520954
999.99
999.99
999.99
999.99
999.99
999.99
999.99
999.99
999.99
999.99
999.99
18.4516543282501
18.3715852208469
18.3168888839629
18.2701671802357
18.2715969692176
18.3008916911621
18.3420461341987
18.3966886948958
18.4820851677464
18.5540852296838
18.622626382276
18.6786483009778
18.6965315413966
18.6801584831231
18.6598705089201
18.6315995362217
18.6138883961359
18.6468217054943
18.7303797436151
18.8449032340235
18.9815132116706
19.1376240118993
19.2646741527047
19.3454547561991
19.4125842347604
19.4637062913844
19.4852631553189
19.5070668961471
19.5422125732212
19.5640966959591
19.5864633394439
19.6199577338944
19.6600486753957
19.69752485482
19.7450822769256
19.8021435980002
19.8636117287814
19.9110524639298
19.971627520642
999.99
999.99
999.99
999.99
999.99
999.99
999.99
999.99
999.99
999.99
999.99
18.4669693299345
18.5251192132455
18.4891188437285
18.4609261128585
18.3987694132005
18.3769508906037
18.3813444887779
18.4103180398429
18.4819870514955
18.5872172251347
18.680028339859
18.7482813869142
18.7717109624962
18.7547647173468
18.7210266178896
18.687946768785
18.6789970033956
18.7276018959606
18.825430353803
18.9607641580874
19.1161802974266
19.2796477162385
19.4064504707242
19.4902709687256
19.5527188477602
19.5954111716548
19.6160400574613
19.6380290093126
19.6668545993548
19.6854732637957
19.7020720928669
19.7204200402686
19.7439206637941
19.7714743601926
19.8109487074897
19.8652222347812
19.9291544011464
19.9812279395702
20.0466118908615
999.99
999.99
999.99
999.99
999.99
999.99
999.99
999.99
999.99
999.99
999.99
18.5154207262604
18.6609403836407
18.6466406085317
18.6346755951002
18.5064898235423
18.4292791502911
18.3903949409194
18.3867205698492
18.4362642755265
18.5682514794656
18.6811947833577
18.7631527978065
18.7994001838287
18.7927753743628
18.7583434074771
18.7308648513688
18.7358280774897
18.7989900528712
18.9089815984273
19.0620345297796
19.2335932500918
19.4010761412995
19.5268057406479
19.6115156729867
19.6640317537331
19.6922732715722
19.7084693701455
19.7279417538424
19.7522819924669
19.7751848083409
19.7964414613056
19.8111544874033
19.8286921760174
19.8521044398764
19.8852683233289
19.9355429863178
19.9975016306795
20.0489511111058
20.1146260453025
999.99
999.99
999.99
999.99
999.99
999.99
999.99
999.99
999.99
999.99
999.99
18.6545487276951
18.7569644038675
18.7639308015346
18.786384903136
18.5967237492014
18.464125661127
18.3752605909006
18.3310136615212
18.3496301038874
18.4952577124341
18.6229425641784
18.7236391649778
18.7835948399354
18.8005080688028
18.781911404396
18.7674191616688
18.7827952411227
18.8532055899925
18.9686822666499
19.1332971072383
19.3182759255364
19.4911335732074
19.6167833265041
19.7018332516135
19.7417277022275
19.7531063608
19.7619794043411
19.7787752365909
19.8011922133631
19.8361683301333
19.8718559582418
19.8959782025693
19.9187645145653
19.9457277581992
19.9755365970654
20.0210126822806
20.0747808058028
20.1188496494033
20.1778508013776
999.99
999.99
999.99
999.99
999.99
999.99
999.99
999.99
999.99
999.99
999.99
18.6390853851272
18.8333883478502
18.8779195148272
18.944467972674
18.6995802237233
18.5131862062283
18.3712965029503
18.2792022906135
18.2550769849066
18.4029338014598
18.5378723639045
18.6549354410044
18.7423389752592
18.7905069617442
18.797579423565
18.8042122127423
18.8348873607567
18.9137664087002
19.0359130415139
19.2110965138909
19.4081146883576
19.5874895648813
19.7165948388829
19.803030119809
19.830731909159
19.8261727817884
19.8245779353716
19.8342055284084
19.8514049771691
19.8977200188311
19.9468520507843
19.9823165023965
20.0125323622983
20.0446738800153
20.0711084154101
20.1106814938139
20.1535734021241
20.1874154538985
20.2363236551062
999.99
999.99
999.99
999.99
999.99
999.99
999.99
999.99
999.99
999.99
999.99
18.0195781391147
18.911674262403
19.0012706230193
19.1060497097704
18.8227469424471
18.5940103766859
18.4043160528675
18.2634371163448
18.1873404494528
18.3223475355488
18.4523569800544
18.5785875850887
18.6883896178795
18.7673933211002
18.8046584252702
18.835568410528
18.88250669168
18.970684244398
19.0994283898028
19.2820382087938
19.4870530977524
19.6716284649697
19.805102538817
19.8943781628325
19.9146855114463
19.902495462431
19.8944306975792
19.8985847074593
19.911153461633
19.9657715082931
20.0225772058052
20.0665454203727
20.1026504838907
20.1385826652885
20.160995089701
20.1947011280863
20.2265609293512
20.2508534289829
20.2899554202732
999.99
999.99
999.99
999.99
999.99
999.99
999.99
999.99
999.99
999.99
999.99
17.909367003367
18.7747112423333
18.8515552479054
18.9374706107129
18.6997318617704
18.5087860553766
18.3481549822948
18.2298872984928
18.1659132096781
18.2767076044283
18.3894148588389
18.5128680722942
18.6341483693636
18.7369709909046
18.80431222203
18.8613916444919
18.9268163148391
19.0266348450817
19.1625039083022
19.3485408376731
19.5548019590255
19.740382513287
19.8773246128326
19.969322414202
19.9921772899689
19.9871144605983
19.9840528741897
19.989074778871
20.0013980094736
20.0562684273704
20.1100036149591
20.1536655580275
20.1900622861169
20.2255008827901
20.2441815880227
20.2721345659101
20.2932575940441
20.3088116099503
20.3396892209458
999.99
999.99
999.99
999.99
999.99
999.99
999.99
999.99
999.99
999.99
999.99
18.3097069248986
18.6269751240392
18.6935291883947
18.7658378917165
18.5868150170916
18.443394222483
18.3196724589526
18.22724250227
18.1736896161045
18.2532717317757
18.3418129329605
18.454476506993
18.5796821179195
18.701260789913
18.7979042841723
18.8831441510588
18.9704777119959
19.0858465608933
19.2306947612816
19.4178018348181
19.6196711378956
19.8029836903165
19.9409961305571
20.0339675548683
20.0617562091326
20.0683643017816
20.0715093061196
20.0774327000465
20.0894942545016
20.1411676303128
20.1879850804216
20.2291819500931
20.2652562339201
20.3001914464398
20.3171781117031
20.3413714301026
20.3541090735555
20.3621264424763
20.3858540746539
999.99
999.99
999.99
999.99
999.99
999.99
999.99
999.99
999.99
999.99
999.99
18.4099625691124
18.4838051149104
18.5472030430712
18.5957953188484
18.4862529145137
18.4008663514311
18.3250573709714
18.2667553492292
18.2260666356212
18.2713988912108
18.3300587994588
18.4207960530737
18.5358802542362
18.6659531548348
18.7870985252126
18.8996466162394
19.0105578476925
19.1449987465301
19.3001183779007
19.4852817549939
19.6773530829516
19.8559300073192
19.9924890838484
20.0838414396984
20.115689180953
20.1330895653352
20.1390602282215
20.1433229296953
20.1547105243325
20.2018204676003
20.2424997774733
20.2823825045485
20.3197984979998
20.3552407040288
20.3729290502526
20.3952638516728
20.4038462929814
20.407418466784
20.4275917119161
999.99
999.99
999.99
999.99
999.99
999.99
999.99
999.99
999.99
999.99
999.99
18.3917346447959
18.3558101749201
18.4063003858598
18.4433834730821
18.4050190035745
18.382068573149
18.3583567655722
18.338580870116
18.3178205837054
18.3343090868604
18.362925841584
18.426803826601
18.5209036479358
18.6460584348642
18.7775967031671
18.9071544063549
19.0345038365207
19.1852490115732
19.3499402046429
19.535701563406
19.7205354932957
19.8962889977761
20.0313872909924
20.1192609622254
20.1510575155238
20.1727650598475
20.1762306777148
20.1754408001965
20.1853797025604
20.2276622446468
20.2651478327524
20.3077362657915
20.3504049367158
20.3896626459577
20.4120059389584
20.4361553725285
20.4440713456239
20.4468332939684
20.4670871784228
999.99
999.99
999.99
999.99
999.99
999.99
999.99
999.99
999.99
999.99
999.99
18.1599000072066
18.2476861943184
18.2797699617683
18.3127386319856
18.3373881266689
18.371952884056
18.3960630396698
18.4136099365764
18.4190798199835
18.416643239979
18.4208773987785
18.4600111544315
18.5307956443259
18.6426092071293
18.7718008046956
18.9065081607295
19.0394529144863
19.197541339815
19.3675792054393
19.5535828164337
19.7340616126582
19.9092685944637
20.0449812709635
20.1280943506866
20.1574609985286
20.1778183996577
20.1753787629077
20.1667938538234
20.1750849210553
20.213584210568
20.2521242450746
20.302403354353
20.3561371490837
20.404818203521
20.4379057379204
20.4681970093203
20.47862903443
20.4828414724874
20.5047850776179
999.99
999.99
999.99
999.99
999.99
999.99
999.99
999.99
999.99
999.99
999.99
17.8359946500967
18.2623067797244
18.307184204926
18.3658992783411
18.4102527127254
18.4614849154317
18.495182810035
18.5152095620613
18.5176236972452
18.5063012308339
18.4966376602315
18.5178635696208
18.5686311435123
18.6636775328886
18.7812810444291
18.9083098224102
19.0334233875114
19.185531467012
19.3532926603155
19.5361937442802
19.7124242386017
19.8898233905561
20.0277876329207
20.1061216541343
20.1287251473441
20.1413595727689
20.1267985054326
20.1077731629987
20.1135713590469
20.1534206769932
20.2005915863042
20.2664418175697
20.3378953280657
20.4018746516357
20.4499182545659
20.4900921064886
20.5064734396037
20.5147585800969
20.5401854800306
999.99
999.99
999.99
999.99
999.99
999.99
999.99
999.99
999.99
999.99
999.99
18.061974905853
18.3102980183782
18.3581772293585
18.4302563608183
18.4844523326999
18.547511809226
18.589854199882
18.6142379064024
18.6188752296463
18.6050084548471
18.5860800542176
18.5920121180092
18.6223562322089
18.6954825514221
18.7948567593922
18.9025556011541
19.0073013320738
19.1421625485276
19.2997022334536
19.4738545225935
19.6475522927593
19.830093746336
19.9724843925475
20.0486697681961
20.0668294275341
20.0714394350621
20.0463841546104
20.0206474074656
20.0271337349036
20.0724246170118
20.1325242507747
20.2161612174303
20.3058344716945
20.386434423672
20.4502319603748
20.5014950861046
20.5258331798445
20.5408872776063
20.5714364804523
999.99
999.99
999.99
999.99
999.99
999.99
999.99
999.99
999.99
999.99
999.99
18.2415199095652
18.3743714842305
18.4203639155893
18.4942795026935
18.5500318871886
18.6190655790304
18.6674076286789
18.6943957031425
18.7040857103799
18.6935201758909
18.6712710708
18.6698672697519
18.6885106566778
18.742514442642
18.8210237587767
18.9031460635851
18.978068875333
19.0855321770101
19.2248770359324
19.3875515229983
19.5595359046245
19.7470636158234
19.893676338044
19.9698000129767
19.9862431366087
19.9854352568533
19.9563326108012
19.9312103871708
19.9429571300631
19.9952564831018
20.0676155847035
20.1658417788464
20.2691328501457
20.3638258232591
20.4426251956062
20.5058494393756
20.5397778985053
20.5647820767466
20.6021831573642
999.99
999.99
999.99
999.99
999.99
999.99
999.99
999.99
999.99
999.99
999.99
18.4943958633959
18.4502409852604
18.4855910639065
18.5377204941956
18.5929774009226
18.6646251683976
18.7198172206862
18.7512565236306
18.7666346246018
18.7602574481
18.7398207399133
18.7365534888096
18.7522330498799
18.7964614582828
18.8652743903229
18.9315031448669
18.9853778902592
19.0694684628517
19.1900145665159
19.333232349252
19.4920825699262
19.6709640733375
19.8103206792654
19.8803973496915
19.8959790254433
19.8943671816343
19.8689597864754
19.8518401593334
19.8717743619821
19.9313867241021
20.0139898252011
20.1213591972129
20.2326155802762
20.3388229810635
20.4315478271402
20.5065561901146
20.5527045626806
20.5903789522577
20.6363111266824
999.99
999.99
999.99
999.99
999.99
999.99
999.99
999.99
999.99
999.99
999.99
18.4664695251838
18.4714429854308
18.5101416614131
18.5533966236511
18.6074102359643
18.680764464487
18.7453717088852
18.7854355676093
18.806636589867
18.8036840465097
18.7861075439478
18.780935705907
18.7960098347146
18.8381135907966
18.9098946179575
18.9783776377664
19.0327903815499
19.1110165111871
19.2217068570795
19.3449658531709
19.4794255466991
19.6349869589548
19.7525885047395
19.8083755539551
19.8202288639381
19.8197511121671
19.8003589016916
19.7942112646796
19.8221156234143
19.8867046233349
19.9756941538272
20.0873981114039
20.2019504271584
20.3164403674677
20.4206594351077
20.5061813464583
20.5649863062665
20.6153698798495
20.6695019972827
999.99
999.99
999.99
999.99
999.99
999.99
999.99
999.99
999.99
999.99
999.99
18.6212091832545
18.4678327255418
18.5074796765934
18.5409663349111
18.5904608616539
18.661562044781
18.7324754294188
18.7803836951845
18.8062164436132
18.8057842564943
18.7897607124237
18.7838407321049
18.8009534023695
18.8497381417078
18.9369690407577
19.0279127989448
19.1041199512269
19.1970864975409
19.3096072078944
19.4173950082863
19.523913522328
19.6473390719138
19.7342058417217
19.7702990465035
19.7772253449122
19.7780932700115
19.7671741122685
19.7716583726309
19.8045775239436
19.8678413769177
19.9557882524036
20.0637553109727
20.1767691109147
20.2970041693296
20.4115389948236
20.507611833537
20.5793337679982
20.6410916889284
20.700780890774
999.99
999.99
999.99
999.99
999.99
999.99
999.99
999.99
999.99
999.99
999.99
18.3957377776437
18.4549445903817
18.486273434088
18.497147873878
18.5407672540624
18.6050998514603
18.67778478076
18.7324785944636
18.7650720246648
18.7724087205702
18.764700957559
18.7660311170387
18.7926795603622
18.8579129756513
18.9694722083258
19.097753818938
19.210839509999
19.3315504216802
19.4530690993358
19.5514423272446
19.6277387211005
19.7136658314152
19.7666123367875
19.7824755289882
19.7824585257184
19.784220262828
19.7805553893781
19.7902482214908
19.8193771445237
19.8711728077765
19.9477583035546
20.0444092840534
20.1530696162769
20.2783001142857
20.4045293013708
20.5133670256988
20.5985133147248
20.6689332004458
20.7302196651352
999.99
999.99
999.99
999.99
999.99
999.99
999.99
999.99
999.99
999.99
999.99
18.4106565991757
18.4126812288821
18.4365024813792
18.4297912938926
18.4670119160022
18.5240421442391
18.5977580920363
18.662236365984
18.7058702218696
18.7247044238503
18.7284251568427
18.7394615102517
18.7766095316758
18.8604842985676
19.0016157322648
19.1760310053554
19.3367652810769
19.4945143592501
19.6337147216261
19.7267497107313
19.773649037568
19.8210387654142
19.8410645252659
19.8372073693497
19.8301564003211
19.8322927785879
19.832199392238
19.8391953845138
19.8544988579648
19.8861930420113
19.9440102759133
20.0263283404652
20.1319781694322
20.263998585097
20.4029816034391
20.5247911441476
20.6204490965631
20.6932700614119
20.7496713661278
999.99
999.99
999.99
999.99
999.99
999.99
999.99
999.99
999.99
999.99
999.99
18.7904579711165
18.3356441401478
18.3590187463512
18.3550202898083
18.3860512238107
18.4378017119434
18.511413011183
18.5853294222195
18.6399808020648
18.6710465280433
18.6859811930997
18.7087860511604
18.7565738205443
18.8591549330384
19.0249350509696
19.2370149341981
19.4350781875339
19.622091247612
19.7732041317747
19.8648738179807
19.8934678141575
19.9169544146814
19.9184348324017
19.9090448377453
19.9019227464692
19.9067991814693
19.9085285136965
19.9086238487668
19.9043316670082
19.9120155697744
19.9481546848207
20.016495384003
20.1210346412672
20.2601849915756
20.4100472089952
20.5420874929216
20.6414290306657
20.7079578643109
20.7515213424492
999.99
999.99
999.99
999.99
999.99
999.99
999.99
999.99
999.99
999.99
999.99
18.4896895083236
18.2850382058716
18.288138124975
18.2810773713682
18.307867607568
18.3552006856446
18.4280374088038
18.5087942893276
18.5734880390995
18.617267486199
18.6460771083015
18.6852335154579
18.7463780774287
18.8656483603864
19.0480295277581
19.2804433175652
19.4946042347443
19.6934371286624
19.8454991174878
19.935684384917
19.9584667610795
19.9747918205409
19.9763107678946
19.978008465764
19.980219956291
19.9917697512292
19.9969840825055
19.9892255451318
19.9631711700419
19.9479012078951
19.9639783247011
20.0196778765897
20.1222543121609
20.2675890770523
20.4238779744818
20.5603572321027
20.6563013469703
20.7108182020691
20.7360598339513
999.99
999.99
999.99
999.99
999.99
999.99
999.99
999.99
999.99
999.99
999.99
18.0952218183158
18.242010898889
18.2300605435084
18.217507798071
18.2473654299142
18.29591221533
18.3707493535816
18.4582197011147
18.5308703955017
18.5843642198041
18.6270708994052
18.6816687796874
18.7530067460991
18.8902791440444
19.0869314200494
19.3287853220413
19.5502597101339
19.7558794940463
19.8930821601928
19.9731454346001
19.9908152540141
20.0010236855524
20.003201861974
20.0234584042261
20.0390997179695
20.059166529183
20.0695348704889
20.0573125385945
20.0148132595723
19.9848287428283
19.9895711000002
20.0404352351429
20.1440111595356
20.2943214436088
20.4511537562558
20.5830496652847
20.6661601869084
20.702551166088
20.70699183408
999.99
999.99
999.99
999.99
999.99
999.99
999.99
999.99
999.99
999.99
999.99
18.0383016090891
18.1819431963182
18.1689196573828
18.1765309324122
18.2162106024747
18.2717554027884
18.3507804561319
18.4434442231748
18.518506422789
18.5739922087093
18.6239707978796
18.6873536559851
18.7623407780221
18.9086122798149
19.1074242131003
19.3424318800541
19.5570400992744
19.7592988341801
19.8774521585618
19.9473113256212
19.9651300748892
19.9754643491594
19.9823828429186
20.0225183982717
20.0547005361034
20.0867550879923
20.1076734255929
20.1000271379332
20.0549063826384
20.0234483450319
20.028117217558
20.0805635711125
20.1841158687053
20.3329786979052
20.4812046932481
20.5982942464714
20.6606001117503
20.677086224826
20.6630081753215
999.99
999.99
999.99
999.99
999.99
999.99
999.99
999.99
999.99
999.99
999.99
18.257210914521
18.2348863157028
18.2663740237828
18.3349906973827
18.3562916515441
18.3850496034661
18.4322305341118
18.4901475352846
18.5289444666268
18.5799938828779
18.633521667568
18.700677770539
18.7756241052087
18.9251901250648
19.1167568423199
19.3324361207508
19.5296615992652
19.7201988916514
19.8124875429013
19.8703215714402
19.889485807827
19.9024027937138
19.914667578425
19.9746990011386
20.0236671977515
20.0698914741482
20.1066481321005
20.1142093522516
20.0820549004617
20.0647966111931
20.0813799184733
20.1406484611839
20.2415485854114
20.3816976667139
20.5119251800098
20.6065814711026
20.6444281745009
20.6430596682069
20.6155557416595
999.99
999.99
999.99
999.99
999.99
999.99
999.99
999.99
999.99
999.99
999.99
18.1891437856246
18.3267040969329
18.4128635371043
18.5374276595045
18.5409307997484
18.5366752812226
18.5451614991024
18.5570991096788
18.551719484745
18.5928005872362
18.6481584353453
18.731566203796
18.8227818135588
18.9900049674263
19.1904610107297
19.4042986617599
19.5701250840723
19.732084780015
19.7825921608504
19.8082373386259
19.8057734975747
19.8138399996923
19.8241899189901
19.8945919865843
19.9555113239138
20.0144057181565
20.0696375690725
20.0988978132773
20.0920369241136
20.0998733638492
20.1362648617584
20.2060201420007
20.3041989889041
20.432100842922
20.5409995540955
20.6115743907004
20.6265234776033
20.611744381061
20.5767269772368
999.99
999.99
999.99
999.99
999.99
999.99
999.99
999.99
999.99
999.99
999.99
17.8817836469893
18.4166625312721
18.5718619057588
18.760553579775
18.7482038031689
18.7079483491679
18.6733789717629
18.6344942423833
18.5782933737577
18.6043251949031
18.658422732847
18.7515207010405
18.8556711253111
19.0401368857024
19.2511742565417
19.4681086987242
19.6149025948711
19.7563405035997
19.7715313150768
19.7669692377172
19.7397624059463
19.7340346834605
19.7308949128558
19.7975403469398
19.8610528816219
19.9275159852609
20.0006254863538
20.0564239383193
20.0850673752464
20.1244183191731
20.1843602155633
20.2663011543475
20.3626753429741
20.4759357574806
20.5654304240279
20.6159424329266
20.613153318786
20.5897494233431
20.55257508903
999.99
999.99
999.99
999.99
999.99
999.99
999.99
999.99
999.99
999.99
999.99
17.8373236898603
18.5124962177008
18.7282273815265
18.9807082136713
18.9462955258492
18.8683621140881
18.7930121909829
18.7267336838674
18.6430282584818
18.6775451475621
18.7509529987892
18.8723300776012
18.9689359758972
19.134515451458
19.3350463524045
19.535156848305
19.6402124789518
19.7558848652647
19.7642213666099
19.7326785385937
19.6818420383309
19.6666935595425
19.654084332489
19.7011874368842
19.7625190109946
19.8338252221301
19.921870338869
20.004345875202
20.072089029219
20.1454256096844
20.2287000026641
20.3211863920358
20.4127645979114
20.5080683341354
20.5798218608424
20.6156672663814
20.602266530332
20.5760506178587
20.5401715320358
999.99
999.99
999.99
999.99
999.99
999.99
999.99
999.99
999.99
999.99
999.99
17.717389635529
18.610258549442
18.8848920798326
19.1912829232
19.1256517328002
19.0038156441051
18.8883133951214
18.7978494989111
18.6905885533298
18.7419469625366
18.8434793328992
18.9957039998688
19.0839222630185
19.2316283252295
19.4271159491274
19.6134546737352
19.6813497493263
19.775119103403
19.7792510033119
19.7183043601285
19.6412388429308
19.615361147675
19.5920854212885
19.6163217703064
19.6702532155053
19.7412245035348
19.8367273151143
19.9398442240075
20.0423725545537
20.1494885562819
20.2562922833753
20.3614048196798
20.4527507440893
20.5358356219799
20.5951502904164
20.6236875849143
20.6064541950019
20.5797782827512
20.5448631175388
999.99
999.99
999.99
999.99
999.99
999.99
999.99
999.99
999.99
999.99
999.99
17.8922445057846
18.5462753737356
18.8067218316396
19.0934835218738
19.0570420700548
18.9425635452921
18.8399804882722
18.7802507887424
18.7004740505201
18.7693983157578
18.9054536734914
19.0965779652803
19.1822662638412
19.3178426232881
19.5099216347401
19.6941824903363
19.7339317532928
19.8161938574163
19.8282569102128
19.746966788739
19.6357792479424
19.5923617097587
19.5509193405349
19.5440479568515
19.5832260493905
19.6510478277261
19.7487120028156
19.8656116280603
19.9948136353574
20.1292458047178
20.2573833616121
20.3768053775358
20.4742084325451
20.5533923632784
20.6099929220005
20.6382413272395
20.6225214640971
20.5958601876579
20.5595113756822
999.99
999.99
999.99
999.99
999.99
999.99
999.99
999.99
999.99
999.99
999.99
17.9805606588533
18.4345649010813
18.6689106533969
18.9276385150881
18.9128369294198
18.8106321576574
18.7282680072171
18.7126024193122
18.6701274125527
18.7642152158926
18.9393405444777
19.1410712668664
19.1931549907642
19.2907612574947
19.4600401496078
19.6144726479703
19.6682228330125
19.7825892044625
19.8377717749211
19.7617659682805
19.6462143657165
19.5799112156009
19.5155576100379
19.4769679850265
19.5029835324153
19.5677989177469
19.6639096789297
19.7892229269821
19.9378310240604
20.0940109194162
20.2410728132133
20.3751826932621
20.4805529001755
20.5597126984234
20.6181309877202
20.6485099043476
20.6362519516868
20.6099171251201
20.5713148862348
999.99
999.99
999.99
999.99
999.99
999.99
999.99
999.99
999.99
999.99
999.99
18.0426032433175
18.2945331529757
18.5036461560606
18.7285813811359
18.7272228829096
18.640453382888
18.5796425946351
18.6120659978422
18.6243174448451
18.7605317855408
18.9932811560229
19.2323149415243
19.2754270309643
19.3492179253912
19.5111341985476
19.6353982449403
19.6914830720498
19.8297053576856
19.9113870906474
19.8113515257694
19.6702099397316
19.5682741852766
19.469557102199
19.3987078474706
19.4185440225261
19.4858962943556
19.5808818238136
19.7114545609864
19.8730993845341
20.0473662539835
20.2129195502927
20.363208760112
20.4793572245944
20.5619961534128
20.6220350820944
20.6523896916815
20.6414343147779
20.6135587270533
20.5725705984718
999.99
999.99
999.99
999.99
999.99
999.99
999.99
999.99
999.99
999.99
999.99
17.8157008294326
18.1456443730364
18.3300469872159
18.52001294558
18.5329807712418
18.4588225334994
18.4117207116485
18.4453420273821
18.4708384246519
18.6064848659903
18.853005812179
19.0906561836452
19.1678753228352
19.2679419120063
19.4515673089167
19.5782707228764
19.6703739978514
19.82504343666
19.9065240975848
19.7901716489546
19.6312303536066
19.5176645945223
19.4107872271633
19.3483648277653
19.3883443419719
19.4833907262546
19.5654613825514
19.685362825582
19.8369019728425
20.0060008755224
20.1690176572071
20.3338567845379
20.4620131210951
20.5525474604202
20.615837854808
20.6467342990317
20.6375973676687
20.6095222444048
20.5685448289108
999.99
999.99
999.99
999.99
999.99
999.99
999.99
999.99
999.99
999.99
999.99
17.5277231565698
18.0097227455518
18.1577841337619
18.298182923008
18.329428839094
18.272163844147
18.2357875890974
18.2657936323775
18.3028664260182
18.4310731043027
18.6793949664196
18.9150038416958
19.0322975089795
19.1731952577355
19.3872241021396
19.5325449045445
19.6687622104181
19.8458300408179
19.9128631899186
19.7731380413525
19.5841821015362
19.4485482313503
19.3231520326229
19.2739157464801
19.3402439304623
19.4715146694636
19.5488843014562
19.6632143036923
19.8023825182644
19.9598564731641
20.1161712670428
20.2930257013063
20.4324353116597
20.5333330304958
20.6030113889337
20.6337773677415
20.6261498147552
20.5989795381811
20.5595607749112
999.99
999.99
999.99
999.99
999.99
999.99
999.99
999.99
999.99
999.99
999.99
17.5993348349933
17.9123661532931
18.0428699527178
18.1706153867735
18.2086762612618
18.188599026031
18.1718547749391
18.1963377195092
18.2228727630806
18.3274629370051
18.5495635971791
18.7597688352462
18.9049424292943
19.0933647167848
19.355848054391
19.5115701280484
19.6858723547407
19.8681985073887
19.8909863997991
19.7004327388172
19.4872433316738
19.3338374776193
19.2007895638764
19.1822544192331
19.2914995963954
19.4644460743783
19.541627665823
19.6524235798166
19.7773864305636
19.9173086032877
20.0603105801176
20.2438900785712
20.3903515529838
20.5000443844752
20.5748434271661
20.6050769498205
20.5993904441513
20.5756251015416
20.541336126584
999.99
999.99
999.99
999.99
999.99
999.99
999.99
999.99
999.99
999.99
999.99
17.9317513620167
17.8454270775143
17.9692687457572
18.1127851160925
18.1865995087044
18.2249144576876
18.2278254178947
18.2474708816831
18.243574672609
18.3072325677616
18.4784350756696
18.6659310157346
18.8374774365819
19.0766803134713
19.3699247358799
19.5386340466594
19.7154989706847
19.8714582434464
19.8302223971447
19.5950803195311
19.3557399672411
19.201275692541
19.0754321046199
19.0974359192298
19.2508736116743
19.4664545217468
19.5453453683671
19.6524079779042
19.7605254764224
19.8779143855511
20.0014287180335
20.1865852967047
20.3382580701916
20.4571358685988
20.5372518378155
20.5693097012408
20.567307814685
20.5476375933764
20.5191150873157
999.99
999.99
999.99
999.99
999.99
999.99
999.99
999.99
999.99
999.99
999.99
17.7636499053921
17.8029870939932
17.9259099053528
18.0913791441081
18.2159418230674
18.3207447403306
18.3551768815036
18.3705296747743
18.3108967703382
18.3031987685568
18.3788914659033
18.493393077933
18.6452470552976
18.9018267589776
19.1952444372
19.3814407520843
19.5717252402941
19.7129733193598
19.6429779244338
19.4158947063698
19.1862822251313
19.0601122448492
18.9696875124948
19.040968195508
19.2321323770302
19.482974996995
19.5592968385677
19.6576239581796
19.7446757231403
19.8366629628628
19.9363897421689
20.1186047182036
20.2733658152519
20.4015110886111
20.4881227680544
20.5255737747478
20.5314994125041
20.5180087116553
20.494661270342
999.99
999.99
999.99
999.99
999.99
999.99
999.99
999.99
999.99
999.99
999.99
17.5216799972514
17.7644082080325
17.904540162861
18.1090843257535
18.2961129763245
18.4792132288698
18.5559756988331
18.5823635593363
18.4820189888044
18.4185341272504
18.4167323468161
18.4756910554253
18.5799406893059
18.8239044492823
19.0882986489603
19.2606009285385
19.4320306656757
19.5558197274386
19.4595469426628
19.2484862515852
19.0371916912516
18.9123437145129
18.8275398937481
18.9096290920684
19.0924159212528
19.3313287506439
19.4312782509174
19.548897446961
19.6509934465028
19.7573222069176
19.8722251319149
20.0525866982201
20.2113955695306
20.3468889911326
20.4373062321454
20.4774804388732
20.4889304300213
20.4780908421448
20.4562752748691
999.99
999.99
999.99
999.99
999.99
999.99
999.99
999.99
999.99
999.99
999.99
17.5264506974507
17.7205479097191
17.893012449055
18.1681588164761
18.430658920585
18.7013940535659
18.8275017139639
18.8636617456912
18.7104627653225
18.5844819227033
18.5041345015354
18.5037630227896
18.553847396727
18.7637157602597
18.9756950027337
19.1039677126221
19.2323023566978
19.3177918035056
19.2147896576923
19.0365709042244
18.8698184455217
18.7689989990998
18.7135637984015
18.8044994232771
18.9762207981523
19.1935069280203
19.3093128847345
19.4391548185328
19.5564687007836
19.6793927572196
19.811667771387
19.990980967926
20.1530779382499
20.2921808927549
20.3829536848811
20.4237617745189
20.4376430365464
20.4260987955348
20.4029486802715
999.99
999.99
999.99
999.99
999.99
999.99
999.99
999.99
999.99
999.99
999.99
17.5785653867361
17.7145457514253
17.9332521970103
18.2765826021983
18.5976451763034
18.9191759645393
19.0551466688356
19.0593270329537
18.8522564201859
18.685500782731
18.549055486149
18.5137441628608
18.5256704225864
18.689383341078
18.8129643404726
18.8863008706756
18.9585416598056
19.0119184565897
18.9251879443292
18.8093924067872
18.6985859331281
18.6342573488655
18.6100425978793
18.6988862650595
18.8487169741212
19.0364576684388
19.1626817469762
19.3023109770744
19.4393033794808
19.5870268173998
19.7446771715551
19.9297530988966
20.0993325818414
20.2433889147098
20.3352229657203
20.3765696328128
20.3896095652272
20.372977056696
20.3430250208268
999.99
999.99
999.99
999.99
999.99
999.99
999.99
999.99
999.99
999.99
999.99
17.5797694465813
17.6924433502165
17.9550000457856
18.3269587935485
18.6763756996152
19.0175209326809
19.1718771425507
19.1243423515484
18.8902971595138
18.7069724235092
18.5464216993509
18.4892742146589
18.493587105721
18.6116099038476
18.6632044136457
18.6858882791815
18.7052346008994
18.7244199523056
18.6597513809623
18.5951082637275
18.5346352328786
18.501908292421
18.505507230259
18.584527960053
18.7082329812458
18.8609628921913
18.9935218533707
19.1416824415715
19.2997438687656
19.4775131709388
19.6670259863212
19.8628166782525
20.0422529743063
20.1925022281888
20.2859448454859
20.3257290805743
20.3350716676363
20.3106417471797
20.2706150570632
999.99
999.99
999.99
999.99
999.99
999.99
999.99
999.99
999.99
999.99
999.99
17.3905524701134
17.6627268565578
17.9680327717694
18.3516487084024
18.7101641964425
19.0504515649057
19.200078756566
19.0966233965226
18.8629581365909
18.6987622444734
18.5603508512376
18.5295312907606
18.5673287890349
18.6585510387607
18.6387363936983
18.5893819933453
18.5310274201632
18.4885432136869
18.4119518420963
18.375428771665
18.3566737497324
18.3508300392539
18.3777948962086
18.4494905880749
18.5495713570888
18.6670844376686
18.804565936726
18.9621710359609
19.14352140871
19.3523305405899
19.5754591266535
19.7848231271358
19.9754365692584
20.1319017974717
20.2277571816685
20.2659811712123
20.2701919809674
20.2373508113353
20.1879589225595
999.99
999.99
999.99
999.99
999.99
999.99
999.99
999.99
999.99
999.99
999.99
17.4184931897371
17.5963363886847
17.9440267415317
18.3357948160416
18.6920031250822
19.0182941954236
19.1553757738439
19.0035522423378
18.775784743394
18.6370566123992
18.5332063973256
18.5384035070427
18.6354542000266
18.7199687876703
18.6589689816383
18.5562615754892
18.4388241977664
18.3347977198879
18.2492341834643
18.2187602592968
18.2229357239017
18.2420054684489
18.2926707936921
18.3616977448192
18.4583162415125
18.5605710405505
18.68598314662
18.83477151367
19.0158175771828
19.2282272697521
19.4605241187237
19.6810163347576
19.8823990719446
20.0463760155824
20.1493874425838
20.192109079282
20.1965486241543
20.1599702933835
20.1064758974393
999.99
999.99
999.99
999.99
999.99
999.99
999.99
999.99
999.99
999.99
999.99
17.3633481823377
17.5399536538631
17.923657696364
18.3012033234416
18.6251233125677
18.9096824329915
19.0223090121562
18.8216722769286
18.6153853317637
18.5101345881484
18.44524844612
18.4883658382462
18.6511319624667
18.7383914641734
18.6596906617107
18.5324381949848
18.382846586007
18.2361238544188
18.1398658122811
18.1077445756236
18.1204832282297
18.1511673960939
18.2139715541449
18.2805637577567
18.3721351670639
18.4603439819302
18.5732502888742
18.7081919906613
18.881846202742
19.091892964791
19.3269618938601
19.5529043659492
19.7645245085036
19.9364438088266
20.0480299862618
20.0996801101199
20.1105431303981
20.0756699223997
20.0230683648578
999.99
999.99
999.99
999.99
999.99
999.99
999.99
999.99
999.99
999.99
999.99
17.1332508911917
17.4571274101547
17.8624657822166
18.1918135397174
18.4643834099355
18.6907219785729
18.796244707135
18.5982902709559
18.4479592520788
18.3803038624118
18.3627721255611
18.4348490209643
18.6430346035323
18.7202568960246
18.6524416387693
18.5210056703512
18.3617520792647
18.1840376110322
18.0854385786782
18.0462314268686
18.0629702541611
18.0992885470946
18.1729824900742
18.2399358122755
18.325098930874
18.3988590897563
18.496289637541
18.6114804530745
18.7697982452214
18.9694987838884
19.1987043988354
19.4211318313528
19.6375355836835
19.8119045335546
19.9272779604212
19.9864718866488
20.0069780852695
19.9778327934651
19.9323793619943
999.99
999.99
999.99
999.99
999.99
999.99
999.99
999.99
999.99
999.99
999.99
17.1686917658416
17.6623928559689
18.0134279213669
18.0674060081696
18.3281035558101
18.4856700556157
18.5457895014815
18.3693824430603
18.2389119029003
18.1581576069242
18.1546070382158
18.2404808738105
18.423131326639
18.5162390967572
18.5068882908671
18.4068298031719
18.3033213337668
18.164663891949
18.0781051951283
18.0103638342985
18.0452946867849
18.073313518134
18.1620497373374
18.2371564920321
18.3564697402185
18.4063349073019
18.4744388146641
18.5576277296619
18.7010811641603
18.8356664650458
19.0739955864374
19.2978226022374
19.5190798268532
19.6766268116761
19.808068400368
19.8623843540083
19.893521855065
19.8837063223628
19.8624131512597
999.99
999.99
999.99
999.99
999.99
999.99
999.99
999.99
999.99
999.99
999.99
17.2223453583454
17.6241445179729
17.9068767061234
17.9174716794094
18.1410337797279
18.2475103749057
18.4200398771639
18.2732808582184
18.1560430710571
18.0905702887655
18.0860932844496
18.0408738035738
18.2038914809375
18.2947208379532
18.3524341088968
18.2911941808921
18.195477837771
18.0890702544798
18.0420950580221
17.9539718053902
18.0131487817776
18.0868200240091
18.1859344885951
18.2727441938145
18.3895124524083
18.4051842341365
18.4521161392824
18.5069140277313
18.6227234178248
18.7253100071843
18.9789090212105
19.2051825619098
19.4272292553087
19.5739121991697
19.7169639620683
19.7655766608618
19.7959033302663
19.8037855027353
19.7987079147687
999.99
999.99
999.99
999.99
999.99
999.99
999.99
999.99
999.99
999.99
999.99
22.8551729056621
17.4403504331518
17.8392744593773
17.6520886415172
17.7565827815235
17.9122454409702
18.9605192952922
17.7916667823079
17.3759721028101
17.2969007647405
17.2003827959368
17.8692312447522
17.4984488840621
17.5616773911338
17.0722384270781
17.9114934059359
18.9572690870879
17.8212517836404
18.4183571411475
17.6680532754122
17.9554983382858
18.1881158121785
18.3337744845166
18.3465607292436
18.3182446314816
18.4700560960526
19.514940008145
18.2465230553419
18.2546595974679
18.2826156965373
19.0396309888331
19.0141349650478
19.6982833914053
19.4367073422126
19.4371982342087
19.4693013711028
19.9390614507444
19.7628820861678
19.6786758978536
999.99
999.99
999.99
999.99
999.99
999.99
999.99
999.99
999.99
999.99
999.99
999.99
999.99
999.99
999.99
999.99
999.99
999.99
999.99
999.99
999.99
999.99
999.99
999.99
999.99
999.99
999.99
999.99
999.99
999.99
999.99
999.99
999.99
999.99
999.99
999.99
999.99
999.99
999.99
999.99
999.99
999.99
999.99
999.99
999.99
999.99
999.99
999.99
999.99
999.99
999.99
999.99
999.99
999.99
999.99
999.99
999.99
999.99
999.99
999.99
