999.99
999.99
999.99
999.99
999.99
999.99
999.99
999.99
999.99
999.99
999.99
999.99
999.99
999.99
999.99
999.99
999.99
999.99
999.99
999.99
999.99
999.99
999.99
999.99
999.99
999.99
999.99
999.99
999.99
999.99
999.99
999.99
999.99
999.99
999.99
999.99
999.99
999.99
999.99
999.99
999.99
999.99
999.99
999.99
999.99
999.99
999.99
999.99
999.99
999.99
999.99
16.5273995379379
16.80182211362
16.3856573248664
16.6180843552499
16.9375211363678
16.9363580956403
16.935987181421
17.0723812691373
17.4680215545198
17.2208140639848
17.2108581132379
17.2848371168127
17.0308249920811
17.2413535353535
16.9300277941184
17.1456765665616
17.0268528842431
17.3258294442685
17.7215348658311
17.4121915974076
17.5743823601872
17.6475637509993
17.7974714542136
18.0250744008863
17.8012911846187
17.6864125576321
17.5064971517062
17.5800232941661
17.6528071908734
18.6012988515673
17.7114405629214
17.6622369388258
18.6012988515673
16.9894597794772
18.6012988515673
18.6012988515673
18.6012988515673
18.6012988515673
18.6012988515673
999.99
999.99
999.99
999.99
999.99
999.99
999.99
999.99
999.99
999.99
999.99
16.7223260177685
16.6337717233486
16.7399175544528
16.7770000139279
16.8471560157875
16.9660622668778
17.0540933884872
17.1106835553799
17.1564768459789
17.1861470971229
17.175651140915
17.1623936032715
17.1264243117151
17.1140779405577
17.1030942104811
17.1302707633964
17.175489327564
17.2617456657499
17.3583050131647
17.465071021226
17.5521938235261
17.6275092424842
17.6878126335396
17.714564884286
17.6999615266855
17.6834258928505
17.6500526612291
17.721724929179
17.7395151286643
17.7849465848366
17.9035762987684
17.9151946192136
17.9768014117806
18.1089002616959
18.2545485161883
18.4695824442039
18.8801622159527
19.1170161554418
19.3236355262367
999.99
999.99
999.99
999.99
999.99
999.99
999.99
999.99
999.99
999.99
999.99
16.9513716080667
16.6833948720964
16.7934996471769
16.8240304879571
16.888802616164
16.9629839780744
17.0443090743975
17.0976328167663
17.1300792987851
17.1527159505887
17.1534497279884
17.1353232392577
17.1063200736175
17.1027703725987
17.0881993708406
17.0943491572811
17.1304892091072
17.1881918655398
17.2447629498932
17.3403148726515
17.4531461645437
17.5444222686409
17.6189142390422
17.6703640293427
17.680980965373
17.6765660047577
17.6686609991254
17.7162861339112
17.7455962164132
17.7924864178748
17.8711865824901
17.8979129754119
17.9695059729623
18.0816048421236
18.2083719093614
18.4898746802684
18.9245196326186
19.2353002101945
19.5022448681133
999.99
999.99
999.99
999.99
999.99
999.99
999.99
999.99
999.99
999.99
999.99
17.0385844155844
16.7141062074242
16.8359000018074
16.8652766779472
16.9392379036276
16.9936318246732
17.0441239176554
17.0869868796986
17.105816593515
17.1098834718139
17.106939856861
17.0923238509696
17.0692075008978
17.0645528420478
17.0533971993437
17.0400021352479
17.0540912920933
17.0960552666228
17.1457683422739
17.2416150036365
17.3685682452908
17.4778534907542
17.5620325297293
17.6289434738183
17.6549887932881
17.6654065590901
17.6799050092549
17.7039006420802
17.7393300839714
17.78685108778
17.8272412515486
17.8840168120887
17.9615602290216
18.0493044294809
18.1528355254802
18.4811374565885
18.9218671949606
19.2904931479767
19.6018262930657
999.99
999.99
999.99
999.99
999.99
999.99
999.99
999.99
999.99
999.99
999.99
16.9034782267675
16.7204862908387
16.859136200721
16.9049789637393
16.9772676105244
17.0235370844707
17.0567162527629
17.0811147462935
17.0860642639275
17.0794495986029
17.0676901989291
17.0495890167378
17.0245313031319
17.0129049013983
16.9899803072034
16.9620388838268
16.9599828416811
16.9879585062009
17.035679478983
17.1420897614915
17.2853478530612
17.4134965714366
17.5187077530373
17.6030735841897
17.6427497443082
17.6644986600638
17.6909894098009
17.7235102848615
17.7577093596382
17.7982286373946
17.8269171617295
17.865752041763
17.9210204018771
17.9956348616913
18.0852613348446
18.3937568272321
18.7830527846771
19.1049205514119
19.3649611277698
999.99
999.99
999.99
999.99
999.99
999.99
999.99
999.99
999.99
999.99
999.99
16.6848240820349
16.6958865163867
16.8579944598063
16.9429881629113
17.0172163851973
17.0584998668242
17.0773473231522
17.084699990089
17.0749012232657
17.0563327660169
17.0332058629997
17.0077111597032
16.9774876417535
16.9569503618096
16.9231239267887
16.8844112797355
16.8698144582228
16.8872477883611
16.9346562945506
17.0481514894155
17.202784493711
17.3481567019483
17.4734747956324
17.5760867789908
17.6335030688716
17.6711071831345
17.7099336022458
17.7500872445256
17.7826694200828
17.813872355817
17.8284392297444
17.8487984291288
17.8818150217935
17.9407337104979
18.0170812172283
18.3041758083299
18.6432944824593
18.9217278155623
19.1359110307537
999.99
999.99
999.99
999.99
999.99
999.99
999.99
999.99
999.99
999.99
999.99
16.4537637701052
16.6704305902234
16.8494755862157
16.9704261370702
17.0466549502132
17.0840779513143
17.0913865312663
17.0863545498502
17.0662067343776
17.0390581596216
17.0075215160511
16.9762269072837
16.939609511368
16.9087830762314
16.8653130154995
16.8180702944507
16.7919402004814
16.799744159728
16.8467100629792
16.9618973096977
17.1211231526604
17.2809227382148
17.4259189241102
17.5473362268855
17.6259776168333
17.6846017647662
17.7376063464913
17.7854841760206
17.8181026891602
17.8406694327444
17.8422026195728
17.84634082954
17.8600735616339
17.9033716742578
17.9695611582103
18.1854525599385
18.4281206030617
18.6176307226927
18.7424104136497
999.99
999.99
999.99
999.99
999.99
999.99
999.99
999.99
999.99
999.99
999.99
16.1637334922143
16.6540966153814
16.8433895911914
16.9823204103907
17.0602937288913
17.0955886049336
17.0957316217382
17.0831707575719
17.0578951364263
17.0271151158584
16.9936051720026
16.9618477812997
16.9225744933351
16.8838015494619
16.8329163933677
16.7765801676751
16.7380704780496
16.7342413822666
16.777027099126
16.8873195486427
17.0451995598223
17.2152423697632
17.378324849953
17.5187194969052
17.6213034836073
17.7037822696839
17.7717882481198
17.8266323070156
17.8605577346629
17.8771513621508
17.8739836001186
17.8797860655179
17.893689155412
17.9373464894305
18.0074386744731
18.1791481770201
18.3495308941923
18.473427175366
18.5341686449338
999.99
999.99
999.99
999.99
999.99
999.99
999.99
999.99
999.99
999.99
999.99
16.280830927493
16.6541976093187
16.8406726146206
16.9737934745472
17.0534647523537
17.0899507968939
17.0901265418927
17.0769801854251
17.0521944684261
17.0237465969647
16.9954937222483
16.9693400751564
16.9317505161787
16.8892240501853
16.8338355031131
16.7675232877613
16.7148547869345
16.6973334037441
16.7312365995575
16.8294901415222
16.9805683736232
17.1555686732503
17.3315660034466
17.4878142936557
17.6132746226081
17.7180068736473
17.8000697626294
17.8624008479428
17.898647407593
17.9111121471795
17.9053083927419
17.916874512396
17.9419908905644
17.997004353352
18.0830353732892
18.2383629881711
18.3617789275389
18.4324902166449
18.4422666288361
999.99
999.99
999.99
999.99
999.99
999.99
999.99
999.99
999.99
999.99
999.99
16.5256893951964
16.6466171498548
16.8230026320605
16.9385946753656
17.0198944853659
17.0606636600111
17.0689243576246
17.0620850657517
17.0436112513338
17.0221146334547
17.0040818565785
16.986789070126
16.9558566425383
16.9152027019208
16.8596027563355
16.7858780825142
16.7205519820737
16.6888171056792
16.7110789660902
16.7946214246852
16.9361976105222
17.1119742131353
17.2948635124194
17.4617153642707
17.6040315709899
17.7246342928573
17.8167230525014
17.8857355489115
17.9249782573352
17.9362599021942
17.9341426661254
17.9604996396504
18.0071517257583
18.0818313027828
18.1905300802728
18.3293837280413
18.4450060256523
18.4990304587993
18.4973371896627
999.99
999.99
999.99
999.99
999.99
999.99
999.99
999.99
999.99
999.99
999.99
16.8260091439173
16.6253036572281
16.778992435039
16.870029770811
16.9554402328692
17.0068767094978
17.0300283996774
17.0358284309046
17.0293339150157
17.0190039013783
17.0140824601614
17.0093755385527
16.9905251581208
16.9570530452328
16.9052797924976
16.8289254085786
16.7557624635792
16.7127818717321
16.7249843875719
16.7964857438703
16.9279508309324
17.0986828198619
17.2797855586714
17.4473148134187
17.5938828954886
17.7193114587152
17.8155459223624
17.8892425241972
17.932699502563
17.9466358323226
17.9519095352348
18.0035688939027
18.105793659628
18.2310955326303
18.3908263827787
18.5574072609814
18.6946987882535
18.7143538479492
18.6897995991988
999.99
999.99
999.99
999.99
999.99
999.99
999.99
999.99
999.99
999.99
999.99
16.7624516594517
16.5650454372235
16.7002392818924
16.7834779001315
16.8770005631936
16.9447217885223
16.9873576554982
17.008143976635
17.0156634509655
17.0169639566769
17.0236815280624
17.0306734005135
17.0270447561192
17.0051543379263
16.9631016788502
16.8929469588213
16.8212045120213
16.7742245807837
16.7812309710181
16.8441081921504
16.9659395156022
17.126348722419
17.2961919677258
17.452853559736
17.590220054001
17.7051881547614
17.7962285349018
17.8697558237526
17.9159292442449
17.9334248961444
17.947577826407
18.0221828325833
18.1748477096487
18.3434823146407
18.5446843613607
18.7815394669877
18.9851969332761
19.0210992949718
19.0297359281063
999.99
999.99
999.99
999.99
999.99
999.99
999.99
999.99
999.99
999.99
999.99
16.5095136496157
16.4701077733667
16.5920328172227
16.692663975956
16.7953631423839
16.8805778284973
16.9438529327345
16.9809610997735
17.0029708619403
17.0149056800745
17.0294353680292
17.04371251425
17.0531597812798
17.0449423327578
17.0186976047896
16.9668354799148
16.9097477097373
16.8700106806829
16.8786409245326
16.9361754183306
17.0459224611017
17.1884901651986
17.3362379692216
17.4698697094498
17.5844054196003
17.6753952504926
17.7512945421517
17.8187851780207
17.8642562271426
17.8846566762278
17.9047961823551
17.9825834005661
18.1632917775658
18.3522315394071
18.5701286170253
18.8639095681998
19.1265007707169
19.1767025925994
19.2209381543002
999.99
999.99
999.99
999.99
999.99
999.99
999.99
999.99
999.99
999.99
999.99
16.157937194242
16.3693731110744
16.4818848500618
16.6068695386105
16.7167353544264
16.816455766271
16.8973549626414
16.9483184004982
16.9834461531141
17.0039409433564
17.0223189918004
17.0394447031918
17.0598326305024
17.0666959158793
17.0628769608571
17.0416807351202
17.01356149721
16.9937886675817
17.0121168486791
17.0673890134684
17.1623606674931
17.2805305534894
17.3974475089807
17.4985471600361
17.5797729478681
17.6373377978753
17.6893758006276
17.7434439415674
17.7833049741014
17.8047080892022
17.8318205061248
17.9126091961482
18.1087353351988
18.3065088450805
18.5597586880553
18.9529413367446
19.318486231794
19.4520281334482
19.5975340192542
999.99
999.99
999.99
999.99
999.99
999.99
999.99
999.99
999.99
999.99
999.99
15.7551150856499
16.2903312252041
16.3924238160148
16.5314214902317
16.644366869602
16.753244510528
16.8458885357929
16.9073282919237
16.9523128937779
16.9790340794498
16.9989564365395
17.0165944012121
17.0453155824192
17.0676906948303
17.0909309240826
17.1088365746933
17.1211145375492
17.132784736008
17.1679376139428
17.2223363888698
17.2996701350919
17.3875525694496
17.4669507182895
17.5291378228121
17.5726275204608
17.5932469706157
17.6176309788968
17.6536610270694
17.6855455519331
17.706537090984
17.7346881130945
17.8099556601907
18.0118455983971
18.2130614065369
18.4962135143212
18.9979916216505
19.4640213048161
19.6820322793464
19.9192596205589
999.99
999.99
999.99
999.99
999.99
999.99
999.99
999.99
999.99
999.99
999.99
15.8707987440357
16.2346242169816
16.327561174862
16.4722111641055
16.5802551306402
16.6891575992403
16.7870313974344
16.8554266529906
16.9079722499843
16.9401791089427
16.9624506128645
16.9813075482344
17.0181926783498
17.0570615351187
17.1093675505464
17.1678221706684
17.2221002199311
17.2668506965045
17.3188333794858
17.3700096037377
17.4281562315309
17.485329393553
17.5277187176149
17.5534413071999
17.5641208184001
17.5525078776319
17.5505053195213
17.5673495330982
17.5878532341962
17.6042050561953
17.6291693453284
17.6813735979965
17.8262228374122
17.9738044747352
18.2344692466739
18.7633480705314
19.2782000005709
19.6212631510843
19.9795102067038
999.99
999.99
999.99
999.99
999.99
999.99
999.99
999.99
999.99
999.99
999.99
16.077444753659
16.2275135997217
16.2901323704706
16.4194159659548
16.5148104581227
16.6162081617391
16.713976993671
16.787892267532
16.8467188919026
16.8852398097355
16.9125992873545
16.9366212923947
16.9832352731632
17.0403423685609
17.1193637310741
17.212851254049
17.3025202786194
17.3754927171488
17.4397334489581
17.4869083575169
17.5280071095801
17.5587646295859
17.5697755056403
17.5669565792631
17.5533817870161
17.5195874032047
17.4966454089804
17.496261457485
17.5039280580535
17.511559946207
17.5270711203432
17.5554031304055
17.6469149053366
17.749932232539
18.0022408194173
18.5253641873663
19.0520743618342
19.4989398583964
19.9464747926285
999.99
999.99
999.99
999.99
999.99
999.99
999.99
999.99
999.99
999.99
999.99
16.0285003620073
16.2564758525276
16.2787119382456
16.3672752022753
16.4435216000778
16.5321923005291
16.6249556854518
16.7015114944219
16.766470128831
16.8148563568078
16.8547401190656
16.8940875419213
16.958544675314
17.03754638244
17.1393096381261
17.2546114674457
17.3632840417944
17.4510822994451
17.5181484512287
17.5595093498047
17.589512982323
17.6039745503658
17.5942682327493
17.5755287284848
17.5496050956755
17.5054078352491
17.4718432110215
17.4617510794363
17.4595748051197
17.4587021818561
17.466374196773
17.4776278849705
17.5248634288073
17.5969193160466
17.8554911056194
18.3777283841282
18.9197642718663
19.468154625387
19.9933249266032
999.99
999.99
999.99
999.99
999.99
999.99
999.99
999.99
999.99
999.99
999.99
16.149980376186
16.28225615329
16.2679859748599
16.310817173499
16.3657819878144
16.4404344358803
16.52771827592
16.6082759514253
16.6827248486498
16.7478783050817
16.8103070688394
16.8759091998921
16.9658344717123
17.0680115284318
17.1841050673035
17.3042546302903
17.4115440698607
17.4967242630037
17.5550829981501
17.5881014077942
17.6121690616951
17.6200399775716
17.6002677762084
17.5777435485433
17.5509641486684
17.5069932213256
17.4712565407272
17.4582007841217
17.4502858130779
17.4439680624725
17.4700058640997
17.4935405172568
17.5318555724163
17.6158077229015
17.8580190986852
18.2836883121805
18.7428526353332
19.2808159951913
19.7840386918446
999.99
999.99
999.99
999.99
999.99
999.99
999.99
999.99
999.99
999.99
999.99
16.3206121770216
16.2970925763237
16.2451460116747
16.2554429543968
16.2909191903143
16.3534941059843
16.4373718801742
16.5229497209936
16.6096011996883
16.6965592979391
16.8224217819583
16.9567148542267
17.1126123081675
17.2731102853296
17.4289702881184
17.5041438194308
17.5550621521068
17.5844290289884
17.5871004197636
17.576297936636
17.5995379528633
17.6110139221302
17.5940650689969
17.5802735116689
17.5614244730122
17.525812292872
17.4942914738464
17.4819157662759
17.4709832171523
17.4849995405342
17.5586380053038
17.6284158842048
17.6953118728394
17.819781428435
18.0227098237912
18.3159059162281
18.654940847069
19.1374228900701
19.5888029800075
999.99
999.99
999.99
999.99
999.99
999.99
999.99
999.99
999.99
999.99
999.99
16.5227316545243
16.3283927170521
16.2518012251709
16.2392536822333
16.227485689633
16.2815525553702
16.3632799274269
16.4538505406238
16.5531993414926
16.664691460395
16.8600327225049
17.101776470644
17.3584471917601
17.6067776347702
17.8239813269809
17.8689289337649
17.8129297880464
17.7400445592491
17.6464175529114
17.5601903246837
17.5565072537246
17.5788165729329
17.574340989244
17.5767365226514
17.5701173747926
17.5463167328128
17.5241539587349
17.5159169996143
17.5226582921533
17.5784258320847
17.7224884376541
17.8940332654094
18.0683114795027
18.2734523332804
18.4715668125868
18.6756956899489
18.8684583608159
19.218633082072
19.5680620688152
999.99
999.99
999.99
999.99
999.99
999.99
999.99
999.99
999.99
999.99
999.99
16.4195669261052
16.3446044747163
16.2655896454185
16.2371559400462
16.1832948498544
16.2314557811639
16.3113821307537
16.4067483104334
16.5208039016145
16.6612713476869
16.9324726329831
17.3140073847309
17.6976091789934
18.053999039105
18.3485488616243
18.374613653156
18.1695903686501
17.9554769030501
17.7313968574278
17.5396800972607
17.4817892354573
17.516979739946
17.5300605435781
17.5531974046528
17.5616039439465
17.5536711021561
17.5473840490756
17.5505650596749
17.5840826378711
17.6933084327908
17.918818639234
18.1979554004434
18.5110889908729
18.84829037869
19.1173396440057
19.3277810007081
19.4685155088427
19.6760491012337
19.8672496038652
999.99
999.99
999.99
999.99
999.99
999.99
999.99
999.99
999.99
999.99
999.99
16.2208094282798
17.204949107346
16.2857801867516
16.2559823167947
16.1662314374379
16.2136666431201
16.2971099964597
16.4026903433405
16.5352601376781
16.7089837446319
17.0540867566722
17.5680517674734
18.0666594467232
18.5182502667848
18.8778186829663
18.8798029374996
18.5225255270785
18.1643287578488
17.8084929749121
17.5081001542062
17.3890598147649
17.4318675194795
17.461289612146
17.5026785491323
17.5241335231257
17.5323784219966
17.5416642164861
17.5567506458064
17.6219977690786
17.7921523789876
18.1020340641938
18.4975820243836
18.9570118169896
19.427762287537
19.7703706051459
19.9946540489994
20.0802808185308
20.140064450837
20.1732472383852
999.99
999.99
999.99
999.99
999.99
999.99
999.99
999.99
999.99
999.99
999.99
16.29858134355
17.3343583898803
16.4622358049424
16.4483313860825
16.298156811367
16.3204578960764
16.3813788318774
16.4704326497012
16.5996025332781
16.8032701172319
17.2123276532502
17.8589185097662
18.4945254743334
19.0644752767301
19.5186921608142
19.5326815604268
19.03557535986
18.5012257816875
17.9819689558378
17.5377870585726
17.3195675748335
17.345195603694
17.3872118558491
17.4400988179629
17.468354724342
17.4891963593222
17.5133918730614
17.5423871938243
17.6425209139101
17.8745116830022
18.2171889089119
18.6703213843006
19.2177976142965
19.7464244831716
20.1241259328158
20.4174855450894
20.5068755688446
20.4813476580745
20.4021962495737
999.99
999.99
999.99
999.99
999.99
999.99
999.99
999.99
999.99
999.99
999.99
16.2788843612833
17.5163593731497
16.7127573669722
16.7426437289859
16.5338209116754
16.5271309252125
16.5551889859544
16.6147424785791
16.7313005495506
16.9529131531243
17.3416221140206
18.0339954843931
18.7211936784046
19.3249987256709
19.7978076459334
19.8937444654706
19.3334566401815
18.6995654054815
18.0943262790793
17.576369337182
17.2558408810658
17.259864995233
17.3056926169126
17.3606934254574
17.3907230736379
17.4220553962039
17.461487043178
17.5113150395976
17.6507120431744
17.8995898076717
18.2246522210236
18.6767511316943
19.2483285458398
19.7821095949884
20.2441750798048
20.6653786824877
20.8276648835228
20.7981300825223
20.6737956297492
999.99
999.99
999.99
999.99
999.99
999.99
999.99
999.99
999.99
999.99
999.99
16.833901579257
17.6789545871088
16.9458547967431
17.034609934614
16.8417658947801
16.8121975906456
16.8085000386371
16.8493967966413
16.9597320065737
17.2001840817342
17.5634630390967
18.2320107558307
18.8767301168594
19.4254646841045
19.8372551059993
19.9443228702602
19.3789578360868
18.715825308906
18.0929991526948
17.5625799336021
17.1981207025196
17.1783743703329
17.2244026793335
17.2802325568918
17.3146699684259
17.3575876761705
17.4111735882111
17.484323176587
17.6303460082553
17.8608488277662
18.1304569906094
18.4902846346079
18.9905055468589
19.5051080916359
20.031467041428
20.5698876176561
20.8995612116538
20.9737081387221
20.8687941983927
999.99
999.99
999.99
999.99
999.99
999.99
999.99
999.99
999.99
999.99
999.99
16.5125806371331
17.8973713793969
17.2345584507147
17.3864710142226
17.2144902699756
17.1654079401031
17.1514890575268
17.1891182816977
17.3044222645225
17.5699379172092
17.9098203853986
18.4600031772752
18.9757973876184
19.3885291590741
19.668142463333
19.7238685062313
19.2210358478173
18.5939631003771
18.0172592269342
17.5308100707774
17.1750881538021
17.1298176246732
17.1728742681154
17.2259949609797
17.2658597849013
17.3185388769879
17.3819497244018
17.4729453599851
17.6166438846028
17.8150846184081
18.0190481374156
18.2801602896832
18.6461907301447
19.0317852286371
19.4563060479712
19.9484468225394
20.2844772415945
20.4429658308125
20.4407414693812
999.99
999.99
999.99
999.99
999.99
999.99
999.99
999.99
999.99
999.99
999.99
16.336612202161
17.2968700754142
17.5573783827455
17.7759934280133
17.6295266323011
17.560571555396
17.5320506051389
17.557872966579
17.6677091577314
17.9414430041136
18.2451678931782
18.6680855452442
19.084336699348
19.3958482247702
19.5844958281588
19.6303513444704
19.2342312236915
18.62334253132
18.0842681335844
17.6313206630304
17.274885630526
17.1912746665927
17.2605108035452
17.3095044223214
17.3556847012053
17.4140667241278
17.4813622678834
17.5555559291833
17.6746119602882
17.8144184722026
17.9323948152237
18.0719919069881
18.3080475098607
18.5723949473099
18.9023522836535
19.3541007729767
19.7144666913478
19.9545963400046
20.0519564730505
999.99
999.99
999.99
999.99
999.99
999.99
999.99
999.99
999.99
999.99
999.99
16.6644408796778
17.3767657582546
17.6625008341575
17.9286752094238
17.8729157867207
17.8539150647242
17.8657577574948
17.931802463263
18.0727335425103
18.3486487487791
18.6106135411528
18.8836650988405
19.1367781594295
19.2905822843261
19.33936031388
19.3061131202678
19.0006557753233
18.474065703312
18.033683689013
17.659071906705
17.3612915819923
17.2722446998468
17.3661242684968
17.4153367345884
17.4812424618788
17.5543631498702
17.6291279457519
17.6812597776974
17.7663003949588
17.8381385731301
17.8901914457332
17.9367433069203
18.0715799014701
18.253786078114
18.5238551193533
18.9020017713485
19.250237638218
19.5234606610929
19.6791788040954
999.99
999.99
999.99
999.99
999.99
999.99
999.99
999.99
999.99
999.99
999.99
16.769477155829
17.4028969577961
17.6961478252402
17.9796047312919
18.0124157112663
18.0561754017753
18.141004417877
18.2943788346414
18.5118028074457
18.8486951588908
19.1465078152823
19.3355345671376
19.4801205534367
19.5271976820272
19.4784558513577
19.3404959680846
19.0886382881852
18.5967197717491
18.1866962051974
17.8077307246385
17.5252691213401
17.3968351370181
17.5000470240811
17.5480376958999
17.6433643221214
17.735168155561
17.8165651012962
17.837340207711
17.8804185320953
17.9014543490773
17.9115138470652
17.8982157279364
17.9666298999627
18.0940064263547
18.2785165376212
18.5504904282738
18.8539789097085
19.113965827754
19.2891698379339
999.99
999.99
999.99
999.99
999.99
999.99
999.99
999.99
999.99
999.99
999.99
16.9545424956383
17.4513746082281
17.7745847364623
18.0772402740214
18.1657771297917
18.2664988878544
18.4319625340461
18.6531083808677
18.9388625679443
19.3474562321308
19.6924167513291
19.8359725745747
19.9642157799692
19.9899550432632
19.9218683973421
19.7492163596698
19.5500334361233
19.050129573385
18.611887445934
18.1519385080789
17.8364899522229
17.6535257549413
17.7621643496561
17.8155747160221
17.9572814557248
18.0385079488353
18.1003259403958
18.0608210686683
18.0510747314868
18.0131616418108
18.0012041157765
17.9742309495362
18.0265470101495
18.1124708914977
18.2220242353851
18.3905149696717
18.5982376914992
18.7841362431217
18.9405562241855
999.99
999.99
999.99
999.99
999.99
999.99
999.99
999.99
999.99
999.99
999.99
16.9874912389198
17.4769982375652
17.8206472761278
18.1441086567821
18.3037601364001
18.4583649063928
18.6736241929383
18.9489711464747
19.2963166852875
19.7578394036659
20.1423562583318
20.3214470754863
20.5034165319015
20.5798746935212
20.5667609961908
20.4336053665548
20.2787321657406
19.7494565209814
19.2420938199765
18.6463381541736
18.2420565549985
17.9783336275109
18.074054478712
18.1248328708112
18.3113186687053
18.3811529127037
18.4120979499313
18.3078997840154
18.2682282565877
18.2016334751766
18.195965524332
18.1895611464501
18.2803244034336
18.3540294331195
18.4426831574907
18.5607471823107
18.7220969322607
18.8265339102855
18.9295387940933
999.99
999.99
999.99
999.99
999.99
999.99
999.99
999.99
999.99
999.99
999.99
16.8801093689509
17.4997417287962
17.854860502196
18.2129373175776
18.4633878110924
18.6734875774881
18.9524587958944
19.301024789543
19.7176202387771
20.2384745925353
20.6830344400406
20.8976248547582
21.0595796817571
21.1280376146978
21.1076225817973
20.950893568153
20.78656388701
20.2963408269429
19.7405547138235
19.0228476900077
18.538607539672
18.2033228590476
18.216209474031
18.2652240329764
18.4999265701707
18.5655687404678
18.573453230117
18.4569337456466
18.4096581942052
18.3409371338473
18.3653496494155
18.404290022517
18.5125341997457
18.5508983379684
18.5958540610994
18.640447367779
18.7260251182038
18.766381954942
18.8337829626937
999.99
999.99
999.99
999.99
999.99
999.99
999.99
999.99
999.99
999.99
999.99
16.9702220764137
17.5804424638554
17.9613252071654
18.3833390413695
18.7019513935619
18.9062141541353
19.2240872263191
19.6197233601351
20.069206522494
20.6323953758038
21.1425151279951
21.378416248978
21.5392072802202
21.6245655437424
21.6191724895032
21.5028806428395
21.3782699113407
20.9174388037041
20.3100589946866
19.4756225091997
18.8841371400096
18.4683959023379
18.4088730433215
18.46456282637
18.7479204304347
18.8103075675205
18.7819291365567
18.6489553729738
18.584716618964
18.5052036985296
18.5482993972822
18.6260471726631
18.7442745606191
18.7416977414846
18.7394266786194
18.7306185547937
18.7622919297763
18.7714559550739
18.83716532481
999.99
999.99
999.99
999.99
999.99
999.99
999.99
999.99
999.99
999.99
999.99
16.9113093302362
17.6299440564145
18.0572224955863
18.5428723293658
18.9510138852534
19.1591075559741
19.5088738562067
19.9311980944624
20.3716866842943
20.8929242494823
21.4119380142765
21.6184348299142
21.7322055555848
21.8048251662438
21.8021691755131
21.7050942656502
21.6255444482726
21.2268023548594
20.6246510115031
19.763103981648
19.1476824290929
18.7128775456752
18.6171717608512
18.6931104713465
19.0106649832603
19.0598782923846
18.9912248588351
18.8415546056496
18.778602710511
18.707324935309
18.7839212036188
18.908461724499
19.0462394137233
18.9804213343215
18.9114283018258
18.8326623318494
18.7821283767023
18.738805380927
18.7980176908043
999.99
999.99
999.99
999.99
999.99
999.99
999.99
999.99
999.99
999.99
999.99
16.8252055099096
17.6352251929796
18.0408823633183
18.5541461654183
19.038157003407
19.2635998150669
19.6435227260936
20.1262310231948
20.5643611949143
21.0264971091903
21.5193807521716
21.6719516104559
21.6680376590262
21.6726533670023
21.6137412518255
21.5036164103542
21.4649080965466
21.1750360159662
20.6488592706582
19.9025837163757
19.3407041397036
18.9242250899041
18.8030693722736
18.8894162679954
19.1488743579616
19.2174825066574
19.1532863567644
19.0334821074272
19.0184832892882
19.0285099093841
19.1058874306968
19.2469538873907
19.3740660436768
19.2174730843738
19.0554223825457
18.9134941170623
18.7884097235707
18.6922322582242
18.7438616655793
999.99
999.99
999.99
999.99
999.99
999.99
999.99
999.99
999.99
999.99
999.99
16.8839479890996
17.6072066518556
17.9788735966399
18.5169297603967
19.0510916860043
19.316749519099
19.738007705597
20.2610367906439
20.6683819354762
21.0766117476147
21.5170900568765
21.5979166492383
21.4678994769742
21.3874306670775
21.2339990588909
21.0870248127896
21.0642230408512
20.8894368299529
20.4828259549279
19.9218101755901
19.4624816946933
19.099030890662
18.9769688253582
19.0763297536291
19.265928954855
19.3527119164049
19.3168843517343
19.2244000562802
19.2057624318898
19.2392665219926
19.2634341004064
19.3550463904821
19.4277038012481
19.2338797424795
19.0382088177911
18.8859694466702
18.7411019120084
18.6432645821819
18.6913214229925
999.99
999.99
999.99
999.99
999.99
999.99
999.99
999.99
999.99
999.99
999.99
16.7727066436965
17.5324189953672
17.8682768356109
18.3818090019388
18.9235513567455
19.2436364823265
19.6999837352498
20.2578932313483
20.6618031352988
21.0551147594243
21.431831267992
21.4638764344608
21.2643953223829
21.1060402424018
20.8525877765669
20.6790109891598
20.675352716493
20.5726595776191
20.2979864456724
19.9681969969684
19.6612515171556
19.3823028798531
19.3148145427784
19.4368784627475
19.535679822698
19.6097961088913
19.5808417990989
19.4852909691105
19.4576866565215
19.5203415475321
19.510304606684
19.5713683830922
19.6168497707009
19.3954023869531
19.165051232329
18.9847126045878
18.8036839453457
18.6701931460045
18.6901454557114
999.99
999.99
999.99
999.99
999.99
999.99
999.99
999.99
999.99
999.99
999.99
16.827205112348
17.4189916232261
17.7083727448682
18.1656081295183
18.6885347764502
19.0945453168843
19.5872755657445
20.1897199073217
20.6404676406505
21.0724691096458
21.4132271180122
21.469889892733
21.2335226030804
20.998144764869
20.6132830283605
20.3497608161076
20.2824767465078
20.2254192284278
20.0574701719772
19.9719145268475
19.8561662886654
19.6816959189846
19.6631235742164
19.795746294897
19.7795467222772
19.8046781806541
19.7826696412949
19.6786903437502
19.653009455427
19.7665846558492
19.7626285053246
19.8188690036467
19.8695096283226
19.6477138258521
19.3904445136806
19.1706323995616
18.934604285695
18.7419951785861
18.7139115194918
999.99
999.99
999.99
999.99
999.99
999.99
999.99
999.99
999.99
999.99
999.99
17.1568282828283
17.3423744439703
17.5609445585258
17.9487096831903
18.4210747884483
18.8796633462133
19.3682203852852
19.9771371671578
20.4716372550474
20.9825269029063
21.3356992301298
21.4920125708969
21.3052117544115
21.0578419591433
20.5793828734183
20.2415561870933
20.107670204161
20.0766068014698
19.9911349672501
20.1263711841205
20.2031056797885
20.137716217026
20.1766005989422
20.3355242169195
20.2198625605888
20.1919185253481
20.1606463925401
20.0231016398187
19.9274523506169
20.0215300905517
19.9610435759401
19.9655835034893
19.984159508248
19.8097654444197
19.5700065660608
19.3548827942563
19.1054801245884
18.8931152370442
18.8116638029715
999.99
999.99
999.99
999.99
999.99
999.99
999.99
999.99
999.99
999.99
999.99
17.1435301295685
17.2792511273504
17.4683587498427
17.7940488016824
18.2155678823921
18.7095678007606
19.1893061247509
19.7718879375944
20.3202077703023
20.9159987132843
21.3064438611042
21.5764630071508
21.501971080262
21.2837778748438
20.7680178021393
20.4029496955086
20.2107459746923
20.1632412306926
20.1109316198785
20.3421997351525
20.5108277211019
20.5295581753685
20.6300134265848
20.8222020693253
20.7289981574839
20.6601188938875
20.5863957637967
20.3684224273975
20.1489354233473
20.1115675910741
20.0179537647885
20.0054797774593
20.0314298772072
19.9516426491578
19.7845855398379
19.5730981330592
19.3016157852553
19.0663572574505
18.926205366025
999.99
999.99
999.99
999.99
999.99
999.99
999.99
999.99
999.99
999.99
999.99
17.2507168197656
17.2124208920196
17.3708933403195
17.6260307700825
17.987232166622
18.4851423237723
18.9661802366721
19.5696062576569
20.2324669227912
20.9424810229119
21.419953485948
21.8067043075659
21.8475176390709
21.6578630680971
21.1283832660732
20.7257853355811
20.4778264421474
20.3813345188308
20.3174077706412
20.5936584174503
20.8535974608958
20.9688997312735
21.1497357238833
21.3994804623945
21.3451398545952
21.2265304922111
21.0870228973226
20.7915693595204
20.4674525703454
20.3299627123207
20.220091641221
20.2122857018286
20.2487714212349
20.2281249981005
20.0844814222724
19.8499250975001
19.5313462790357
19.2480607105877
19.0453717184935
999.99
999.99
999.99
999.99
999.99
999.99
999.99
999.99
999.99
999.99
999.99
17.0782027417027
17.1871511010576
17.309459555565
17.5087990322151
17.8131801114745
18.2805243802424
18.7482441270524
19.3586046151878
20.1015132972052
20.8917171367485
21.4695460409769
21.967536322308
22.1296312046194
22.0130121659621
21.5377895212266
21.1440169626649
20.8777358054922
20.7485700010785
20.6630548508346
20.9219695325199
21.1997566172071
21.3669908370667
21.5948972053454
21.877564064738
21.886422842655
21.7718756120128
21.6081079553935
21.2660874750821
20.8386093775764
20.569119155481
20.3709001021315
20.2940841896117
20.2813388967408
20.3040429753319
20.194676787745
19.9894378873097
19.676518294489
19.3940929468204
19.158809084494
999.99
999.99
999.99
999.99
999.99
999.99
999.99
999.99
999.99
999.99
999.99
16.8522951767551
17.2476102475908
17.327209773489
17.4525964414582
17.6929913317489
18.1082489409617
18.5523031457081
19.1637809435828
19.9673263424643
20.8258566847197
21.4719490539309
22.0382479024629
22.3132909520335
22.2835916059298
21.909623746348
21.6097743379545
21.4055214855046
21.2607452558728
21.1628253521645
21.3616142532978
21.5930493612144
21.75979854776
22.0263801232643
22.3401317106355
22.4391479654077
22.3803334389705
22.2207963563824
21.8583842274861
21.3475564201075
20.9390927348444
20.6100009365801
20.4331934365693
20.3237457645727
20.3325406292794
20.2355625245003
20.0648154156007
19.7722467226598
19.5142493867937
19.2686628020577
999.99
999.99
999.99
999.99
999.99
999.99
999.99
999.99
999.99
999.99
999.99
17.103450266729
17.3315042501877
17.3725348968182
17.4290292392124
17.6018599763991
17.9716004549943
18.4100934205067
19.0429322739288
19.9092880955377
20.8372636408953
21.5147318646154
22.1063733469751
22.4457402619927
22.4662717613788
22.1790974085074
22.0125837815538
21.8865559456684
21.7421775459516
21.651503602674
21.7616574048051
21.8746461742184
21.9820328419381
22.2317789193201
22.5182569294401
22.6921809208201
22.7052530591749
22.5893467415991
22.2611866226139
21.7562881419839
21.2841282587193
20.894567527664
20.6647068721651
20.4917398193379
20.4520554746846
20.3446838098638
20.1702046720792
19.8707693913497
19.6116631255376
19.3663295361069
999.99
999.99
999.99
999.99
999.99
999.99
999.99
999.99
999.99
999.99
999.99
17.7802690669763
17.4062205525608
17.3938830748377
17.3898700880206
17.4964325173483
17.8085165475147
18.2181193607091
18.8561878242008
19.734060228363
20.6925010289828
21.3851314708484
21.991491065225
22.3494333469806
22.396665674467
22.1791255795797
22.0949774851263
22.0276384517137
21.9081852813081
21.8481017644135
21.9014920266177
21.9502285505214
21.9927328962225
22.1904015004032
22.4189310373473
22.6243790509992
22.7064932049493
22.6818468158138
22.4619228332373
22.0562153294682
21.6014017045039
21.1715943938439
20.8851026183049
20.6348098019826
20.5109725031583
20.3685180285852
20.1886873564733
19.8955831579539
19.649745910124
19.421410007832
999.99
999.99
999.99
999.99
999.99
999.99
999.99
999.99
999.99
999.99
999.99
17.9508614240967
17.4916876035564
17.4241905233408
17.3526112170349
17.405986701608
17.6565523899731
18.0040478617346
18.5839370710263
19.3877172090688
20.3030624804709
20.9507272393103
21.5433767942921
21.9014474958326
21.9843345226625
21.8421866344033
21.8632122261305
21.8696311577722
21.8164855410146
21.8095520376376
21.8249019748609
21.7941124964315
21.7507550695497
21.8528765065065
21.9913344934901
22.2136193270485
22.369940352782
22.4435626578847
22.344317567215
22.0697580100694
21.643218920454
21.2037139632244
20.8938601125121
20.6070923674049
20.4185625311849
20.2879776046089
20.1244378298829
19.8562125979343
19.6384765834482
19.442979492101
999.99
999.99
999.99
999.99
999.99
999.99
999.99
999.99
999.99
999.99
999.99
17.7231574304519
17.3930669039008
17.3458157221245
17.2828695078477
17.3014598831565
17.503881737225
17.7858319081278
18.2875141213627
18.9899168874172
19.8157089082562
20.3694552488942
20.9146888159865
21.2489752002721
21.3456647418501
21.2565954485025
21.3568657608849
21.4080912811254
21.3980586466418
21.4315899743524
21.4267211116563
21.3597767825694
21.2692467402471
21.3088772580787
21.377930408592
21.6101220772904
21.7994389685419
21.930867675206
21.9214611280737
21.7813257484188
21.4172843825709
21.0431416313918
20.7871550110678
20.5440722995873
20.3378113697971
20.2389265097449
20.0790907092185
19.8201918233449
19.6018241083952
19.4166874541681
999.99
999.99
999.99
999.99
999.99
999.99
999.99
999.99
999.99
999.99
999.99
17.9946341287439
17.2266196124256
17.2064858348422
17.1802862709524
17.1905219044626
17.3483861725155
17.5625187003391
17.9599807132239
18.5126112038964
19.1782524231003
19.615018676935
20.0727114157196
20.3488600189232
20.4365069135209
20.3841298410677
20.5011517691146
20.5568562042666
20.5839094686854
20.6587958248191
20.6643375858199
20.6105986751024
20.5257808701626
20.5167001845632
20.5228770409721
20.736150690232
20.9204981019692
21.0806128189837
21.1444262419558
21.1241816372584
20.8329161020857
20.5521883664568
20.3620575842657
20.1903347334598
20.014868576334
19.9826284153443
19.8638314000247
19.6719034949522
19.4955774648132
19.3486661199933
999.99
999.99
999.99
999.99
999.99
999.99
999.99
999.99
999.99
999.99
999.99
16.3004304954305
17.019785236491
17.027220799036
17.0363777699812
17.0594910794903
17.1785144027378
17.3271337978402
17.6065035920548
17.9886162157176
18.447099150837
18.7509300735093
19.0797342546843
19.2678157342759
19.3262061219997
19.297425792677
19.3814368000137
19.4285891242457
19.4833531957993
19.5764124095423
19.6059378891403
19.6046100906122
19.5634668617029
19.5470445869191
19.5367273850797
19.7355094218049
19.9091234991362
20.0740105227042
20.1851286337772
20.2590265768944
20.0367077199446
19.8352160249757
19.7041501917727
19.593669325695
19.4576449938562
19.4863581566999
19.4358224529603
19.3451958863074
19.2632565496883
19.1931810777424
999.99
999.99
999.99
999.99
999.99
999.99
999.99
999.99
999.99
999.99
999.99
16.406142433125
16.8486369079037
16.8918158797801
16.9282306589304
16.964888516197
17.0572459330087
17.1588124444414
17.3411373787986
17.5848913273147
17.8703289533096
18.053810626298
18.2655194269771
18.383971893193
18.4220590401005
18.411614866247
18.4773495157185
18.5157996219753
18.5808077201437
18.6738642558004
18.7242926507675
18.7646482423622
18.7774270045984
18.7798651800995
18.7796285076163
18.9351707892171
19.0604701218646
19.174232048013
19.2633079700918
19.3490186396907
19.2024578701617
19.0894970199173
19.0350542574048
19.0373997341756
19.0204405072408
19.1460620873313
19.2051492094279
19.2536644100928
19.2452649107716
19.2018086029392
999.99
999.99
999.99
999.99
999.99
999.99
999.99
999.99
999.99
999.99
999.99
16.563556958334
16.6746585132171
16.7790939052084
16.8560073026184
16.9070904543708
16.984150019688
17.0589889214899
17.1752723318765
17.3227032451966
17.4781376363821
17.5731903441503
17.6878283304044
17.7469871610989
17.7583796325774
17.7528419842026
17.7843592290002
17.8004534526655
17.8519600502391
17.9339365518301
17.9962236530507
18.0774229417739
18.1463457562629
18.1876458147788
18.2112594055293
18.3322757091555
18.4136939893311
18.481591522753
18.5429841564472
18.6220706900927
18.5436110502555
18.4998295937345
18.4973931320329
18.5844322549244
18.6724758448596
18.8637157357306
19.0133127231517
19.1858190391925
19.2417381436543
19.2144599866278
999.99
999.99
999.99
999.99
999.99
999.99
999.99
999.99
999.99
999.99
999.99
16.6747087081199
16.6567080068607
16.7596663172049
16.821790203658
16.8841337450697
16.9495975610297
17.0077889580279
17.0786349174496
17.1562829994302
17.2206034750565
17.2580506878033
17.2966335251876
17.3051410775375
17.2920425691302
17.2832665752672
17.2800647162912
17.2798658806612
17.3245625145577
17.3970773509033
17.471114641389
17.5803469383465
17.6881593935257
17.7567654750066
17.8017735005452
17.8896381758817
17.942288383355
17.9835537942912
18.0293335039942
18.0974757453306
18.0692907979484
18.0604117921605
18.0716684872531
18.1989719853618
18.3587752615106
18.5961668121646
18.8265518348655
19.1201336319492
19.2501898969764
19.249824757351
999.99
999.99
999.99
999.99
999.99
999.99
999.99
999.99
999.99
999.99
999.99
16.75725713917
16.6394290373964
16.7536493758129
16.8224914941001
16.8911201930129
16.9499150309587
16.9969472792783
17.0403651328027
17.078440826869
17.0950325252673
17.0982629726808
17.0933461129188
17.073208118493
17.0466865435131
17.0320423566221
17.0092077554815
16.9981905938134
17.0316369131715
17.0894636389956
17.1641277840693
17.2857510155144
17.4137752832094
17.5077382875672
17.5772080002869
17.6516662609154
17.6931177490116
17.7210472981563
17.7555168399978
17.8114756971754
17.8219238225371
17.8350370303676
17.8559131653437
18.0142345698112
18.2276945373147
18.4910892950006
18.7712365022961
19.1160653487823
19.2593589841468
19.2367800727761
999.99
999.99
999.99
999.99
999.99
999.99
999.99
999.99
999.99
999.99
999.99
16.6412301796797
16.6366287415452
16.7672839895997
16.8578082700146
16.9306551734193
16.9878598347007
17.0275130591396
17.058331407567
17.0777057699477
17.0811166610804
17.0729249456047
17.0593081560453
17.0345319414581
17.0095067225137
16.9903594417445
16.9587737036494
16.935317229515
16.9532888793037
16.9989310095225
17.0726356105498
17.201704819169
17.3425790796647
17.4557149067231
17.5437603252542
17.6113927130606
17.6452783665318
17.6671927321558
17.6911231946235
17.7279879087419
17.7580120228622
17.7819433992289
17.8033467125232
17.9907598632622
18.2534132361118
18.5461054732879
18.8608352919333
19.2335305046764
19.3279678759404
19.2270633805761
999.99
999.99
999.99
999.99
999.99
999.99
999.99
999.99
999.99
999.99
999.99
16.3258407938687
16.6140936837806
16.7691583216697
16.8928796789585
16.9759081012146
17.0358040946676
17.0701619473702
17.0887813410132
17.0893594461355
17.077114493241
17.0549010381405
17.0292872101107
16.9963458411143
16.9689900384391
16.9427816490708
16.9028334526563
16.8697312719898
16.8745307531824
16.9099080570497
16.9848691521473
17.1198374135716
17.271230293232
17.4038618226211
17.5126591765594
17.5984784385109
17.6515459417537
17.6929078597543
17.7291222115108
17.7683259386489
17.7917470496208
17.8014942276978
17.8012668970511
17.9354392800021
18.1365752532176
18.3733629680838
18.6361560791032
18.9466785675721
19.0247420624296
18.9356318219507
999.99
999.99
999.99
999.99
999.99
999.99
999.99
999.99
999.99
999.99
999.99
16.2820878353805
16.5915334314216
16.7664762277518
16.9243973830728
17.0180752340658
17.0810337518669
17.1103740708656
17.1180512914781
17.1026785229603
17.0770973525799
17.0430328207197
17.0071577952116
16.9659201709782
16.9337510324063
16.898713479093
16.8508028076022
16.808624602073
16.800726115345
16.8264061484673
16.9015164136964
17.0389982530921
17.1995970281083
17.3529683392694
17.4856395701368
17.5930618666969
17.6683959703725
17.7296996438497
17.7761847118736
17.8155698066085
17.8303423711231
17.8269108861019
17.8375847210169
17.9527468865192
18.1369589746906
18.3632711556869
18.6178749190334
18.8520176191413
18.8981278678451
18.7823259988035
999.99
999.99
999.99
999.99
999.99
999.99
999.99
999.99
999.99
999.99
999.99
16.1610168350168
16.5740113352118
16.7625308733721
16.9437909204344
17.045967592147
17.1118421390841
17.1379388144528
17.1388253047901
17.1144299238433
17.0825752233813
17.0434717858769
17.003936475747
16.9574812299992
16.9191893326045
16.8735668296586
16.8156998363903
16.7625882155468
16.7416604054551
16.7582538862287
16.83186845489
16.9695201340299
17.136088983794
17.3077468065212
17.4628396431715
17.5912100135708
17.6882962729497
17.7693316682536
17.8250191605297
17.8655114896921
17.8760477428499
17.8668109065274
17.8986816162129
18.0064151524537
18.1817742348743
18.4017274950259
18.6501934441453
18.8048898373638
18.8339727658067
18.7081640690263
999.99
999.99
999.99
999.99
999.99
999.99
999.99
999.99
999.99
999.99
999.99
16.1972979052178
16.572338664295
16.7604843365896
16.9409607466579
17.0481821647625
17.1178901380743
17.1453571891608
17.1454010935657
17.120631065986
17.0908188527497
17.0548765699823
17.0195414508189
16.9741983646522
16.9322373705554
16.8784216678875
16.811265275702
16.7459128646882
16.7102973375131
16.7159478129142
16.7831634771199
16.9155223392433
17.0829294066697
17.2673550611326
17.4394092319732
17.5844512709804
17.6995201497418
17.797350404898
17.8613680042129
17.9043828887032
17.9146661440442
17.9053529908261
17.9647401751562
18.0710782284566
18.2544819646858
18.4840123843718
18.7399322540468
18.8453048046171
18.9056731367457
18.7953476772887
999.99
999.99
999.99
999.99
999.99
999.99
999.99
999.99
999.99
999.99
999.99
16.2628420290511
16.5646795226861
16.7438653831837
16.9103800811542
17.0187587107871
17.0920987062526
17.1242419560989
17.1289953820569
17.1110501149755
17.0894939112688
17.0641730274069
17.0406423326954
17.003626268983
16.9630393997717
16.9064278406744
16.8322325594678
16.7552851929034
16.7049143600246
16.6984519787385
16.7554107323833
16.8792097297157
17.0426213547808
17.2321602184791
17.4137884623561
17.5695428621817
17.6960642614538
17.8060639268952
17.8783004562698
17.9251404599983
17.9387963181418
17.9353187142294
18.0295580444916
18.1412485250535
18.3390618364461
18.5815704907361
18.8467575705927
18.900365633417
19.0097615069476
18.9344062721821
999.99
999.99
999.99
999.99
999.99
999.99
999.99
999.99
999.99
999.99
999.99
16.4076010444582
16.552000587195
16.7077427855271
16.8459146389691
16.9529910248683
17.0318603922506
17.0735681458909
17.0896400992097
17.0843238382714
17.0758138931359
17.0646060750683
17.0565935695153
17.0328955003751
17.0001523131126
16.9468695488384
16.8712489098895
16.7877808683859
16.7263541918619
16.7089801276342
16.7556656919497
16.8707309287981
17.0268892130216
17.2139325182007
17.3959407854837
17.552563393355
17.679479508105
17.7928997419273
17.8702913436091
17.9220174481975
17.9428259501134
17.9503878505439
18.0923005647617
18.2524531531685
18.519325172726
18.8263065217777
19.149505360295
19.1849300483385
19.3142047321141
19.2473077054161
999.99
999.99
999.99
999.99
999.99
999.99
999.99
999.99
999.99
999.99
999.99
16.5133280540598
16.4997364942703
16.6330046963996
16.7539590251913
16.8613999944021
16.9505335738797
17.0079487022427
17.0408301212725
17.0516492760659
17.0575415183993
17.0592294633645
17.0645923292315
17.0549510001036
17.0347056630498
16.9916789443847
16.9242848931136
16.8460873843793
16.7838359616985
16.7614428728973
16.8003901831051
16.905681018444
17.0483923882282
17.2217233671748
17.3914307020809
17.536716290413
17.6518189564089
17.759043065678
17.8381316883169
17.8947152941351
17.9237776595621
17.944663605168
18.0793127869593
18.2283221309236
18.4779680955643
18.7622629947824
19.0535780220382
19.0945750843803
19.2741870582794
19.3007270217178
999.99
999.99
999.99
999.99
999.99
999.99
999.99
999.99
999.99
999.99
999.99
16.5570225677573
16.4205414391588
16.5347335316907
16.6501753982752
16.7592457888313
16.8606857174193
16.9366782883458
16.9885540845072
17.0157019209637
17.0347633304284
17.0454554073747
17.0581757830565
17.0596700022825
17.0536805592128
17.0271021340943
16.9795307413298
16.9212560043728
16.871506975521
16.852870388225
16.8878165794462
16.9813678566233
17.1056471768792
17.2553474373217
17.4017956343467
17.5250835331552
17.617942234391
17.7070421352594
17.7806279217986
17.8369717973768
17.8706281055462
17.9015500375273
18.0257984720917
18.1579766610198
18.3842610650614
18.6387395912093
18.8917281071076
18.9467319230773
19.1498174526971
19.2470224623951
999.99
999.99
999.99
999.99
999.99
999.99
999.99
999.99
999.99
999.99
999.99
16.1977137460552
16.3404659425198
16.4392222311264
16.551137152087
16.6615249790708
16.7723902230726
16.8642978642996
16.9328425169395
16.9724341800911
17.0002747915674
17.0155568166985
17.0298832552433
17.0386847655501
17.048467404881
17.0443832688678
17.0272065511499
17.0030424301083
16.9803002697638
16.9754940753493
17.011509176162
17.0933159888724
17.1951991512985
17.3131067350989
17.4275412724958
17.5206214901306
17.582857275795
17.6446960154273
17.7054323029001
17.7556045838448
17.7893204290618
17.8257775737978
17.9378781796682
18.0506213992137
18.2277478114272
18.4270156290528
18.6215203109115
18.6979418728458
18.8968238874344
19.0851833005199
999.99
999.99
999.99
999.99
999.99
999.99
999.99
999.99
999.99
999.99
999.99
15.9284291027079
16.2711251259139
16.3548821405509
16.4673227682582
16.5754886915556
16.690249790037
16.7932034713291
16.8740960952443
16.9229780394886
16.9566542452719
16.9730511271015
16.9847070638328
16.9982220022047
17.0232060195496
17.0442061501805
17.064776248369
17.0853284583262
17.1005195715666
17.119190653733
17.1612337825904
17.2312791666905
17.3078238492337
17.3891783810574
17.4648005034221
17.5221106909236
17.5496672380726
17.5796225620345
17.6213776952089
17.661209238156
17.6915461679845
17.728000675546
17.8202015653412
17.9056324813435
18.0412511007694
18.1943635684213
18.345198787881
18.4669391137123
18.688822561655
18.9623147158386
999.99
999.99
999.99
999.99
999.99
999.99
999.99
999.99
999.99
999.99
999.99
16.0368956228956
16.2265971634437
16.2991856724639
16.4065486687526
16.5067676051157
16.6182343811134
16.7245333549026
16.8116529892507
16.8670082643117
16.9046949548831
16.9223364792724
16.9332481946299
16.953378745623
16.9938494511052
17.0422581276232
17.1030722875382
17.1693801642671
17.2249388758311
17.2704041305667
17.3177854481013
17.3733023632406
17.4230427887585
17.4658709053946
17.5008062854624
17.5233424458541
17.5195869379465
17.5198793588149
17.541508795495
17.5684401764452
17.5914709409255
17.62263541947
17.6738259381049
17.711795011292
17.7887750782469
17.8837783648559
17.9845428350148
18.1782821317169
18.4528486890106
18.781182097746
999.99
999.99
999.99
999.99
999.99
999.99
999.99
999.99
999.99
999.99
999.99
16.0620456263313
16.2366745766048
16.2804693159493
16.3637630194939
16.4485930465833
16.5479753530986
16.6503025462833
16.7390984044272
16.7995634728037
16.8414936879126
16.8646053634022
16.8809738786545
16.9130009050792
16.9714081854236
17.0477839937689
17.143128373387
17.2458717111256
17.3329634084501
17.4001596521391
17.4494049478811
17.4926905174019
17.5209591086006
17.5317412441342
17.5319128134259
17.5264280058986
17.4980510267713
17.4737181791525
17.4762014546125
17.4892677613132
17.5020049488283
17.5225139031683
17.5566604968313
17.5771225673771
17.6404017095062
17.7267110608758
17.8322354500729
18.0956543693255
18.4136832581458
18.7571674430982
999.99
999.99
999.99
999.99
999.99
999.99
999.99
999.99
999.99
999.99
999.99
16.2820113864713
16.2818453553984
16.2895863786161
16.3308838274257
16.3958530698416
16.47811967983
16.5711737043975
16.6573997884831
16.7216461319537
16.7690568731054
16.8046645774231
16.8374040042516
16.8913054371396
16.9740255906602
17.078643603901
17.1973464677611
17.3192442464734
17.420681882052
17.4966999608603
17.5407305660353
17.5748578042459
17.5896526220493
17.5795881255227
17.5559682245344
17.5343800780327
17.491959429943
17.4532854007311
17.4427976493711
17.4454944667327
17.4490490755349
17.4862419382542
17.530307843055
17.5631822916095
17.6437009047875
17.7743894355386
17.8812544374949
18.1867215188505
18.5356498051646
18.8779394197031
999.99
999.99
999.99
999.99
999.99
999.99
999.99
999.99
999.99
999.99
999.99
16.3866947758655
16.3235202921091
16.3007837908938
16.2987155034748
16.3420721465003
16.4069459630585
16.4896312703461
16.573514999885
16.6445175231123
16.7036576383191
16.7603315656877
16.8208252483756
16.9056562468716
17.0161303641988
17.1443698019036
17.2732518788348
17.3948139141272
17.4911375996098
17.5611401734806
17.5923940006429
17.6180266138404
17.6259792195725
17.6059839372735
17.5704482470405
17.5448776183913
17.4999293631493
17.4616243213982
17.4490697880052
17.4513107944999
17.4530309025636
17.5151816438072
17.5697188338455
17.6171309988323
17.7254826146356
17.9086042304966
18.0178876898623
18.3114120424759
18.6528397744875
18.9312114845661
999.99
999.99
999.99
999.99
999.99
999.99
999.99
999.99
999.99
999.99
999.99
16.5589006490993
16.3697257763539
16.3146260361706
16.2835201415878
16.2978411080897
16.3384894366811
16.4126187607121
16.4965173655372
16.5772239865575
16.6540323688922
16.739859083683
16.8390701931155
16.9713331326177
17.1206752186407
17.2758088850972
17.4088491577303
17.5157223338908
17.5760062474099
17.614420988335
17.6164642627101
17.6266412194928
17.6281981253571
17.6110170032162
17.578317931356
17.5609019400844
17.5234388251347
17.4933478790775
17.4840366015436
17.4889150229476
17.4921769282631
17.584516485902
17.6596802352431
17.7333939326595
17.8493662612016
18.0576495118078
18.1345085194358
18.3714307527128
18.6567788073606
18.9171792265039
999.99
999.99
999.99
999.99
999.99
999.99
999.99
999.99
999.99
999.99
999.99
16.6887789509497
16.4241486760916
16.347686580765
16.2993392247077
16.2558183958342
16.2765543104917
16.3456656061648
16.4314746952143
16.5236586357727
16.6219827317087
16.7488462169101
16.8985602964053
17.0877621176365
17.2799995401179
17.4590987638955
17.5739014463247
17.6418602081975
17.6438260802322
17.6333264965549
17.5983179818069
17.5983920904348
17.601804954372
17.5985436262744
17.581283012381
17.5801920066395
17.5559617943953
17.538865100808
17.5358359097114
17.5454295830978
17.5542715473878
17.6827162247091
17.7947966530189
17.912826724778
18.0503657754208
18.2892510239543
18.3330505232903
18.4903574687578
18.6900061298816
18.933069736931
999.99
999.99
999.99
999.99
999.99
999.99
999.99
999.99
999.99
999.99
999.99
16.3815044605672
16.6940086006359
16.6161898226359
16.3207558373528
16.2264246926863
16.2323464648006
16.29744258551
16.3859725981863
16.4907009283396
16.6110261167923
16.7797663156903
16.9815337105552
17.2225251863006
17.4478397457236
17.6411335749618
17.7266062909179
17.7437349269001
17.6814426133531
17.6173285459811
17.5445838244559
17.5348659317837
17.5427995128749
17.5584878446908
17.5650850296494
17.5857311049047
17.580131828682
17.5816417505307
17.5899171619846
17.6094396534427
17.6312647392155
17.8050349601324
17.9617981969901
18.1293996215774
18.3199398556842
18.6154225717414
18.6444711257098
18.7382877409242
18.8661357470496
19.0474409368422
999.99
999.99
999.99
999.99
999.99
999.99
999.99
999.99
999.99
999.99
999.99
16.3652664675626
17.5677229949689
16.648279138082
16.3548997490472
16.2140755079167
16.2067941075048
16.2698555233503
16.3645891558934
16.4854915679711
16.6320036263284
16.8446285083248
17.0948915634095
17.3777121588234
17.6221607907316
17.8142950972272
17.8615980893943
17.822648958345
17.6944672632481
17.5764594221395
17.4677715919305
17.4444117059026
17.4526077034195
17.485461976249
17.5164594522762
17.5564915320747
17.5696697386636
17.5931588713014
17.6176584301472
17.6535597176101
17.6962346178293
17.8678570627195
18.0191193306945
18.1832976699379
18.3741417737304
18.6333642719682
18.6676522613849
18.7258869203079
18.8061085574088
18.9456297928597
999.99
999.99
999.99
999.99
999.99
999.99
999.99
999.99
999.99
999.99
999.99
22.3380500910885
17.6067223654743
16.7304385438581
16.4861481928797
16.3238202428563
16.3274288424486
16.4131201278296
16.4900085342951
16.5999073793652
16.7470258102029
16.9724512216425
17.2347216488053
17.5579755244861
17.8216441541363
18.0152975207745
18.0334107389162
17.9514808777774
17.759214021593
17.6130818698085
17.4938895268614
17.4794492065623
17.5095396133922
17.5669355667094
17.5820705534589
17.5984997863607
17.5891364781299
17.5885621065448
17.5997715832492
17.6451767245697
17.703258508331
17.8631010699735
18.0087290285862
18.1668429583997
18.3630442558241
18.5955004198349
18.672539323125
18.7570835404525
18.8504713529687
19.0023860409229
999.99
999.99
999.99
999.99
999.99
999.99
999.99
999.99
999.99
999.99
999.99
16.3946372669787
17.6645838179035
16.8467465871822
16.6559850939484
16.4956163461721
16.5276237745451
16.6338058585141
16.6841008833782
16.7734831664999
16.9098655870074
17.1678112782125
17.4549385482811
17.8179583987461
18.1036072239267
18.3069909960508
18.2452415775103
18.081004442388
17.8310776931693
17.6606323855282
17.5314995780672
17.553733402229
17.6283980894419
17.6896818244176
17.6677655213666
17.6408501757069
17.5922034691377
17.5542983008784
17.556524962662
17.615091120694
17.6894178897767
17.8354163796892
17.9648683627571
18.1022377815928
18.3115393990853
18.536370363388
18.6826196303351
18.8291671116962
18.972566078936
19.0699617373264
999.99
999.99
999.99
999.99
999.99
999.99
999.99
999.99
999.99
999.99
999.99
16.2420466386111
17.6997750768605
16.9406178813821
16.8307066265342
16.765620102918
16.8492782618556
16.9958426579743
17.0357182112288
17.0818402396687
17.1804107420188
17.4476595257358
17.7340918050084
18.1137461199593
18.421310310067
18.6403528800855
18.495502416328
18.2503798630809
17.9390479192123
17.7375287153622
17.5855679660173
17.6361765847168
17.7471316807778
17.8061396528255
17.7411697063429
17.6709047265996
17.5844250589612
17.508386212629
17.5056575301742
17.5815693638809
17.6697833717606
17.7972502866613
17.9030008636299
18.004796210792
18.2173068104774
18.4361764653861
18.6569807064757
18.8794310903872
19.0946446935783
19.1525814609594
999.99
999.99
999.99
999.99
999.99
999.99
999.99
999.99
999.99
999.99
999.99
16.2550739282656
17.564405547525
16.8638209557448
17.0601009221725
17.0984536059627
17.2411930322802
17.4345286646189
17.4619919570306
17.4806690530997
17.5561626431932
17.8425184216685
18.1340609771975
18.5466019408022
18.8511988569263
19.0604513180245
18.8148968566965
18.4770352283939
18.0828959139517
17.8550429733295
17.6831685977821
17.7611857368251
17.9060922145217
17.9620890206682
17.8461788763402
17.728538261516
17.601088253304
17.481677427575
17.4701238830193
17.5592282722469
17.6526973616811
17.7503554447784
17.8232027035945
17.8784842075746
18.0309194193442
18.1854934565147
18.4305246337579
18.6805337127196
18.9251054675131
19.0149623999573
999.99
999.99
999.99
999.99
999.99
999.99
999.99
999.99
999.99
999.99
999.99
16.3436793721184
16.8566470956632
17.0825251060267
17.3818737194048
17.5431122233476
17.737950445656
17.9659907824215
17.9629870089615
17.9327362235402
17.9580398541081
18.2455035151559
18.5279127300408
18.9683403917294
19.2732381552973
19.5080571595315
19.2007840101288
18.8116170251001
18.3706004327984
18.1485560256671
17.9358161597011
18.0206683314748
18.1772431708705
18.2062820911698
18.0112527388378
17.8456048375909
17.6748023657057
17.5039630594258
17.473975036252
17.5667918143175
17.6523913147281
17.7357117747388
17.7965707302242
17.8409300496972
17.9699175797289
18.1175308385111
18.3979261340006
18.6907347822332
18.9624600583533
19.0856094669223
999.99
999.99
999.99
999.99
999.99
999.99
999.99
999.99
999.99
999.99
999.99
17.0523729580524
16.9977652694917
17.2495230141002
17.5962783857345
17.8452271615767
18.0451694052292
18.257020474064
18.2664375654943
18.2311370642861
18.2403884554076
18.5728777440416
18.8941990987493
19.3405124992011
19.6263246473614
19.8731005052938
19.4902193853107
19.0371088266636
18.5593079538461
18.3004158529958
17.9981378412543
18.0385812406976
18.1556023518462
18.1378641015371
17.9419069863365
17.8120219121867
17.6813730644738
17.5396080984086
17.537670830647
17.6421471437748
17.7249640073429
17.8017395030542
17.8584411627278
17.9058507400883
17.9997988792233
18.1253313665876
18.3796754852798
18.6564807213692
18.8965867589433
19.0108943148914
999.99
999.99
999.99
999.99
999.99
999.99
999.99
999.99
999.99
999.99
999.99
16.7719071300361
17.1273962194547
17.4051629602057
17.8019684477173
18.1495435224479
18.3601739274889
18.5778374567823
18.6409837852756
18.6186043091934
18.6376611954197
18.9753582983619
19.282991688664
19.6758670039012
19.9052314191655
20.1192203571138
19.749175799639
19.3217846189061
18.8468934147288
18.5668607554608
18.1735747949048
18.0916558150981
18.0945535827755
18.0257598575536
17.8370231449417
17.7651679828927
17.7045419630934
17.618411281017
17.6392053209838
17.7538218351598
17.8329422370975
17.9045025455648
17.9650395036522
18.0299132134203
18.0910527816541
18.1892086083465
18.4067163322465
18.6497674196935
18.836253166013
18.9621404929253
999.99
999.99
999.99
999.99
999.99
999.99
999.99
999.99
999.99
999.99
999.99
16.7859123020482
17.2743886615817
17.5976026546068
18.008800466734
18.3986610124879
18.5899844995737
18.7784995948125
18.8684239582219
18.9022914837986
18.9788122007065
19.3510664768119
19.6828952981606
20.0506433277646
20.2197386087256
20.3938443220211
20.0839504071064
19.7149089779585
19.2710634715932
18.9806659943469
18.4944837857708
18.2559151606516
18.1332435282791
18.0087768646511
17.8318993129916
17.8275670875546
17.8475087955938
17.7966689940436
17.8194574996861
17.923497158694
17.9861686406306
18.0413912961287
18.1119198606014
18.198509915035
18.2299950613169
18.2958482368259
18.4688381144237
18.6652707058866
18.7830659116735
18.9099487643757
999.99
999.99
999.99
999.99
999.99
999.99
999.99
999.99
999.99
999.99
999.99
16.839970727685
17.3765569237189
17.7431845730494
18.212216424204
18.6530921089474
18.8225634907511
18.9749715365682
19.1036974075571
19.1730251169016
19.2850281281995
19.686483383478
20.0264588371764
20.3365236955891
20.4991186061016
20.69105788275
20.4813180179835
20.2212492586134
19.8565847682048
19.5365745424994
18.9214661873346
18.4957888413409
18.2243366260037
18.0326404049913
17.8751837389604
17.9530263973777
18.0697418811119
18.0612669934285
18.0827752796555
18.1767258899602
18.2288720840893
18.2749927316767
18.3529453494518
18.4611941213146
18.4782024954152
18.5219904884396
18.6559401139862
18.8188840135242
18.8801957846563
18.9700006067942
999.99
999.99
999.99
999.99
999.99
999.99
999.99
999.99
999.99
999.99
999.99
17.0890941973241
17.4460119193765
17.810846478894
18.2923377418153
18.7706463827853
18.9568782271254
19.1246790768064
19.3575634870313
19.5138913974622
19.7059474767015
20.1517272786711
20.4974277123999
20.7237967961423
20.8470158053553
20.985108978639
20.8028811249903
20.5881402355493
20.2523226831306
19.8611638792348
19.1609188098836
18.5924289994916
18.2128461246146
17.9952225966691
17.9030936200193
18.0637484059409
18.2787776324017
18.3189548810523
18.3434327162811
18.4297503987912
18.477829420357
18.5204310373518
18.6076273795837
18.7150328252658
18.6918366149378
18.6851041462517
18.7299937682125
18.8075314165425
18.8073093178489
18.8561893107171
999.99
999.99
999.99
999.99
999.99
999.99
999.99
999.99
999.99
999.99
999.99
16.6672820942124
17.5099768659948
17.8924550992089
18.4220347498513
18.9645873322797
19.1993891586741
19.4188298348685
19.7539668932089
19.9809640474628
20.2423788162338
20.7173630327527
21.0488471166798
21.1973606301098
21.2869903144945
21.3829303107521
21.2749449317706
21.156860794278
20.8830606689893
20.4799291672722
19.7424002709966
19.0146093622278
18.5030167273474
18.2245187136778
18.1147626985216
18.2766215148143
18.5396178883693
18.5862328156297
18.590608953383
18.651592028917
18.6809402063345
18.7306212632488
18.8313397101189
18.9392621098071
18.9196312646542
18.9075623658182
18.8768890450241
18.8829200962738
18.8362561237404
18.8378550200976
999.99
999.99
999.99
999.99
999.99
999.99
999.99
999.99
999.99
999.99
999.99
16.9458334447847
17.5153239652158
17.9199504378791
18.4722963590491
19.050134763063
19.3288303783745
19.5825795034594
19.9861750111518
20.2814605783318
20.5794611875423
21.0809954486998
21.4241046510573
21.5286094292885
21.5692204205657
21.6404014391552
21.5906952357276
21.5444001485891
21.3433265393215
20.9944136699476
20.2947454240265
19.4708573468748
18.901268745791
18.589890864771
18.4635584392362
18.6306460672223
18.9575619327909
18.9935941514125
18.9782314582963
19.0088131607047
18.9723010356306
18.9804803520258
19.0629917236773
19.1351796285992
19.0964965212268
19.0815035225404
18.9813988690269
18.9239530246732
18.843642535073
18.8056429479673
999.99
999.99
999.99
999.99
999.99
999.99
999.99
999.99
999.99
999.99
999.99
16.868904271088
17.501568686152
17.8744385571563
18.4497302966665
19.0486387555852
19.3763608286712
19.6929369354552
20.1939304805398
20.543158805317
20.8581750322283
21.3661715305475
21.6742837883059
21.6879720586515
21.6408027743003
21.6660918228127
21.628841547781
21.638354328884
21.5224628888746
21.27578029807
20.6707774689951
19.8247965204083
19.2192503830455
18.8731262106328
18.7082213911577
18.8455898465053
19.1996746124975
19.2594033686183
19.2527544736715
19.281161623669
19.2037919560715
19.1934232504689
19.2464237355612
19.286870559646
19.2325799845461
19.2202452721324
19.0583087486421
18.9460399818588
18.8353519477611
18.7624564413123
999.99
999.99
999.99
999.99
999.99
999.99
999.99
999.99
999.99
999.99
999.99
16.8276674275525
17.4648742011521
17.7682308823089
18.3228533717259
18.9115629068572
19.2948425682069
19.702430812453
20.3121511698836
20.7250997551175
21.0812976689785
21.569379789193
21.82621042345
21.7414460665794
21.5690947890981
21.4925582563298
21.4554899342909
21.494319697295
21.4637116861755
21.3570494992846
20.9151565646744
20.1241932952964
19.5371972623446
19.1763738776595
18.9821717960235
19.0999040128738
19.4425012399941
19.5123905211332
19.5202645547439
19.5386561138836
19.3738003593141
19.3221251380177
19.3395953459886
19.3446564602388
19.2870815916005
19.3061239366152
19.1114821673817
18.9558548781266
18.8189802300783
18.7109784941024
999.99
999.99
999.99
999.99
999.99
999.99
999.99
999.99
999.99
999.99
999.99
16.8407705824033
17.4033306024847
17.6672978528768
18.1909880014692
18.7532947766108
19.1662290661173
19.6211430479236
20.2747890316775
20.7234065271417
21.1131979803589
21.5873764297954
21.8336510897491
21.7159809055836
21.4767291914152
21.3401065012828
21.3338562671594
21.4159648491265
21.4762556056033
21.5100765712442
21.2292648129556
20.5050421134311
19.9555022804974
19.5982648253277
19.3898439027417
19.4964424975657
19.8219623097088
19.8791204867956
19.8754439400867
19.8593684922397
19.5989412170981
19.5113542098914
19.5082668580946
19.5088672103725
19.4688629637598
19.5243701136146
19.2978694749807
19.1004001740666
18.9122958387646
18.7524675504575
999.99
999.99
999.99
999.99
999.99
999.99
999.99
999.99
999.99
999.99
999.99
16.9112587782588
17.3197658188384
17.5388627014165
17.9907212881429
18.5058504563735
18.9610281631485
19.4743127469329
20.1591589807691
20.6596831968826
21.1059374170529
21.5615941947207
21.8101296616947
21.6902193719402
21.3973818315071
21.1757656645384
21.109352558133
21.1227265698367
21.1747671577249
21.2750236869206
21.1291714550974
20.5900986969584
20.2069174582579
19.9708458529264
19.8460236525522
20.024353719426
20.3328816464382
20.3646872929423
20.3368245583776
20.2741256195913
19.9031427711046
19.7309065496198
19.6731422136792
19.6325409556011
19.5636643792243
19.598312039733
19.3723128716318
19.1568040402665
18.9413751598411
18.7644632812545
999.99
999.99
999.99
999.99
999.99
999.99
999.99
999.99
999.99
999.99
999.99
17.1073324987053
17.2498733117301
17.4048729329853
17.8074563134585
18.2705985486985
18.7511620739685
19.3090730938984
20.0042351295388
20.5350465377766
21.0488871895131
21.5067807259266
21.7807694978339
21.7092836135728
21.4620172161231
21.2077262658865
21.0464024481663
20.9437952975552
20.9193639168092
20.9618113850094
20.8551568219764
20.5478038732985
20.3601462657328
20.2703466489893
20.2765481576873
20.5227856409347
20.7417020640262
20.7286282316828
20.6599885415049
20.5227565125144
20.0957901856687
19.8938430496443
19.8099381210222
19.759737260901
19.6979085437699
19.7061082063874
19.4785379077025
19.2396996971196
18.9909375339317
18.7941054359885
999.99
999.99
999.99
999.99
999.99
999.99
999.99
999.99
999.99
999.99
999.99
17.3864861322701
17.172943058366
17.293657577135
17.6403703468066
18.0477412177783
18.5529801110604
19.133888065539
19.8168794653328
20.3878766912195
20.9954325548371
21.4646207964418
21.8007183130916
21.8285909328834
21.6799098518854
21.4084090316933
21.1871093366846
20.9957627083386
20.8892024819986
20.8359577801865
20.7516458269676
20.6492261260656
20.6497192148338
20.7163715414877
20.8888509227072
21.2399285074881
21.4061697363971
21.3354769628397
21.2113956663822
20.9684812525437
20.4408295444027
20.1562502196809
20.0191854455265
19.9357297061894
19.8692416124033
19.8501652947347
19.630300657989
19.3783692349187
19.0973532157326
18.8710033827845
999.99
999.99
999.99
999.99
999.99
999.99
999.99
999.99
999.99
999.99
999.99
16.7281339175729
17.1101530553813
17.2266324972225
17.520108671289
17.8707442492401
18.3760580440864
18.9475202667988
19.5856739596566
20.1952742355561
20.8863410805372
21.4025304865777
21.8295272943275
22.0127060808411
21.9975536134464
21.7583917645249
21.4878945593915
21.2315502080467
21.0283639318939
20.8782516161819
20.8030660221454
20.8569504906033
21.0071270365132
21.2074293996823
21.5053636784808
21.8890962616866
22.0207197259941
21.8844158982298
21.6922925682389
21.3379119305791
20.7757321814605
20.4217462781263
20.2446010429767
20.1430482507159
20.1003063009668
20.0480905696234
19.8366239840304
19.5830291524037
19.2766164321839
19.0076653327186
999.99
999.99
999.99
999.99
999.99
999.99
999.99
999.99
999.99
999.99
999.99
16.7390842086034
17.0995819843914
17.1957517377118
17.4315680857031
17.7197937801516
18.1980863156614
18.7556779663164
19.3677697678561
20.0178257839504
20.7893463271732
21.3628861164805
21.8495586215263
22.1457575148166
22.2375682264092
22.0404781704225
21.74923969716
21.4752981258599
21.2230702230494
21.0026375815436
20.9084774343088
21.0620849329369
21.3005556084706
21.5721469875084
21.9503967556134
22.3576962994584
22.4754568339458
22.3156685189766
22.1046244509834
21.6753292891006
21.095777959025
20.647635929054
20.3888717240537
20.2218120339757
20.1836777359149
20.1026769009121
19.9448327638826
19.7341778942084
19.4415257678738
19.1518250274893
999.99
999.99
999.99
999.99
999.99
999.99
999.99
999.99
999.99
999.99
999.99
16.7630934599018
17.1523471486911
17.2131831284707
17.3823678753786
17.5946194121895
17.9971723960152
18.4939504670117
19.0636720643023
19.734564652229
20.5630495855018
21.2202595142213
21.7713442734992
22.1650081941681
22.3694112392205
22.261004037322
22.016604516517
21.8200098261513
21.627548266979
21.400162625783
21.2915879735691
21.4511299446329
21.679696330276
21.9148186179086
22.2966512947655
22.6717901927728
22.7944609560464
22.6316358930238
22.4128151915448
21.9281849696167
21.3594661023762
20.8371036713482
20.5106073166026
20.3091953106574
20.2924420326476
20.2081598536988
20.1025186508464
19.9402885490679
19.6530520340303
19.333754115947
999.99
999.99
999.99
999.99
999.99
999.99
999.99
999.99
999.99
999.99
999.99
17.1944002510588
17.2651066527274
17.2952226241326
17.3698715857322
17.5001307244168
17.8181056551911
18.2508394405064
18.7952718377324
19.5121987056354
20.4238986410152
21.1881438533337
21.8149848934348
22.2751636856056
22.5191067329611
22.443244831837
22.2525168093878
22.1552204249028
22.0696019094124
21.9158232888613
21.8403023177859
21.9336936520194
22.0697829378336
22.196279016197
22.4993034141173
22.8147294331707
22.9911487566282
22.8656783406754
22.6709694760171
22.178973793158
21.6219942444078
21.0264010188036
20.6474780423541
20.4223851455653
20.428221258385
20.3566676531064
20.3026037645347
20.1829490252455
19.8991069007208
19.5397902839777
999.99
999.99
999.99
999.99
999.99
999.99
999.99
999.99
999.99
999.99
999.99
17.7002113620023
17.4153871981273
17.4059649308834
17.3986675491599
17.4466789021906
17.6336257842907
17.9398037688588
18.4145207091056
19.057924511918
20.042365761782
20.9897845684918
21.7596780308248
22.3829188197978
22.6535794246312
22.4408634258403
22.3113863876953
22.325600349943
22.3144964411265
22.2778480953434
22.4323930072841
22.4214191481559
22.2587945015042
22.1749850581052
22.5165371704177
22.7706158428171
22.9820560276863
22.9345925414557
22.8386244823946
22.2060924180535
21.5423358851841
20.8191044727584
20.6436964579172
20.4998011621006
20.705247837737
20.8514776195592
20.8067833997838
20.5456290668039
20.1302397149943
19.78670226629
999.99
999.99
999.99
999.99
999.99
999.99
999.99
999.99
999.99
999.99
999.99
17.9671957671958
17.5684164209274
17.5171180922912
17.4536891102815
17.4307736056867
17.5031449659483
17.6843660938555
18.034014962241
18.620470454048
19.6621585145595
20.7787620116201
21.7319003761829
22.5426711075549
22.9771086374083
22.6650026818367
22.5848878878708
22.6402134661888
22.7001130325754
22.7009694193966
23.0583811089122
22.9331405741972
22.4743634678168
22.0939912646099
22.3001321352208
22.420185014241
22.682726260875
22.9222645772291
22.9744610855422
22.2299356533827
21.5808818725569
20.7235998308978
20.5411904055529
20.5027294037679
20.8852931562174
20.961588621127
21.0086748136379
20.685266965189
20.2269479378143
19.8302594678336
999.99
999.99
999.99
999.99
999.99
999.99
999.99
999.99
999.99
999.99
999.99
17.6415301597357
17.6029872593531
18.0876321578151
17.6828609690735
17.3040685953613
16.9197416926859
17.0091165613326
17.3865854680872
17.2848385447306
18.5722461540574
18.3567757624023
22.8355832756132
24.65246
23.4811305624691
24.2803811677755
19.7781950197848
18.3564508258292
24.65246
24.65246
24.65246
21.0996572175211
23.4856657098614
23.2855407167747
18.8031108039576
21.1920127322003
24.65246
24.65246
24.65246
19.9198025588887
22.4848514430016
18.7238871794098
18.5354274049605
19.0140280465684
23.5107333499255
23.5630668491789
23.3124859912211
23.5502037332008
18.3762728781091
18.8155534111649
999.99
999.99
999.99
999.99
999.99
999.99
999.99
999.99
999.99
999.99
999.99
999.99
999.99
999.99
999.99
999.99
999.99
999.99
999.99
999.99
999.99
999.99
999.99
999.99
999.99
999.99
999.99
999.99
999.99
999.99
999.99
999.99
999.99
999.99
999.99
999.99
999.99
999.99
999.99
999.99
999.99
999.99
999.99
999.99
999.99
999.99
999.99
999.99
999.99
999.99
999.99
999.99
999.99
999.99
999.99
999.99
999.99
999.99
999.99
999.99
