999.99
999.99
999.99
999.99
999.99
999.99
999.99
999.99
999.99
999.99
999.99
999.99
999.99
999.99
999.99
999.99
999.99
999.99
999.99
999.99
999.99
999.99
999.99
999.99
999.99
999.99
999.99
999.99
999.99
999.99
999.99
999.99
999.99
999.99
999.99
999.99
999.99
999.99
999.99
999.99
999.99
999.99
999.99
999.99
999.99
999.99
999.99
999.99
999.99
999.99
999.99
19.0155173662961
19.1875831033078
19.4470286974608
19.1873065749581
19.0775340043877
19.3825320116714
20.5597001548587
19.0521680568754
19.7361516609601
19.6699302695617
20.0021907778632
20.211525348055
20.0103835920177
20.2547037037037
20.0158812900869
20.2170019357336
20.3305644951255
20.1646057488775
20.3941365370982
20.4399661120915
20.4506316826805
20.1143269529541
19.7692334092543
20.2837035344318
20.3427853321669
20.2255351423644
19.9407483546264
20.0105748726689
19.6722692429522
19.2411692082598
19.6013542694239
19.4066388373531
31.0690716690715
19.6699302695617
19.7914046135823
20.7604077526552
19.6151009623362
34.1564152978241
19.6699302695617
999.99
999.99
999.99
999.99
999.99
999.99
999.99
999.99
999.99
999.99
999.99
18.8739614261077
19.340748863036
19.4985512373498
19.784157636971
20.0534109557617
20.2594919631288
19.9816079183751
20.2305311530081
20.2282101344348
20.19446684904
20.2048319318377
20.1990165612647
20.1232229440004
20.1380247074125
20.1255977676629
20.1035221490388
20.1022854533059
20.1284651992525
20.1471437786392
20.130032493113
20.0911318609986
20.0699077071817
20.0460965718187
20.0124923320398
20.0086436698989
20.0096564541248
19.948296132976
19.8466455753634
19.9114399243233
19.905199781288
20.8595760649802
20.9343428389598
21.0865199423372
21.1277414172438
21.1438025708744
20.8927658205404
21.0033339735828
21.0326040200475
20.9660317103729
999.99
999.99
999.99
999.99
999.99
999.99
999.99
999.99
999.99
999.99
999.99
18.2622142429773
18.7369162334269
18.9398998652607
19.2871151785895
19.6661564418358
19.982279117255
20.3488773898253
20.730648965198
20.7382778490739
20.6096336656475
20.5094042681767
20.3682432349432
20.1456272121568
20.1006913377219
20.0735504890462
20.0475485084497
20.016499157248
20.0325390027207
20.0338687451143
20.0233665299217
19.9994528987462
19.9803187454046
19.9587034592227
19.9370411466757
19.9264368813337
19.9276898428345
19.8991398664716
19.8465163089009
19.8624813459688
19.8872528897234
20.3970441409841
20.4805377539076
20.5988514561162
20.6801833350829
20.7010447283013
20.912526107118
20.9761302672409
21.0452671434485
21.0395220379704
999.99
999.99
999.99
999.99
999.99
999.99
999.99
999.99
999.99
999.99
999.99
18.0841240981241
18.5864000606904
18.8316128508977
19.253526423505
19.6971469687919
20.1493908078066
20.6102289958978
21.0762148404029
21.0639179230128
20.8854752601373
20.6734158299268
20.4326561488702
20.1083848603485
20.013450859314
19.9707542925056
19.9299964590685
19.88502210614
19.8840603810623
19.8790726065312
19.8824470399874
19.8814642163249
19.8756431979567
19.8663186453927
19.8627626013445
19.870126275271
19.8707626929055
19.8752899586608
19.8727796294453
19.9167065934769
19.9619799421357
20.0317512326689
20.121680888503
20.2303497700329
20.2776031062118
20.3008837783263
20.3938241138568
20.4528533653473
20.5140875308622
20.5367032381341
999.99
999.99
999.99
999.99
999.99
999.99
999.99
999.99
999.99
999.99
999.99
18.2540579437984
18.4201016191881
18.6692688403764
19.1383269619763
19.6830927388581
20.2317644654746
20.7810912671504
21.3236487739253
21.3377150617573
21.0856724912994
20.7914741868605
20.4655562238131
20.0591563868734
19.9011946038931
19.8408856460496
19.7894425638338
19.7378257177583
19.7364056844751
19.7388815154217
19.7543219957411
19.7708813252941
19.7883417202226
19.8010100032212
19.8184595519583
19.8464720955445
19.8665983560992
19.8872197468711
19.9013178140643
19.9229594270725
19.9365459146266
19.9688452490485
20.0213212018836
20.0946172580664
20.1549839935513
20.1976542868721
20.2875850901907
20.3403997244297
20.3758068744271
20.3762649580811
999.99
999.99
999.99
999.99
999.99
999.99
999.99
999.99
999.99
999.99
999.99
18.2438573716257
18.3437678248115
18.6337656902286
19.159640312884
19.7812262155692
20.4001801862186
21.0117631624858
21.5332524382528
21.5343429273876
21.1956841198282
20.8103631681692
20.3893934950776
19.9461777842496
19.7387803976878
19.6726811885135
19.6222738152903
19.5788935443099
19.5808875137397
19.5967755311442
19.6299375353602
19.6677771701699
19.7111094267634
19.7472416178684
19.7858156660429
19.8329308445075
19.8712453299935
19.9087379957531
19.9398448768354
19.9598464600302
19.9632912273597
19.9793047665908
20.0097593413505
20.0628451524986
20.1158249966692
20.1626197014235
20.2354211458366
20.2690748512736
20.2668482392249
20.2514167828678
999.99
999.99
999.99
999.99
999.99
999.99
999.99
999.99
999.99
999.99
999.99
17.8408187801359
18.2813536059239
18.6512585780888
19.1972017510588
19.8127482825515
20.4221434569198
21.0141315381146
21.373866231298
21.3229664598267
20.9821299352361
20.5879382458263
20.1535357656383
19.7787958857508
19.5756819169893
19.4972390273519
19.4438107466539
19.4086642061743
19.4191385211403
19.4554969763422
19.5117726258459
19.5742166054352
19.643137608579
19.7011593093379
19.758085796602
19.821947049739
19.8770683815149
19.9319930804521
19.9814150702131
20.0191900681638
20.031282939583
20.0478539351366
20.0703771426369
20.1149146490176
20.15923633831
20.2101444161208
20.2689005663422
20.2903424171872
20.2648121934697
20.2229449318408
999.99
999.99
999.99
999.99
999.99
999.99
999.99
999.99
999.99
999.99
999.99
17.5313275889809
18.2164669718663
18.643530496621
19.2054120096953
19.8036169309582
20.3954745121995
20.9675395828631
21.1958815910585
21.1071985796295
20.7753307475567
20.3833632966046
19.9437693117824
19.6223335516365
19.4171581605327
19.3233509368149
19.2647945582672
19.2378689889618
19.2621777535995
19.3236654309138
19.4048480004524
19.4921173262516
19.5831553259533
19.6591609272193
19.7301154739198
19.8058471133707
19.8733709011698
19.9443474764079
20.0140036225995
20.0728661923334
20.0997228812855
20.1204377372818
20.1329070165943
20.159499069046
20.1872295942537
20.2322881952817
20.2715688054969
20.2818546957052
20.2442964349903
20.1844929461062
999.99
999.99
999.99
999.99
999.99
999.99
999.99
999.99
999.99
999.99
999.99
17.8026379273069
18.1633356649172
18.6297699745001
19.1944438226595
19.7676546238836
20.3341187446208
20.887508033485
20.9915537201473
20.8781072482822
20.5639583077367
20.1865168170803
19.7535145268442
19.4932089022518
19.2920320229358
19.182926095974
19.1170383817674
19.0932410270034
19.1257618880548
19.2053285088931
19.3080941836751
19.4159039293984
19.5252102098858
19.6155766322627
19.6964017582545
19.7792123249278
19.8548587959502
19.9371499215905
20.0254761213238
20.1067131363473
20.1546731220638
20.1856312599212
20.1932211521584
20.2006645031603
20.207254960604
20.2352653822899
20.2699669192731
20.2895568495571
20.2681645186416
20.2233062155929
999.99
999.99
999.99
999.99
999.99
999.99
999.99
999.99
999.99
999.99
999.99
17.8284892780468
18.1398950174343
18.6284229220335
19.1692407136555
19.7038322754122
20.2380078468159
20.7616267519655
20.7354855168303
20.6151469472901
20.3462355525567
20.0123084993457
19.6219262064603
19.4576658409813
19.2557135347711
19.1210762846479
19.0323194804445
18.9912972707517
19.008565283798
19.1013443167273
19.2199102666118
19.3438229399242
19.4674104794416
19.5704341314505
19.6590589317777
19.7460678747426
19.8268904589735
19.9170682673175
20.0202201124213
20.1210314637273
20.1917529516506
20.2365299670285
20.2449476042645
20.2367149826927
20.2236523662053
20.2290535089197
20.2519483600427
20.2744950435864
20.2697613550724
20.2429475285058
999.99
999.99
999.99
999.99
999.99
999.99
999.99
999.99
999.99
999.99
999.99
17.8768403716465
18.1325767332329
18.5811752406569
19.0240748320815
19.4706028275408
19.9235452865477
20.3674454765844
20.2866665823008
20.2093302134126
20.0360098640502
19.7996814471833
19.5123074734837
19.4351782247108
19.2404975758893
19.0864732378149
18.9767486974752
18.9151896464
18.9159051218538
19.0168936305134
19.1460946686338
19.2832265808012
19.4182442102159
19.5328662424033
19.6292871729282
19.7188430747738
19.800062344996
19.8924727769367
20.0032151595793
20.1157240717723
20.2048110426959
20.2635171486872
20.2764121170008
20.2584302625456
20.2308637922017
20.2149253751147
20.2245700401917
20.2471676888089
20.2571347143932
20.2475927888418
999.99
999.99
999.99
999.99
999.99
999.99
999.99
999.99
999.99
999.99
999.99
17.9515613275613
18.1326753508546
18.4785189640976
18.7923541700399
19.13728640783
19.4925150708622
19.8437451953257
19.810108757132
19.8328561127658
19.7545978110369
19.623014088178
19.4496337272133
19.4244018122852
19.2272142428842
19.0710520585457
18.9516426408574
18.8743956849144
18.8536863481421
18.9546640301799
19.0873072600628
19.2324049905635
19.3768136367524
19.5032939387136
19.6097332467331
19.7021375745256
19.7811677923733
19.8691216958073
19.9781579965624
20.0918986322344
20.1923061615155
20.262973621254
20.2846058344821
20.2656677227738
20.2322102500267
20.201228641702
20.19993044059
20.2201732541024
20.2390329134857
20.2416699884329
999.99
999.99
999.99
999.99
999.99
999.99
999.99
999.99
999.99
999.99
999.99
18.2079997644079
18.1433157374633
18.4107379915805
18.625818792079
18.8853316763443
19.1538963618008
19.4192910222334
19.4228666555779
19.5149304379481
19.5094056341279
19.4651135642517
19.393040314326
19.4201893721848
19.2366793181013
19.0876195627919
18.9632086376712
18.8702997884709
18.8234705898443
18.9156161013402
19.0446072930056
19.1928531466827
19.3447621451899
19.4829831659543
19.6010156467576
19.6981390597465
19.7756270993085
19.8567348895285
19.9578850649218
20.0650360454108
20.168704499551
20.2479171297404
20.2809722161396
20.2700643804841
20.2404047921739
20.2042924030743
20.1958488226031
20.2123370981918
20.2338600906079
20.2427485332326
999.99
999.99
999.99
999.99
999.99
999.99
999.99
999.99
999.99
999.99
999.99
18.3019041459895
18.1838597760206
18.370651875135
18.5005729901051
18.6670482101484
18.8432039449793
19.0125944002697
19.0376781992568
19.1768073888662
19.2438221560346
19.2856252552124
19.3146992199695
19.3989168194566
19.24238514491
19.1079067317047
18.9846139586539
18.8811483242722
18.8106132183791
18.8918892255059
19.0123145653862
19.1597955712586
19.3166191585438
19.466380657022
19.5976633285586
19.7025274622915
19.7822754554663
19.8592687325172
19.950723770854
20.0468451877478
20.1463424421589
20.2278308644818
20.2695162118252
20.2701302353995
20.2505100253178
20.2188301620616
20.2091792757063
20.2225367379816
20.2420391719291
20.2507732672607
999.99
999.99
999.99
999.99
999.99
999.99
999.99
999.99
999.99
999.99
999.99
18.1989814270128
18.2572198474467
18.3583054650454
18.4048861040768
18.4784712505632
18.5600955944468
18.6409792430839
18.691014222296
18.8357023381091
18.9320869104902
19.0163681502143
19.0959348058257
19.1898208751874
19.0989637680053
19.0195013888945
18.9388487150747
18.8666030212136
18.812158499111
18.878133743501
18.9845874989608
19.1252866663177
19.2829391116708
19.442429672793
19.5878603660863
19.7042969154489
19.7922363136075
19.8706011721577
19.9554176468227
20.0415317712439
20.1345150345559
20.2145111785054
20.2614087938286
20.2731130906591
20.2647655089366
20.2418540729116
20.2339082738672
20.2439190951862
20.2570069105175
20.2604972079162
999.99
999.99
999.99
999.99
999.99
999.99
999.99
999.99
999.99
999.99
999.99
18.2043015671902
18.3425702180177
18.3972909164177
18.4058227545109
18.4143333658433
18.4299446503781
18.451275174675
18.4952924093708
18.6141797037228
18.7098459429089
18.8042208622676
18.8992209183268
18.9964288989264
18.9651784528333
18.9358169733915
18.8954020874737
18.8529503582966
18.8132559801228
18.8615629120824
18.950286226283
19.0783323440483
19.2330139987585
19.4009364856769
19.5616315043869
19.6936282900862
19.7967116697066
19.8837551778902
19.9682576656053
20.0496383955102
20.1384751219501
20.2171765826751
20.2675116482124
20.2872804397504
20.2873758361578
20.2718456964727
20.2636262383825
20.2680206851793
20.2725877388646
20.2684464871152
999.99
999.99
999.99
999.99
999.99
999.99
999.99
999.99
999.99
999.99
999.99
18.3989000206143
18.4313343884731
18.4803938971373
18.4765286122169
18.4538876730334
18.4379230108895
18.4334223409908
18.4485225043756
18.5153540456132
18.5810199166145
18.6518771036618
18.7256891040702
18.811894035573
18.8270340989576
18.8396300397699
18.836578876511
18.8245616693166
18.8049748590935
18.839936961814
18.9123646277849
19.0266203399607
19.1766866151708
19.3508782319367
19.5256932998666
19.6738612909478
19.7945096159676
19.8943134679616
19.9841800745206
20.0673061996466
20.1561574142132
20.235729547798
20.2894620541867
20.3145819535887
20.3200385056563
20.3100537394266
20.3006400336613
20.2979613457019
20.293251894032
20.2798257106101
999.99
999.99
999.99
999.99
999.99
999.99
999.99
999.99
999.99
999.99
999.99
18.4514281088636
18.5336589067251
18.5652728015056
18.5356307783263
18.4839078652821
18.4410262735888
18.4173309136439
18.4135064945059
18.4396806821812
18.4795564973048
18.5255802890253
18.5714357411137
18.6331598490428
18.6768902965811
18.7204360254464
18.7499899351571
18.7696425501888
18.7772034472202
18.8082431084551
18.8715725411983
18.9761042398044
19.1232599341106
19.3021991921927
19.4882422231836
19.6499324506522
19.786607868771
19.8987650184513
19.9960747759044
20.0843335315364
20.1762882801709
20.2572918344178
20.3135295979312
20.3417804313398
20.3496247834898
20.341570647314
20.3299516517503
20.3190566612024
20.3042007160411
20.2816282806576
999.99
999.99
999.99
999.99
999.99
999.99
999.99
999.99
999.99
999.99
999.99
18.759681227406
18.6173007650019
18.6316764950584
18.5786603683773
18.5053074136286
18.4442930502356
18.4119659555663
18.4030424343518
18.4044636508801
18.4210306301857
18.4393292932618
18.4497359916966
18.4734016204802
18.5264874431509
18.586680962072
18.6412619265038
18.6921418479884
18.7329165448304
18.7705489583635
18.835657725992
18.9379479563526
19.0845566699147
19.2659828290632
19.4584170127598
19.6284309846351
19.7756684350028
19.896290649415
19.9999724600791
20.0936204800753
20.1890982085906
20.2712097887104
20.3288865580792
20.3581619393054
20.3646631110876
20.3540499128258
20.3376895043447
20.3176425522378
20.2930078593965
20.2644675585242
999.99
999.99
999.99
999.99
999.99
999.99
999.99
999.99
999.99
999.99
999.99
18.9389207932989
18.6823619720899
18.6834218278823
18.6059098094507
18.5192150635903
18.449211156712
18.4136907965267
18.4042639915612
18.4053535258864
18.4159522215485
18.4213131642223
18.411467604865
18.4091353700322
18.4392519365468
18.4887972432713
18.5457084251334
18.6096078129736
18.67167214404
18.7288559977555
18.8067597110498
18.9146258035768
19.0638232732502
19.2454712156749
19.4456253247377
19.6246972874429
19.7832427974479
19.9145431602395
20.028933386291
20.1195356100323
20.2102400087941
20.2852694968225
20.336284522508
20.3581533639659
20.3621000770042
20.3786753703885
20.3885957201872
20.391724967463
20.3909956694492
20.3905498336
999.99
999.99
999.99
999.99
999.99
999.99
999.99
999.99
999.99
999.99
999.99
18.798626649773
18.73050438701
18.7139862453773
18.6202366213025
18.5276708071617
18.4568091962653
18.4232412616291
18.4177656218559
18.4207046471122
18.4232213560728
18.4141961280487
18.3835055498593
18.3520584736524
18.3538076012033
18.3895597785534
18.4450879563647
18.5206806552172
18.6077522296749
18.6914948178557
18.788259294504
18.9072644419989
19.0602537300773
19.2384332583335
19.4396062984288
19.6210679174382
19.7847634911826
19.9233185234083
20.0467579325359
20.1340642114592
20.2189773489975
20.2854476386778
20.3282026117005
20.3413602667994
20.342067885326
20.3867205072301
20.4504153976584
20.5044210094399
20.5562391669661
20.612427273213
999.99
999.99
999.99
999.99
999.99
999.99
999.99
999.99
999.99
999.99
999.99
19.0121620812405
18.7861451551909
18.7428034360435
18.6403825531063
18.544779320586
18.4774438470881
18.4459078150974
18.44209729137
18.4455931998398
18.439420564958
18.4167033656264
18.3689709028429
18.313339355753
18.2903813149112
18.3131755604225
18.3651570101546
18.4497633862876
18.5596878022917
18.6693893875996
18.7846172284853
18.9143904334401
19.0675880230478
19.2368819933934
19.4314502978576
19.6089231575419
19.7731763395535
19.9179501959606
20.0504734431784
20.1356554227552
20.2160654321948
20.274399939282
20.3079644590749
20.3110980566608
20.3070488762384
20.3777516737012
20.4927819533405
20.596303890566
20.7010457267273
20.8146262980535
999.99
999.99
999.99
999.99
999.99
999.99
999.99
999.99
999.99
999.99
999.99
18.8775847423966
18.8647331348635
18.7830840662165
18.678175582454
18.5813403087145
18.5163739803195
18.480923675018
18.4680540712665
18.4632684660335
18.4432457106227
18.4051026183789
18.345075622189
18.2761821521537
18.2392515554268
18.2582911623271
18.3136636431895
18.4096942997642
18.5396857171536
18.6714679915572
18.7995892533284
18.9326037056049
19.0774227666853
19.2306496157956
19.4124101610148
19.593790539653
19.7691659198066
19.9335221879762
20.0895666171279
20.186977210374
20.2525843717814
20.2928469399258
20.3059415976335
20.2856957080255
20.2634337070725
20.3592237698485
20.5236119582052
20.6755576209858
20.8336905879082
21.0041341050687
999.99
999.99
999.99
999.99
999.99
999.99
999.99
999.99
999.99
999.99
999.99
19.0550601384678
18.935771641897
18.8374844334005
18.7264855441825
18.6300073573793
18.5658596983949
18.5237097896722
18.4958657691155
18.4769407279917
18.4420954777483
18.3901836445519
18.3211986490855
18.249190689861
18.2098662249968
18.2341189463099
18.2996605108419
18.4104745497825
18.5572406974741
18.7044827973084
18.8371456990653
18.9635898576688
19.091060523527
19.2206252739239
19.383978059693
19.5660750649189
19.7519333806999
19.9600522299469
20.1650918360587
20.3003777660873
20.3763639677784
20.4242189414059
20.3954897604911
20.3368275609257
20.2828878747051
20.4229628710792
20.6554096460129
20.8966449787739
21.1325105162672
21.379413899291
999.99
999.99
999.99
999.99
999.99
999.99
999.99
999.99
999.99
999.99
999.99
19.1937734160922
18.9742976766182
18.8865184731939
18.7795129825429
18.6825839801553
18.6156945081965
18.5626716680127
18.5179820156594
18.4858076123862
18.4448969269847
18.3867853674283
18.3150569324621
18.2486171645828
18.2151917184859
18.2471797806764
18.3247340262288
18.4509945796803
18.6092805477962
18.7647718280639
18.8959264976146
19.0102891146393
19.1153295585421
19.2173790635554
19.3451235839772
19.5108112025876
19.6901452863513
19.9345403756467
20.182499225658
20.3781174373873
20.4878218996654
20.5680223389601
20.5050896014882
20.4148322475603
20.3227294035289
20.4370707638542
20.6668753849521
20.9353908095333
21.1868099344162
21.4447625619225
999.99
999.99
999.99
999.99
999.99
999.99
999.99
999.99
999.99
999.99
999.99
19.2280434635051
19.0007118234034
18.9357081778274
18.8245672859003
18.7266191797785
18.6510469323147
18.5846192338777
18.5241168064443
18.4825891798134
18.4443320999899
18.3887424660114
18.3178662913481
18.2622500788631
18.2402149992479
18.2820574966184
18.3751363334503
18.5210680772953
18.6899662614799
18.8514386470552
18.9806930909949
19.0819113737823
19.1642102043471
19.2390960224967
19.3309217431457
19.4773767719296
19.6453023862301
19.9180779927857
20.2211433640775
20.4886860873607
20.6473887137523
20.7784028012328
20.7036092138871
20.5667468130506
20.4223343506833
20.4931869821771
20.6499880798488
20.8747394628606
21.0875833985703
21.3021869065287
999.99
999.99
999.99
999.99
999.99
999.99
999.99
999.99
999.99
999.99
999.99
19.2026967937212
18.9820160247345
18.9526206809586
18.851590192732
18.7573791555307
18.6736882976682
18.597741177368
18.5256616310776
18.4772972678802
18.4440721191536
18.393402972624
18.3237716419925
18.2804944475944
18.2706960980229
18.3230839150357
18.4333168126635
18.599650142051
18.779139504904
18.9483441017535
19.0789896129129
19.1704707235326
19.2355277981989
19.2877761853838
19.3471139975824
19.4748338869642
19.6288778597806
19.9225441559864
20.272047011482
20.6010170305517
20.7994867339325
20.9754452216692
20.8869780476024
20.7058107695692
20.5145359351456
20.5489559240248
20.639936684163
20.8285065904954
21.0062482278852
21.1804522479266
999.99
999.99
999.99
999.99
999.99
999.99
999.99
999.99
999.99
999.99
999.99
19.2023657480731
18.899630132679
18.9200660109588
18.8406686631867
18.7535166115162
18.668123474694
18.5923286466467
18.5226451625054
18.4766716944808
18.4549411349531
18.414822421962
18.3484718399318
18.3150897398218
18.3153505232932
18.3751149996672
18.496430359663
18.6776006315124
18.8657055108724
19.0423548922723
19.1766071015259
19.2650219862739
19.320819597498
19.3558895427744
19.3868295979783
19.4727433056129
19.5852861766385
19.8688533322443
20.2330508331608
20.5912582981433
20.8466655742869
21.086882752763
21.0071156751275
20.8084217141737
20.5997125014601
20.6051919460509
20.6388272556409
20.8001100597581
20.9483512012208
21.0858631173824
999.99
999.99
999.99
999.99
999.99
999.99
999.99
999.99
999.99
999.99
999.99
18.9757511928644
18.819327224949
18.8623083786865
18.8065159481994
18.73025553965
18.6462007146415
18.569690375896
18.5047353723965
18.4630206861642
18.4491654611188
18.4224400313264
18.3696785940994
18.3512838656648
18.3643086637848
18.4337647726698
18.5616235568011
18.7474132913338
18.9378938715497
19.1189458873641
19.2569333074645
19.347350356303
19.4098701847602
19.443778471876
19.4609352004637
19.5172993385316
19.5971917653686
19.8137422705928
20.1322507854476
20.4590207363846
20.7121471573729
20.9575566885123
20.9296871090688
20.7450523512865
20.5515032789194
20.4977803218273
20.4462009931561
20.508219831025
20.586097036906
20.645969872018
999.99
999.99
999.99
999.99
999.99
999.99
999.99
999.99
999.99
999.99
999.99
18.6766114404373
18.7583081278194
18.7997906099964
18.7579724521123
18.6959246309855
18.617471247072
18.5412552574733
18.4809991109002
18.4413853314609
18.4267745459388
18.4117374033704
18.378260398378
18.3790000494435
18.4082351497672
18.4925560547898
18.6263318415909
18.8112640482355
19.0004751286671
19.1829774535533
19.3215124986865
19.4126246546326
19.4828184424128
19.5179366330749
19.5316569396135
19.5695728781609
19.6273367246056
19.7688347806711
20.031928668204
20.3028979168526
20.528963431242
20.7534101920616
20.7850463678768
20.6397741194777
20.4925275746702
20.4450860531249
20.3765555912903
20.392093354424
20.4190882395153
20.4244766097256
999.99
999.99
999.99
999.99
999.99
999.99
999.99
999.99
999.99
999.99
999.99
18.5549120020514
18.7025044645131
18.7313421551932
18.7017804202087
18.6556856532204
18.5911366321604
18.5228515956549
18.4704059791413
18.4328712105527
18.4128736181233
18.402752390874
18.3883265198063
18.4076270692765
18.4521206012266
18.5507331773379
18.6885444067005
18.8668606345211
19.0507012765746
19.231034449894
19.3659768941809
19.4547679616567
19.5306823728269
19.5671032980768
19.5790440820674
19.6024561767343
19.6429805705641
19.7157575342884
19.8895665636499
20.0716469616882
20.235187734292
20.4008281705306
20.4501491748547
20.3798915633258
20.3139328400894
20.3125527294422
20.2956600108802
20.3357361370111
20.3442663659558
20.3264823221735
999.99
999.99
999.99
999.99
999.99
999.99
999.99
999.99
999.99
999.99
999.99
18.7252057307771
18.6627048073547
18.6733115900014
18.6496061252171
18.6165306530226
18.5668920937102
18.5091408982422
18.4681676426543
18.4374430762463
18.415397407073
18.4102310538205
18.4124353349526
18.444588324395
18.4987244313555
18.6060902709565
18.7451001490286
18.9162309247471
19.0945970816392
19.2705209256102
19.3979440798893
19.4792502420252
19.5550105977685
19.5896137668766
19.5994617213826
19.6113400022805
19.6393934286848
19.6502909421056
19.741199492287
19.8417313689851
19.949079634067
20.0598290830572
20.1288336290983
20.1334586244552
20.1460366071639
20.1875314463366
20.2205126366058
20.2823269671429
20.2720441629091
20.2305649845427
999.99
999.99
999.99
999.99
999.99
999.99
999.99
999.99
999.99
999.99
999.99
18.768472022364
18.6527714912588
18.6412816527516
18.6159528846563
18.5918819695564
18.5521789480169
18.5017992772758
18.4677846069005
18.4430958738259
18.4203283336569
18.4200874299695
18.4371373161526
18.4810523618429
18.543421234394
18.656724989921
18.7986239657493
18.9653035399557
19.1381291863427
19.3077896129057
19.4245786265568
19.4916344108143
19.561670817622
19.5943957859898
19.6043614941656
19.6224771959922
19.6583506845795
19.6275026972766
19.651907346944
19.6865814655724
19.727926534515
19.7722537657896
19.8485142099585
19.9153340238234
19.9924921771155
20.0733176658883
20.1522409120719
20.2314636874755
20.1991484274119
20.1319576485259
999.99
999.99
999.99
999.99
999.99
999.99
999.99
999.99
999.99
999.99
999.99
18.6867576913988
18.6471934589512
18.62927324746
18.6008431855341
18.5799353851555
18.5458215171049
18.5040835661708
18.4778832804084
18.4612008492938
18.4431964822412
18.4475757384493
18.4718237834748
18.5192794437467
18.5826101695692
18.6952669856452
18.8391389954944
19.0047767601198
19.1749713194283
19.340092785766
19.4466933189998
19.4982671123676
19.5453749165167
19.5600552262406
19.5549876255953
19.5654143400398
19.5955748440906
19.5655623862609
19.5682748876039
19.5812548248686
19.598949511683
19.6195448736493
19.6822165056645
19.794991972835
19.9197217080607
20.0541950297653
20.1901969183419
20.3194296059776
20.2816648150268
20.2068340746793
999.99
999.99
999.99
999.99
999.99
999.99
999.99
999.99
999.99
999.99
999.99
18.6145958540105
18.6593861236969
18.6378274634517
18.6117205944111
18.5873645389937
18.5535816284413
18.5187047777521
18.4998155543579
18.4915114063386
18.482776463644
18.4913400737742
18.5166223844383
18.5595497024262
18.6168985495866
18.7212430137059
18.863593462243
19.029313920202
19.1997861685577
19.3639580711193
19.4658898118967
19.507876542854
19.5370177811312
19.5390842347788
19.5232312029129
19.5284129646538
19.5532050680638
19.5315865257983
19.5185850866462
19.5158267327171
19.5149665312664
19.5186630828364
19.5590447909788
19.6772471425255
19.8092586754935
19.9566008662608
20.1058905751223
20.2467738941736
20.2282628881763
20.1694712033187
999.99
999.99
999.99
999.99
999.99
999.99
999.99
999.99
999.99
999.99
999.99
18.5829326353918
18.6892662741151
18.6772990732946
18.6426573915949
18.6122629159863
18.5743843769998
18.5414776304599
18.5269678499056
18.5243574263353
18.5240402595956
18.5363454213015
18.5588722438416
18.5923033153629
18.6397052328916
18.7331202010367
18.8720846255339
19.0386588350665
19.2121025604837
19.3788675453256
19.4800711723887
19.5178233850431
19.5347417327224
19.5285938115601
19.5054679363162
19.5081574226644
19.5286781193322
19.5160146771323
19.5067819753733
19.5205392434786
19.5321889994846
19.5509085244951
19.6013000034654
19.7182709118795
19.8224562775851
19.9458574128992
20.0688643727112
20.1787738045046
20.1573066139129
20.1078925232317
999.99
999.99
999.99
999.99
999.99
999.99
999.99
999.99
999.99
999.99
999.99
18.6963269630099
18.7472870455834
18.7240427571518
18.6822603096936
18.6458773987207
18.6033999221901
18.5709748135704
18.5583352354591
18.5576636489929
18.5620861336928
18.5754586194726
18.5929612190206
18.615437810487
18.6519446150575
18.7338344117346
18.8659072964313
19.0296556284539
19.2041238263881
19.3734204154619
19.4777977186529
19.5195810191566
19.5329984454491
19.5255888769861
19.5000113223961
19.501707133674
19.5180232044052
19.5147079445428
19.5130475136399
19.5471051023314
19.5745043192619
19.6092917451901
19.6696716712285
19.780153923995
19.8513098975134
19.9464164136395
20.0393745158711
20.1142887963971
20.086495948998
20.0444586775848
999.99
999.99
999.99
999.99
999.99
999.99
999.99
999.99
999.99
999.99
999.99
19.08712882469
18.7954711917805
18.7705192015436
18.7256937971582
18.6861766537333
18.6429946659162
18.6117291019683
18.6016300697853
18.6012933850362
18.6064968033226
18.6160715216008
18.6235220207243
18.6287511896577
18.6493167699589
18.7154499040886
18.8336518019027
18.9967984957819
19.1845686592898
19.3719989803653
19.500170681392
19.5709984040833
19.5897687158588
19.5744365437551
19.5344025939133
19.5185094580854
19.5127477622151
19.5101631893679
19.5188615247792
19.5786141593474
19.627912223971
19.6840285611715
19.7573272643952
19.8568057309101
19.8893730517115
19.9556703502905
20.0254267388233
20.0745420258356
20.0521284419382
20.0298607281859
999.99
999.99
999.99
999.99
999.99
999.99
999.99
999.99
999.99
999.99
999.99
19.0280586954663
18.8122248243959
18.8026390018579
18.7611003721209
18.7249860343352
18.6880443190035
18.6608036090934
18.6543289612442
18.6530507696796
18.6554087451007
18.6570889827516
18.6503555820972
18.6358188227945
18.6389994043928
18.6877725471775
18.7900358634857
18.9520934308785
19.1527305149088
19.3577238917685
19.5119210018429
19.6143109221337
19.6469240479315
19.6316945222044
19.5856518324553
19.5583381858967
19.538926571399
19.533684570388
19.5486749384618
19.6305755830586
19.6997091883824
19.771533683567
19.8548470740403
19.9404875849244
19.9326326081201
19.9735935195466
20.0309048891835
20.0660414855054
20.0617415395345
20.0676805109784
999.99
999.99
999.99
999.99
999.99
999.99
999.99
999.99
999.99
999.99
999.99
18.9040577200577
18.7892009795941
18.7855705821533
18.7760947716067
18.7504119473963
18.7257345606464
18.7079588370582
18.7084162009675
18.7070593465532
18.7040145111156
18.6952404248683
18.6729455589928
18.6385624989619
18.6239018448765
18.6558517144396
18.7423029281059
18.9010316702332
19.1176912517577
19.3437239620627
19.5270943771345
19.6637722514442
19.7143713193816
19.6902089637738
19.6306295027784
19.5854651824832
19.556329826247
19.5542011856109
19.5895776826137
19.7070033528221
19.8102462322287
19.8946733106411
19.9828132239151
20.0636715741186
20.0260483122455
20.0560859562519
20.1245878114767
20.1705478816048
20.1785905585314
20.2028215779468
999.99
999.99
999.99
999.99
999.99
999.99
999.99
999.99
999.99
999.99
999.99
18.7433176589189
18.7479609380476
18.7429626690193
18.7799163046613
18.7656890704595
18.753276340325
18.7461409716522
18.7541801960419
18.7548507086281
18.7485579507037
18.7321727068687
18.6974486604883
18.6468294358594
18.6167583287776
18.632290516856
18.7010736117616
18.8528288298798
19.0799265668164
19.3204074823234
19.5277450411784
19.6978830090827
19.7671657431045
19.7409547059012
19.6769525673195
19.622892122966
19.5947729853826
19.6060522380454
19.6662722109016
19.7947123186464
19.9085469438542
19.9696992814075
20.0274853212487
20.0714920825523
20.0367409538886
20.0923283477527
20.223195602793
20.3325633331602
20.3981368648463
20.4421134981569
999.99
999.99
999.99
999.99
999.99
999.99
999.99
999.99
999.99
999.99
999.99
18.1068995706191
18.7501969367212
18.7404425169791
18.7701124424936
18.7680956803856
18.7684765902606
18.7721675493212
18.7894721686318
18.7919825867157
18.7836970402149
18.7622701263673
18.7201669308096
18.658811674587
18.618758404821
18.6212532646163
18.6746005077825
18.8189403952595
19.0528656632836
19.3025137182863
19.5267990644227
19.7251410715421
19.8092103812944
19.7793937221071
19.7123016399463
19.6527510943266
19.6243688599208
19.6541294986792
19.7418174029094
19.8837678875407
20.011014595343
20.0557871395166
20.0819588072178
20.0907833430368
20.0610704862022
20.140991445832
20.3310401318201
20.4981162339323
20.6159410100056
20.6783767565617
999.99
999.99
999.99
999.99
999.99
999.99
999.99
999.99
999.99
999.99
999.99
18.0801111111111
18.7378397630153
18.7384738040568
18.7527837956629
18.7610875529706
18.7706802254515
18.7829388277653
18.8073503610413
18.8116639550293
18.8035011383347
18.781803276098
18.740710074778
18.6790968747451
18.6367005079325
18.6330824188887
18.6773131103274
18.8016091457792
19.0145305817798
19.241516229838
19.4460294229791
19.6390391928366
19.737731222653
19.7289275549562
19.6932829831886
19.6665451559398
19.6666585519591
19.7270132125475
19.8460768214328
20.0027516583875
20.1442847853312
20.1786398733399
20.1770658932219
20.1475496833335
20.1139013023247
20.1979501023827
20.4132873412716
20.5995776358536
20.7385869191516
20.8011774397815
999.99
999.99
999.99
999.99
999.99
999.99
999.99
999.99
999.99
999.99
999.99
19.3162812042778
18.7496705356616
18.745332644723
18.740118163754
18.7549639331949
18.7689913425866
18.7869122546172
18.8161144282915
18.8223585924015
18.8155020384137
18.7968654902005
18.7630062609074
18.7072456545505
18.6672800294044
18.661856208169
18.7000187075829
18.8045107605668
18.9959064096219
19.1996157159388
19.3810925427542
19.5665609266592
19.6870679341856
19.7072117110995
19.7105491613793
19.7267112796221
19.7604246780383
19.8350952536841
19.9775858675138
20.1487664943603
20.3034563507925
20.3323395443703
20.324717369542
20.2620305126748
20.2089125707567
20.2689180877784
20.4694501089842
20.6333302402984
20.7636947120437
20.8203097056211
999.99
999.99
999.99
999.99
999.99
999.99
999.99
999.99
999.99
999.99
999.99
19.3325998913978
18.7482969771248
18.7509222464727
18.7371619721154
18.7557404477012
18.7705736430628
18.7897792850945
18.8195750572216
18.826931533205
18.822748307123
18.810603295039
18.786956846821
18.7424061366584
18.7102794510239
18.7073908020735
18.7422642923156
18.8304678226382
18.9894303268931
19.1567037716077
19.3015480277088
19.4661251270852
19.5944787321367
19.6552207221037
19.7094306451997
19.7800370941804
19.842996698232
19.9267244971809
20.079827259836
20.2597426185927
20.422287739073
20.4710648990003
20.4863501911055
20.4084808775103
20.3390651827663
20.3643659291543
20.5296845318866
20.6469780274896
20.7531315531195
20.8057897900379
999.99
999.99
999.99
999.99
999.99
999.99
999.99
999.99
999.99
999.99
999.99
19.2487883941455
18.7760692221595
18.7765631888153
18.7493419587378
18.7976823591065
18.8381740215245
18.8786065599735
18.9297652805383
18.9589282392129
18.9318694842413
18.9058199117277
18.8782930874492
18.8312742186316
18.7928882310787
18.801817065944
18.8399258305705
18.9149557457534
19.0434484963613
19.1755971221626
19.283694767646
19.419636377798
19.5472884468417
19.6300604945225
19.71604357669
19.8436794633223
19.9356735068648
20.0305666086183
20.2090112825812
20.4269994246312
20.583090509839
20.6616446127121
20.7044815427408
20.6107126751783
20.4804085681235
20.4421635043576
20.5181487242769
20.5571215787123
20.621966954681
20.7021249519935
999.99
999.99
999.99
999.99
999.99
999.99
999.99
999.99
999.99
999.99
999.99
18.3404026778486
18.7889696892884
18.8006038298002
18.8004717914548
18.9017823144855
18.9910244532213
19.096111681221
19.2088037565874
19.306338643409
19.2575644821161
19.2186822772765
19.1444960547454
19.0541973062498
18.9668755221235
18.9680246476204
18.9898675958228
19.0540648967941
19.1538229370177
19.2530093590264
19.3265395208751
19.4290727463597
19.5504769689625
19.6490697740893
19.7588345704165
19.9336993245619
20.053736733199
20.1441679365189
20.3283861220583
20.563304252151
20.6930483272224
20.7812858555083
20.850444374515
20.7467904962342
20.5616456620451
20.4677357900271
20.4841991344414
20.4808692002555
20.5612660206388
20.7191236253369
999.99
999.99
999.99
999.99
999.99
999.99
999.99
999.99
999.99
999.99
999.99
18.5443209924029
18.8366373191507
18.8461081201207
18.8724682991485
19.030920141008
19.1750465848877
19.3512116937587
19.5313835136
19.7001294945599
19.6305807970973
19.5776291553084
19.453843878535
19.3177496019176
19.1807263395613
19.1746794974847
19.180452618997
19.2414705135778
19.324508499908
19.4050359417369
19.4590298074811
19.533252691778
19.6340926432623
19.722239654189
19.822246929316
20.0087814429003
20.1407422844426
20.2200491652521
20.3952985369201
20.6323437934238
20.7233967347497
20.8013297512526
20.8837075587876
20.785711914342
20.585188269179
20.4780707244951
20.4832285241376
20.4890306195568
20.620393599208
20.8442328987624
999.99
999.99
999.99
999.99
999.99
999.99
999.99
999.99
999.99
999.99
999.99
18.9296080139373
18.8761449226119
18.8962102696391
18.9473183174236
19.1660781746663
19.3693711805515
19.6226120531836
19.8755943002911
20.1183254446862
20.0296301953754
19.9629223656985
19.7874504955268
19.6050970552752
19.4192437053127
19.4075048967315
19.3982001684483
19.4565659662111
19.5217860834614
19.5831623742318
19.6182812455747
19.6617619089026
19.723956878666
19.7823415435542
19.8519922730362
20.0267741554063
20.1536132816028
20.2377385520159
20.4040073490557
20.6283745188303
20.6684776034678
20.720587987359
20.7824450336788
20.6904284111492
20.5083631845977
20.4268926936537
20.4642044089753
20.5239809506166
20.7304780890147
21.0164639109894
999.99
999.99
999.99
999.99
999.99
999.99
999.99
999.99
999.99
999.99
999.99
19.1207320827321
18.9020492267946
18.9591966240435
19.0140645698919
19.2976403633084
19.5668752474624
19.905275771477
20.238621642541
20.560018957462
20.453580991414
20.370486008698
20.1394301200688
19.9052527419548
19.6668614522293
19.6492886186916
19.6261113938353
19.6818811472197
19.7366912017094
19.7871581523682
19.8106869126681
19.8296546427501
19.8601385410393
19.8817873893525
19.9122350028985
20.0660013098957
20.1871489011698
20.2753292743379
20.4276011855527
20.6218230713728
20.59297632375
20.586385692363
20.5907535168549
20.490966598847
20.3371874854312
20.2993035329352
20.3806721059376
20.5148291894273
20.8024710750731
21.1363198923284
999.99
999.99
999.99
999.99
999.99
999.99
999.99
999.99
999.99
999.99
999.99
19.1300278963519
18.8712855388516
18.9777223580658
19.0536111164154
19.3571735272573
19.6509466693224
20.0394791185371
20.4152060879625
20.7760922238065
20.7019953829418
20.6412918657478
20.3803212322898
20.121925445783
19.8613470986399
19.8238179534354
19.7797045689452
19.8330764753217
19.8777364761534
19.9176816834869
19.9316567017324
19.9320968238843
19.9377014026027
19.9356276142638
19.939436202903
20.0407604446628
20.127368548238
20.184771189406
20.2827975395491
20.4076726201194
20.3585424862251
20.3283384233948
20.3223549102357
20.2601317997657
20.1869904812804
20.1990782972955
20.3393347978252
20.5183698832666
20.8518099301863
21.1747532591703
999.99
999.99
999.99
999.99
999.99
999.99
999.99
999.99
999.99
999.99
999.99
18.7550980369482
18.7554054933634
18.9258642680881
19.0722275455519
19.3719317312694
19.6658260859455
20.0373034239561
20.3537003552053
20.6473689258108
20.5854723223163
20.525529935259
20.2977195537608
20.0946404068455
19.8944145080418
19.8770615518844
19.8537885975851
19.9041806926538
19.939901479761
19.9705236673193
19.9763077465868
19.9639227253413
19.9523960233352
19.9340526012079
19.9190678007981
19.9770532551577
20.0352224686403
20.0749690371181
20.1363903797749
20.2110764228749
20.1597870815566
20.1210909408533
20.1099760802114
20.0856359433159
20.0933493732534
20.1549417636667
20.3099829085935
20.4849726680875
20.7665914631524
20.9782902635817
999.99
999.99
999.99
999.99
999.99
999.99
999.99
999.99
999.99
999.99
999.99
18.3865123476342
18.6353498533864
18.8936173770068
19.1317223043237
19.4556044540239
19.7740005451866
20.104107438039
20.3233542956422
20.54135968481
20.4922966465474
20.4368514727466
20.2676885442673
20.1492602501933
19.9912133109041
19.9573976238292
19.9186522819689
19.9331302291459
19.9311391845445
19.9467549343335
19.9502306998949
19.9366029896737
19.9220123401662
19.9022983966011
19.8848569569181
19.9157209551148
19.9529885948209
19.980837311885
20.0174059561187
20.0530688470766
20.0074490842798
19.9701497406879
19.9606745231431
19.9665424188162
20.0190780596844
20.0987578149627
20.2381285015423
20.3767558639109
20.5764857396351
20.7026893669769
999.99
999.99
999.99
999.99
999.99
999.99
999.99
999.99
999.99
999.99
999.99
17.7374937076087
18.499473306284
18.8406352475937
19.17653209069
19.5254350873263
19.868897152723
20.1521097969316
20.2689528553955
20.4076520533649
20.370224226469
20.3163341030264
20.2033914308265
20.1641397725122
20.0408851523705
19.9811323744608
19.9186926194003
19.89391418372
19.8556131255849
19.8593944157406
19.8653046797961
19.8602338406879
19.8590810774143
19.854649494204
19.8517724619669
19.8744327457552
19.904709270517
19.920040936521
19.9388481697023
19.9491044457584
19.9182882751475
19.8904325107389
19.8951627965548
19.9257528230419
20.0051520280774
20.0893610006037
20.2034153476458
20.2959844882276
20.4110243724042
20.4538858270303
999.99
999.99
999.99
999.99
999.99
999.99
999.99
999.99
999.99
999.99
999.99
17.8753361070469
18.3838744174513
18.7881803794658
19.2155428528774
19.5879261552602
19.9513918027374
20.1808492836525
20.1929976334862
20.2767271579432
20.2747130250517
20.2486470521338
20.2183998910862
20.2816547216396
20.162059735785
20.0414517718075
19.9203543893084
19.8259673848784
19.7243847923532
19.7181288487517
19.7317890079236
19.7444680442306
19.7640542071949
19.7814844184067
19.7998771860982
19.8215507824111
19.8483292422858
19.8559421855388
19.8673327761799
19.8682627491923
19.8666190623373
19.861529843248
19.8916786831076
19.9452331612145
20.0404464411268
20.121329572852
20.2136555069725
20.2622107665945
20.3003330226814
20.2724118308872
999.99
999.99
999.99
999.99
999.99
999.99
999.99
999.99
999.99
999.99
999.99
17.6763638358029
18.3029248137112
18.7575563705007
19.2616724937659
19.6771338241117
20.0939048247351
20.301216442995
20.2421957133178
20.3046141612588
20.3295892469077
20.2941371140138
20.3144037194162
20.4440302495167
20.2886924731536
20.0893839242956
19.9083449229491
19.7428786133149
19.5818180550188
19.573184284814
19.602161047916
19.6381074114793
19.6813480576959
19.7205562770817
19.7575670349635
19.7977990507041
19.8408903627937
19.866573034983
19.8963038157262
19.9146938678372
19.9240574497147
19.9228347660377
19.9482082600862
19.9955565603471
20.0768165209942
20.1516838002289
20.2249907283063
20.2578846126031
20.2475053593683
20.1821447943852
999.99
999.99
999.99
999.99
999.99
999.99
999.99
999.99
999.99
999.99
999.99
17.3871125541126
18.2573092091589
18.7342098802589
19.2474012403697
19.6873897089614
20.1401338826757
20.3305920794023
20.2782732573225
20.397677276242
20.4866828446685
20.4782320446404
20.5415431969979
20.6927373362186
20.455680295204
20.1512021032958
19.8854730958227
19.6490915171744
19.4312990829674
19.4248961591281
19.4754917053151
19.5397641904486
19.6080204411105
19.6695359345571
19.7237567626977
19.7805150117447
19.8373842041267
19.8819420026228
19.9302182939759
19.9677979345409
19.9887578587875
19.9921137048458
20.0076461294468
20.0390286642626
20.0942148321345
20.153041024185
20.2204002759408
20.2584565936825
20.2524839494338
20.2078771391366
999.99
999.99
999.99
999.99
999.99
999.99
999.99
999.99
999.99
999.99
999.99
17.4198273208273
18.1732999694824
18.6027172828716
19.0662265873505
19.4611021550109
19.9057375532031
20.1318845461572
20.1695254310538
20.3788738900545
20.5533829435516
20.5512108147177
20.5908943012913
20.6831078653469
20.3765952235415
20.0095986233484
19.7237456842898
19.4808429465404
19.2702803195026
19.2845148217809
19.3575360436537
19.4495440500815
19.5406971418728
19.621254044482
19.6886293992708
19.7582179833991
19.8239841025664
19.8849670107592
19.9526448260561
20.0139957479261
20.0524744902657
20.0672215473649
20.0754926058254
20.0870272938268
20.119634169064
20.1639417905202
20.2269342547117
20.2759570515775
20.2889092510121
20.258889314594
999.99
999.99
999.99
999.99
999.99
999.99
999.99
999.99
999.99
999.99
999.99
17.5951671837003
18.1065019441808
18.4683135323978
18.8623782513063
19.1969569224232
19.6216066004649
19.8805168873864
20.0098416587253
20.3141914081641
20.5814479480415
20.5941641134567
20.6200641552356
20.6645613605564
20.2977187087306
19.8759758591089
19.578807671937
19.3320599011464
19.1272392075537
19.1596856422476
19.2523112345393
19.3651674759239
19.4746571330341
19.5709677853616
19.6487422495287
19.7270761125084
19.798781809916
19.8724307922056
19.9565082495269
20.0409142323448
20.1011107516396
20.1340815113821
20.1426513111755
20.1390450479467
20.1479889113831
20.170663697168
20.2178745484803
20.2676031007671
20.2956224952721
20.2829709574922
999.99
999.99
999.99
999.99
999.99
999.99
999.99
999.99
999.99
999.99
999.99
17.6601223651816
18.0665314320779
18.3470726691773
18.655256317381
18.9184149502148
19.3169759333504
19.5999089577993
19.8095117389099
20.1706905849608
20.50307711347
20.5041033880668
20.4960125556051
20.4771296980201
20.0938527869338
19.6584703461416
19.3898378553047
19.1729905908722
19.0039763738536
19.0522374065492
19.1604778755064
19.287442772893
19.4109320940552
19.5204672240986
19.6069492412463
19.6905248956986
19.7655355586751
19.8474216119031
19.9433799466001
20.0478858998263
20.1308603560446
20.1868280516943
20.204472716383
20.1934291982106
20.1827865132143
20.1826053783443
20.2065926960857
20.2468202078956
20.283092573908
20.2848641392092
999.99
999.99
999.99
999.99
999.99
999.99
999.99
999.99
999.99
999.99
999.99
17.6866038813794
18.0376052317993
18.2408587707977
18.4618245411745
18.6504669416813
18.9892814247091
19.2458234415577
19.490140638973
19.8645770488528
20.2197659397703
20.2378480825661
20.2369702652154
20.1990464070765
19.8476777862813
19.4482069414096
19.2188266705178
19.0381320627912
18.9056107744235
18.9650551824813
19.0826078574591
19.2195877169231
19.3551143727248
19.4774139094299
19.5741389072569
19.6632115334524
19.7391149173332
19.8230411530692
19.9236259360566
20.0399287933483
20.1397682376245
20.2169380208715
20.2481116955823
20.2370954606223
20.2146183331099
20.1965165740532
20.1980927146938
20.2250914327081
20.2638241990862
20.2745187609244
999.99
999.99
999.99
999.99
999.99
999.99
999.99
999.99
999.99
999.99
999.99
17.7453636531232
18.0312017396615
18.1721106420802
18.3190069460361
18.4398919154659
18.7261976854533
18.9639003605633
19.2189007131555
19.5849227190918
19.9441432021798
19.9649099457376
19.9617206262895
19.9156934077518
19.6083230622403
19.2584853976287
19.0773036695624
18.9356905143793
18.8380211334741
18.9039964929249
19.0238328532976
19.1654230639366
19.3107800348544
19.4446348189704
19.5527144368117
19.6475811052275
19.7227987013629
19.8026575701959
19.8997888063054
20.017223114034
20.1257924792209
20.2187136930175
20.2660724582206
20.2637847327484
20.2405443907398
20.2131400162639
20.1998709810068
20.2129045375079
20.2471039783422
20.2600510924787
999.99
999.99
999.99
999.99
999.99
999.99
999.99
999.99
999.99
999.99
999.99
17.8306392496393
18.0500587703682
18.1770427643598
18.3031470152131
18.3919547196414
18.6190382853542
18.7836821962352
18.9757940985733
19.2821684093731
19.5954385743255
19.6477509189265
19.6972130087554
19.7111780091532
19.4729991452225
19.1900749298666
19.0330063670953
18.9022580272042
18.8076254656296
18.868557923929
18.9844737466679
19.1265536256435
19.279932232596
19.4247870338632
19.5459259100623
19.6482257601842
19.7236684784588
19.7974723953993
19.8859500048701
19.9952290632787
20.1028221496294
20.2036972867447
20.2653322144934
20.2759749938236
20.259701243065
20.2316704822829
20.2112360528605
20.2125759602715
20.2395590373256
20.2521596825611
999.99
999.99
999.99
999.99
999.99
999.99
999.99
999.99
999.99
999.99
999.99
18.0816201621324
18.1164588462361
18.2322342670659
18.3441041182112
18.4106719871871
18.5810593525356
18.6706353940741
18.7917390974464
19.0273322491279
19.2778483932042
19.3496114360243
19.4405440698138
19.5060020948935
19.3354765175351
19.1263625513978
18.99657229658
18.8809246735068
18.7925691746252
18.8471179995075
18.9534672382881
19.092953922643
19.2511728421859
19.4057205219696
19.5414160030474
19.6544929986997
19.7340762254884
19.8048648617429
19.8848469028901
19.9819758075008
20.0811698215751
20.1817409614509
20.2518608744117
20.2747119761694
20.2692167558638
20.2484117019465
20.2294059858862
20.2246565362759
20.2441682744073
20.2538141850423
999.99
999.99
999.99
999.99
999.99
999.99
999.99
999.99
999.99
999.99
999.99
17.818850343488
18.2205297651328
18.3216770621026
18.4175779932069
18.4625373661804
18.5717182998172
18.5914271917741
18.644377483691
18.7943565085449
18.9609034520381
19.0323350993104
19.1377139322065
19.2281697775178
19.1370489703631
19.0197154665547
18.9357210346556
18.8557159761274
18.7921729086999
18.8384232015455
18.9296371309628
19.0602631128848
19.2166219957642
19.3772004676821
19.5270086372407
19.6542142318635
19.7441481760185
19.8190617728367
19.895514925359
19.9822261547295
20.0714783443989
20.1667006638425
20.2394028982328
20.2718060808787
20.2770365408842
20.2659717867131
20.2529454712637
20.2456464436159
20.2560277651643
20.2593060948351
999.99
999.99
999.99
999.99
999.99
999.99
999.99
999.99
999.99
999.99
999.99
18.0479427609428
18.3307690921023
18.412709584148
18.4778588901961
18.4901512212667
18.5406182742304
18.5257839052372
18.5414829298774
18.6374030276805
18.7509550979458
18.8181078616582
18.915530837834
19.0086931537298
18.9723288181906
18.9231908821685
18.8820160118578
18.8363813610014
18.795757703987
18.8325812974628
18.9052775744511
19.0207711255154
19.168515728152
19.3312615268379
19.4942664445577
19.6382746558524
19.7448037397397
19.832246951305
19.9128036198517
19.9948792072698
20.0779596579393
20.1682595238364
20.2411260753758
20.2797810212631
20.2926921209239
20.2893027304514
20.2815964188565
20.27197200387
20.2734034566598
20.2695934022999
999.99
999.99
999.99
999.99
999.99
999.99
999.99
999.99
999.99
999.99
999.99
18.2796662543806
18.4324122768367
18.5086291680038
18.5502558239705
18.5365671740276
18.5317771397172
18.4871476397041
18.4661090775201
18.5087408765209
18.5677979843779
18.6274297811485
18.709622618652
18.7971709191061
18.8056655985413
18.8167479074235
18.8157504237628
18.8062546442538
18.7912298925665
18.8223160618431
18.8779510754296
18.9762854009163
19.111809549562
19.2748498611921
19.4491205245178
19.6106168093279
19.7366480843217
19.8413295086133
19.9317183911628
20.0157586571989
20.0974387255907
20.1865445912214
20.2596438864362
20.3021742467282
20.3200407168965
20.3224762110505
20.3170542319558
20.3051483300149
20.2976852270637
20.2852479647292
999.99
999.99
999.99
999.99
999.99
999.99
999.99
999.99
999.99
999.99
999.99
18.5602426354134
18.5273748102689
18.5841647327349
18.6035293501458
18.5629839877948
18.5210339180453
18.4665783447629
18.4338401900463
18.4491299142089
18.4804663573562
18.5196665758176
18.5687688279403
18.6259840299541
18.6520955710669
18.6934937175384
18.7259695527969
18.7524312562331
18.7670211675822
18.7986431893999
18.8435024571341
18.9281213332596
19.0518523607524
19.2143456261584
19.3971842980996
19.5740102542411
19.7191321889504
19.8415745950415
19.9435609764089
20.0335190959685
20.1183752726482
20.2084214642727
20.281397100202
20.3266709097734
20.3483455030263
20.3527530696478
20.3461100264097
20.3309099923052
20.3137369873627
20.2905417349621
999.99
999.99
999.99
999.99
999.99
999.99
999.99
999.99
999.99
999.99
999.99
18.7550711394684
18.610194088962
18.6451975101485
18.634271761893
18.5655119048068
18.4908522375747
18.4336400310616
18.4007692781125
18.3993112201544
18.4144403320693
18.4369201386233
18.4506315602322
18.469548313863
18.5004196016552
18.5556542881129
18.6120754066887
18.671824322578
18.7197406956212
18.7622508666422
18.809276625015
18.8897096889318
19.007314438051
19.169858831852
19.3567442502664
19.5429707971073
19.7015453939441
19.8368544602219
19.9480847130043
20.0447341130019
20.1343259353649
20.2254802264088
20.2975149565916
20.3438414816866
20.3668982778467
20.3693687103273
20.3606650615754
20.3430959049961
20.3187248905521
20.2876922952383
999.99
999.99
999.99
999.99
999.99
999.99
999.99
999.99
999.99
999.99
999.99
18.3360845840185
18.6708550227666
18.6853488415075
18.6456292337411
18.5550084219759
18.4589892258279
18.4047861880782
18.3806442085122
18.3888719222569
18.4109555075292
18.4337715489295
18.4300335362143
18.4247920625039
18.4289349372913
18.4647764508386
18.516509903031
18.5846173473604
18.6471019537656
18.7093019831432
18.7713610175114
18.8591024467459
18.9795105596291
19.1449250459572
19.3332462986085
19.5230300431023
19.688329840637
19.829322054456
19.9451651701659
20.0461544437694
20.1385217290208
20.2289953805853
20.2989400916388
20.3442278337032
20.3667408859204
20.3650324977276
20.3526059524959
20.3320947331106
20.3029986656428
20.267426635892
999.99
999.99
999.99
999.99
999.99
999.99
999.99
999.99
999.99
999.99
999.99
18.6503925081242
18.7264541836698
18.7232432763406
18.6702897842322
18.5691688202657
18.466538912349
18.4136581742402
18.3955906496764
18.4078616611269
18.4274933179963
18.440088341751
18.4179054762458
18.386291912535
18.36197267664
18.3754032515257
18.4189297329197
18.491694384262
18.5694705044512
18.6537786952518
18.7370887769012
18.8387223463089
18.9669003063386
19.1352986658595
19.3216346672143
19.5080308515095
19.6728226124276
19.8133200174222
19.9298174321401
20.033241494463
20.1277547717792
20.2163839219784
20.2832378302694
20.3261524437117
20.3471342469178
20.3399498388519
20.3231022074544
20.2989966299409
20.265753755075
20.2264331975694
999.99
999.99
999.99
999.99
999.99
999.99
999.99
999.99
999.99
999.99
999.99
18.8168508630356
18.7822268094196
18.7497730006057
18.6881947759553
18.5831159188715
18.4830731708282
18.4352019940383
18.4234016870333
18.4392097913665
18.453357809924
18.4531600041175
18.4141674903433
18.3596497991322
18.3112331664922
18.3049632734553
18.3398310102693
18.4148841936203
18.5076243465174
18.6127110644376
18.7181403014743
18.8346394959423
18.9695467749028
19.135717208898
19.3140109480924
19.4890149541598
19.6475563954347
19.7846947901485
19.9008431506961
20.0069714655426
20.1054658831344
20.192141184913
20.2554579905505
20.2953058130016
20.3131872886583
20.2983937338776
20.2763022548004
20.2470877343774
20.2095669810301
20.1673746733044
999.99
999.99
999.99
999.99
999.99
999.99
999.99
999.99
999.99
999.99
999.99
18.894037080612
18.8880388597654
18.8151114369579
18.7235840759813
18.6195591681997
18.5251346879701
18.478109309343
18.4628125228673
18.4710351277742
18.4712430391896
18.4536876925767
18.4006349222961
18.3318089561244
18.2701784905488
18.254351216289
18.2880451993665
18.3678455718318
18.4755046900785
18.5990510831842
18.7238802613974
18.8507086929343
18.9867158600641
19.1433632088652
19.3065055712142
19.463073751228
19.6097740368332
19.7417545346149
19.8583606772426
19.9686844726795
20.0729575948657
20.1603688514996
20.2218370295064
20.2580905931057
20.2713543017089
20.2495550005036
20.224170453872
20.1914134072119
20.1518688628544
20.1092915809069
999.99
999.99
999.99
999.99
999.99
999.99
999.99
999.99
999.99
999.99
999.99
19.0002307629137
18.9500776852152
18.8578564369536
18.7635867834073
18.6642982809505
18.5744999511062
18.5227716200712
18.5057096250816
18.5069266156617
18.497076053542
18.4738380109284
18.4226998170225
18.3401615019086
18.271409497104
18.2508575042175
18.2828677250514
18.3627812444123
18.4863724997752
18.6220363463766
18.7581207101659
18.8860348651311
19.013731562309
19.1515752705673
19.2932476994975
19.4264448440133
19.5584879483722
19.7081960489553
19.8501745306523
19.9899278831161
20.1259036590628
20.2408172005357
20.2806783500712
20.2916818536586
20.2781191718438
20.2277940504079
20.1725326508031
20.1320856286539
20.0857552261232
20.036742914032
999.99
999.99
999.99
999.99
999.99
999.99
999.99
999.99
999.99
999.99
999.99
19.2867253353177
18.9753993099054
18.8926372512944
18.8060602982096
18.7135953638686
18.6235496991082
18.5610428844803
18.566648565014
18.5880603571982
18.6011400345738
18.6143750622253
18.606174861658
18.4878897167463
18.3923234643549
18.34587932819
18.3490646714888
18.4014745056726
18.5419321122182
18.6852949921448
18.8254678494157
18.9470420656353
19.0576488500133
19.168923319626
19.2830185852664
19.387443886934
19.5002478322157
19.6654978421921
19.8315188956123
20.0001089909908
20.1696960962862
20.3153408132667
20.3371208472159
20.3275750608273
20.3046220783381
20.2422870600309
20.1727051777101
20.1508195052817
20.1214007495424
20.0623179964175
999.99
999.99
999.99
999.99
999.99
999.99
999.99
999.99
999.99
999.99
999.99
18.9978808426056
18.9714526618379
18.9123603149947
18.8361911995884
18.7559839429289
18.6649133497618
18.5889113013885
18.6145039930167
18.6566508786438
18.6982133433209
18.7556887601871
18.7924799654151
18.6428819343357
18.5240500239449
18.4545480180625
18.4315796888949
18.4626423298912
18.6226456139936
18.7759968808845
18.9207393600837
19.0352426508148
19.127498133812
19.2105237116008
19.2939464913704
19.366577193857
19.4557278757774
19.6307244744822
19.8153473118986
20.0077134286031
20.2062239287869
20.3814530641633
20.3865070042581
20.3594070836876
20.3307283932647
20.2608905134273
20.1805267447778
20.1800252885766
20.1712999159167
20.1055384292111
999.99
999.99
999.99
999.99
999.99
999.99
999.99
999.99
999.99
999.99
999.99
18.9460232924902
18.9228070388625
18.8992984682143
18.8518285676261
18.7832785785554
18.6881554495089
18.6008364074052
18.6535872816477
18.7211707779502
18.7990316807115
18.9087875160634
18.9914411085168
18.8102199596736
18.6676354702898
18.5727655285044
18.521355015092
18.5311660928073
18.7092155779517
18.8740286123931
19.0254365761494
19.1358711891451
19.2138789360806
19.2720609478022
19.3257935102012
19.3671424481711
19.4293489719855
19.6073803017588
19.8193281788147
20.0543950266719
20.3007828191988
20.5282814046449
20.5433161280765
20.4972861319022
20.4417638088424
20.343690973208
20.2317389117378
20.2306122092156
20.2342358957988
20.1636491610733
999.99
999.99
999.99
999.99
999.99
999.99
999.99
999.99
999.99
999.99
999.99
18.939973943852
18.8015204761442
18.8293808687009
18.834335724381
18.7761843432701
18.6801077533966
18.5902779514641
18.6821422344888
18.7883978365455
18.9145226710642
19.0838575136376
19.2149766350707
19.0019961815848
18.8323569758497
18.7057709580537
18.6191566564641
18.6016962032188
18.7920509997979
18.9660394618439
19.1246762378549
19.2352441393085
19.3057224331699
19.3466673818663
19.3896221689645
19.4173925373025
19.4674961494089
19.6618621938787
19.9112471803162
20.1723335654517
20.4491987673385
20.7252924483345
20.7427707939301
20.6741623143089
20.6030240799712
20.4908003692359
20.3339815345881
20.3226308320376
20.3291978202808
20.2438585241847
999.99
999.99
999.99
999.99
999.99
999.99
999.99
999.99
999.99
999.99
999.99
18.5175440232758
18.7197358898197
18.7730634672405
18.7977409347874
18.7504678134576
18.6592183131249
18.5725777546916
18.6881760702988
18.8217715677983
18.9811987361607
19.1891621235564
19.3527566274896
19.1322215839057
18.9527423135108
18.8101945677119
18.7041336985317
18.6704656230987
18.8630072364742
19.0419601792794
19.2061391866567
19.3194227346449
19.3878958374948
19.432354790383
19.4840175695741
19.5171095395243
19.5711043792185
19.7489059029295
19.9733090488743
20.1965279304632
20.4386823989424
20.6982064251595
20.7460745797609
20.6991636812179
20.658448806347
20.5803662758418
20.4318501576446
20.4179146271335
20.4366907917684
20.3457765843911
999.99
999.99
999.99
999.99
999.99
999.99
999.99
999.99
999.99
999.99
999.99
18.0094612677295
18.6600471548751
18.7140726428902
18.7505779702048
18.7140378563213
18.6349429044586
18.5574475370106
18.6373786918366
18.7379500148579
18.8648828162609
19.0376389892647
19.1676554612976
19.0050845448937
18.8780753372273
18.7825804917674
18.7217231718131
18.7299558359048
18.9181557304896
19.0985389980616
19.2652321683723
19.3804021470065
19.4500104668324
19.5021241461386
19.5671935007563
19.6112907124193
19.6739175651231
19.8420771068797
20.0464478920972
20.2360020163675
20.4459021480508
20.7091517914086
20.7987407186537
20.7837852214299
20.7585050274792
20.7030062004922
20.5168811437732
20.4375017881928
20.4092091744355
20.3042640518344
999.99
999.99
999.99
999.99
999.99
999.99
999.99
999.99
999.99
999.99
999.99
18.4142691474224
18.619421149266
18.6605817494219
18.6987206417827
18.6691348817634
18.6069360583905
18.5447472156085
18.5970765244975
18.6686458571437
18.762652105415
18.8948590456941
18.9940945257397
18.8880772337242
18.8121550204295
18.7625784489588
18.745353635171
18.7882211973915
18.9671404506629
19.1440594807045
19.3077678727866
19.4208168634317
19.4886226733998
19.5482484061998
19.629017311451
19.6887418449891
19.7654808655839
19.9295326263411
20.1170955435969
20.286728321013
20.4769768639588
20.7551001250849
20.8964875013817
20.9227379982626
20.9000606597034
20.8562998545079
20.6238140743885
20.4715608806544
20.3859784078378
20.2669978331204
999.99
999.99
999.99
999.99
999.99
999.99
999.99
999.99
999.99
999.99
999.99
18.4898458049886
18.6030906256194
18.6267770844617
18.6532617601116
18.6303369006968
18.5884600512991
18.5415892223841
18.5658797875926
18.6090847754064
18.6676497860291
18.7525418641373
18.8216700831921
18.7696481082785
18.741141766987
18.7360111744308
18.7633875041859
18.8398088953018
19.0103357357203
19.1825440648566
19.3394183758991
19.4456021808193
19.5067098355904
19.5725448490345
19.6714227169403
19.7526325956625
19.8518599831305
20.0201087185315
20.1649880502359
20.2659352810839
20.3855476571337
20.6249799775188
20.791754394546
20.8933726435545
20.9508431448149
20.9986024074003
20.801033307058
20.600382707715
20.4526838717117
20.2927127131038
999.99
999.99
999.99
999.99
999.99
999.99
999.99
999.99
999.99
999.99
999.99
18.691780814617
18.6232651845719
18.6244407842481
18.6256881422739
18.6067492701184
18.579995114148
18.5430691403841
18.5360093328542
18.5493578944271
18.5704473327259
18.6080957672543
18.6467171827656
18.6455860185444
18.6607440219131
18.7001765331731
18.7730046370375
18.8849061032948
19.0497354072768
19.21789426825
19.3644163040569
19.4582238455677
19.5072270468713
19.5757915195192
19.6664147880497
19.7466296782324
19.8477224844055
19.9930108419097
20.0679857167224
20.1235485802202
20.1950331525042
20.3915519242
20.5929297787425
20.7777135178203
20.8969727457316
21.0145681689842
20.8826934311147
20.6575477284045
20.4707714405196
20.2929794171307
999.99
999.99
999.99
999.99
999.99
999.99
999.99
999.99
999.99
999.99
999.99
18.6285623783882
18.628091635383
18.6214072241248
18.6146352664205
18.5972028128738
18.5792232549732
18.5486912453589
18.5196672831951
18.5100939500615
18.5031681180461
18.5056088951795
18.5202047294495
18.5535403978012
18.5988810305763
18.6712260239371
18.7789973037772
18.9199157170754
19.0857009165032
19.254830027862
19.393837188114
19.4764182261427
19.5143592989471
19.5579867036967
19.613324361261
19.6666361308616
19.7440723768528
19.8631681932468
19.9196141519403
19.9810146459332
20.0557353780238
20.2612795517038
20.5030158105394
20.7484574434236
20.9064185765791
21.0690291129847
20.9753868932823
20.7213885337437
20.4898348881547
20.2888030468886
999.99
999.99
999.99
999.99
999.99
999.99
999.99
999.99
999.99
999.99
999.99
18.5181012095402
18.6479281917999
18.6358233221779
18.6258343394772
18.6062175201329
18.5893046570548
18.5610099864563
18.5400944361886
18.5375116870072
18.5355736389784
18.5387677142142
18.55894202559
18.5888602315986
18.6281001393432
18.6979022682194
18.806006837432
18.9461603287071
19.1160620918039
19.2892828365833
19.4233658424432
19.4982705458339
19.5276492437107
19.5497752475293
19.5729965685641
19.603235583186
19.6582436030778
19.7434543155729
19.7735694383815
19.832077631278
19.8997784402308
20.0683957460178
20.3213536446429
20.5982049702916
20.7782449314303
20.9671894710179
20.9652564011573
20.7373464978964
20.5131218499829
20.3168476526418
999.99
999.99
999.99
999.99
999.99
999.99
999.99
999.99
999.99
999.99
999.99
18.5714993668463
18.665157687872
18.6622401526909
18.660219776978
18.6360984376627
18.6135540989599
18.5814288354687
18.5625654851035
18.5625598751441
18.5626820870575
18.5664752807408
18.5877630412805
18.6105773952814
18.640953704201
18.7067638233912
18.8139335401292
18.9550474898075
19.1314236623421
19.3110756326784
19.4434446795698
19.5160396376865
19.5427194796747
19.547895114054
19.5436243393204
19.5544861359986
19.588120771275
19.640416639006
19.645883580646
19.6799843964698
19.718492282032
19.8546138612427
20.1223039595095
20.4342309457365
20.6832225953639
20.9435518871634
21.0234114030489
20.8112266550511
20.5830242939849
20.3600727403599
999.99
999.99
999.99
999.99
999.99
999.99
999.99
999.99
999.99
999.99
999.99
18.6164016136142
18.7314561524691
18.7163875127992
18.6992230969415
18.6696987095354
18.6391980823575
18.6026424477658
18.5841893658412
18.5857266373042
18.5870648284911
18.5915731587667
18.61117434197
18.6251217546455
18.6449435602519
18.7045583736229
18.80812991164
18.9465732803309
19.1264785274131
19.3131833959954
19.4486152092333
19.5268500172969
19.5608097913678
19.5571306716441
19.5284114190695
19.5411036850574
19.5715994756344
19.6103775451844
19.6286016606458
19.6891205677857
19.7054492302625
19.8156890941797
20.044887625456
20.3057532845515
20.5143485453218
20.7570641573514
20.828063021523
20.6575636585171
20.4669653553199
20.2704046237158
999.99
999.99
999.99
999.99
999.99
999.99
999.99
999.99
999.99
999.99
999.99
18.6221824464274
18.7821374018062
18.7632746226546
18.7314973261018
18.7011694402692
18.6684349753375
18.6319196470756
18.6149381041046
18.6161111691493
18.6163097220235
18.6169723316458
18.6306708553413
18.6325548874074
18.6403405095133
18.6901624937195
18.7865413465186
18.9182365393034
19.0985734373787
19.2944359258316
19.4394572390248
19.5339646897152
19.5863251816083
19.5836390180036
19.5433501254204
19.5671894828459
19.6015228226718
19.6387066477619
19.6866053618387
19.7703195588679
19.7613694020994
19.8544807883658
20.0454278522094
20.2470912728534
20.4189353029819
20.648773410544
20.6972536536313
20.5648927705181
20.4104514026199
20.2387963350544
999.99
999.99
999.99
999.99
999.99
999.99
999.99
999.99
999.99
999.99
999.99
19.143088023088
18.7943322824192
18.7881259568042
18.753830392615
18.7264367441859
18.6977623450904
18.6665882654291
18.653057845073
18.6546934901103
18.6532092092499
18.647071506485
18.651219763803
18.6382305702153
18.6307385466124
18.6659551935873
18.7510449984995
18.8727137298072
19.0468768561618
19.2502776405195
19.4071220436938
19.5214161651928
19.5951330929479
19.6166674916778
19.5786940758052
19.6249816684898
19.6744185791659
19.7234489174375
19.785400195867
19.882618061095
19.839439227515
19.9049289217415
20.0459134139427
20.1887478254534
20.3230947065463
20.5383034297967
20.5635424803579
20.4725066901472
20.3567370489092
20.2124508501164
999.99
999.99
999.99
999.99
999.99
999.99
999.99
999.99
999.99
999.99
999.99
19.0473052124028
18.7991187117569
18.7962626800519
18.7590233519352
18.7378849271356
18.7183119504517
18.6965281934293
18.689517166609
18.6934641013301
18.6906479519291
18.6767700916678
18.6707060804318
18.6436325790288
18.6210839544811
18.6398288631414
18.7112201733642
18.8197669579906
18.9827817958595
19.1894125785747
19.3571310702475
19.4896317256398
19.5835078030971
19.6295500293725
19.5942173269336
19.6614140783058
19.7322414930089
19.8049245912687
19.8930425866204
20.0161924930731
19.9577111163072
20.0211356410683
20.1279992769073
20.2277533088788
20.347992411866
20.5690668642739
20.5663565863891
20.516735100594
20.4395155864218
20.306383560522
999.99
999.99
999.99
999.99
999.99
999.99
999.99
999.99
999.99
999.99
999.99
18.8032771249915
18.7908550542583
18.7820785618272
18.7427264505324
18.7321086576861
18.7251150533556
18.7164209948191
18.7183260821223
18.7273090275572
18.7260704018717
18.7070883253912
18.6927599389537
18.6555056237578
18.6192318121875
18.6198822914712
18.6751108336541
18.7673983043125
18.912509705912
19.1168326058404
19.2920117711007
19.4388823304227
19.5503620495356
19.6211357563013
19.5885074507823
19.676656204982
19.7715956179737
19.8785310476546
20.0074321496339
20.1821315007859
20.1338503441008
20.1655739801135
20.1954821022135
20.200560119604
20.2350119902164
20.3935224093734
20.4089701986517
20.4473497663076
20.4615987227917
20.3997307643105
999.99
999.99
999.99
999.99
999.99
999.99
999.99
999.99
999.99
999.99
999.99
18.8048837034691
18.7825800503223
18.7680124417384
18.7274219969418
18.7249905772277
18.7272242942694
18.7287119743921
18.7366526171807
18.7490586179677
18.7507268583831
18.7316989129933
18.7129339210342
18.6727790700612
18.6298128378457
18.6174821937388
18.6573693866122
18.7355105205755
18.8598336452124
19.0533103128254
19.2259050105858
19.3804318133544
19.5017737623972
19.592709759797
19.5670690477097
19.6379148030684
19.7134149868196
19.8197598698862
19.9577048361193
20.147626249819
20.1629759154407
20.2210667783426
20.2520128467659
20.2331784746257
20.2539474969876
20.3808833756503
20.4536447859149
20.5544895821818
20.6367578162048
20.6226224455968
999.99
999.99
999.99
999.99
999.99
999.99
999.99
999.99
999.99
999.99
999.99
18.727427344626
18.7725548784852
18.7707809474979
18.7232284799533
18.7244041678387
18.7304582931234
18.7373944679381
18.7479654154594
18.7621815076989
18.7675286364397
18.7522569186445
18.7332553304969
18.6966920526278
18.653333772707
18.6326976825725
18.6607742408817
18.7341575430466
18.8444963139287
19.0238002061101
19.1905862288978
19.3452130794163
19.4583732101653
19.5518868565361
19.5348983909216
19.5900147563766
19.6502253865288
19.7675846220521
19.9194791245198
20.1273182182648
20.2130167607487
20.3060785563047
20.3388679172043
20.3098942943454
20.3141470391895
20.3991557548629
20.5026280083536
20.6271590717794
20.7354325264675
20.7419852925837
999.99
999.99
999.99
999.99
999.99
999.99
999.99
999.99
999.99
999.99
999.99
19.2140619233651
18.7892717408738
18.7862031031939
18.7322824249048
18.7339301492067
18.7393281359726
18.746942193086
18.7583380980215
18.7734214702794
18.7812025284938
18.7711179710803
18.7555619836192
18.7266223629439
18.6875501657276
18.6646944936071
18.6855328981898
18.7565973279268
18.8573500004388
19.0167420866329
19.1687159332003
19.312255079013
19.4076988841141
19.4891520462988
19.4872586649039
19.5354195697448
19.5907500064618
19.7271383217897
19.9062277701021
20.1336452121593
20.2962119805919
20.4319733329363
20.4745553751228
20.4374651088328
20.4250492181058
20.4581944334638
20.5812350338915
20.7097605805273
20.8308165207035
20.8557554245477
999.99
999.99
999.99
999.99
999.99
999.99
999.99
999.99
999.99
999.99
999.99
19.2636917557858
18.7987465789148
18.8060643018846
18.7454914468327
18.7485980004606
18.753628242978
18.7610480812009
18.7715218539227
18.7875811982188
18.7972030709752
18.7936285614747
18.7845080543185
18.7654679417825
18.7332316607643
18.712648011485
18.7296824629423
18.8012515202295
18.8961782712746
19.037546124106
19.1739053931242
19.3043997955768
19.3797117492405
19.4458178248344
19.4566684250971
19.4966403776099
19.5359939315117
19.6798742299177
19.8781794302073
20.1255679667159
20.3549158768555
20.5439919426599
20.6080589990352
20.5667259648773
20.5094276918336
20.4686232968762
20.5673090055727
20.6564317357513
20.7542815848944
20.8024561348637
999.99
999.99
999.99
999.99
999.99
999.99
999.99
999.99
999.99
999.99
999.99
19.0100403755491
18.8119159806608
18.8147466404734
18.7665482342067
18.7705182442926
18.7889344558832
18.8130063026415
18.822437273393
18.8262256827777
18.8416196069083
18.8306019052794
18.8180389603015
18.807240921916
18.7797280619555
18.7539508879993
18.7661848669942
18.8361268440629
18.937796457369
19.0693984393386
19.1909590702889
19.299827836124
19.3451696501167
19.3830666468461
19.4215329450899
19.4526695558137
19.5166439150621
19.6494755881417
19.8236904593521
20.0162513045354
20.3408160467917
20.5461838689904
20.749914519398
20.7457432937578
20.7039460739309
20.5635871248686
20.6021196601107
20.5316932038194
20.5820142873571
20.5973806048106
999.99
999.99
999.99
999.99
999.99
999.99
999.99
999.99
999.99
999.99
999.99
19.0398571428571
18.8250048424152
18.8269649126969
18.787603138086
18.8036726529593
18.8257087751502
18.8721216301445
18.8827419055302
18.8721753892775
18.8881881470474
18.8840642938387
18.8665716464838
18.8693741149849
18.8523738932849
18.8331850081019
18.8301739419039
18.9057511410644
19.0106766616897
19.1339788460075
19.2225605442702
19.3193222468926
19.3379339557533
19.350587735939
19.3862683681761
19.4318124309381
19.5023143950263
19.6271922409279
19.7789277308601
19.9467675648592
20.3297845544332
20.7087758249059
20.9086453791659
20.9202557224215
20.8852035812529
20.6519859067605
20.4673941194324
20.3801332064752
20.4380532885162
20.4212420616721
999.99
999.99
999.99
999.99
999.99
999.99
999.99
999.99
999.99
999.99
999.99
18.7009306672164
18.7086048187198
18.8405463293965
18.7324782720183
18.6974402009141
18.9997668220281
18.7911876354385
19.2625527148036
19.2423211985459
18.7774561761635
18.7936974909205
18.9661403205776
18.9711648541161
19.0277316318989
18.7532501319818
18.6342364913445
18.6727005696587
18.9581803399852
19.288863915411
19.4158074003684
19.2993603330467
19.1654461036447
19.1915494366261
19.1687836352575
19.2473554459478
19.8732923720026
19.4099369654736
20.3959708189912
19.7201407437575
19.6584732290551
19.8012470750311
22.0319142664741
20.7067370814667
22.8149106448259
19.8549112478694
19.755301778361
19.7575217078702
20.1420840225718
19.9642404206324
999.99
999.99
999.99
999.99
999.99
999.99
999.99
999.99
999.99
999.99
999.99
999.99
999.99
999.99
999.99
999.99
999.99
999.99
999.99
999.99
999.99
999.99
999.99
999.99
999.99
999.99
999.99
999.99
999.99
999.99
999.99
999.99
999.99
999.99
999.99
999.99
999.99
999.99
999.99
999.99
999.99
999.99
999.99
999.99
999.99
999.99
999.99
999.99
999.99
999.99
999.99
999.99
999.99
999.99
999.99
999.99
999.99
999.99
999.99
999.99
