999.99
999.99
999.99
999.99
999.99
999.99
999.99
999.99
999.99
999.99
999.99
999.99
999.99
999.99
999.99
999.99
999.99
999.99
999.99
999.99
999.99
999.99
999.99
999.99
999.99
999.99
999.99
999.99
999.99
999.99
999.99
999.99
999.99
999.99
999.99
999.99
999.99
999.99
999.99
999.99
999.99
999.99
999.99
999.99
999.99
999.99
999.99
999.99
999.99
999.99
999.99
16.6556865871256
16.7102479297706
16.735323282602
16.7002409083367
16.6770528178751
16.7076746643471
17.0911971884097
17.1842118698181
17.5240499972346
17.838521712898
18.1734772513588
18.4371128608132
18.7946282637223
19.44467003367
19.1490722992326
19.4184591283668
19.3447799045709
19.8221330578056
19.787064512723
18.4557205554802
17.7491680216802
17.7155691358583
17.8806906747917
17.9450488803921
18.6856884298435
18.8414155643041
18.9859606400826
19.25502664022
19.1990767857771
19.1884646263531
19.3384111045749
19.3214069917694
19.6446108706109
19.4738520219618
19.0962567428055
18.9478274381445
19.1495986394558
19.0190429179802
19.2457914536103
999.99
999.99
999.99
999.99
999.99
999.99
999.99
999.99
999.99
999.99
999.99
16.7751081798573
16.7413133809936
16.7952640698929
16.8453510697484
16.9142722820278
17.0197771936427
17.1601920918882
17.3499723830574
17.5937760294312
17.8742295035036
18.1475411112686
18.4488172087344
18.6997219089411
18.9161205585719
18.9742048127118
19.0304140609064
19.0431295437695
18.952460146381
18.709290368327
18.5527270439674
18.3860995807525
18.235046944369
18.2496131168185
18.3982442125918
18.5817238342975
18.7822641807608
18.9536510949292
19.060024719096
19.1699480118578
19.2550895240616
19.3140066693469
19.3473793259705
19.3377925487186
19.2782691989857
19.228938940607
19.1531711048926
19.113770340364
19.129173770177
19.166065416961
999.99
999.99
999.99
999.99
999.99
999.99
999.99
999.99
999.99
999.99
999.99
16.778837564294
16.8080008810521
16.8770479802867
16.9386661250125
17.035705385563
17.1486860444257
17.2886898862714
17.4708950243085
17.7038541212718
17.9611170147749
18.2332571994201
18.5061177987313
18.7310977419685
18.88607386005
18.9590251178478
18.9810723145147
18.9371911243351
18.8074781128585
18.6309228092091
18.4682664973967
18.3397487969684
18.2733356592463
18.3400622780884
18.4779849190169
18.6459160690606
18.8154141919756
18.9612645647702
19.067487195505
19.1700002530579
19.2530419195787
19.3119965339997
19.3400602687864
19.3297544065403
19.2679571972172
19.2118456687546
19.147120450864
19.1095197707072
19.1029601757009
19.1342133117765
999.99
999.99
999.99
999.99
999.99
999.99
999.99
999.99
999.99
999.99
999.99
16.7916067821068
16.8733098309835
16.9563193852365
17.0419295061999
17.1506641565588
17.2730023536644
17.4044717878664
17.5646852220845
17.7623674574207
17.989425062883
18.2244401031238
18.4502388233327
18.6597460215321
18.7938913997918
18.8459820690529
18.8263936211318
18.7564632492746
18.6184272131489
18.4761193211344
18.3617610130861
18.3111815753083
18.335320061897
18.4286602611102
18.5629581028714
18.7169337788139
18.8636028056913
18.985739280407
19.0942923187521
19.1974598562603
19.2845191887
19.3376909168647
19.3549387705158
19.3392872044647
19.2725604105083
19.1988222525625
19.1380249439891
19.0928123666088
19.0613051716166
19.0745811713525
999.99
999.99
999.99
999.99
999.99
999.99
999.99
999.99
999.99
999.99
999.99
16.9514911031671
16.9338948136792
17.0253462062121
17.1311112105559
17.2503145117771
17.3767272528812
17.5011950615671
17.6429650889113
17.8056354072519
17.9847886051864
18.1778576489152
18.3712981706094
18.5700987155725
18.702568868343
18.7603407822295
18.7417827050461
18.6727208409001
18.5170461825744
18.3745551813553
18.2811883794926
18.2628285658744
18.3185268686475
18.4505216135014
18.6093205611115
18.7712177172151
18.9174922371291
19.0386443629518
19.1441691530151
19.2450403662804
19.3318314560009
19.3841316392114
19.3952288972472
19.3687241663719
19.2881902177253
19.1955766088668
19.115724365197
19.0557105174298
19.0166113755816
19.0266489592658
999.99
999.99
999.99
999.99
999.99
999.99
999.99
999.99
999.99
999.99
999.99
16.8637368282124
17.0061366003624
17.0918410304659
17.204539256091
17.3259622516145
17.448537093049
17.5599579649932
17.6798127519402
17.8034109744721
17.9345720028411
18.0875968706102
18.2560372272236
18.4478039620764
18.5867350098201
18.6605701005891
18.6560862893719
18.5898573982627
18.4258898965417
18.2877057288076
18.212046032698
18.2181957578908
18.3044607390138
18.4702081953043
18.6519845251627
18.8245759866084
18.9733236686896
19.0959012291503
19.2005886722409
19.2987456090958
19.3845966877254
19.4371915586138
19.4420836579835
19.4037894857277
19.3101759978641
19.1970687846053
19.0952943439975
19.0187393613534
18.973264031614
18.979768688731
999.99
999.99
999.99
999.99
999.99
999.99
999.99
999.99
999.99
999.99
999.99
16.8633514412417
17.0817978245991
17.1517780918373
17.2543342854758
17.3707161871791
17.4839024744739
17.5790165807414
17.6750889546164
17.7598568190238
17.8479062939485
17.9644082977125
18.1138317722518
18.3008765725671
18.4539840508971
18.5507576310964
18.5714905613256
18.5147893387604
18.3539694063674
18.2215732731122
18.1609599974636
18.1845008743661
18.2956837851314
18.4880596473175
18.6900985793045
18.8722025751771
19.0236039666614
19.1475006115258
19.2504946167757
19.3436909606023
19.426968941053
19.4786013333418
19.4775969743169
19.4289670673923
19.3268388401869
19.1970250654019
19.0763103987996
18.9852085122344
18.9354888444116
18.9391349744373
999.99
999.99
999.99
999.99
999.99
999.99
999.99
999.99
999.99
999.99
999.99
17.0461682102257
17.1465140745629
17.1959126145787
17.2825957483074
17.3863118002225
17.4832347450713
17.5574885979432
17.6295203296929
17.6816743142008
17.7369114636135
17.8251200169333
17.9611617572238
18.1413274507441
18.303882191397
18.4195816196007
18.4650638154602
18.4241700794712
18.2846309476711
18.1739299240437
18.134763938788
18.1795211789246
18.3125539898796
18.5205794340843
18.7317422361601
18.917283147979
19.0664102710536
19.1877357430932
19.2848346523346
19.3695669702374
19.445836779854
19.4928460913064
19.4861412316165
19.4321860423119
19.3293216341992
19.1933892536869
19.0619255258749
18.9610585452818
18.9094621148455
18.910489872314
999.99
999.99
999.99
999.99
999.99
999.99
999.99
999.99
999.99
999.99
999.99
17.2985053798312
17.1735066264655
17.2246704638474
17.3056191566183
17.3906128700812
17.4613022468596
17.5069157267281
17.5532955321829
17.5821609059222
17.6190321590315
17.6932589643997
17.8231535598394
17.9927628011281
18.1519976091741
18.2730053861665
18.3363659888282
18.3152950866034
18.2146757240679
18.142760502891
18.1363863380042
18.2064509597604
18.3576388513255
18.5674705069699
18.7745895022837
18.9542615898713
19.0950171867188
19.2087100909116
19.2969468792789
19.3714875247353
19.437880469508
19.4783093257609
19.4669397708471
19.413538605116
19.3163899825331
19.183352214705
19.0470642342613
18.9393956590852
18.8828822556719
18.8771536328737
999.99
999.99
999.99
999.99
999.99
999.99
999.99
999.99
999.99
999.99
999.99
17.385722189541
17.1905990508442
17.2498808114322
17.3252455464229
17.3916367848897
17.4334570320865
17.4486068753913
17.4677392822452
17.4778830300199
17.5058278230947
17.5733515586481
17.6980509388883
17.8535166227283
18.0065793788632
18.1282598749805
18.2094313143832
18.2152377815532
18.1634396718271
18.1300053673199
18.1518383883372
18.2374477317047
18.3940698021127
18.5931496194015
18.7898625991843
18.9620073218725
19.0979431639659
19.2081757406606
19.2926007678195
19.3609268603465
19.4197186968884
19.4522685092608
19.4371382754282
19.3873936703992
19.3002154454744
19.173724838695
19.0377736442454
18.9229914355666
18.8533046573776
18.8298451136219
999.99
999.99
999.99
999.99
999.99
999.99
999.99
999.99
999.99
999.99
999.99
16.9250869040257
17.1756433346909
17.2538368473458
17.3327272933897
17.3859942645058
17.4030976621833
17.3925089179062
17.3871674522829
17.3812897622833
17.4008698126862
17.4611564946208
17.5776358286575
17.7181137304272
17.8661657823038
17.9931668313216
18.0974731298615
18.137145630935
18.1355282894032
18.1382904141951
18.1806388578734
18.2702663896722
18.4175352680907
18.5950790547898
18.7713484154055
18.930981719962
19.0622596127429
19.1729318637845
19.2595323791207
19.3301221152355
19.3848871423885
19.4111146300165
19.3938760798344
19.3494970271544
19.2722756895344
19.1580614377238
19.0286926712501
18.9100872488661
18.8234037680963
18.7781291963387
999.99
999.99
999.99
999.99
999.99
999.99
999.99
999.99
999.99
999.99
999.99
16.8929191919192
17.1322324718505
17.2411246106968
17.3358986780034
17.3855175061353
17.386985113967
17.3576164721104
17.330932070556
17.3106260598805
17.3162195875888
17.3668745482621
17.4759117192731
17.6080867683402
17.7585556702107
17.9037182216987
18.0374399014834
18.1092266436079
18.1485115885597
18.1769092254482
18.2231195188275
18.2999901952197
18.426445020274
18.5726883526252
18.7184195262408
18.8605896897912
18.9858480148969
19.0969471655482
19.190374387446
19.270021712902
19.3246027947566
19.3481289451078
19.3308039373331
19.2908584388558
19.2233889859295
19.1258241163789
19.0074904238988
18.8889344157338
18.7879007947218
18.7211461447866
999.99
999.99
999.99
999.99
999.99
999.99
999.99
999.99
999.99
999.99
999.99
16.8295873163118
17.0865440991057
17.2272518308478
17.3397417300987
17.3960510592219
17.3908044561846
17.3501421958903
17.3047599843923
17.2668069672791
17.2524469966072
17.2953998382584
17.4039433415112
17.5393117411159
17.7097352991329
17.8898599891474
18.0575385075568
18.1552528452055
18.2209687832617
18.2520049317216
18.2810553534798
18.324681828504
18.4149475438144
18.5201835955394
18.6302437304616
18.7479691153787
18.8642632066766
18.9757875665096
19.0798676576075
19.1733796289843
19.2472370628078
19.2871107621117
19.2838461900755
19.2564523809812
19.208027076069
19.112818720987
18.9942663587631
18.8699403711906
18.7492418771742
18.6523299808029
999.99
999.99
999.99
999.99
999.99
999.99
999.99
999.99
999.99
999.99
999.99
16.8224409249287
17.050116470535
17.2013550084102
17.320525377005
17.3894057966184
17.3909089529255
17.3524486900687
17.2960973862079
17.2409465507029
17.2058264815399
17.2397080716458
17.3507014698494
17.501892371756
17.7159380854455
17.9516964070847
18.1633948055658
18.2896105378985
18.3691276127837
18.3786921977454
18.3645567700877
18.3531439801403
18.3866081710594
18.4393720455294
18.5078996253404
18.5965308009103
18.698800070215
18.8078572988412
18.9203235199445
19.0257610891695
19.1197682946207
19.1788441492864
19.1925307386521
19.1776777495648
19.1503172140914
19.0606178718101
18.9496356451698
18.8303240612647
18.7035301919795
18.584898876646
999.99
999.99
999.99
999.99
999.99
999.99
999.99
999.99
999.99
999.99
999.99
16.9982332910991
17.0113989200695
17.1584953594547
17.2728578685106
17.3534087826041
17.3695765462664
17.3440535306245
17.2873050341059
17.2200478091118
17.1671869044886
17.1933431317823
17.3087849573696
17.48503818902
17.7566218147295
18.0575410881101
18.318043925668
18.47786847557
18.5691971562399
18.5504558814198
18.4904389970395
18.4217601113749
18.390146451443
18.3781326671498
18.396321910197
18.4424264893949
18.5142824152363
18.6402824322853
18.7838647964607
18.9248165233185
19.0840542076987
19.2308699710556
19.2635386690825
19.2617970913823
19.2558258134404
19.1423371298084
18.9761493151871
18.8379848814318
18.6892785756594
18.5324484635322
999.99
999.99
999.99
999.99
999.99
999.99
999.99
999.99
999.99
999.99
999.99
16.7755095328597
16.980091342715
17.1187584830324
17.2214226347945
17.3097113815664
17.3417607641182
17.3328761380468
17.2802529297565
17.205449514392
17.1397565576026
17.1644533972121
17.2885339419228
17.4958378016513
17.8298906156719
18.1989139477902
18.5062656161248
18.70333738899
18.812637214203
18.7985870026876
18.7262470011176
18.6335558470923
18.5627642183393
18.5016061049654
18.430699862106
18.3931848767528
18.391262159385
18.4894687685457
18.6220698971784
18.7824555085281
18.9985782994952
19.2286647816397
19.2796613554865
19.2909817762176
19.3095841520153
19.1699437272287
18.9509566006043
18.8017555470575
18.6471553980071
18.4680234739572
999.99
999.99
999.99
999.99
999.99
999.99
999.99
999.99
999.99
999.99
999.99
16.8915681302824
16.9555883491907
17.0787225629583
17.1628810101046
17.2475346259433
17.2877908654093
17.2938328097849
17.2494371662694
17.1741762302313
17.1092214284581
17.1395428974433
17.2690315856378
17.5003053016717
17.8837475459811
18.3026734108795
18.6500735493448
18.897560958755
19.0437267962919
19.0846849727166
19.0506961323246
18.9788705705411
18.8972635227439
18.8075851520521
18.6131688676672
18.4579049401353
18.3439897847748
18.3766014114325
18.4590592956113
18.6263980701218
18.890831201716
19.1981534554194
19.2655979985261
19.2933674326333
19.3357718154668
19.1650808794925
18.8943521760007
18.7382428182255
18.5833719417446
18.3942790453202
999.99
999.99
999.99
999.99
999.99
999.99
999.99
999.99
999.99
999.99
999.99
16.9548313372652
16.9277419334369
17.027447801557
17.0912486600721
17.1594782695124
17.2014639254761
17.2185871398344
17.1829559030169
17.1138885282652
17.0604849868011
17.0952942620162
17.2206056156615
17.4666246927694
17.8795504353534
18.3264578239163
18.71005517018
19.0220841876928
19.2242092640921
19.3494562687274
19.3799978866012
19.3488675510586
19.2641832664927
19.1438839780127
18.8221581871168
18.5507560041309
18.3223060491532
18.2846091820827
18.3113353594479
18.4780787407844
18.7556723636075
19.1066080306952
19.1639152944325
19.1877988855609
19.2296321324558
19.0521455971715
18.7540899047635
18.6223942252119
18.5005065512869
18.3416758777404
999.99
999.99
999.99
999.99
999.99
999.99
999.99
999.99
999.99
999.99
999.99
16.9923845523427
16.9363151653505
17.0017353501472
17.0405363467481
17.0835088834695
17.1149055152702
17.1320140036301
17.1000295506544
17.0377303853119
16.9967786472845
17.0345539990045
17.1509325130019
17.3995205593643
17.8166809688804
18.2716572420914
18.6813830112762
19.0535980699552
19.3249873375025
19.5625825388365
19.6845467069527
19.7205768035771
19.6566002484737
19.5114591966198
19.0631634838351
18.6767629605026
18.3316948345133
18.2224649189567
18.1981828485238
18.3677734658125
18.6591996115777
19.0504800263787
19.0929756060407
19.1079489508415
19.1539508685991
18.9747580723704
18.6568064079799
18.5853404920663
18.5336208385428
18.4243523448487
999.99
999.99
999.99
999.99
999.99
999.99
999.99
999.99
999.99
999.99
999.99
17.0185272159123
16.9654973129765
17.0003720241848
17.0162799975196
17.0315611522492
17.0433193015189
17.0486438959242
17.0126862708948
16.9555196861155
16.9251989501653
16.9648130153461
17.071753828916
17.31196507894
17.7111006880392
18.1568039184357
18.5797106263524
18.9987001268903
19.3395330771045
19.7064657245831
19.9337591826577
20.0537187163228
20.0312995809682
19.8773395307098
19.3074061939921
18.8165689662949
18.365304151451
18.1268197961803
17.9942427162924
18.1097455028499
18.3133839414174
18.6017781500018
18.6199287535344
18.6186276007565
18.662035416455
18.5467520685478
18.3452449519119
18.4015517840385
18.4824924496526
18.4888640993283
999.99
999.99
999.99
999.99
999.99
999.99
999.99
999.99
999.99
999.99
999.99
16.9236834195614
17.0105482895107
17.0197112727916
17.007981325884
16.9951327147848
16.9823431022057
16.9695294177537
16.9256165197627
16.8726093817775
16.8544125732478
16.8947450772897
16.9889351495441
17.212816931191
17.5783682145208
17.995558088076
18.4187630587608
18.8712881695575
19.2708177620653
19.7119095391273
19.9925317596771
20.1476865218905
20.1246625469653
19.9258073125624
19.3069905260915
18.7872400848891
18.3043772757908
18.0097023800319
17.8375177462985
17.9082314982619
18.025618228946
18.2094318742861
18.1999000047136
18.1813792171977
18.2218178046218
18.1737505306487
18.0868416731989
18.2639737520042
18.4655680165616
18.5771618626053
999.99
999.99
999.99
999.99
999.99
999.99
999.99
999.99
999.99
999.99
999.99
17.0704806552333
17.0648844198802
17.0543607457887
17.0184606335088
16.9804582020705
16.9536187172807
16.9311453886047
16.9106386545439
16.896524309712
16.9230750134169
16.9795766549709
17.0783303659131
17.2547079014146
17.5498908121699
17.9016396534124
18.2890926548042
18.7295857744486
19.1642730004931
19.6075697535465
19.8767818328322
20.0123267499852
19.9459294968206
19.6687765939802
19.0781769914023
18.6016163332641
18.1591437416296
17.906542878543
17.7884091516049
17.8488761103368
17.9104380525768
18.0172144689073
17.948596051754
17.8805800291607
17.8897099027171
17.8833286470722
17.879123603329
18.1701776951724
18.5120212321254
18.7727180015787
999.99
999.99
999.99
999.99
999.99
999.99
999.99
999.99
999.99
999.99
999.99
17.3085084669492
17.1187384131516
17.0941821901725
17.0434414071064
16.9868888951181
16.9458443200507
16.9147777291456
16.9205488988863
16.9492735855154
17.0221271191505
17.1033484300357
17.2176575360326
17.3488699491335
17.5728170710266
17.8586916070364
18.2005312649216
18.6046221726701
19.0462259943
19.469454154887
19.7120522475603
19.8194038567413
19.7156165265935
19.3862156565124
18.8462166684399
18.4275353908397
18.0403378461998
17.8436867774118
17.7851681942845
17.8405485671662
17.8654187876745
17.9136296509935
17.798914836831
17.6906862785292
17.6803407398426
17.7021201410587
17.7640056541862
18.1311841009275
18.6032342168409
18.9990762128365
999.99
999.99
999.99
999.99
999.99
999.99
999.99
999.99
999.99
999.99
999.99
17.3486997224611
17.1450390362507
17.1203743111044
17.0548643848661
16.9860241413304
16.9357362550557
16.9022450655439
16.9413837599282
17.0195250138371
17.1453602366476
17.2592662915633
17.3942031079044
17.4813813061162
17.6336633378689
17.8476870330977
18.137266140621
18.4929640754734
18.9206874642679
19.3078003973779
19.5460151948594
19.6454645053246
19.539306486191
19.2123212482979
18.7782983037003
18.4076460433327
18.0687550162937
17.9124304064708
17.8877063795248
17.9012865597922
17.8851263272101
17.8725922319133
17.7085309274456
17.5557801154272
17.5037200374612
17.5267203162101
17.6194055755236
17.9689706353867
18.4770552488799
18.9617486576395
999.99
999.99
999.99
999.99
999.99
999.99
999.99
999.99
999.99
999.99
999.99
17.2593467477161
17.1201932780857
17.1170625129771
17.0501245879535
16.973962048566
16.9205142405238
16.8923894072258
16.9711602545698
17.1032193836575
17.2868226824046
17.4373662210645
17.5924636911999
17.6357991460589
17.7164500532612
17.8547994170961
18.0857614822828
18.3877943252166
18.7830370371035
19.113001539499
19.3377182713247
19.4267881541554
19.3232097936414
19.0279016859524
18.7331051778416
18.4263437118503
18.1443894026611
18.0634089625829
18.0947118787438
18.0893026670035
18.1171689524026
18.1527036793384
17.9805908729443
17.8214290712988
17.7620392976242
17.7143011919384
17.7244762533527
17.9743821509513
18.4386316649633
18.9315478889857
999.99
999.99
999.99
999.99
999.99
999.99
999.99
999.99
999.99
999.99
999.99
17.1558699714919
17.0660816481926
17.0835144105881
17.0290922764664
16.9524304186487
16.9020646205758
16.8835124690543
17.004691138885
17.1907878097072
17.4298890480872
17.614925280092
17.7910441689867
17.7899149663945
17.8002233432443
17.8640447256969
18.0326789832057
18.2739730509176
18.6209599043982
18.9014874263707
19.1514863854285
19.2789965229307
19.2344994332004
19.0455012149854
18.9090567545841
18.629601809507
18.3605425818675
18.307736229085
18.340104191875
18.2950508258033
18.3763996636923
18.4860637810586
18.3271688067668
18.1789263337277
18.1226077037803
18.0079703588783
17.9075069671742
18.0503498279282
18.4641853962674
18.9586211432755
999.99
999.99
999.99
999.99
999.99
999.99
999.99
999.99
999.99
999.99
999.99
16.9614349140987
16.9924276085105
17.0179292843457
16.9839173878704
16.9156388331793
16.8542033481442
16.8276465740057
16.9238542399059
17.0880490122555
17.3057643403506
17.4905803351063
17.6581969899528
17.6776682302943
17.6926473805724
17.7546254265029
17.9112387608329
18.1354009807461
18.424199981756
18.6636122085992
18.9514565404087
19.1343655276248
19.1766467859425
19.1312044394526
19.1386195387975
18.8694300283249
18.5940348972363
18.4887752356942
18.44230367297
18.3089205535932
18.4008798552291
18.5429771833024
18.4642290039236
18.3873354204891
18.3887919006381
18.2545725275397
18.1113793738012
18.1635630279187
18.4873581682853
18.8886654242406
999.99
999.99
999.99
999.99
999.99
999.99
999.99
999.99
999.99
999.99
999.99
16.8610825678387
16.8829710631398
16.9318599800427
16.9152452066844
16.8629923689244
16.8011878655894
16.7717817288896
16.841647390644
16.9752687556636
17.1610566820635
17.3313593338234
17.4799019194604
17.5179515462168
17.5420316006306
17.6034079524025
17.745852498075
17.9490132593687
18.1773963386312
18.3665512098572
18.6880115318775
18.9300132288118
19.0761166345218
19.182891214368
19.3486531947093
19.1033754929613
18.8337483184582
18.6693081817463
18.5404084606889
18.314852001537
18.414575523924
18.5853119841682
18.5886083152017
18.5847261503099
18.6427594842201
18.4982223736647
18.3444464815071
18.3539860882527
18.5788687033644
18.8797413958418
999.99
999.99
999.99
999.99
999.99
999.99
999.99
999.99
999.99
999.99
999.99
16.7103484571952
16.7432150899538
16.8236875009877
16.83137968993
16.8018974046287
16.7491489398233
16.7206915578425
16.761336756106
16.8542570580353
16.9953084363404
17.1366433470567
17.2594714796117
17.3169546122766
17.3592490184209
17.4278481980273
17.555288374468
17.7340642460589
17.8954701862902
18.0197793452657
18.3044220363559
18.5472543984643
18.7345544386834
18.9345372647611
19.1947223096581
19.0271749095853
18.8142861364182
18.6448036610107
18.48518086359
18.2430956677633
18.3657270486072
18.5776089247676
18.6802072943866
18.7670615468666
18.8959369504222
18.7579639315365
18.6394230299034
18.6733379583189
18.8685620108202
19.1148422740432
999.99
999.99
999.99
999.99
999.99
999.99
999.99
999.99
999.99
999.99
999.99
16.6827962099844
16.5962480334562
16.7060188170486
16.7320740646766
16.7304419976517
16.6928545487649
16.6687150364266
16.6924330854014
16.7591177449025
16.8668117844224
16.9988104520065
17.1210755054113
17.2019812120433
17.2590837711871
17.3299648882773
17.4177738204727
17.5395485723581
17.6218527014777
17.6706112220319
17.9022950595843
18.1352482108174
18.3568831926527
18.6269336003106
18.9633854722433
18.8745387743801
18.7280204627011
18.5641427518992
18.3993789238831
18.1629537719098
18.2539390628947
18.4468983555533
18.5892256308632
18.6937101004653
18.821754644315
18.7507052806809
18.7573092225127
18.9062725039999
19.169924243164
19.4603109680668
999.99
999.99
999.99
999.99
999.99
999.99
999.99
999.99
999.99
999.99
999.99
16.4139383355708
16.4353173394178
16.5716184790892
16.610142285064
16.6360066937837
16.6195156453817
16.6045074680182
16.6137244385419
16.6548903886742
16.7276422266185
16.8468721062777
16.9662236253823
17.0711667514229
17.1467299574724
17.2247151536492
17.2798419856734
17.3498472584496
17.366500512443
17.352047390177
17.4927024365163
17.6656460681603
17.8754641563664
18.1524752312287
18.5055185531147
18.5335172760287
18.5051793439297
18.3865172909434
18.2637817146631
18.0732709594398
18.1227343772063
18.2509577017805
18.3978184233865
18.485293312245
18.5848163627754
18.557148084012
18.7558516285406
19.0484501114473
19.4112607291248
19.7752248511023
999.99
999.99
999.99
999.99
999.99
999.99
999.99
999.99
999.99
999.99
999.99
16.33501144094
16.2593620922689
16.4111454576854
16.4760316232793
16.5261427390898
16.5430966973144
16.5512067057014
16.5818990004275
16.6355735899408
16.7109218935582
16.8321446429301
16.9601162336556
17.0530406399972
17.1074820056945
17.1560493605596
17.1575827917582
17.1680176670955
17.1467757543225
17.1040609652842
17.1809003409902
17.3086745884275
17.4945098272679
17.751183966539
18.0856771596178
18.2029754713332
18.2736050267497
18.2254399502281
18.1721175328522
18.0570337821956
18.0889556203257
18.174038820056
18.293432730879
18.3367543454896
18.3857513179645
18.3903956805658
18.7541786139361
19.1847471367462
19.6689278821083
20.1530476355415
999.99
999.99
999.99
999.99
999.99
999.99
999.99
999.99
999.99
999.99
999.99
16.2601501224289
16.1404111217428
16.2754793619433
16.3693794352505
16.4281835558585
16.4656513157912
16.4889357969058
16.535316273507
16.6042040571603
16.6853654937526
16.8135154408156
16.9581220206914
17.0447560656426
17.0869053859548
17.1192306307423
17.083276535398
17.0420505701656
16.9913329121325
16.929747238989
16.9433065944933
17.0167068943456
17.1509451313944
17.3546349277492
17.6305489574125
17.80436775798
17.9477484460521
17.9796149479607
18.0104112183143
17.9894349274104
18.0191430178857
18.0722783593705
18.1646486908094
18.167313342123
18.1727871856481
18.2237740669709
18.724676133064
19.2558804632855
19.8472063423381
20.4339029575795
999.99
999.99
999.99
999.99
999.99
999.99
999.99
999.99
999.99
999.99
999.99
15.6687478769778
16.0386197160209
16.165690303175
16.2759085474371
16.3327969310014
16.3798740503049
16.4126180942654
16.4730615165497
16.5620326939694
16.6541976012487
16.7972096841745
16.9615774601332
17.043055409095
17.0710114952788
17.0895771015854
17.0242243373018
16.9438575418637
16.8781903827272
16.8146859624779
16.8028449192616
16.8480361858705
16.9507506728593
17.1112009382048
17.3383304294242
17.5265429336862
17.7067696500789
17.7886108572567
17.8833531888415
17.9451531989651
17.9886056082509
18.025243719136
18.0967149267125
18.0645071864965
18.0070124743869
18.0853244855945
18.6796403204799
19.2831288363045
19.9475836898626
20.6158804644329
999.99
999.99
999.99
999.99
999.99
999.99
999.99
999.99
999.99
999.99
999.99
15.4874187695773
16.0045778838452
16.0924316783797
16.1990254859581
16.2442888623168
16.2923088611552
16.3282635917497
16.3753436244756
16.44679056719
16.5147573523227
16.6207275958308
16.7519212056193
16.8245599520024
16.8601361214423
16.8905423293817
16.8600653852262
16.8101290303041
16.7707537846666
16.735883256558
16.7253594259149
16.7448558741739
16.8087876003205
16.9182872200803
17.0815616563828
17.2627911678125
17.4617251946187
17.5830861326497
17.7220619030678
17.8517007476177
17.9338537555785
17.9787576518623
18.0513184326156
18.0339790207201
17.991512948615
18.1065094519554
18.7516368493759
19.3846942651666
20.0629991123939
20.6997560664414
999.99
999.99
999.99
999.99
999.99
999.99
999.99
999.99
999.99
999.99
999.99
15.4700113673175
16.021597330846
16.0665267942183
16.1596307842836
16.1863440718541
16.2240383343442
16.2560431620813
16.2873852275045
16.3410935677899
16.3872859256709
16.4601979975861
16.5610321371574
16.6243583254297
16.6656048769048
16.7079011109412
16.712017916192
16.694285078392
16.684986450277
16.684267803333
16.6996037630905
16.7207766493759
16.7541799988636
16.8184908114371
16.9173127238299
17.0454468273117
17.2112463211115
17.3535287710118
17.5226276737087
17.7166370376724
17.8582095981548
17.9535199232641
18.0528292893918
18.0757043362946
18.0654143937198
18.2342186030957
18.8603943681119
19.4721844169833
20.1099945825597
20.6636099444171
999.99
999.99
999.99
999.99
999.99
999.99
999.99
999.99
999.99
999.99
999.99
15.8713844392154
16.0606803350268
16.0921435431453
16.1544844567646
16.1564428673215
16.1757721394487
16.197698327015
16.2133384802189
16.2519497270334
16.278731007358
16.3210527953983
16.3951159231853
16.4520083787537
16.5019787076165
16.5617370659358
16.6023361508427
16.6028836751316
16.6034172733992
16.6134433344034
16.6284374810369
16.6351004180764
16.6526733965371
16.6920835352578
16.75046165404
16.8460907980543
16.9919666080694
17.1501320951916
17.3425237744447
17.5934933975061
17.7931522205066
17.9379757994135
18.0759925631867
18.1504417101684
18.1781646662448
18.3925751547159
18.9656968161129
19.500919890533
20.0454294991553
20.4690605453057
999.99
999.99
999.99
999.99
999.99
999.99
999.99
999.99
999.99
999.99
999.99
16.1456118620608
16.0686278260292
16.0916892262115
16.1182652955797
16.1101130584481
16.1233953820813
16.1458964528267
16.1594372340999
16.1853280896117
16.1947401314979
16.2072901508311
16.2438082135762
16.2826584924264
16.3262426290713
16.3882101392183
16.4506401611795
16.4803653534307
16.5010151760257
16.5314741081674
16.5574098346381
16.5642063918663
16.5761176420486
16.6040337505095
16.6395071337916
16.7143925655009
16.8458861770778
17.0159124033066
17.2325928556971
17.5501947963014
17.8283218577909
18.0499665269162
18.2486851713938
18.3882125827262
18.4500679577408
18.6536826991121
19.1339474959474
19.5590233349242
19.9706227425303
20.2244111917395
999.99
999.99
999.99
999.99
999.99
999.99
999.99
999.99
999.99
999.99
999.99
16.0598632240775
16.1014942832745
16.0953414912478
16.0896727969325
16.0764697144989
16.0897890476326
16.117629584851
16.1339349908203
16.1487070933226
16.1425620817145
16.1222351601832
16.1180736347787
16.1356875690206
16.1707115729722
16.2329218169424
16.316504002051
16.3747163711869
16.415952132969
16.4649621329437
16.5003029927912
16.5093766943444
16.5194669152341
16.5406509792084
16.5620817273602
16.6204424257372
16.7349042526441
16.9138841537545
17.150220989244
17.4926696184917
17.8239259076135
18.1016128403114
18.3377064881858
18.5215798493427
18.6663636624316
18.8850361196489
19.2773201628426
19.5960404016269
19.8730523830955
19.9221142378369
999.99
999.99
999.99
999.99
999.99
999.99
999.99
999.99
999.99
999.99
999.99
16.1039054834055
16.1077657535481
16.0896560983557
16.0715779069949
16.0557283960103
16.0716296114214
16.1085017309309
16.1420219451899
16.1663177972547
16.1646755925899
16.1390081358025
16.1193208374558
16.1161664558839
16.1298545328303
16.1791886502907
16.2508011650337
16.3043437767475
16.3465335136878
16.3991673780214
16.4319073269353
16.4475256070432
16.4633321586836
16.4868288091402
16.5066683579223
16.5571070385833
16.6542812283193
16.8481956429931
17.1147639693044
17.4924654649902
17.889189980572
18.2402596505399
18.5104204516703
18.71758446476
18.8761399792707
19.0437070312684
19.3069256430875
19.4937194452546
19.6254546637973
19.5484323643635
999.99
999.99
999.99
999.99
999.99
999.99
999.99
999.99
999.99
999.99
999.99
16.1061277735041
16.0985928957227
16.0839879016808
16.0653413215149
16.0550625496296
16.0808439178922
16.1229084295157
16.1678004838417
16.1950964729982
16.1917277765418
16.1570055314416
16.1225352738264
16.1003344451989
16.0960577912181
16.1335285273433
16.1935962148477
16.2432055340169
16.2840803289016
16.3348515352438
16.3633559316969
16.3836204080231
16.4129301171418
16.4510423811314
16.486247715884
16.5415192917802
16.6319593032753
16.8389861034475
17.1317803122989
17.536799031905
17.9934502989404
18.4102995576971
18.7023824283553
18.9270934920755
19.0965806579409
19.2104570630525
19.3810786520511
19.4829940610287
19.5021834748716
19.3253101254217
999.99
999.99
999.99
999.99
999.99
999.99
999.99
999.99
999.99
999.99
999.99
16.100047935804
16.1023164230544
16.0782940115402
16.05770589653
16.0535981291115
16.0883877766891
16.1334619610701
16.1853175428288
16.2114703451489
16.2064018276344
16.1646144184706
16.1177094041816
16.0792775229474
16.0593470875354
16.0814478382498
16.1277852131216
16.1791526738791
16.2250854732536
16.2797137413219
16.3164210386038
16.3499789861512
16.3869437960905
16.4330811672444
16.4784214097347
16.5331283524925
16.612007209521
16.8339917181552
17.1624064594567
17.5997833781867
18.1148231147304
18.5986327645754
18.8878974751041
19.0924429464798
19.2429949070716
19.2824891988786
19.3627115474009
19.4335340737151
19.3982521121702
19.174711918026
999.99
999.99
999.99
999.99
999.99
999.99
999.99
999.99
999.99
999.99
999.99
16.232917027417
16.1276267941838
16.1096213084461
16.0838718998762
16.0756195258067
16.1078927076219
16.1438013524649
16.1908282079378
16.2132367975826
16.2076564256838
16.1627830870121
16.114846240698
16.0700851170219
16.0429892691803
16.0564398859891
16.0943330840578
16.1399795146568
16.1845213087544
16.236397704667
16.2737874776449
16.3130349423017
16.3561647723788
16.4086365075839
16.4634359828355
16.5205374359968
16.5926645217016
16.8177523832522
17.1620468002792
17.5954971099609
18.1300001663815
18.6460440239709
18.9225900153463
19.0910685474226
19.2229252209761
19.2004759226567
19.1935629551603
19.2358762810864
19.1835672216865
18.9670726715123
999.99
999.99
999.99
999.99
999.99
999.99
999.99
999.99
999.99
999.99
999.99
16.2090543966293
16.170258715392
16.1523968967092
16.1212369292997
16.104803053283
16.1261133835515
16.1432044320336
16.1760938493427
16.1912524912744
16.1866384940272
16.1471229962529
16.1091608269535
16.0669576232704
16.0372146474387
16.0416282311993
16.0676227920781
16.1027236483729
16.1422068730283
16.1894336883137
16.2276368108388
16.2711243262705
16.3192028896551
16.3772572862885
16.4407041829464
16.5014822707087
16.5737121459021
16.8016232423026
17.1572307941187
17.6073855310444
18.1677419120644
18.7175771486711
18.9981742868963
19.1425744678397
19.2121176676845
19.1040277151219
19.004363001633
19.0033336587699
18.9388255841611
18.7650274274109
999.99
999.99
999.99
999.99
999.99
999.99
999.99
999.99
999.99
999.99
999.99
16.3419044702877
16.2216415270799
16.2030953217074
16.1649783348328
16.1400222107758
16.1461984789887
16.1367097720042
16.1479933687639
16.1512541785486
16.1475167325623
16.1179070248635
16.0980083361962
16.0662843968418
16.0401863572456
16.0361796364494
16.0500596350966
16.0745172393991
16.1084104637186
16.1507702960033
16.1908308307525
16.2445503023934
16.3011012485083
16.367876613487
16.4442867927148
16.5169515796946
16.5859341769748
16.7920943608853
17.1297564411641
17.5748052500455
18.1457371620096
18.7218997523036
19.0462973481268
19.2191812408747
19.271528034338
19.1016832281376
18.930186907645
18.8785100196565
18.782064753462
18.619388012038
999.99
999.99
999.99
999.99
999.99
999.99
999.99
999.99
999.99
999.99
999.99
16.3555703928282
16.2753620389719
16.2488090183571
16.2015599585597
16.1616945989142
16.1471481851732
16.1242326783514
16.1279206608499
16.1366126818525
16.1525693179163
16.151990736034
16.1623517209379
16.1553974433514
16.1468289587898
16.1485225716451
16.1630255367399
16.1843039911898
16.2145208779308
16.2479200519467
16.2787162449275
16.3282687677572
16.3801148061024
16.44534168839
16.5290995265237
16.6165478148035
16.6902915788931
16.8688688839434
17.1752127685302
17.5926155679606
18.1476541931954
18.7227928921777
19.092765442059
19.2861645767539
19.3193498069827
19.083908576855
18.822047427349
18.682632892926
18.5506486868675
18.4065088277175
999.99
999.99
999.99
999.99
999.99
999.99
999.99
999.99
999.99
999.99
999.99
16.4062556626494
16.3291771588143
16.3081425680519
16.2592536824003
16.2143970202279
16.1900002547936
16.1643728092072
16.1699562032384
16.193282854696
16.2363531676165
16.2733097095273
16.3226345010979
16.350104906095
16.3692136239488
16.387379835461
16.4102241999474
16.430494464141
16.4553922099642
16.4738218815438
16.4832832986778
16.5131060106423
16.5491673132317
16.6048529001256
16.6913044793792
16.7936715046502
16.876778464622
17.0297809664021
17.2901103162197
17.6662717031781
18.1934920039383
18.7556628093715
19.1760876105774
19.4226064956984
19.4619202442512
19.1846838543916
18.8521247078224
18.6157493172946
18.4270435244593
18.2868889748351
999.99
999.99
999.99
999.99
999.99
999.99
999.99
999.99
999.99
999.99
999.99
16.4808851833416
16.390358737377
16.3711143953695
16.3329406863217
16.2940230039512
16.2714398997848
16.256725715063
16.2755919239396
16.3228430015387
16.4011028339404
16.4844503816167
16.5787128162219
16.648489205711
16.7031228970843
16.7444933019795
16.779590680667
16.7995312846387
16.8158852942848
16.8147074846531
16.7946829915589
16.7939107513159
16.8076226790283
16.8502914099183
16.9360283076133
17.053098795833
17.147098425442
17.2835802125401
17.4973005746902
17.8299687932856
18.308268710824
18.8238554451674
19.2479719124521
19.5291902115122
19.5672882832607
19.28772180633
18.9487494160812
18.677426963323
18.4601575273141
18.3338205647928
999.99
999.99
999.99
999.99
999.99
999.99
999.99
999.99
999.99
999.99
999.99
16.4645637384296
16.4507801667645
16.4448416922927
16.4234833806839
16.4017086805542
16.3946875123616
16.4048907614796
16.4506396954077
16.530409045639
16.6494047247184
16.7837740784289
16.926347023866
17.0422872340059
17.1383254286807
17.2095918755164
17.2606597436304
17.2814432341091
17.2893968757158
17.266738214057
17.2116761303602
17.1773315987952
17.1690688265657
17.1983684360414
17.2823288040432
17.4151173922111
17.5153421854551
17.6316857877674
17.7957698508376
18.0639660518086
18.4600482143818
18.9005963846787
19.2951621334939
19.5837242932626
19.6314546957017
19.3861841730019
19.0787554677211
18.80987138492
18.5880813544494
18.479480721816
999.99
999.99
999.99
999.99
999.99
999.99
999.99
999.99
999.99
999.99
999.99
16.4832544492544
16.5214744836452
16.5332324643616
16.5349392369408
16.5394214035118
16.5598927927652
16.6086596853151
16.6954345028248
16.8195344293575
16.9876093053797
17.1783243572007
17.3712944096777
17.5338031577216
17.6719921004959
17.7778346614538
17.8491762059822
17.8742291700104
17.877123326
17.8335386298103
17.7374809895953
17.6480276190783
17.5988212729838
17.5961401130867
17.659783923852
17.7910406857406
17.911807146696
18.0327810430698
18.1761003004326
18.3885914987286
18.6898797353301
19.0206090804975
19.3256392225417
19.5507099884574
19.5857280000328
19.3949016645043
19.1499675903365
18.9271690950211
18.7510218093503
18.6771292763041
999.99
999.99
999.99
999.99
999.99
999.99
999.99
999.99
999.99
999.99
999.99
16.5529129305331
16.5959577103331
16.6273167286725
16.6579857951863
16.6947939843807
16.7479552844871
16.829028598488
16.9468830975881
17.1016525032371
17.3025651053317
17.5304518689788
17.7563322111388
17.9482643126724
18.1097185847954
18.2284138038343
18.2981761467765
18.3124442441123
18.3013898041105
18.2386517398079
18.1153237460854
17.9941035875998
17.9253705686792
17.9073137480594
17.9584615196997
18.0875307251519
18.2214113883092
18.3486148134738
18.4780641597066
18.6500037155161
18.8732942266803
19.1121742471966
19.3286370343138
19.4960543879465
19.5195713207822
19.3869432519475
19.2133731345158
19.0544090483327
18.923441070096
18.8778049325458
999.99
999.99
999.99
999.99
999.99
999.99
999.99
999.99
999.99
999.99
999.99
16.6464670028642
16.679706740602
16.7232400369167
16.7777311588317
16.8429609109231
16.9227960325136
17.0281220941534
17.166752115357
17.3403744838194
17.5596997777838
17.8086285821279
18.050235368493
18.258167109765
18.4287179222241
18.5471750449375
18.6040816158063
18.6041864873068
18.5766883299885
18.4998371784974
18.3640038605722
18.2347327431648
18.164799247156
18.1458082837921
18.1928526515674
18.31945279199
18.4595762190397
18.5891622403144
18.7119104294123
18.8524180771233
19.0083060873376
19.1640853284485
19.2963742463358
19.3953505062856
19.3986659064696
19.3153607372272
19.2083998425795
19.1112251894436
19.029335437124
19.0108981398387
999.99
999.99
999.99
999.99
999.99
999.99
999.99
999.99
999.99
999.99
999.99
16.7041265349697
16.7558200807746
16.8167664224337
16.8906036745836
16.9816318395999
17.0843338587052
17.2069485748261
17.3563713300558
17.5341373906847
17.752748502493
18.0001703045708
18.2387211664198
18.4484600833301
18.6199535489529
18.7319660737456
18.7750721761675
18.7613716042643
18.7168388678006
18.6240267436442
18.4868621282867
18.3663910725385
18.3101689775297
18.3031868530749
18.3601723521646
18.4868797491543
18.6299697823309
18.7593108851487
18.8834814111273
19.0060100964281
19.1222535728408
19.2290473281915
19.3099577088052
19.3546433325837
19.3397869595951
19.2819887784018
19.2053273622694
19.1362863359398
19.080774963363
19.0714731181066
999.99
999.99
999.99
999.99
999.99
999.99
999.99
999.99
999.99
999.99
999.99
16.7635449584613
16.8285044038259
16.9022591525878
16.994395618333
17.1050672773114
17.2242127029552
17.3563744407245
17.5041015779176
17.6715726066613
17.8706003770655
18.0938724913861
18.3088309757405
18.5083294909661
18.6757643090028
18.7804913271611
18.8152844314363
18.7944452581042
18.7318458858571
18.6206801411386
18.4893937970004
18.3849458841798
18.3476187667939
18.3638346839183
18.4421471248151
18.5719386456448
18.7219472444438
18.8574293790991
18.9886715943239
19.1080185022094
19.2123715500396
19.2948931040285
19.3452238032718
19.3519623877373
19.3159152775044
19.2569258102646
19.1857004269903
19.1244028805446
19.0790267556963
19.0732176244422
999.99
999.99
999.99
999.99
999.99
999.99
999.99
999.99
999.99
999.99
999.99
16.8455655476283
16.8925015630257
16.9743125755461
17.0794316779422
17.1986464270299
17.3224210210041
17.4522643971489
17.5857120161925
17.7309721744111
17.8950673420128
18.0788618452492
18.2601613923459
18.4455856032554
18.6071865010228
18.704707502799
18.7337990540614
18.70549994745
18.6180451634514
18.4857043214773
18.3672752986926
18.2955459785457
18.2949512017376
18.3575670804625
18.4777529545114
18.6251324508144
18.777402840878
18.9132793208421
19.0421009961436
19.1593422402421
19.2651817251406
19.3496059250276
19.3954812485794
19.3920807201854
19.3409198621851
19.2635926969258
19.1729330754688
19.0968232811044
19.0413321011341
19.0299509564267
999.99
999.99
999.99
999.99
999.99
999.99
999.99
999.99
999.99
999.99
999.99
16.8298905816084
16.9658889880575
17.0419058255654
17.1502884640854
17.2685819318199
17.3887495148787
17.5097274807528
17.6243177786359
17.744474940489
17.8705865866456
18.014070916681
18.1650077961885
18.3412340887957
18.5037028702891
18.6071870664327
18.6459379090832
18.6228386667981
18.5191842260937
18.3732452286743
18.2679866621805
18.2241108593967
18.2553546943723
18.3628866277174
18.5241621114735
18.689970638898
18.8461997233728
18.9823874527374
19.1079072217633
19.2196891528177
19.3239123584972
19.408751777946
19.4507558254575
19.4359804856717
19.3698363453671
19.2730464165102
19.1605758996248
19.0660912794459
19.0008500542374
18.9851139299375
999.99
999.99
999.99
999.99
999.99
999.99
999.99
999.99
999.99
999.99
999.99
16.8320068982508
17.0443439533162
17.1048430662937
17.2004870376344
17.3103397874502
17.4198804017695
17.5259406783575
17.6182731549304
17.7124665354114
17.8022259046533
17.9077952878258
18.0337892733441
18.2022577215707
18.3696279308853
18.4883922964978
18.5502717648563
18.5429821080581
18.4390893968518
18.2919581589407
18.2013678054502
18.1784333544518
18.2355001129233
18.3806897031162
18.5757380271355
18.7571308633619
18.9174779694273
19.0536166282356
19.1731051906659
19.276093479876
19.3749777322769
19.4577926175353
19.4947356748414
19.4689880888155
19.3904687957388
19.2774299964586
19.1454127863904
19.032858468532
18.9590598713288
18.9405974164866
999.99
999.99
999.99
999.99
999.99
999.99
999.99
999.99
999.99
999.99
999.99
16.9591462241462
17.1197639074127
17.1611954289476
17.233176855249
17.3260679899444
17.4160133791884
17.4983482520764
17.5636626113606
17.6340027860163
17.6949671993256
17.7723837788126
17.8821146627237
18.0462047451275
18.2173610106076
18.3531711808841
18.4410583015384
18.457002780713
18.3674196772912
18.2380465815011
18.1669761242509
18.1638423020274
18.2407261146681
18.4142340703328
18.6274345782626
18.8180672408798
18.9802699713488
19.1163614805537
19.2260424989466
19.3191933462062
19.4095310853391
19.4857707168698
19.5143474858793
19.4803579496194
19.3939082474343
19.2705659528328
19.1264941928659
19.0004697679969
18.9206148256113
18.9024081719391
999.99
999.99
999.99
999.99
999.99
999.99
999.99
999.99
999.99
999.99
999.99
17.2318973793015
17.1572895962633
17.2004398411271
17.2549101328267
17.3264374940052
17.3898171443634
17.4417894043772
17.4790255031627
17.5300949670546
17.5731299414003
17.6360597121999
17.7407679655539
17.9021542104706
18.0711317282275
18.2185777262613
18.3259111176611
18.364189420049
18.3008345662872
18.2054266807212
18.1577427275
18.1756352250595
18.2687581099672
18.4565039335923
18.672649697923
18.8667606058315
19.0271856421168
19.1607968109774
19.2605471412573
19.3429319831354
19.420944896817
19.4870786597023
19.5062998841552
19.468022003624
19.380680833442
19.2552761303485
19.106357847717
18.9706318110103
18.8836494020159
18.86111991168
999.99
999.99
999.99
999.99
999.99
999.99
999.99
999.99
999.99
999.99
999.99
17.3931325231743
17.1688908412643
17.2209158586997
17.2755324790554
17.331326344738
17.3716665423859
17.3927483407573
17.3999330039415
17.4281307669569
17.4567071323245
17.5107278806843
17.613775078976
17.7701373953471
17.9342922127743
18.0902634452079
18.2139081511921
18.2761813894939
18.2507029604092
18.199959218194
18.1754220482892
18.2085417203123
18.3081587809127
18.4928076631056
18.6955568522905
18.8856606399679
19.0429490719447
19.1743567966144
19.2680072675011
19.3434706380779
19.4094840613296
19.4613912645916
19.4702536713599
19.4292184971211
19.3447578421601
19.2242138235441
19.0817295188449
18.9429637861061
18.8494610588736
18.8177907529927
999.99
999.99
999.99
999.99
999.99
999.99
999.99
999.99
999.99
999.99
999.99
17.1168813303099
17.1449034963047
17.2162237078222
17.2810056678461
17.3293137793101
17.3528532265803
17.3484408175041
17.3296041250377
17.3357535977883
17.3523453319286
17.399315186717
17.4996856227406
17.6513126139144
17.8134373500056
17.9807254454449
18.1245985138986
18.2151735571726
18.2288673058814
18.2193851192654
18.2101593682344
18.2465028250721
18.339410232521
18.5074084463566
18.6859759132977
18.8660497482698
19.0200270325484
19.1522765280015
19.2461293832273
19.323080829789
19.3819799852252
19.4186860629016
19.4154762019508
19.3713768440871
19.2886151510507
19.1762565588823
19.0489248115766
18.915587037674
18.8168866661901
18.7733444442124
999.99
999.99
999.99
999.99
999.99
999.99
999.99
999.99
999.99
999.99
999.99
16.7734834004555
17.0950961575333
17.1973743330106
17.2826599732913
17.3350135360914
17.3527789228035
17.3331106108716
17.2957421716929
17.2819419860626
17.2840786159544
17.3201714598184
17.4161453137947
17.5665168137109
17.7332055806018
17.9189872636505
18.0888686052092
18.2070549154138
18.248094606809
18.2628292636345
18.2525815617684
18.2762255420382
18.3470290041687
18.4890367328107
18.6376372569534
18.8024286887124
18.9507919743988
19.084705446294
19.1827696454794
19.2660699082392
19.3222526432805
19.3447145066512
19.3288049754931
19.2797748018329
19.198520053506
19.0971895541508
18.9922444066826
18.8749746784899
18.7777421367716
18.7254482065369
999.99
999.99
999.99
999.99
999.99
999.99
999.99
999.99
999.99
999.99
999.99
16.6805923275515
17.0305156069129
17.1639266246824
17.2838671508766
17.3509512205295
17.37497022694
17.3508446841364
17.3029565558891
17.2701555785087
17.2523731049136
17.2737588177921
17.3660078271612
17.5204617013078
17.7034723489136
17.9230205155733
18.1277832501685
18.2736063476003
18.3337719179956
18.3552434803655
18.3253115374678
18.3176854379885
18.3506129707301
18.4520463512721
18.562371803172
18.7031060327349
18.8399499698755
18.970691221663
19.0753028362602
19.167443500244
19.2373832214406
19.2745198103461
19.2733760779882
19.2410208178736
19.1845269713217
19.0956471815554
18.991812502401
18.874406910822
18.7642170918125
18.6838082488877
999.99
999.99
999.99
999.99
999.99
999.99
999.99
999.99
999.99
999.99
999.99
16.8005766843816
16.9813704373913
17.1249150905692
17.2701829423146
17.3540931573765
17.392510498494
17.3733565503956
17.3212467630876
17.2684723404861
17.2257872438347
17.2286213536004
17.3149461457852
17.4796129071733
17.6956546034135
17.9685974018929
18.2223591919657
18.4045759964087
18.4797573172298
18.491251309779
18.4242068672963
18.365544603018
18.3419363309414
18.3905033367876
18.4566271424276
18.5661396044376
18.6865935679426
18.813921378856
18.9267470608031
19.0303275525816
19.1191137150405
19.1783351370284
19.1913487020065
19.1719733643174
19.1372752338926
19.0599087501082
18.9582594376401
18.850421873141
18.7404199312549
18.6413815632337
999.99
999.99
999.99
999.99
999.99
999.99
999.99
999.99
999.99
999.99
999.99
16.7269589339555
16.9472988953639
17.0868401869682
17.2304607938639
17.328166077711
17.3823093241571
17.3763633997171
17.3293492073607
17.2642018378947
17.1973737680469
17.1805557268218
17.2571789415047
17.4337470703665
17.691358758252
18.0310372563281
18.3458524092141
18.5777936626188
18.6700394664466
18.6643670669064
18.5528047626841
18.4358899218571
18.3419507590642
18.3289826793865
18.3449954464636
18.4143699570787
18.5064701051331
18.6223206655763
18.7348859148831
18.8427342712274
18.9470522656221
19.0509918330498
19.1004249176817
19.1158120491977
19.1249171359464
19.0811004957881
18.9638729819564
18.8528796659005
18.7345843235517
18.609850268392
999.99
999.99
999.99
999.99
999.99
999.99
999.99
999.99
999.99
999.99
999.99
16.6624747474748
16.9190873055046
17.0509800884012
17.191203084874
17.2964557793418
17.3628823781725
17.3704010333122
17.3315437521807
17.2598417495035
17.1726796665106
17.141298659917
17.2129742282677
17.4006170719395
17.6997526375393
18.1064889357621
18.4807633570062
18.7630103422022
18.8862277585457
18.8787141129588
18.7359709743336
18.5720786158474
18.4132104187681
18.3298834629596
18.2782266109528
18.2903061307815
18.3346240077791
18.4189840930451
18.5136295428922
18.6124881118267
18.724997674908
18.8754088044558
18.9654836497809
19.0202078783066
19.0789794394375
19.0682640358226
18.9304614833036
18.8166696191607
18.698481742281
18.5603117472667
999.99
999.99
999.99
999.99
999.99
999.99
999.99
999.99
999.99
999.99
999.99
16.812005428434
16.8879749936275
17.0061675557703
17.1459865479083
17.2453090571284
17.3146543561952
17.3307468874488
17.2986609215293
17.2236038494082
17.1258772552261
17.0909351070398
17.1603907126738
17.3541809909372
17.6851105880166
18.1430278557561
18.5607914261766
18.89285647815
19.0664457508387
19.0822549646197
18.9325254467278
18.7433413877297
18.5308274336313
18.3691189542261
18.23991285663
18.1892655427687
18.1776366233182
18.2207012714578
18.2900753663747
18.372251223273
18.485296998827
18.6812973427128
18.8174646109052
18.919363192593
19.031038666098
19.0523728118522
18.8891755868473
18.7964588716331
18.7074095769521
18.5911672765238
999.99
999.99
999.99
999.99
999.99
999.99
999.99
999.99
999.99
999.99
999.99
16.6685692431198
16.87419575064
16.973045280137
17.0956329845098
17.1748191545614
17.2345446389349
17.2529235964061
17.2236350577432
17.1470368760778
17.0492316556787
17.0172249639612
17.0816158716603
17.2726030968601
17.6197424537983
18.102322705498
18.5467475359816
18.9259618398593
19.1632311283024
19.2293537200462
19.1063772847813
18.9221346784725
18.6784163574698
18.4491196186684
18.2393844028039
18.1246651011892
18.0527569561564
18.0469329187283
18.0819068147487
18.1422578695647
18.2232555603923
18.4101691789474
18.5444705587823
18.6507654053536
18.7683339317564
18.8215083048214
18.6789508958623
18.6493972638948
18.6304399163742
18.5852043690854
999.99
999.99
999.99
999.99
999.99
999.99
999.99
999.99
999.99
999.99
999.99
16.5514830602357
16.8872991112935
16.9553289681497
17.0553036945007
17.1103205816707
17.150739724015
17.1644674302474
17.1346303157649
17.0597308341165
16.9691063530584
16.9435983494168
17.0040761296268
17.18440002369
17.5287682087709
18.0086999348427
18.4653424207497
18.8810573669128
19.1875380546329
19.3275670350247
19.2616746344189
19.110230030978
18.8633830300993
18.5825331764822
18.2923832575692
18.1119939187744
17.9753086859157
17.9055906857141
17.8932853822356
17.9240128698137
17.9643549252876
18.1311294902743
18.2675879089834
18.3831060838522
18.5087178695049
18.5937231539295
18.4735746499564
18.5017752362707
18.5471934727648
18.574344920085
999.99
999.99
999.99
999.99
999.99
999.99
999.99
999.99
999.99
999.99
999.99
16.7335936551512
16.9259703258019
16.9654431971817
17.0375405589433
17.0641313460619
17.0776761424418
17.0763488150957
17.0379163144878
16.9625916401272
16.8821971694177
16.8659850327908
16.9280152962859
17.0970061638827
17.4262048837913
17.8833507151769
18.3374238838506
18.7719388429454
19.1481338519369
19.3753440304945
19.3877659228199
19.2882955963768
19.06692350841
18.7439644141011
18.379226265949
18.134155794131
17.9381622939354
17.8035587150374
17.7500521749109
17.7557129243643
17.7593163328474
17.8645013327123
17.959492732068
18.0406773813622
18.1312355877147
18.2049509741803
18.1392432980202
18.258338937865
18.4010876930434
18.5347830937168
999.99
999.99
999.99
999.99
999.99
999.99
999.99
999.99
999.99
999.99
999.99
16.7731080960593
16.9896116255463
17.0053153065213
17.0364381616517
17.0332900287923
17.0179157918578
17.003494192799
16.958755708033
16.8868026460523
16.8242628004605
16.8218754775107
16.8746593158021
17.0231227785068
17.3216614667652
17.7335212897194
18.165477662579
18.6076574656188
19.0356999617881
19.3359803765527
19.4250322441481
19.379416379831
19.1903757753858
18.8440030319811
18.4327788794593
18.1432153438245
17.9101884428149
17.7333796623034
17.6539784890469
17.6401771859407
17.6102107326685
17.6483386977971
17.6939243598649
17.7373493535983
17.7917698376985
17.8567058818948
17.8499405584237
18.0580688024728
18.289691738002
18.5207390099544
999.99
999.99
999.99
999.99
999.99
999.99
999.99
999.99
999.99
999.99
999.99
17.1043140681748
17.0644307690209
17.0608312858346
17.0489465019936
17.0195061272074
16.9759025810922
16.9485908736346
16.9001618456496
16.8378663508129
16.7981527026279
16.813724542273
16.8598122195813
16.9892820004077
17.2528640832951
17.6127090238161
18.0140594447647
18.4509944203652
18.9067473161158
19.2910571584952
19.4798106445606
19.5167142614508
19.4062250052518
19.0988687901224
18.6696086781315
18.3531047748814
18.1011583408542
17.9111537298477
17.8576586524558
17.8483182091322
17.8094395892604
17.7989927565562
17.7606185815117
17.6743109742102
17.6323903461611
17.6308523837662
17.6270268133418
17.8321568625279
18.0868035637911
18.3464579239848
999.99
999.99
999.99
999.99
999.99
999.99
999.99
999.99
999.99
999.99
999.99
17.3719129975715
17.1309271380592
17.1118711684075
17.0676778747971
17.0193147326392
16.9514167710193
16.9110321533375
16.8622866438042
16.8168019964122
16.8041934540384
16.8449287314172
16.8943112258615
17.0127546591921
17.2425700197862
17.5526594941894
17.9175183975964
18.3377470228757
18.7962858143043
19.232576041176
19.495023296323
19.5960700329626
19.5514707339575
19.289324498946
18.904923273292
18.6164750442282
18.4003880257828
18.255735410315
18.2813545184589
18.2478920061338
18.1855577631121
18.1217201475516
17.9865042072846
17.7537313840547
17.6363677794523
17.564247276561
17.5342744979216
17.7078900417914
17.9572938467052
18.2133831092293
999.99
999.99
999.99
999.99
999.99
999.99
999.99
999.99
999.99
999.99
999.99
17.3880072703139
17.1661652558571
17.1471491395682
17.0785568601308
17.0168510886854
16.9312539781944
16.8816656854131
16.8370864847485
16.814509410017
16.8340024084331
16.9062167377142
16.9626642470572
17.0723634191322
17.2676912635375
17.5274256480235
17.8484547584476
18.2442167797904
18.7132979393999
19.2053116652285
19.5497122345004
19.7275684638182
19.7670172704401
19.534921680203
19.1906035396782
18.9202041240863
18.7311993335501
18.6270140940708
18.7449294217783
18.7053909526945
18.639793900685
18.5434864066445
18.323796321958
17.954587901849
17.7497110910532
17.5931274998398
17.5164486967341
17.6361291576345
17.8575169960208
18.0961581464852
999.99
999.99
999.99
999.99
999.99
999.99
999.99
999.99
999.99
999.99
999.99
17.377173624414
17.1419604488542
17.1458840307398
17.075491691732
17.0081246865496
16.9122564401795
16.8610160677742
16.8272508499812
16.8332974962878
16.8896195192619
16.9984217726122
17.0620893131886
17.1610485869056
17.3178768803426
17.5221329854754
17.7880190187706
18.1500575627542
18.638388718164
19.1952941043821
19.6318065332238
19.9110186083275
20.0612069814999
19.8529723569745
19.5443152080469
19.2898805427807
19.1097780351311
19.0299089298529
19.2394200622468
19.1926181393932
19.1222199070356
19.0203575981811
18.7415111183126
18.2591415324316
17.9860603117934
17.7610906360385
17.6111581072272
17.6453436221895
17.8066832628647
17.9976300036977
999.99
999.99
999.99
999.99
999.99
999.99
999.99
999.99
999.99
999.99
999.99
17.242689494916
17.0784818220633
17.104330668895
17.0528984373471
16.9889427988195
16.8895758343401
16.8287155907749
16.795781103467
16.8186810253234
16.898371400596
17.0317362503924
17.1193970158893
17.2229930441566
17.3564859520667
17.5222376735459
17.7447190658553
18.0642887732466
18.5586746213491
19.1617785520438
19.6712843806688
20.0461874684518
20.3146841907301
20.148819359623
19.9008995423684
19.6847749084777
19.5200761203741
19.4622245007168
19.7594903961257
19.7038823235813
19.6307760654981
19.5596745648976
19.2561981448031
18.687331665801
18.3661735237915
18.0885177161628
17.8253793221963
17.7370868019668
17.8229824672886
17.950802349211
999.99
999.99
999.99
999.99
999.99
999.99
999.99
999.99
999.99
999.99
999.99
17.0334360378298
16.9999737488749
17.036294015811
17.0102423058285
16.9575035184994
16.8630043686937
16.7950617496255
16.7586790954343
16.785736336061
16.8745231047771
17.0165849770838
17.1214651088879
17.2287052970126
17.3473222320083
17.487755194955
17.6785300914138
17.9569690990213
18.4544605712009
19.031123523517
19.5325442762135
19.92926286793
20.2359876270035
20.0403922631172
19.8529425531645
19.6809226074484
19.530217184186
19.4650027239459
19.7630096863867
19.6640437201723
19.5542710214398
19.4854057942176
19.2212615272396
18.7374630944014
18.4793072421761
18.2558158045389
17.9803090576494
17.8520470141247
17.889851053162
17.9810705694553
999.99
999.99
999.99
999.99
999.99
999.99
999.99
999.99
999.99
999.99
999.99
16.7857927239878
16.8781598097544
16.9404630474112
16.9470580817004
16.9122051360581
16.8315901749655
16.7651688820183
16.7266616027177
16.7484302527929
16.8339368976654
16.9683957774377
17.0761938547439
17.1804293559801
17.2864066089545
17.4053413621196
17.5702853026016
17.8048789612718
18.3013962528635
18.8504133745736
19.3404501601852
19.7583897448359
20.1191723439056
19.9108284374309
19.7223113329628
19.5557335562551
19.3773757057504
19.2487643401489
19.4893122859712
19.4338173935519
19.3341419968666
19.3158932827291
19.1428476641773
18.7959168317152
18.5792033479956
18.4071906506232
18.1162961840952
17.949823875179
17.9425557583338
18.0007960047497
999.99
999.99
999.99
999.99
999.99
999.99
999.99
999.99
999.99
999.99
999.99
16.6532746512746
16.7325781940889
16.8280829645612
16.8670586279373
16.8549236360687
16.7944678356849
16.7341789615209
16.6916479495165
16.6993262167098
16.768171894161
16.8808938238067
16.9830763082676
17.0849201758702
17.18560261197
17.2929332194521
17.4358686969517
17.6243702935329
18.0646963994645
18.5249824119272
18.9395917703545
19.3245186923204
19.6846611280291
19.5100286424641
19.376465829322
19.2994330107532
19.1721994744178
19.0621190569981
19.2752643092516
19.2669910600501
19.1344948785378
19.1236708057585
18.9974018146198
18.7450049131764
18.5704514113472
18.4727960427586
18.1920391890737
18.0146365573546
17.9882232866422
18.0168163296755
999.99
999.99
999.99
999.99
999.99
999.99
999.99
999.99
999.99
999.99
999.99
16.4612022397528
16.5719199007819
16.6958788643991
16.7614833450577
16.7764794504394
16.7440294783696
16.6957810172798
16.6516086550451
16.6526930991957
16.7071156205847
16.7994275851092
16.9019413303204
17.013795322121
17.1068017590474
17.2047039916487
17.3248219036669
17.4611516153526
17.7795842230678
18.0915750902141
18.3676825088849
18.6502056120526
18.9393546685996
18.8393230388029
18.804771436524
18.8653796577845
18.8498495445617
18.821804647375
19.0164999561075
19.0610479964766
18.8968577052395
18.8904422080985
18.8082297382762
18.6565585163099
18.5355794613253
18.5280516565005
18.2759718968892
18.1072340915453
18.0652382131558
18.0642271251101
999.99
999.99
999.99
999.99
999.99
999.99
999.99
999.99
999.99
999.99
999.99
16.2994245692364
16.3849050511848
16.5333585640376
16.6314907646849
16.6728613195181
16.6736677448398
16.6508550494894
16.6168427058573
16.6196375841151
16.6629485422116
16.7409726043962
16.8356520520183
16.9501724567798
17.0325034015998
17.1212079602565
17.2109689043105
17.2987571244586
17.5052867632129
17.6810252531802
17.8227126301222
17.9970474849356
18.1956142510119
18.1401115639496
18.1700290348056
18.3503574796431
18.4497405126933
18.5180398272604
18.7115400013934
18.8238473809223
18.6313396506156
18.5721551262223
18.4776127742654
18.3737635373545
18.2596025390317
18.301821971777
18.1428616922931
18.0483506226336
18.0178326259528
18.0129453651149
999.99
999.99
999.99
999.99
999.99
999.99
999.99
999.99
999.99
999.99
999.99
16.1525724592868
16.189596445669
16.3499822886247
16.4856386763966
16.5510300937315
16.5842458725078
16.5908177984815
16.5729967084167
16.5852644034655
16.6227006218388
16.6922065943814
16.7792844435187
16.8957631719056
16.9624295033958
17.0361301272249
17.0915805058926
17.1713373463831
17.309891808396
17.43254867997
17.5262415083998
17.6682768701413
17.7742163933811
17.7509326727141
17.7903877158419
18.0364954811713
18.2097415147129
18.3899521562081
18.6301800042377
18.8408939101327
18.6474710953516
18.5562957987331
18.4265578283312
18.2953857447246
18.1400304966611
18.187108925901
18.0803463337412
18.0375332123044
18.0346823645504
18.0352742251269
999.99
999.99
999.99
999.99
999.99
999.99
999.99
999.99
999.99
999.99
999.99
15.6331122926628
16.04616169545
16.1769417049479
16.3303081274011
16.4123416395642
16.4733689420519
16.5071444142362
16.5072131878116
16.5347347046264
16.5706999477172
16.6386183852592
16.7232075504991
16.8426889660956
16.8939398502198
16.9568766113761
16.9805545616645
17.0642424108933
17.1517466244968
17.2365268976123
17.2931270843876
17.4090157009148
17.4041919128099
17.3840274254711
17.4344924111406
17.7318820560375
17.9708184559792
18.2783956769959
18.5886462133727
18.8568642950271
18.6596424125084
18.5306107251964
18.3571819408102
18.1934170512484
18.0269549475694
18.0901633220632
18.0455029040091
18.0536467043073
18.0927681482989
18.1125895439991
999.99
999.99
999.99
999.99
999.99
999.99
999.99
999.99
999.99
999.99
999.99
15.2609839794997
15.9093137563508
16.0159704438762
16.1800409857609
16.2687171336306
16.3509694870166
16.4095974779922
16.431503482902
16.4801128427224
16.5221575539906
16.5950705294369
16.6810489144635
16.8011163356472
16.8341464876184
16.8845394313213
16.8806280003796
16.9778196196219
17.0559994207239
17.1473814495983
17.2114667739559
17.3344110343194
17.2484307342488
17.1967249292196
17.2116707900461
17.4878375486545
17.7283959414367
18.1011894799102
18.4555770595577
18.7760805759369
18.6155540734985
18.4872996556984
18.3017545608468
18.1342052590428
17.9630676785935
18.0263394082665
18.0295604461308
18.0799737350204
18.1541696896077
18.1967802825839
999.99
999.99
999.99
999.99
999.99
999.99
999.99
999.99
999.99
999.99
999.99
15.4418554182944
15.8554195459294
15.9096843325547
16.0630936146188
16.1452205012612
16.2342227947374
16.3077466016578
16.3462082903636
16.3930324320315
16.4223000882862
16.4792359659789
16.5440877801926
16.6384746582904
16.6711587908124
16.7261377303783
16.7237545901732
16.8688968467924
17.0048207747554
17.1499841685785
17.2694355785629
17.4349225752427
17.2989808499477
17.1822614651933
17.1205267049349
17.3510707968665
17.5763955783976
17.9954318152319
18.4109215419989
18.8093664922058
18.6749967543405
18.5292140931451
18.3149504194197
18.109407257137
17.9067398006571
17.9594159792118
18.002662713391
18.0884174597757
18.2220766546539
18.2896006929672
999.99
999.99
999.99
999.99
999.99
999.99
999.99
999.99
999.99
999.99
999.99
15.3957379234522
15.882573431603
15.8824169736856
15.9878753506694
16.0552185599887
16.1376348358911
16.2142576929888
16.2623207477332
16.3062934516477
16.3264128473326
16.3625690019323
16.4019446058106
16.4668450850047
16.4909403199542
16.5403589719615
16.5523194620532
16.7573047242885
16.9592296572993
17.1705817641659
17.3616103541009
17.5760269409642
17.3997376071317
17.2262481658144
17.0888594884212
17.266492030671
17.4621092664243
17.9081304114717
18.3710534241313
18.8417249587058
18.7341882897103
18.6015599058959
18.4193684165183
18.2336674667754
18.0544502556069
18.1462553590692
18.2277876927642
18.2842570143954
18.4318945193179
18.4794525427471
999.99
999.99
999.99
999.99
999.99
999.99
999.99
999.99
999.99
999.99
999.99
15.7918632601106
15.9298814105167
15.9066816844787
15.9514141777899
15.9972634750671
16.0650537044506
16.1372899165024
16.1911266131976
16.2322585382525
16.2456207344661
16.2637476472104
16.2817423635446
16.3190372210629
16.3362052466439
16.382399058596
16.4121844579301
16.603926170075
16.8000778597852
17.0018672016288
17.185313776944
17.3710561816073
17.228841701261
17.074172307175
16.9418325796091
17.1448150192969
17.3833715024801
17.8510835460646
18.3518968870793
18.8737246817465
18.777914972443
18.6479621157802
18.5155320986225
18.369832158289
18.2391400899828
18.3928409501118
18.5367474149123
18.5352730424444
18.642339365912
18.6328112122074
999.99
999.99
999.99
999.99
999.99
999.99
999.99
999.99
999.99
999.99
999.99
16.2950385094875
15.9670747709403
15.9441520306775
15.9553923653723
15.9781815868212
16.0268357937518
16.0893821099923
16.1444835166503
16.181203955449
16.1894028108013
16.1896724342096
16.1865840746374
16.1970650887544
16.2070121389141
16.2485144954447
16.2984679238206
16.4738143728015
16.6593497523971
16.8466572044382
17.0161054655708
17.1650978109183
17.0645476965796
16.940979333606
16.8291260348326
17.0480832658
17.3157402688304
17.7863233242823
18.3017066619304
18.8573627616915
18.8152564938126
18.7344789587849
18.6787751489519
18.6091519602638
18.5532061790565
18.7502135625142
18.9523846674878
18.9074388820193
18.9308551208492
18.8123055210008
999.99
999.99
999.99
999.99
999.99
999.99
999.99
999.99
999.99
999.99
999.99
16.3419081289081
16.0505202730933
16.0138804324248
15.9885403553887
15.9908201017788
16.0191072678099
16.0688260125867
16.1203288674469
16.1496350507053
16.1518322587314
16.1346955725576
16.1092875222184
16.092740331016
16.0953141803194
16.1319341875462
16.2001750571656
16.3575274115119
16.5254354758275
16.690661753026
16.8359156798265
16.9420670386407
16.878277833021
16.7933033789014
16.7124829048596
16.9378814654538
17.218418008781
17.6649457004264
18.1619886482976
18.7117907709391
18.738889746042
18.7294383440928
18.7925076738541
18.8349136250697
18.9013370274571
19.149374538677
19.414052601184
19.3200042223341
19.2626291452881
19.0260581946695
999.99
999.99
999.99
999.99
999.99
999.99
999.99
999.99
999.99
999.99
999.99
15.9984037873342
16.0973295743802
16.06345343986
16.0255575969222
16.0132651710267
16.0267995942465
16.0677672786561
16.1191516535517
16.1534268449444
16.1623293031004
16.1424421871207
16.107092771365
16.0751845249187
16.0593268732716
16.0795113688371
16.1449596445473
16.2624282798835
16.3902800272323
16.5200091587886
16.6276692993269
16.6930959474135
16.6717115280621
16.6340306092404
16.597856781643
16.8002140889028
17.050624560169
17.4271535170291
17.8657445524092
18.3647280760202
18.5021508706083
18.6132282574803
18.8458332573843
19.0380287516326
19.2413172486811
19.5140801343558
19.8154654354084
19.645589157707
19.4809577543811
19.1578502516501
999.99
999.99
999.99
999.99
999.99
999.99
999.99
999.99
999.99
999.99
999.99
16.1853399567267
16.1131604262161
16.0923922141428
16.059021362231
16.0366620295208
16.0403315812081
16.076086876565
16.1278691401596
16.1650403584517
16.1784469850095
16.1605197520458
16.120020808009
16.0768447216515
16.0498214975964
16.0607670529861
16.1159625150662
16.1867259579528
16.2689814408528
16.3534698699423
16.4130751993975
16.4382522654219
16.4593475967897
16.4714610491729
16.4871359838997
16.6692701438894
16.8887475502491
17.1931187618595
17.5764984975007
18.0252584738253
18.2799786979007
18.518959910137
18.8730546516129
19.1476590611535
19.4280175964402
19.677194357272
19.9679377658904
19.7929243896424
19.6063775284769
19.2661320307652
999.99
999.99
999.99
999.99
999.99
999.99
999.99
999.99
999.99
999.99
999.99
16.0940013843428
16.1341355546442
16.1128422236279
16.0895307210841
16.0598937031104
16.0549227642019
16.0837040702984
16.1336985639879
16.1707321602725
16.1866509647117
16.1714365849896
16.1285252912074
16.0763763987882
16.0405448865058
16.0425908308879
16.0856381181392
16.145350211268
16.2170616630423
16.2907369858931
16.3392138395971
16.3628476116422
16.3895944149578
16.4152284363246
16.4468602938489
16.573604077127
16.7263081320652
16.9583161639171
17.289879101004
17.6943085190058
18.0670277467837
18.4303097256914
18.8470350569058
19.1411332313325
19.4351329298094
19.6012198406363
19.8208167640159
19.6961693852154
19.5569457989936
19.2595165831439
999.99
999.99
999.99
999.99
999.99
999.99
999.99
999.99
999.99
999.99
999.99
16.2243693145157
16.15629246312
16.1401798371546
16.1127795017404
16.0773191784654
16.0637532526457
16.0840776290209
16.1301421519657
16.1652642895879
16.1834634586454
16.173958378068
16.134553778833
16.0786907927203
16.0374327788025
16.029887103812
16.0571279970088
16.1025611310423
16.161161269077
16.2221192613093
16.2616334988015
16.2879044470683
16.3198440353681
16.3580188075224
16.404603574144
16.4964139963511
16.605760134985
16.7696533417537
17.060567591382
17.4208889344913
17.8502057400458
18.2816587389173
18.7499949749335
19.0172111920301
19.2790310086422
19.3702295281729
19.4832014591787
19.3498234966561
19.2706374172794
19.0618458240066
999.99
999.99
999.99
999.99
999.99
999.99
999.99
999.99
999.99
999.99
999.99
16.1634726542009
16.1852890421682
16.1639756799716
16.1308322613119
16.0882382380149
16.0639532436781
16.0712688565965
16.1082062981371
16.1390559427583
16.1604066498993
16.1606102070804
16.13396008848
16.0854578596612
16.045187889636
16.0302661373342
16.0419459319165
16.0703041858184
16.1135888467512
16.1614026401476
16.1935509123892
16.2230134444575
16.2600912552061
16.3067179609052
16.3641688443539
16.4388795427137
16.5274443082408
16.6550018560166
16.931672559995
17.2802885816212
17.7378244895054
18.2038632407393
18.6848679345447
18.9033171966729
19.0875573907285
19.1093232058127
19.1187053464725
18.9697958092657
18.929145047974
18.8156609720512
999.99
999.99
999.99
999.99
999.99
999.99
999.99
999.99
999.99
999.99
999.99
16.1662244059979
16.2269091138885
16.1985843420768
16.1506496410195
16.1004919871327
16.0647910514248
16.0553242487338
16.076028412001
16.0987071853572
16.1206411051322
16.1289016719802
16.1190669983892
16.0866162061442
16.0544046033931
16.0377431230225
16.040168413639
16.0549995308894
16.0840596849088
16.1206212344302
16.1472342816343
16.1758724932444
16.2122602214922
16.2612468704835
16.3230310242347
16.3974224188968
16.4891637410672
16.6086731117867
16.8775339683909
17.232094423863
17.6940228459379
18.1793686573098
18.6573043716343
18.8595850685775
18.9906019893611
18.9803699579
18.8961566055177
18.7391648737858
18.7127889350999
18.6373683520797
999.99
999.99
999.99
999.99
999.99
999.99
999.99
999.99
999.99
999.99
999.99
16.3674193486214
16.275948520104
16.2351897210319
16.1855202407982
16.1221572806583
16.063926627689
16.0063727211051
16.0098836476123
16.0111190920703
16.0332766089532
16.0815976122095
16.1175848717878
16.114146097713
16.100770630551
16.0954611094385
16.0643923674911
16.0591553692934
16.0687735331413
16.1050748209917
16.1188551270663
16.1435133962194
16.1694465163009
16.2093252537748
16.2543390847945
16.3377292024409
16.4424552996633
16.5478286815839
16.8112385237852
17.1493678684525
17.5480852638932
18.0338350806375
18.5887668721756
18.8413008348708
19.1260898552608
19.085845042808
18.9249891495305
18.6521538062532
18.5430037306312
18.3075819730187
999.99
999.99
999.99
999.99
999.99
999.99
999.99
999.99
999.99
999.99
999.99
16.4920981240981
16.3088493714768
16.2672656937655
16.206807398398
16.1440704937781
16.0699759956294
15.9889410508079
16.0146585474498
16.0059610982838
16.0189171525893
16.0700324345871
16.1116547781587
16.0921427001415
16.1007451712968
16.1042607669688
16.0636644807806
16.0580581178931
16.047163870148
16.0744807166203
16.0828948676987
16.1130319115965
16.1270205079003
16.1613193200269
16.1999809689515
16.2831803333122
16.3942633673278
16.4962048610505
16.7426444032206
17.0578842521219
17.3831771996955
18.0697720151904
18.7057054776732
19.2379348627638
19.562161912625
19.5700708302665
19.1712930628167
18.7864644181765
18.3770870361236
18.1020301423902
999.99
999.99
999.99
999.99
999.99
999.99
999.99
999.99
999.99
999.99
999.99
16.4832397058355
16.2875972970119
16.2469258186645
16.5410076323212
16.081343660598
16.2571175920479
15.8047739063105
15.6536078002524
15.5031094167157
15.9236944540812
15.91053457589
15.9031381560754
16.5892437918257
16.3893807210985
16.3094975036578
16.1406615030343
16.137043551493
15.8618408072763
16.1122231574078
16.1210620038111
16.4302447068997
15.986356396217
15.9125221905466
16.0359501284623
16.1096481037352
16.2724312713999
16.5587199873297
16.6197635589343
16.3830366683259
17.4173271942924
17.6786830927493
17.458590655183
19.1257734671753
20.8792816457252
20.0435754219145
22.9220223955833
17.1727064522779
17.951562847657
17.5323859827745
999.99
999.99
999.99
999.99
999.99
999.99
999.99
999.99
999.99
999.99
999.99
999.99
999.99
999.99
999.99
999.99
999.99
999.99
999.99
999.99
999.99
999.99
999.99
999.99
999.99
999.99
999.99
999.99
999.99
999.99
999.99
999.99
999.99
999.99
999.99
999.99
999.99
999.99
999.99
999.99
999.99
999.99
999.99
999.99
999.99
999.99
999.99
999.99
999.99
999.99
999.99
999.99
999.99
999.99
999.99
999.99
999.99
999.99
999.99
999.99
