999.99
999.99
999.99
999.99
999.99
999.99
999.99
999.99
999.99
999.99
999.99
999.99
999.99
999.99
999.99
999.99
999.99
999.99
999.99
999.99
999.99
999.99
999.99
999.99
999.99
999.99
999.99
999.99
999.99
999.99
999.99
999.99
999.99
999.99
999.99
999.99
999.99
999.99
999.99
999.99
999.99
999.99
999.99
999.99
999.99
999.99
999.99
999.99
999.99
999.99
999.99
21.3816372686547
21.4331403117031
21.3441003388791
21.1436930177836
21.6695735955269
21.6101548511496
21.5418982951126
21.4858467225767
21.1829425982434
21.3170592032822
21.4949473077613
21.6928217666963
21.6591076293045
21.8409407861168
22.3126289977927
22.5015338466859
22.6267438496463
23.0860035195157
23.2065605387294
23.4916798950179
23.5854488699174
23.7480286577324
23.7272421024581
23.5564010915527
23.3137584009053
23.1193655519858
23.0278266135723
23.1625506311412
23.4118732471555
23.4512360668521
23.4528561571504
23.4997501219261
23.7458741845219
24.1319121679714
24.2662946260508
24.230938403326
24.3112768601898
24.4296814871898
24.2667108541865
999.99
999.99
999.99
999.99
999.99
999.99
999.99
999.99
999.99
999.99
999.99
21.6060508394045
21.7111054371868
21.736619683376
21.7968399295491
21.8331904037344
21.849116394813
21.8450318042857
21.8071617748784
21.7824873891185
21.7817897833034
21.8077139336823
21.8931380623095
22.0219198965464
22.1836188334065
22.3720986574127
22.6109405566541
22.8540100132472
23.0802936133046
23.2791285147897
23.4552431478711
23.5643995327133
23.6130853693411
23.5938088203137
23.5290296849189
23.4355304350803
23.3671648485502
23.3573967207218
23.3956292447609
23.4611836054324
23.5466157347082
23.6509099642853
23.7638757282332
23.8854153664555
24.0179160199157
24.1515624917243
24.2578265834432
24.3101747355372
24.3468354543798
24.3739246144539
999.99
999.99
999.99
999.99
999.99
999.99
999.99
999.99
999.99
999.99
999.99
21.8998116656862
22.0045394827102
22.0460588595136
22.1271815038473
22.1666407301457
22.1822369038087
22.1727358613846
22.1352162836622
22.0990422123225
22.0795261611533
22.082815399886
22.1301899718976
22.2172650943325
22.3482877904474
22.5180764305639
22.7361616757422
22.9642481452814
23.1831380078809
23.3730097642761
23.528099530204
23.6181464975614
23.650828236787
23.6272626437386
23.5751082930843
23.5098211504185
23.4663049751177
23.4699516681473
23.50952162748
23.5709293814911
23.6513059817014
23.7466871905285
23.8468114190753
23.9563620818246
24.0726105229823
24.1846265105373
24.2769195624031
24.3355970967241
24.3795561732655
24.4124242419035
999.99
999.99
999.99
999.99
999.99
999.99
999.99
999.99
999.99
999.99
999.99
22.0587228900923
22.2715032797775
22.3240931137082
22.4140008613371
22.4580009196835
22.472219421377
22.4611888063854
22.4352385133846
22.3990657169878
22.3683216722127
22.3601739270171
22.3792277278531
22.4285317755112
22.5302616928633
22.6823584338515
22.8707328910816
23.0756045277399
23.2790743973281
23.451736587569
23.5815283429366
23.6582036420727
23.6827890080701
23.6686496206841
23.6379153591683
23.6061205096651
23.5920813795013
23.611257805737
23.6563076657648
23.714551697206
23.7857574674595
23.8675270313505
23.9484794054137
24.0362105016742
24.1343822979807
24.2274947554521
24.3049052095766
24.3692473553982
24.4197881549375
24.457545094541
999.99
999.99
999.99
999.99
999.99
999.99
999.99
999.99
999.99
999.99
999.99
22.2579634372596
22.4877019457377
22.554453447084
22.6461921238276
22.6918526901059
22.7092283453778
22.7017312645894
22.6794073206448
22.6463451538532
22.6149370325958
22.5981355296281
22.6025044655617
22.6333983684828
22.7132500015791
22.8410964806291
23.0061478335675
23.1893920294888
23.3719429167095
23.5251326029722
23.6393912295599
23.7077316991087
23.7328485482265
23.7291454377615
23.7172002233126
23.7090880422996
23.7159950411108
23.7480213866527
23.7970170310918
23.8518943810471
23.9132298531308
23.9809076257717
24.0476870222849
24.1207004389734
24.2043724743023
24.2862137105155
24.356648290768
24.4168395708471
24.4662003829017
24.5040836684351
999.99
999.99
999.99
999.99
999.99
999.99
999.99
999.99
999.99
999.99
999.99
22.5179418676562
22.6566816520054
22.7379426765887
22.8308476757036
22.8775092257417
22.8971710826708
22.8928327762623
22.8739560077046
22.8457130200137
22.8185887128415
22.8012010776559
22.8009381619418
22.8242222548877
22.890869233185
22.9991456311763
23.1416700431692
23.3013945391966
23.4603891816749
23.5926106591492
23.691623745754
23.7538237497636
23.7831678840238
23.7923102021519
23.7993090389982
23.8128012764869
23.8367919811825
23.8763107836378
23.9253396106802
23.9754732278996
24.027630635919
24.0835099604057
24.1403505668448
24.2033797893399
24.2761119332231
24.3487911661791
24.4134239330632
24.4688894632535
24.5144595055576
24.5490272757838
999.99
999.99
999.99
999.99
999.99
999.99
999.99
999.99
999.99
999.99
999.99
22.7128442614296
22.7822476016333
22.8793035947835
22.9735723917138
23.0191318974161
23.0377115036012
23.0330058835388
23.0146680185126
22.9904626736077
22.97027936511
22.9589245755603
22.9633231042616
22.9890180578546
23.0515837097927
23.1474911869528
23.2710898259025
23.4082442358978
23.5440384372014
23.6560806523243
23.7409035548643
23.7986450763894
23.8335144507367
23.8546938637158
23.8771408333472
23.9062861737481
23.9403604579436
23.9810319467812
24.0263262469144
24.0707041919713
24.11548648311
24.1640392251234
24.2167650879603
24.2755090679232
24.3425933867211
24.4101487218913
24.4712477919635
24.5226270105703
24.563896338327
24.5932993241169
999.99
999.99
999.99
999.99
999.99
999.99
999.99
999.99
999.99
999.99
999.99
22.78056230297
22.8744499829739
22.9858405258862
23.0794347241828
23.1229646626515
23.137969197139
23.1299231747193
23.1094391621845
23.0874458692044
23.0746768164739
23.0730427589423
23.0877615877261
23.1227702425853
23.1881190083649
23.277769684463
23.3870549924939
23.5051451087478
23.6201779234427
23.7145858558467
23.7879081140874
23.8423162825561
23.8817539778573
23.9121312444906
23.9447217460228
23.9817688677517
24.0186956333651
24.0552658436606
24.0938846534209
24.1319685034411
24.1715746656035
24.2170466403365
24.2705814291931
24.3302616473283
24.3967791073496
24.4632733324507
24.5236016943903
24.5726585926113
24.6102345031572
24.6343909551817
999.99
999.99
999.99
999.99
999.99
999.99
999.99
999.99
999.99
999.99
999.99
22.7046110834578
22.9429917983237
23.0657214136403
23.159181757941
23.1991688392256
23.2084803636443
23.1945331305149
23.1696014531313
23.1476618735821
23.1406471265491
23.1489819955388
23.1762935277267
23.2239089172894
23.296370537835
23.3855797574576
23.486270431867
23.589932493957
23.6881307025199
23.7691198428031
23.8342845523002
23.8864221381748
23.9291718100012
23.9655121987114
24.0020247004449
24.0387612932043
24.0712495130026
24.0990784169612
24.128483688901
24.1598912986399
24.1962935704479
24.2424657236615
24.3007109358006
24.3656798186659
24.4364188691037
24.506094545243
24.5685940835322
24.6174496570251
24.6526310666459
24.6723948981309
999.99
999.99
999.99
999.99
999.99
999.99
999.99
999.99
999.99
999.99
999.99
22.766679306756
22.999767538238
23.1258455398054
23.2184882803791
23.2523044363292
23.25411132381
23.2337775136128
23.204832252735
23.1831702979011
23.181632792835
23.199747301824
23.2392176651304
23.2985816922225
23.3787845338773
23.4696837806244
23.5649241601206
23.6578855415932
23.7435881026396
23.8152057679714
23.8757736694355
23.9274315092361
23.9729324169739
24.0128264892467
24.0491396378637
24.0802302862436
24.1036513743656
24.1202459133991
24.1392081609576
24.1636277938803
24.1976623544528
24.2462794901794
24.3108103562277
24.3831348647677
24.4607548987587
24.5364165347366
24.6033436964147
24.6542117822714
24.6891906751875
24.7072289714238
999.99
999.99
999.99
999.99
999.99
999.99
999.99
999.99
999.99
999.99
999.99
22.8712596950088
23.0539772577287
23.1749291066969
23.2587731230584
23.2834478110994
23.2764557173444
23.2506952881802
23.220293876933
23.2010987819013
23.2064098514934
23.2349483115738
23.2857293324265
23.3547870823969
23.4414730490931
23.5336369559856
23.6243293532492
23.7089411892627
23.7857905542102
23.851557768078
23.9107985726422
23.9639376318235
24.012332526459
24.054496656392
24.0884000483161
24.1112949454232
24.1236422076368
24.1281250050442
24.136118199093
24.1531691308803
24.1846096893917
24.2351667439104
24.3050134383279
24.3840423736753
24.4686045793818
24.5508190026024
24.6233020886154
24.6783919024976
24.7164704225398
24.7367838948971
999.99
999.99
999.99
999.99
999.99
999.99
999.99
999.99
999.99
999.99
999.99
22.9560074664012
23.1072887847769
23.215612033764
23.2799650785117
23.2956524391988
23.2818846020063
23.2540559491053
23.2257461181779
23.211374155864
23.2242755069996
23.2626386671054
23.3227393963623
23.3990610374987
23.4900560018443
23.5816866004911
23.6677131473105
23.7456389113692
23.8163123290646
23.8788835734691
23.9393413460631
23.9951980290607
24.0468003353669
24.0908338750235
24.1220295799316
24.1370356645922
24.1393696379254
24.1327167279681
24.1297915495393
24.1388688324589
24.166362616811
24.2165135501045
24.2888981095212
24.3726911106794
24.4627609635587
24.5505845553764
24.6286540268302
24.6892821006418
24.732652293109
24.758542105732
999.99
999.99
999.99
999.99
999.99
999.99
999.99
999.99
999.99
999.99
999.99
23.0986022896964
23.1496415608829
23.238599831406
23.2793929595701
23.2869130654429
23.2687540817508
23.2425132202598
23.2199061675113
23.2133409360258
23.2358420628583
23.284860792388
23.3537756533523
23.435920518472
23.5294861904376
23.6189287580047
23.6994302411105
23.770961505138
23.8370284929555
23.8979963869176
23.960538231614
24.0199925385308
24.0756916730199
24.1220564123809
24.1513758909852
24.1605598395794
24.1548454248425
24.1385178359868
24.1250038784542
24.125650926518
24.1477991950171
24.195305515631
24.2674017432092
24.3538048106383
24.4475383872373
24.5394650920039
24.6224651608192
24.6891422584567
24.7391461154682
24.7727554370182
999.99
999.99
999.99
999.99
999.99
999.99
999.99
999.99
999.99
999.99
999.99
23.200251504593
23.1635003912414
23.2367844661262
23.2541650112839
23.2551013433371
23.2348267741217
23.2128569387331
23.198236604561
23.2022400073864
23.2371615502411
23.2991575575404
23.3783295872801
23.4673518881167
23.5633598463838
23.6498504804924
23.7241379287072
23.7893309993041
23.8513077575597
23.9109127217091
23.9752865308396
24.0385779090005
24.0984475501026
24.1472613516609
24.1762906154022
24.1826293005728
24.1716996021217
24.1484312193379
24.1261623018117
24.1188251590543
24.1346351174809
24.177313960869
24.2461620261384
24.3322185619448
24.4265775274782
24.5201984072218
24.6067531862626
24.6791334113191
24.7363873086558
24.7791196344528
999.99
999.99
999.99
999.99
999.99
999.99
999.99
999.99
999.99
999.99
999.99
23.2679148226918
23.1397025657675
23.2024275218448
23.201580454056
23.1985598655607
23.1786983019062
23.1626287797553
23.1574014339467
23.1741988585057
23.2241278759166
23.3016958825215
23.3943843964816
23.4935527783805
23.5939446247418
23.6789857726468
23.7485989079862
23.8082754961826
23.8664103219016
23.9243869349272
23.989310861213
24.054882853695
24.1178100489832
24.1685228631693
24.1986472583907
24.2052959187897
24.192681413736
24.1657800237804
24.137438468214
24.1227734538429
24.1311662932833
24.1667346129904
24.2293615834855
24.3115569594931
24.4035892398397
24.4967440714369
24.5855868085007
24.6631626532885
24.7280852375334
24.7803274130097
999.99
999.99
999.99
999.99
999.99
999.99
999.99
999.99
999.99
999.99
999.99
23.2649003876495
23.0762344903394
23.1329706416297
23.1241676366795
23.1212088417504
23.1054743687764
23.0975521339767
23.1035713431187
23.1352827529052
23.201604170198
23.2958620494355
23.4041711067484
23.5157806648149
23.6224003497469
23.7085621381166
23.7757724656117
23.8311928542878
23.8854728973301
23.9406245421442
24.0038315271603
24.0693172746934
24.1331157366271
24.1850258171121
24.2178159750173
24.2278429730419
24.2174304204527
24.1909074065989
24.1592890632136
24.138353066435
24.1386172890892
24.1654123002272
24.2197461294173
24.2959789398504
24.3839210931503
24.475388664429
24.5652853605598
24.6468678873683
24.7185626575587
24.7790589068613
999.99
999.99
999.99
999.99
999.99
999.99
999.99
999.99
999.99
999.99
999.99
23.1101444560085
22.9810774645497
23.0369526985628
23.0291535021342
23.0287929525725
23.0190318216669
23.0199607638335
23.0380708726351
23.0860189053286
23.1701261926376
23.2828123624711
23.4093177454068
23.5357407469806
23.6507599631322
23.7405958123918
23.8074271960214
23.8595599621753
23.909882011085
23.9612249115325
24.0207810514448
24.0842211457309
24.1467233514999
24.1985308953186
24.2339143347357
24.2484893584266
24.2420581381972
24.2184085954213
24.1862514990033
24.1611344454071
24.1540554020014
24.1722821023204
24.218296399617
24.287899437995
24.3709865930922
24.4602914495274
24.5505171986728
24.6348660388743
24.7117603090814
24.7785069010669
999.99
999.99
999.99
999.99
999.99
999.99
999.99
999.99
999.99
999.99
999.99
22.9090556887944
22.8658394509074
22.9261754608119
22.9285297243626
22.9326353972578
22.9295776193322
22.9388376143414
22.9685980573712
23.0323422098538
23.1339825508221
23.2655703051131
23.4112937867802
23.5536338302057
23.6785860388956
23.7741396718939
23.8422614830803
23.8922982825378
23.9388797779961
23.9856949411136
24.0403379887867
24.1001929092487
24.1594552753751
24.209435642506
24.2464323593613
24.2651548706917
24.2630573195589
24.2435344900036
24.2135223566322
24.1869651783094
24.1745861118771
24.1859697346739
24.2251326732921
24.2883269494207
24.366538794758
24.4538387580051
24.5439764005203
24.6299346346613
24.7104898882077
24.7815310659234
999.99
999.99
999.99
999.99
999.99
999.99
999.99
999.99
999.99
999.99
999.99
22.7221254204564
22.7557321480264
22.817944251526
22.83414981792
22.8442346428411
22.8483456016456
22.8654942810056
22.9062584952269
22.9840822385209
23.1012845336228
23.2499081453354
23.413140745247
23.5700132342459
23.7048003778606
23.8068791265594
23.8775461086443
23.9265746309007
23.9695907838611
24.0112801870943
24.0597741081409
24.114166589032
24.1685318384845
24.2151135665313
24.2524400502969
24.2747740936353
24.2774949870442
24.2633182587127
24.2384821791062
24.2138145994114
24.1990860889315
24.2064744959189
24.2408578846294
24.2985743882542
24.3729739708018
24.4591391816545
24.5490276239289
24.6360732966146
24.7190324657045
24.7923460005591
999.99
999.99
999.99
999.99
999.99
999.99
999.99
999.99
999.99
999.99
999.99
22.5522180038312
22.6624682800454
22.7260532142251
22.7560015557491
22.7724595807731
22.7837369845513
22.8084766119802
22.859179268952
22.9485955421337
23.0783217800288
23.2406173830752
23.4172634121415
23.5851315912345
23.7275438249021
23.8349656085567
23.9078061362268
23.9563682331726
23.9961345786466
24.0329629860742
24.0756737354434
24.1245778056107
24.1735620812643
24.2162299161737
24.2528777871833
24.2773481180815
24.2841449113952
24.2759775700676
24.2582205896091
24.2383802272437
24.2250148649779
24.2321680281324
24.2647127474263
24.3196157316351
24.3924275464522
24.478936590252
24.569064292812
24.6568331200603
24.7405978074325
24.8141147876502
999.99
999.99
999.99
999.99
999.99
999.99
999.99
999.99
999.99
999.99
999.99
22.5064550733819
22.5966021735016
22.6599503791104
22.7015534630566
22.7231216928823
22.7398589033758
22.7705514554212
22.8284902069221
22.9258590072196
23.0645757627572
23.236995948207
23.4226766841217
23.5977740769994
23.7451209375434
23.85591874776
23.9297785030099
23.977853741933
24.015110283061
24.0485415210229
24.086937987548
24.131731908914
24.1766737045777
24.2157677040432
24.2507463133792
24.275771124739
24.2852718629569
24.2826441301767
24.2732248573832
24.2607508670862
24.2527287829608
24.2638292879644
24.2980254376496
24.3530560562691
24.4265780786729
24.514585329629
24.605315318866
24.6934378508167
24.776484978526
24.8484988119638
999.99
999.99
999.99
999.99
999.99
999.99
999.99
999.99
999.99
999.99
999.99
22.4459025295262
22.5644491705314
22.6253631355583
22.6730057044362
22.6978174751095
22.7180567477746
22.7529747109395
22.8156711472257
22.9178511990399
23.062039715908
23.2404979919203
23.4300597789258
23.6076549306744
23.7563056596064
23.8677533620426
23.9409239163163
23.9884715466557
24.0243417468007
24.0560279097152
24.0920110017983
24.1347884100393
24.1776509724046
24.214410068413
24.2481103070483
24.2734537983587
24.2856387886415
24.2889874955257
24.2891552503225
24.2861882690669
24.2869126837739
24.3052217054112
24.3437422958397
24.4011127307759
24.4769481631622
24.5666808354558
24.6575508878702
24.7451788048374
24.8262326917152
24.8953375204257
999.99
999.99
999.99
999.99
999.99
999.99
999.99
999.99
999.99
999.99
999.99
22.4096278715477
22.5648735778454
22.6224067329961
22.6699578435299
22.6957378028302
22.7174756743712
22.7551026430587
22.8207915099941
22.9256786714607
23.0726083751371
23.2531302776856
23.4417811592036
23.6173436157537
23.763356724088
23.8722734578017
23.9433174251862
23.9902340536065
24.025395997315
24.0566594432815
24.0917993416906
24.1337986489993
24.1757813459236
24.2118685626161
24.2455987521361
24.272463418845
24.2888426329195
24.2999894913557
24.3109505949242
24.3192027917498
24.3310190212044
24.358611757156
24.4030997876431
24.4645591062469
24.5436067714975
24.6348771459507
24.7252446773292
24.8113450880035
24.8889948912571
24.9539820481391
999.99
999.99
999.99
999.99
999.99
999.99
999.99
999.99
999.99
999.99
999.99
22.4738966619907
22.5901526489492
22.6442020265288
22.6891417216401
22.7131757354389
22.7341196072714
22.7727972114001
22.8400723638549
22.9465100287853
23.0943673289654
23.2740369102033
23.4583480032382
23.6282025168267
23.7679189011765
23.8713495980805
23.9388096640239
23.9846966332878
24.0199077822869
24.0523337369191
24.0889261148993
24.1318992289429
24.1743314011116
24.2114669603889
24.2463900337494
24.2749851817483
24.2960539971198
24.3155618123581
24.3369141272816
24.3569127388073
24.3813572125752
24.4197746425968
24.4723837851839
24.5402852212786
24.6235303440055
24.7161705383967
24.8054688159959
24.8884531553123
24.960984784886
25.0207985988475
999.99
999.99
999.99
999.99
999.99
999.99
999.99
999.99
999.99
999.99
999.99
22.5573446309788
22.6385248284062
22.6890658651231
22.7260236579689
22.7461186620761
22.7644134383042
22.8027315574372
22.8708743470441
22.9785477649006
23.1263407222048
23.3030349400319
23.4806661327712
23.6419528583152
23.7725873862313
23.8683557682174
23.9311806850372
23.9755821256757
24.0112295257309
24.0455350962854
24.0842750509639
24.1282962917361
24.17110340116
24.2095027349366
24.2457846992566
24.2765330360389
24.3034530944378
24.332253467495
24.3646099024954
24.397595008221
24.4360918960342
24.4865039102259
24.5489180955052
24.6244219116115
24.7119723304149
24.8052293761769
24.8923365371846
24.9705435085847
25.0366874979787
25.0905207168858
999.99
999.99
999.99
999.99
999.99
999.99
999.99
999.99
999.99
999.99
999.99
22.6507524171531
22.7006841128078
22.7466846936752
22.7741345558921
22.7891908126205
22.8041357501591
22.841619214911
22.9112503279852
23.0207617024649
23.1682431911944
23.3405096445265
23.5097356872544
23.6602185191069
23.7797752740388
23.8662473696891
23.9238310724086
23.9665696912186
24.0024007196667
24.0379969913244
24.0781727813597
24.1216595101748
24.1629659874687
24.2016243416746
24.2390659849844
24.2726375313952
24.3069640441492
24.3467393431088
24.3913700581534
24.4385422129831
24.4918004590086
24.5546563698489
24.6275270465161
24.7109418564665
24.8027399811906
24.8962505466306
24.9806334504304
25.0531647025021
25.1123133966334
25.1597428749266
999.99
999.99
999.99
999.99
999.99
999.99
999.99
999.99
999.99
999.99
999.99
22.7795076247794
22.763104457064
22.8064618395409
22.8246600587708
22.8352750540955
22.8481438699063
22.8863147048307
22.9591969524127
23.0714062632364
23.2185444747816
23.3849716473495
23.5443130390664
23.682503163774
23.7898855962282
23.8664628189317
23.9190578925988
23.9598495467227
23.9948987549745
24.0303623409064
24.0701371764427
24.1106159666549
24.1485383778148
24.1866525764962
24.2255188685384
24.2628880198077
24.3055760463562
24.3570745550739
24.4141447757324
24.4750870904469
24.5423505270101
24.6174387070678
24.7008047355729
24.7923778965153
24.8888356237551
24.9834887232621
25.0661124737141
25.1335639832662
25.1861859568256
25.2276505872473
999.99
999.99
999.99
999.99
999.99
999.99
999.99
999.99
999.99
999.99
999.99
22.8157127019322
22.8132841723441
22.8555806990596
22.8668274776412
22.8756314808593
22.8898476829205
22.9320120471387
23.0107919412993
23.1269653427257
23.273667642509
23.4330801907322
23.5814595867535
23.7064591592474
23.8015637021704
23.8688613470691
23.9171337321622
23.9559826028169
23.9899644656268
24.0246403153621
24.0630774602702
24.0998445062477
24.1343408688186
24.1717805211359
24.2122022521345
24.2536044232821
24.3041881392937
24.3661635037191
24.4345062726682
24.5074630904529
24.5868104901301
24.6726982761729
24.7653712788714
24.8639121352305
24.9647296295327
25.0606820092143
25.1422741625247
25.2059229954699
25.2537548701924
25.2906246740797
999.99
999.99
999.99
999.99
999.99
999.99
999.99
999.99
999.99
999.99
999.99
22.8913945578231
22.8409744944233
22.8851733595674
22.8946470876069
22.9061465807316
22.9264089782359
22.9764995640352
23.063810180287
23.1848869878134
23.3309256746605
23.4826488685892
23.6197690855191
23.7317454782836
23.8156251992993
23.8751191781851
23.9199701914867
23.9570755948256
23.9896711115862
24.0229174592401
24.0591343309084
24.0923751300361
24.124290500242
24.1617543935832
24.2042893334569
24.2503575807682
24.3081261374291
24.3792088741028
24.4574272044098
24.5403292397009
24.6292500364121
24.7234747545752
24.8223529448389
24.924853994703
25.0281390184195
25.1241978588295
25.2047584558809
25.266252566982
25.3117071890382
25.3463154375406
999.99
999.99
999.99
999.99
999.99
999.99
999.99
999.99
999.99
999.99
999.99
22.9056121543961
22.8385901325649
22.889166358083
22.9055231152511
22.9249184931356
22.9561446554271
23.0179545913093
23.1158615381091
23.242560491063
23.38803165937
23.5323843463415
23.6589836381432
23.7592588340552
23.83362619314
23.8867875829813
23.9287369064064
23.9642242002715
23.9951575710327
24.0269607076535
24.0616373403524
24.0933189437136
24.1246568189952
24.1638274432827
24.2092466213414
24.2598857319658
24.3230121042299
24.401077966163
24.4867627350871
24.5769390957838
24.6724357468024
24.7720440834816
24.8733877121684
24.9762968202303
25.0790059252597
25.1730642119573
25.2519233067765
25.3124822891158
25.3578652491985
25.3932793996723
999.99
999.99
999.99
999.99
999.99
999.99
999.99
999.99
999.99
999.99
999.99
22.850516659879
22.8074311076828
22.8712277949626
22.9008036110039
22.9334825004366
22.9803162762176
23.0569214316894
23.1662220056028
23.2983900352663
23.4430567598063
23.5805938940704
23.698050660418
23.7885920526956
23.855425871277
23.903642348252
23.9429966326532
23.9767767094947
24.0062582792428
24.0374514503565
24.0724157035911
24.1058134778679
24.1397987084586
24.1830160007588
24.232541399017
24.2875073053095
24.3535327745094
24.4353498752784
24.5249089294593
24.618477353762
24.7166104268905
24.8180435054526
24.9180344043907
25.0176886279316
25.116493233481
25.2061560382892
25.2822774928224
25.3428226691571
25.3904448415133
25.4297303387868
999.99
999.99
999.99
999.99
999.99
999.99
999.99
999.99
999.99
999.99
999.99
22.7404793278731
22.7577851715916
22.8386565815432
22.8877862798312
22.9381455387279
23.0032693577369
23.0952512635128
23.2149916748184
23.3517292795535
23.4951519428044
23.6269870830331
23.7374687248154
23.8207358773126
23.8822255543966
23.9267264400773
23.9638073937148
23.9962533994876
24.0250551685516
24.0568447257005
24.0940851353897
24.1317008623512
24.1700697306527
24.2182262916144
24.2715124843471
24.3294142291297
24.3962989424727
24.4794050020819
24.5700513101608
24.6643369525828
24.762289895478
24.8622196925403
24.9574090091585
25.0502161941005
25.1415763285959
25.223811761123
25.2951564788104
25.3553686861808
25.4064780419387
25.4517691646881
999.99
999.99
999.99
999.99
999.99
999.99
999.99
999.99
999.99
999.99
999.99
22.6062729535273
22.7025409320843
22.801296403767
22.8764428147245
22.9471366090393
23.0309658883944
23.1366046654491
23.2640076473595
23.4029354313656
23.5437900496088
23.6707062779725
23.7761686296075
23.8546171922992
23.9127934118563
23.9548237443569
23.9900077976673
24.021491991826
24.0500510502492
24.0827611090897
24.1226980151447
24.1646190368053
24.2063975209323
24.2580621085749
24.3137273415546
24.3727660553886
24.4390798578794
24.5224256615444
24.6128140782168
24.7063266889011
24.8027199895714
24.8996100035005
24.9887175925553
25.07355060991
25.1560724981909
25.2298520609166
25.295475905544
25.3548184938162
25.409404824733
25.4613691251658
999.99
999.99
999.99
999.99
999.99
999.99
999.99
999.99
999.99
999.99
999.99
22.5294701117698
22.6560184567503
22.7710933304152
22.8732646455994
22.9651680098886
23.0666619225365
23.1833163249607
23.3149044932442
23.452964272937
23.5893302226649
23.7110687571872
23.8121120344592
23.8870890468142
23.9430262523121
23.9832663375527
24.0168413786194
24.0478324825028
24.0765842933424
24.1102485043128
24.1521792979952
24.1968798660085
24.2395745113877
24.2918044134448
24.3476375014769
24.4061797523941
24.4710190920069
24.5541382300986
24.6440290720604
24.7362855144289
24.830765867985
24.9248284703699
25.0088418914334
25.0866485346015
25.1609396247772
25.2271463709614
25.2871901899176
25.3451043631395
25.4024962961371
25.4605835955035
999.99
999.99
999.99
999.99
999.99
999.99
999.99
999.99
999.99
999.99
999.99
22.4194931897371
22.6214553665148
22.7521147147583
22.8807893132889
22.99381752052
23.1113214261064
23.2359949045576
23.3681855521747
23.5017718500042
23.6305450044148
23.7450723480185
23.8407190286305
23.9121065335853
23.9659942787239
24.0048459675467
24.0373226565998
24.0677352176919
24.0966607946709
24.1302759465226
24.1720954727229
24.2169141735033
24.258497230173
24.3088258082471
24.3636690833806
24.4212920276142
24.4846804197782
24.566947385591
24.6563822868036
24.7471899897216
24.8401297057
24.932650875828
25.0143025123367
25.0876733212525
25.1565261450479
25.2180565416324
25.2744579636398
25.331351543313
25.3910993093136
25.4536741936419
999.99
999.99
999.99
999.99
999.99
999.99
999.99
999.99
999.99
999.99
999.99
22.3909755192543
22.6006595860377
22.7470037322372
22.8965952270726
23.0290552430711
23.1603614756622
23.2907432196419
23.4214777915801
23.5486995325145
23.6678770176496
23.7733278093181
23.8618743521579
23.9285916746426
23.979303500601
24.0160982606505
24.0471324589934
24.0762852716593
24.1043987608346
24.1364682319859
24.1758030272735
24.2176808698638
24.255784204256
24.3018283404782
24.3536649759825
24.4089831875359
24.4708060053772
24.5522104912437
24.6421358982962
24.7336526529208
24.8281214685839
24.9224616340204
25.0058798147299
25.0787661696052
25.1458058987774
25.205994947961
25.2611770612135
25.3176045096487
25.3788142961541
25.4436849600681
999.99
999.99
999.99
999.99
999.99
999.99
999.99
999.99
999.99
999.99
999.99
22.346084558879
22.5901438133638
22.7498054283177
22.9159398373917
23.0648348723387
23.2076846822049
23.3423562522103
23.4710586672208
23.5915689825507
23.700197898046
23.7950806162745
23.8747637439093
23.9352383684372
23.9807517776663
24.0139057271641
24.0418489350235
24.0678960231559
24.0931870622819
24.1218118845434
24.1567992654727
24.1943154411474
24.2282687455777
24.2691757683172
24.3171720319026
24.369188324046
24.4284945541067
24.5083519033439
24.5996401825251
24.6944107725936
24.7941872642143
24.8950202721186
24.9851885645969
25.0621629911486
25.1312834050734
25.1933880992803
25.2496140011147
25.3063427744002
25.3681743733378
25.4332371300811
999.99
999.99
999.99
999.99
999.99
999.99
999.99
999.99
999.99
999.99
999.99
22.3712088329789
22.5892680281988
22.7592314068621
22.9342896459167
23.0956171270805
23.2473813851954
23.3853413724879
23.5123224984095
23.6270126468772
23.7255359614184
23.8095064076606
23.879351821265
23.9324395318455
23.9709006704202
23.998335570181
24.0208303053331
24.0410985916486
24.0606115774804
24.0834231865178
24.1126406373397
24.1456249843866
24.176753278188
24.2142595112477
24.2596300299767
24.3088647035986
24.3653717126068
24.4429093468358
24.535903767491
24.6359500144899
24.744076494163
24.8553156957577
24.9562342600634
25.0407103323952
25.1147014298561
25.1808758351912
25.2395228431511
25.2970329143369
25.3590234891818
25.4229346821074
999.99
999.99
999.99
999.99
999.99
999.99
999.99
999.99
999.99
999.99
999.99
22.385148528591
22.5937607654956
22.7712102342663
22.9505895779662
23.1192298439863
23.276451574773
23.4159078543368
23.5409371452277
23.6511745756283
23.7409536468744
23.814674348265
23.8747812409346
23.9202208928157
23.950644713899
23.9707947464196
23.9860421091441
23.9984549156917
24.0096919183646
24.0246923878329
24.0473581551913
24.0759676373022
24.1057474978785
24.1421482321519
24.186781812156
24.2344232676346
24.2890482249028
24.3647381133124
24.4600334787862
24.5668777528263
24.6854042686812
24.8091632891778
24.9226648050972
25.0165738488344
25.0972793718315
25.1689190405546
25.2310825731049
25.2902295612436
25.3524927741226
25.4144522240778
999.99
999.99
999.99
999.99
999.99
999.99
999.99
999.99
999.99
999.99
999.99
22.4121679412341
22.6067633523269
22.7876584874336
22.9643809379348
23.1344680819602
23.2928159330947
23.4314923642656
23.5539365446451
23.6610360476002
23.7445413024859
23.8099821051005
23.861489532199
23.8999018820786
23.9220423576472
23.9340424358986
23.941250311076
23.9456481586359
23.9478396832875
23.9547265512015
23.9710909642456
23.99553299108
24.0239028415598
24.0602023198414
24.1049491075689
24.1520668420757
24.2063818214309
24.2822873068713
24.3811143339804
24.4961303909805
24.6260491456472
24.7629304786343
24.8885869423162
24.9923956727693
25.0803636017033
25.1574777487447
25.2228498014661
25.2840558743604
25.3464156904429
25.4060404863871
999.99
999.99
999.99
999.99
999.99
999.99
999.99
999.99
999.99
999.99
999.99
22.4243163642397
22.628836091888
22.8071541503639
22.9778599301864
23.1443092512765
23.2991211563367
23.433197465696
23.5504080414864
23.6535604642877
23.7318209170513
23.7903714300331
23.8350454525622
23.8679913068896
23.8832593180647
23.888380859021
23.8891107105032
23.8872382743992
23.8817038910221
23.8815635205372
23.8921921363214
23.912582652182
23.939291874014
23.9759331870211
24.0219750239636
24.0707255439014
24.1273463298336
24.2061891214546
24.3103196220357
24.4339831927516
24.5747416376127
24.72344655258
24.8591947131765
24.9714806827531
25.0658425415562
25.147234549515
25.2146265966513
25.2776639301853
25.3398941855786
25.3970941654132
999.99
999.99
999.99
999.99
999.99
999.99
999.99
999.99
999.99
999.99
999.99
22.4772926829268
22.6527558710324
22.8287107772973
22.992692785143
23.1521217818676
23.2991012976662
23.4243636666377
23.5321608971592
23.6285628476396
23.7007755260679
23.7529491922774
23.7920624412539
23.8214266380402
23.8324805463289
23.8337793233707
23.83163299878
23.827157348632
23.8173415545641
23.8128757115361
23.8193123616381
23.8358440342834
23.8605011323115
23.8971412902278
23.9448473067145
23.9968721170448
24.0586872132498
24.1435452593921
24.2549634892538
24.3874067615906
24.5375860552537
24.6951256688703
24.8372874257473
24.9551517718483
25.0539472975135
25.1377899655726
25.2059633077533
25.27031047567
25.3320844612867
25.3867434322741
999.99
999.99
999.99
999.99
999.99
999.99
999.99
999.99
999.99
999.99
999.99
22.532442418209
22.6700392314151
22.8462686242879
23.0072883369656
23.1580720675869
23.2943730945233
23.4071287080269
23.5011100274146
23.5874234212954
23.6522063167944
23.697740157134
23.7320214353861
23.7592715660133
23.7686398972348
23.769351146868
23.7685851289164
23.7665930715606
23.7581225788103
23.7543535517712
23.7599908475496
23.7741736572926
23.7961906156146
23.8309165296448
23.878481997106
23.933455890073
24.0019300693811
24.0953966794358
24.2161533113633
24.3577175795651
24.5162050363316
24.6791888987858
24.8236168536393
24.9437295911044
25.0444668805289
25.1284282106752
25.1961166972375
25.2609324388512
25.3213943349876
25.3728222012847
999.99
999.99
999.99
999.99
999.99
999.99
999.99
999.99
999.99
999.99
999.99
22.5397375899362
22.6759941987441
22.8539389574706
23.0151165985808
23.1585610722059
23.2839621470255
23.3831060192933
23.4612766890555
23.5345688149493
23.590029898331
23.6282956206501
23.657869407099
23.6834136268536
23.6927481831685
23.6955180617984
23.6996974824829
23.7046623454584
23.7032614533844
23.7056629360411
23.7145805647359
23.7287582943753
23.7483790757913
23.7795528495999
23.8249534539128
23.8817286091115
23.9567131402069
24.0594592510871
24.1903384846644
24.3408828394439
24.5064661170142
24.6723761014467
24.8164593738306
24.9362441012159
25.036483846347
25.1179097853417
25.1828966960163
25.2458440813396
25.3029928349533
25.3503038786414
999.99
999.99
999.99
999.99
999.99
999.99
999.99
999.99
999.99
999.99
999.99
22.4620614390127
22.6664765825255
22.8463918074177
23.0130410644902
23.152474219299
23.2691554242368
23.3556288747305
23.4180625122263
23.4764087081733
23.5200254211982
23.5496750759946
23.5738862923263
23.5970435710879
23.6070598658775
23.6140309588031
23.6257440410757
23.6408342468269
23.6511974611796
23.6645712626873
23.6804862351135
23.6973565274954
23.7158743492138
23.7429667033784
23.7849539449215
23.8423804977071
23.9228043726796
24.0339718751291
24.1744091314229
24.3328008922576
24.5038292336475
24.6706172780549
24.8128283416051
24.9304475752249
25.0281552165906
25.1048669000792
25.165037863821
25.2232198299716
25.2748884085025
25.3173749710503
999.99
999.99
999.99
999.99
999.99
999.99
999.99
999.99
999.99
999.99
999.99
22.3902179812058
22.6028885605722
22.7704690224772
22.9300353446301
23.0628216944931
23.1695462145274
23.2436735285706
23.291487153364
23.3354077371407
23.3682878786034
23.3927323216542
23.416495695271
23.4433498121993
23.4621622359817
23.4825168986628
23.5103219802615
23.5437560470852
23.5745160547642
23.6072602322704
23.6380505040369
23.6647999199498
23.687064535444
23.7117076958806
23.7478859625699
23.8001057121332
23.8777319999385
23.9884412262121
24.1298565394584
24.2891589171775
24.4600229931614
24.623725416568
24.7625730264329
24.878166667928
24.9744975870109
25.048873773291
25.106612975217
25.1608831802423
25.2075645643106
25.2454278876153
999.99
999.99
999.99
999.99
999.99
999.99
999.99
999.99
999.99
999.99
999.99
22.305196260766
22.4991296726086
22.6394220779217
22.7782487131646
22.9015130989299
22.997800042977
23.0607346915424
23.096408873101
23.1279104323521
23.1521092613472
23.1745439621189
23.2023319722181
23.2374681822897
23.2709544015381
23.3114030652996
23.361646907041
23.4194939663624
23.4776179746163
23.5367390404187
23.58879268602
23.6311596626534
23.6609344352692
23.6840716731969
23.7118511682014
23.7530699553734
23.8193533166574
23.9199852534666
24.0527089616335
24.2047789798389
24.3693577142959
24.5269886842022
24.662495415493
24.7780470197859
24.8761051215178
24.9520618486757
25.0103643192068
25.0622671044056
25.1048348440427
25.1384870793738
999.99
999.99
999.99
999.99
999.99
999.99
999.99
999.99
999.99
999.99
999.99
22.252046517942
22.2925479261123
22.4327350922481
22.5777684966063
22.6897312509551
22.7748817127456
22.827200630437
22.852846781509
22.8729305067712
22.8887145068435
22.9108122125963
22.9456069791057
22.9918811168887
23.0444019163783
23.110725599755
23.1890890015327
23.276446578253
23.3672915434607
23.4575379234316
23.5348871730766
23.5959602573464
23.6350457514273
23.6568141690214
23.6736111533087
23.6983616382656
23.7449779336675
23.8259842032066
23.9404850663351
24.0775391896982
24.2298050854271
24.379493411797
24.512499232177
24.6302634076702
24.7334654619803
24.8153533556148
24.8774493165699
24.9292696905093
24.9695120720983
25.0002642687143
999.99
999.99
999.99
999.99
999.99
999.99
999.99
999.99
999.99
999.99
999.99
22.2330631929047
22.1016990395118
22.2221696587712
22.353493705525
22.4514242580739
22.5232446877782
22.5635238862384
22.5782824316466
22.5860529059659
22.5923633068224
22.6136942054003
22.6565624080605
22.7165327868289
22.7919048670861
22.8895940476307
23.0022136452797
23.1244331663835
23.2519105851805
23.3761161275871
23.4809097283929
23.5620562420096
23.6107130443975
23.6303589301134
23.633375866468
23.6362687988127
23.6557058426788
23.7091663011664
23.7980205400042
23.9141190424874
24.0494090056198
24.1891127095228
24.3193284683785
24.4402904506578
24.550996173534
24.642999056417
24.7130621096109
24.7685228853722
24.809328361807
24.8389586237526
999.99
999.99
999.99
999.99
999.99
999.99
999.99
999.99
999.99
999.99
999.99
21.2226343808345
21.9294874711125
22.0173980678364
22.1233603570341
22.202139907615
22.2564036709376
22.2819180178056
22.2840263303616
22.2795458425583
22.2772894562956
22.2981547637635
22.3499021149876
22.425448096014
22.5259120573252
22.6578277958712
22.8090272144317
22.9700307990035
23.136611729143
23.2961704662271
23.42973957455
23.5314213574454
23.5894140452856
23.606057848248
23.5933988536626
23.5705009351134
23.5577494177616
23.5782761392105
23.6366856143797
23.7273307070674
23.8418277398725
23.9684321349508
24.0938190490118
24.2165708348537
24.3353668993157
24.4403980695231
24.5228073022683
24.5866309990999
24.632334865457
24.6636600602012
999.99
999.99
999.99
999.99
999.99
999.99
999.99
999.99
999.99
999.99
999.99
21.5057765278348
21.8661360572144
21.9406758518922
22.0349374695357
22.1014670160859
22.1431698641804
22.1566723900147
22.1472125737279
22.1304982828829
22.1167997796483
22.1295237987828
22.1788650395381
22.2562450454051
22.3661114453097
22.5164907991048
22.693121670932
22.8819645354348
23.0774929791561
23.2624903251474
23.4158125582138
23.5293186923171
23.5900583288171
23.6008909422746
23.5755696463305
23.5341500058845
23.4992771116408
23.4975649670682
23.5352358558981
23.6062194952316
23.7028429070059
23.8171574694664
23.9357069449961
24.0558120849921
24.1778225854272
24.2909451134673
24.38165457075
24.4519684890344
24.5024291445424
24.5367155387228
999.99
999.99
999.99
999.99
999.99
999.99
999.99
999.99
999.99
999.99
999.99
21.6277016149428
21.8924811767171
21.9683623664381
22.0683178000804
22.1287190526119
22.1623538806967
22.1672230516553
22.148600097383
22.1212093006292
22.0956888421165
22.0956456508558
22.1336942404928
22.2020116675373
22.3082460174427
22.4626700070151
22.6511962953106
22.8561083992704
23.0683139126279
23.2668273296527
23.4298332961316
23.5472848013599
23.6061125255074
23.6116118986261
23.5794883479753
23.529549088373
23.484987066288
23.4733580996746
23.5008582101359
23.5593660612207
23.6416837721865
23.7434902758925
23.8516942517038
23.9631423400356
24.0814427181123
24.1959267811822
24.2901840158728
24.3645891232577
24.4193656639167
24.4573892848544
999.99
999.99
999.99
999.99
999.99
999.99
999.99
999.99
999.99
999.99
999.99
22.0032109523513
22.06464906675
22.1162895326573
22.1959325826307
22.2530850802727
22.2822482180166
22.2826950008218
22.2586331792013
22.2246903359413
22.1907004226533
22.1772644038396
22.1991393748861
22.2518367397497
22.344825573417
22.4910876932903
22.6786292435169
22.8870523019387
23.1027506584776
23.3028890516961
23.4656881243005
23.5803979737767
23.635397645686
23.6386144103929
23.607408695927
23.5603124955671
23.5193018002492
23.5096228422662
23.5363686986677
23.5886753727737
23.6599180782509
23.7482678061157
23.8426830866701
23.9405547596558
24.0487182972158
24.1581244171632
24.2511328924334
24.3264983513417
24.3840265642298
24.4254881885841
999.99
999.99
999.99
999.99
999.99
999.99
999.99
999.99
999.99
999.99
999.99
22.2129846394442
22.2571354299473
22.3063456280312
22.3850064910647
22.4409108408829
22.4690317619909
22.4696560100878
22.4458980533891
22.4121735685874
22.3762131027279
22.3536171582831
22.3597208776224
22.3937416653327
22.467200409184
22.594572022003
22.7675294144854
22.9656865704839
23.1721570192508
23.3626250064058
23.5164043028804
23.6232683830082
23.6742628595452
23.6794224455796
23.6574856134199
23.6247345772656
23.5998848823624
23.6022602420506
23.634950230984
23.6849654046453
23.7473378120585
23.8215559688148
23.9000701482892
23.9815472535057
24.0753591986954
24.174046301679
24.2610992215892
24.3339918429393
24.3924030136654
24.4362969527014
999.99
999.99
999.99
999.99
999.99
999.99
999.99
999.99
999.99
999.99
999.99
22.3453441559956
22.4650156325281
22.528001424519
22.6114629732668
22.6706645333657
22.7022080245848
22.7071885242685
22.6877099316127
22.6577364833624
22.6234653871061
22.5957987601106
22.588727016924
22.6052661965767
22.6582079070366
22.7615683177843
22.9101104998848
23.0866422520659
23.2724635188092
23.4427898294355
23.5791822163212
23.673824926021
23.720698416376
23.7313160580455
23.7245880199589
23.7141574914402
23.7133036442724
23.733530185604
23.7753621809511
23.8258480994169
23.8817831087087
23.943884544369
24.0080999795969
24.0747554339557
24.1537082152134
24.2388550539075
24.3161267282404
24.3828780229775
24.4385549892528
24.4815800163242
999.99
999.99
999.99
999.99
999.99
999.99
999.99
999.99
999.99
999.99
999.99
22.4524282774491
22.6239633666669
22.7013860950103
22.7933529152055
22.8548568189314
22.8886988058157
22.8973207459733
22.8818114091718
22.8561812339944
22.8268793310682
22.8014107144105
22.7907128929919
22.8009420929813
22.8438786334967
22.9306801544084
23.0573234711325
23.2109838385213
23.3730267327373
23.5204862291189
23.6377897149621
23.7207183653204
23.7661758692625
23.7851429410766
23.794124122889
23.8046578146973
23.8244400560419
23.857382902121
23.9031494763329
23.9519512618667
24.0015821881539
24.0533698651236
24.1072070112116
24.1642245526846
24.2324556300858
24.3070215137478
24.3765980666271
24.4377101068477
24.4893706564746
24.5289964669139
999.99
999.99
999.99
999.99
999.99
999.99
999.99
999.99
999.99
999.99
999.99
22.654412221794
22.7414477786868
22.8345451004895
22.9337882571959
22.9955619850254
23.0287081646803
23.0378145366689
23.0233819479027
23.0005544268142
22.9773251289666
22.9592597346228
22.9533036605492
22.9672319104469
23.0099412672222
23.088675667883
23.1991253299917
23.332029670869
23.4708475540744
23.5961215140406
23.6952337274675
23.7674193038063
23.8128756326022
23.8401133730485
23.8622697034844
23.8885007593234
23.921786601545
23.9602030818605
24.0044717216158
24.0490491350432
24.0928378799342
24.1377265886594
24.1866932778866
24.2403167313158
24.3033632510156
24.3720674049694
24.4371286140894
24.4939451340706
24.541193598227
24.5763548341049
999.99
999.99
999.99
999.99
999.99
999.99
999.99
999.99
999.99
999.99
999.99
22.7049653814134
22.8243469398604
22.9320685562786
23.0387542712685
23.100017123243
23.1303105632451
23.1366014902185
23.1199947187149
23.097461011027
23.0794275764047
23.0709877559995
23.0749067297587
23.0991254632229
23.1488982060131
23.2263930831851
23.3261914111886
23.4424149825432
23.5610852650309
23.6666386387056
23.7506426203039
23.8143907858138
23.8598838745192
23.893322607728
23.9244267896288
23.9590838924333
23.9976254869709
24.0349935043691
24.0735291442152
24.1119113816839
24.1506555706028
24.1919632102823
24.2406834919093
24.2959447743547
24.3591592261564
24.426748664587
24.4908529674699
24.5458124377222
24.5897429882184
24.6206384221821
999.99
999.99
999.99
999.99
999.99
999.99
999.99
999.99
999.99
999.99
999.99
22.7199229859087
22.890567004574
23.0100366124765
23.1185509180253
23.1780953313484
23.2036330371086
23.2044683896402
23.1832112793228
23.1586504709915
23.1438807634312
23.1445741122509
23.1601240371698
23.1977000108441
23.2581515072116
23.3394975430083
23.4342044143342
23.538418819667
23.6406407241103
23.7302772456221
23.8030184499361
23.860850429846
23.9065643187929
23.9443027665379
23.98000105527
24.0156870672716
24.0514456688796
24.0817424088846
24.1110752368419
24.141779203635
24.1761741435621
24.2167272801839
24.2690071591279
24.329909976797
24.3978973950297
24.4691780727623
24.5361144724468
24.592025573295
24.6343465254085
24.6618608585689
999.99
999.99
999.99
999.99
999.99
999.99
999.99
999.99
999.99
999.99
999.99
22.6640757982531
22.9472457499602
23.0706126264351
23.1796200504732
23.2343135396932
23.2527648202905
23.246515334806
23.2206058705785
23.194513785587
23.1829185697079
23.1923325733455
23.2196224919684
23.2698898748148
23.3406111066994
23.4272060819711
23.5197961925962
23.6153593927292
23.7051426252377
23.7834139531281
23.8493899305642
23.9044993055634
23.9515386445133
23.9926463458975
24.0299688921862
24.0614456892676
24.088910684641
24.1082630529655
24.1261201729429
24.1479564023662
24.1781942719
24.2192046679696
24.2764452317431
24.3446419454707
24.4197376321194
24.497481086287
24.5698680777947
24.6291105539385
24.6722678337259
24.6989729202692
999.99
999.99
999.99
999.99
999.99
999.99
999.99
999.99
999.99
999.99
999.99
22.7799466675244
23.0021686006581
23.1212436939459
23.2235906918296
23.2694511672224
23.2784925374958
23.2647529132298
23.2360012266809
23.2108432658434
23.2042829287707
23.2232419685005
23.2621814889003
23.3232014674111
23.4021952795526
23.4927156749503
23.5833520808375
23.6720979931806
23.752754954635
23.8233595718581
23.8864006925931
23.9420346186859
23.9916134259961
24.0358171633341
24.0734899146121
24.0986853299182
24.1155278529953
24.1226805121513
24.1285250462254
24.1409112955537
24.1665227709204
24.2076494258063
24.2688963065607
24.343404298846
24.4252796918409
24.5097005259548
24.5881021194304
24.6521875444484
24.6987061228773
24.7279949902932
999.99
999.99
999.99
999.99
999.99
999.99
999.99
999.99
999.99
999.99
999.99
22.8888523492889
23.0560990240904
23.1633876974122
23.2498975805341
23.2859123416869
23.2867337740956
23.268012403793
23.2398513229366
23.2183978341336
23.2183012920095
23.2466615709721
23.2961321915705
23.3654981806385
23.4504190146302
23.5425706786867
23.6300161460176
23.7124359548003
23.7862334605769
23.851852086991
23.9146273809709
23.9729798930146
24.0258431741524
24.0730586763593
24.1105765973956
24.1295813562677
24.1364067250825
24.1325707461872
24.1269382711826
24.1296502012996
24.149657800389
24.189155605528
24.2518243315514
24.3303813253391
24.4176170539682
24.5076721752978
24.5916837611837
24.661368656019
24.7132415714837
24.7477835011991
999.99
999.99
999.99
999.99
999.99
999.99
999.99
999.99
999.99
999.99
999.99
22.988109777148
23.1054033257808
23.1939724317682
23.2557144540881
23.2816257820466
23.2756414424209
23.2548119630681
23.2309415354098
23.2163202873406
23.2251009616658
23.2641036685932
23.3243918766143
23.4009751626827
23.4901705322274
23.5820521274695
23.6650343586007
23.7403787763435
23.807959987353
23.8699656415614
23.9332307453418
23.9949789080215
24.0523922688681
24.1036073356304
24.1417790810116
24.1569144771402
24.1561110985645
24.1429829489691
24.1267432257965
24.1197894210867
24.1330725136764
24.169147908738
24.2307117371707
24.3109150357369
24.4015316623019
24.4953500999815
24.5837405150073
24.6588578156955
24.717033079687
24.7586524485378
999.99
999.99
999.99
999.99
999.99
999.99
999.99
999.99
999.99
999.99
999.99
23.132859403828
23.1232163640497
23.1963226353161
23.2364565835146
23.2531286044258
23.2422681505592
23.2218871302356
23.2047492083225
23.1993661085009
23.2197390151635
23.2715505501871
23.3443946020245
23.4294819655061
23.5237143158721
23.6150649157959
23.6934544623296
23.7618206592214
23.8238625359016
23.8828771560478
23.9463559174694
24.0111526096227
24.0730688240484
24.1282229140017
24.1675857317307
24.1817338373128
24.1764598105741
24.1569057187658
24.1320491287102
24.1163283479745
24.1220346629766
24.1528234524584
24.2104094358363
24.2894311065922
24.380591183019
24.475491105299
24.5663570900316
24.6460538989022
24.7105287856317
24.7603775264071
999.99
999.99
999.99
999.99
999.99
999.99
999.99
999.99
999.99
999.99
999.99
23.1969762146767
23.1051599323787
23.1678547848785
23.1895782442531
23.1995256324557
23.1863265381166
23.1684779801676
23.1591856298543
23.1645068689575
23.1987531929989
23.2656795085401
23.3535555564368
23.45045252709
23.5522753577202
23.6446926948008
23.7201944762674
23.7830629185606
23.8402813346425
23.8965342179334
23.9590603535001
24.0250389774218
24.0897075957378
24.1474360171312
24.1879921705628
24.203973018421
24.1981925353808
24.1761053443584
24.1462716585857
24.1237501733941
24.1216439650687
24.1452253244174
24.1960940179784
24.2704087793963
24.3587976264441
24.4521078355807
24.5437358464503
24.6271153858765
24.697796326026
24.7563217221299
999.99
999.99
999.99
999.99
999.99
999.99
999.99
999.99
999.99
999.99
999.99
23.1209258494375
23.0472149857536
23.1037368515764
23.1159695819535
23.1231609206383
23.1115966686602
23.0991681605029
23.099494401792
23.1174452284684
23.1671892487549
23.2502412898959
23.3547339014863
23.4659838142675
23.5775529582331
23.673526712877
23.7488164799583
23.8079035262709
23.8608817377101
23.9138110485924
23.9736688276184
24.0384106376012
24.1036011394128
24.1622193090766
24.2043542216588
24.2241666964836
24.2214435645619
24.2008604555488
24.1696961874881
24.1423211653076
24.1328783381765
24.1479266579204
24.1901175314612
24.2573836462089
24.3409210810032
24.4309987018573
24.5222297981274
24.6081277376417
24.684250008627
24.7506299779477
999.99
999.99
999.99
999.99
999.99
999.99
999.99
999.99
999.99
999.99
999.99
23.0419614564568
22.9549899718087
23.0103162538211
23.0228903922769
23.0302635152991
23.0226735261453
23.0169120494114
23.0274417419503
23.0592606283211
23.1257854341248
23.2262749669618
23.3493535312043
23.4773826972683
23.6007249815336
23.702777398163
23.7802231667516
23.8370378671503
23.886181792606
23.9351262985276
23.990701870032
24.0523817805774
24.1163714825804
24.1745243502173
24.2182538345997
24.2428192689568
24.2450946242412
24.2282593503793
24.1983618466062
24.1682880441951
24.1528276137797
24.1594051561251
24.1927522336069
24.252321295679
24.330053428875
24.416071209675
24.5062336960105
24.5936036899154
24.6738705248168
24.7464453899324
999.99
999.99
999.99
999.99
999.99
999.99
999.99
999.99
999.99
999.99
999.99
22.8261749955309
22.8417428974853
22.9009810007243
22.9212115009046
22.9314408733343
22.9295312190061
22.9307523323642
22.9508676960978
22.9963248842795
23.079279094563
23.197193744774
23.339628114053
23.4857350292966
23.6221987590108
23.7324779536299
23.814197047232
23.8703753214933
23.9165113341098
23.9612197767894
24.0113841495413
24.0684953972489
24.1291830552891
24.1848469534061
24.2289166978757
24.2574617121805
24.2649064297979
24.252970797524
24.2265376394317
24.1965589727596
24.1774820721563
24.1772424944885
24.2032752056141
24.2558347007671
24.3277817602136
24.409996454785
24.4991915187643
24.5872315182704
24.6702969238565
24.7471379050623
999.99
999.99
999.99
999.99
999.99
999.99
999.99
999.99
999.99
999.99
999.99
22.6578863451453
22.7329766585592
22.7935078406751
22.823957279367
22.8393485851827
22.8442100637679
22.85258241368
22.8817233062416
22.9397723553266
23.0373322215885
23.1709569618575
23.3309139484071
23.493352778531
23.641949667223
23.7607463828916
23.8474438797527
23.9040642360873
23.9479272226787
23.9882348370575
24.0321976842262
24.0833938783978
24.1390137747132
24.1903631879149
24.2332739574751
24.2646216211089
24.27721672303
24.2711625416296
24.2508929740386
24.2245911438268
24.2052266951798
24.2010886829561
24.2222453692758
24.2688110986598
24.3356995521177
24.4151283291258
24.5037478537451
24.5922626695056
24.6775833694424
24.7571016082663
999.99
999.99
999.99
999.99
999.99
999.99
999.99
999.99
999.99
999.99
999.99
22.5240508192021
22.6396095179746
22.7008590999378
22.7420823244007
22.7634516682976
22.7753636311862
22.790859162636
22.8285533943927
22.8975922889007
23.0070594431982
23.15334266347
23.3272633756093
23.5019745273753
23.6597629297876
23.7853798756815
23.8761601433603
23.9331622796219
23.9751935343775
24.0112481332849
24.0495131426905
24.0951455235932
24.1456287462467
24.1923493361461
24.2334849155543
24.2662000134645
24.2825031294456
24.2819784209118
24.2689590195337
24.2488175738239
24.2321602586901
24.2279818554213
24.247643139869
24.2910553472012
24.3552128795714
24.4339085603827
24.5228514686647
24.6118938962886
24.6984023274465
24.778695671485
999.99
999.99
999.99
999.99
999.99
999.99
999.99
999.99
999.99
999.99
999.99
22.4299148014293
22.574337940949
22.6347471069687
22.6840316221497
22.7107081445366
22.7283264098687
22.749593159046
22.7938287941913
22.8706196379931
22.9884963295711
23.1441023944792
23.3278535285998
23.5104754226004
23.6740144086152
23.8038893275381
23.8969938949869
23.9538740932293
23.9944281320778
24.0274498386308
24.0615291645633
24.1029591988499
24.149638772239
24.1927920897371
24.2318396553116
24.2648933465408
24.283484787212
24.2876005725943
24.2820745706776
24.2700517221129
24.2589061758735
24.2587878783051
24.280682256713
24.3242801034128
24.3883146862893
24.4683159592222
24.5582792232177
24.6477785324174
24.7341599255976
24.8133091618945
999.99
999.99
999.99
999.99
999.99
999.99
999.99
999.99
999.99
999.99
999.99
22.4237604958047
22.5423617038107
22.5997940446969
22.6525557896839
22.6827267582874
22.7039025692618
22.7293212728739
22.778106704955
22.8597790233407
22.9828766775557
23.1444757715289
23.3333637247102
23.5190145552345
23.684275534694
23.8152952904643
23.9084207381041
23.9646536494257
24.0044147016728
24.0359797940216
24.0677367403647
24.1067690603173
24.1513395176605
24.1920942949427
24.2292497816937
24.2622547745883
24.2827081628964
24.291438836711
24.2943295175729
24.2923904248868
24.289594802769
24.2970934157329
24.3242675348264
24.3706638580242
24.4365205433307
24.518970215244
24.6099768686033
24.6995224801525
24.7845944045162
24.8612029482808
999.99
999.99
999.99
999.99
999.99
999.99
999.99
999.99
999.99
999.99
999.99
22.3948715444004
22.5417391990499
22.5955862726156
22.6486611887331
22.6798688186712
22.7021738055308
22.7300576145296
22.781935359025
22.8665965130991
22.9926118287894
23.1573056183865
23.3465106197299
23.5302591630192
23.6927808590865
23.8210713356336
23.9113079496734
23.9664418096549
24.0058530070001
24.0372255091397
24.068505179849
24.1068649416547
24.1505076819804
24.1902124332647
24.2266888720335
24.2603969769752
24.2837655111907
24.2985296588196
24.311144475423
24.3206154977479
24.3283709325842
24.3458483401475
24.3802060291192
24.4312359626705
24.5004275689671
24.5855731822725
24.6770781259588
24.7658882776605
24.8484758237831
24.9212196890435
999.99
999.99
999.99
999.99
999.99
999.99
999.99
999.99
999.99
999.99
999.99
22.4584138348952
22.5696657162336
22.6202393863049
22.6694310158287
22.6985303358652
22.719093944736
22.7473410094493
22.8007589065477
22.8870552833743
23.0145182280485
23.1801119147043
23.3662034325889
23.5446148615889
23.7008113588459
23.8230907482357
23.9082030529112
23.9616876039413
24.0008953253833
24.0332926078182
24.0663442521779
24.1062163817586
24.1503606165462
24.1907096927662
24.2279509360854
24.2625089132859
24.2886825660704
24.3097816465999
24.3317116988019
24.3525158016452
24.3721944877447
24.4015102246898
24.4450927993863
24.5034375501543
24.5777915273459
24.6659751927909
24.7575071189135
24.8443138788888
24.9224907418688
24.9897469108583
999.99
999.99
999.99
999.99
999.99
999.99
999.99
999.99
999.99
999.99
999.99
22.5134113338583
22.6179350122764
22.6656497430785
22.7095538215499
22.734020096812
22.7504809232722
22.777212114487
22.8309102959603
22.9184254238591
23.0467626307682
23.2118348834913
23.392491788865
23.5631288423391
23.710119498052
23.823863888697
23.9021171872539
23.9533267520232
23.9923577871094
24.0263858117363
24.0622043369288
24.1042042117383
24.1488428860029
24.1899413552543
24.2282028969089
24.2634723472652
24.2930716058096
24.3215504705166
24.353357192472
24.3863137638177
24.4196632714512
24.4622255134867
24.5165917971168
24.5838499286934
24.6641873015612
24.755104411471
24.8458431030545
24.9292457575626
25.0016615420957
25.0622997315313
999.99
999.99
999.99
999.99
999.99
999.99
999.99
999.99
999.99
999.99
999.99
22.6102634991146
22.6812516257706
22.7255226079265
22.7620141263407
22.7804952930752
22.7918092420531
22.816259898907
22.8702178687523
22.9596731594374
23.0889661814066
23.2524784428204
23.4260032929213
23.5869129166214
23.7226341162608
23.826094380244
23.8964789695564
23.9451835643311
23.9839390798936
24.0190711813489
24.0571320403889
24.1002293994463
24.1435603212158
24.1839459046592
24.2227432983833
24.2585957663984
24.2924036135341
24.3295647764504
24.3724159383111
24.4185491635057
24.4667969290987
24.5233684313018
24.5894146033251
24.6661865280537
24.7528278957492
24.8462225156522
24.9358617887468
25.0152524500285
25.0815491409353
25.1351291349949
999.99
999.99
999.99
999.99
999.99
999.99
999.99
999.99
999.99
999.99
999.99
22.7012057348964
22.7416665351544
22.7844320145643
22.8166334702272
22.8296600336948
22.8369275650348
22.860332713969
22.9163220446018
23.0092403441829
23.1400356675126
23.3009810146461
23.4659381171506
23.6155616474679
23.738622711456
23.8306948899622
23.8931613594171
23.9393333100701
23.9771875087725
24.0122478783182
24.0510552273049
24.0931248657634
24.1329307235096
24.1713759441036
24.2106110875378
24.2479444271417
24.2870207696009
24.333834582342
24.3881028307291
24.4470889470436
24.5094541020357
24.5794890267198
24.6572409024333
24.7436312385286
24.8370830039128
24.9336517109143
25.0230482828234
25.0989100985793
25.1596494283243
25.2064035822865
999.99
999.99
999.99
999.99
999.99
999.99
999.99
999.99
999.99
999.99
999.99
22.7605700381507
22.7903492069
22.8328535646584
22.8612119967828
22.8712081158362
22.8776993388948
22.9032938598017
22.9640853871187
23.0623827332991
23.1952834968992
23.3526412600655
23.5083038828252
23.6459214473885
23.7560017525607
23.8370342022624
23.8927417625681
23.9365289386975
23.9731980480507
24.0075546174606
24.0460457598779
24.0858259627456
24.1216163539458
24.1580149183162
24.1978109190252
24.2373963819261
24.2820062488003
24.3379527008249
24.4026933068724
24.473240643526
24.5474582973764
24.629141659747
24.7171856280454
24.8118317230452
24.9111774379054
25.0113430785904
25.1010922429462
25.174422072042
25.2311899053896
25.2728339288746
999.99
999.99
999.99
999.99
999.99
999.99
999.99
999.99
999.99
999.99
999.99
22.7549933135259
22.8144623451364
22.8589382739907
22.8878095891964
22.8994822574644
22.910442830126
22.9429380564135
23.0119356533118
23.1175270058185
23.2529895045886
23.4059253808251
23.5519700866801
23.6774109123889
23.775059476326
23.8461824442331
23.8964556783343
23.9380752808956
23.9735677505931
24.0067816412027
24.0439525609267
24.0809209154659
24.1134038850581
24.1483164122465
24.1891045185978
24.2321045311852
24.28266458173
24.3467694095864
24.4210079615669
24.5016922254251
24.5852125255402
24.6757536429434
24.7712474014695
24.8708305515344
24.9733308756544
25.0754691158028
25.1649919015726
25.2365503524714
25.2913609402664
25.3304818093613
999.99
999.99
999.99
999.99
999.99
999.99
999.99
999.99
999.99
999.99
999.99
22.7742178033218
22.8084403133505
22.8584532208503
22.8940696707383
22.9128855371989
22.9339087044813
22.9781480179728
23.0584672713714
23.1725627622263
23.3108182779198
23.4591379040736
23.5961607702408
23.7104266323483
23.7972814381275
23.8601810400775
23.9061980887895
23.9457299486224
23.979797099283
24.0116800231758
24.0475265562535
24.0828314869893
24.1141259845027
24.149528385165
24.1924185215387
24.2395243738734
24.2952334758302
24.365436699816
24.4467888166543
24.535137183904
24.6250509942355
24.7213941383843
24.8209371880573
24.921899481199
25.0242152530065
25.1256949174305
25.2136000107441
25.2837904472263
25.3383393707066
25.3777250891137
999.99
999.99
999.99
999.99
999.99
999.99
999.99
999.99
999.99
999.99
999.99
22.7256588975629
22.7722165274058
22.8335040633952
22.8811010091718
22.9125772716796
22.9489516212783
23.0089692811154
23.10259761207
23.2253957312372
23.3662943592176
23.5101033427356
23.6393323815565
23.7442349821766
23.8223709640881
23.8787707500812
23.9213620442303
23.9586504301074
23.991194404527
24.0223184273017
24.0579690377532
24.0940729080795
24.1275782891783
24.166275633532
24.2129470714356
24.2650447339868
24.3250437237542
24.398790762757
24.4841315256406
24.5765426106389
24.6689335087972
24.7671515383688
24.8668716497119
24.9654793423348
25.0639776217604
25.161701815545
25.2460607906209
25.3147094263803
25.3702605667559
25.412738660225
999.99
999.99
999.99
999.99
999.99
999.99
999.99
999.99
999.99
999.99
999.99
22.6264777487554
22.7190122447747
22.7949010630152
22.8576333567627
22.9063658510959
22.9618816761519
23.0395122410883
23.1460202170415
23.2763382134458
23.418953219302
23.558428788523
23.681588283151
23.7795558315669
23.8514053583307
23.9031438676629
23.9429908787551
23.978026981954
24.0093816926474
24.0405470183067
24.0775106083057
24.1168271083826
24.1548849104558
24.1982538622981
24.2489354530187
24.3048654611902
24.3671919475019
24.4422078359429
24.5290044260528
24.6228915318851
24.7154213383082
24.8126858870582
24.9091338781721
25.0018975152293
25.0929019498024
25.183359083319
25.26159008514
25.3277769817672
25.3849017770844
25.4325117935498
999.99
999.99
999.99
999.99
999.99
999.99
999.99
999.99
999.99
999.99
999.99
22.5310464540334
22.6597856893216
22.750794461818
22.8345667352416
22.9037722944624
22.9800490889091
23.0747750970146
23.1920170707355
23.3270797135951
23.4694175558067
23.6043057421552
23.7226986814353
23.815802143282
23.8837345434478
23.9324470020535
23.9702172545025
24.0031704030086
24.0336758419169
24.0651193404888
24.1038822750291
24.146899236499
24.1894697436336
24.2365254497862
24.2898824340027
24.3475603727682
24.4102850205854
24.4848271273866
24.5715334712209
24.6652265726378
24.7569352248439
24.8519071676504
24.9438779068147
25.0297352368328
25.1119825452993
25.1932711352878
25.2641702779636
25.3270570193333
25.3853632035524
25.438509060143
999.99
999.99
999.99
999.99
999.99
999.99
999.99
999.99
999.99
999.99
999.99
22.4528095202355
22.6093131046809
22.7138833216169
22.8197490450098
22.9107424308048
23.0075312116144
23.1172076642281
23.2419923999069
23.3783415014749
23.5175545826644
23.6467661574011
23.7605427456846
23.8498411682294
23.915132561302
23.9619173779362
23.9981618910785
24.0293858844941
24.0592019195567
24.0908575180533
24.1309644414102
24.1764320760534
24.2214926569137
24.2699199174815
24.3241409430346
24.3816683742069
24.4435603946843
24.5170458294373
24.6029849685199
24.6953791959999
24.7859123563909
24.8786015971825
24.9666958924251
25.0468015049387
25.1213784224578
25.1941419778277
25.2581692148834
25.3176680820816
25.3765528446765
25.4346506816183
999.99
999.99
999.99
999.99
999.99
999.99
999.99
999.99
999.99
999.99
999.99
22.3673179441449
22.5709805415868
22.6887593486203
22.8166535569015
22.9294287172725
23.0455789667711
23.1674185162446
23.2961925112366
23.430086141474
23.5627796038742
23.6839510467004
23.7914555684468
23.8763712062507
23.9391084168134
23.9842913174074
24.0194903373409
24.0495638806645
24.0786858056402
24.1099260637793
24.1496227699144
24.1949350939689
24.2397487056599
24.2870286840148
24.3405640564648
24.3973572980552
24.4583198309622
24.530754744484
24.6161803410238
24.7069600736255
24.7964707637586
24.8877968046057
24.9740423887283
25.0507713484289
25.1203318043552
25.1871124040749
25.2465175518909
25.3036141308696
25.3629879757581
25.4250600934188
999.99
999.99
999.99
999.99
999.99
999.99
999.99
999.99
999.99
999.99
999.99
22.3499528802875
22.5440545575903
22.6758813535967
22.8242379427748
22.9569750318627
23.090307672633
23.2218516626887
23.3522258235136
23.4816225737057
23.6056905099663
23.7168842317124
23.8158906988676
23.894769758484
23.9537197193433
23.9963279876855
24.0300665528614
24.0587878554821
24.0866960567598
24.1164026462641
24.1537357730657
24.1960652712408
24.2377715923854
24.2812339348456
24.3317473730368
24.3858949214491
24.4448200986113
24.5159057218679
24.6013540838795
24.6920224806544
24.7833910903016
24.8768342614862
24.9652781001079
25.0426341627078
25.1110961897701
25.1753295935161
25.2330328233978
25.2890981419785
25.3488756748024
25.4132594847099
999.99
999.99
999.99
999.99
999.99
999.99
999.99
999.99
999.99
999.99
999.99
22.3098641591722
22.5288851805152
22.6731107256346
22.8383213505804
22.9875796003221
23.1349743948401
23.2740406911457
23.4049488198121
23.5293012443368
23.6441024304964
23.7443904025396
23.833001495578
23.9039789904626
23.957272305732
23.9954456631229
24.0260952952226
24.0520622408502
24.0770999236837
24.1034945401745
24.1366524548497
24.174231511168
24.2117604215732
24.2507448422409
24.2975790371933
24.3482959357853
24.4043939745521
24.4731866469958
24.5584912027365
24.650384932293
24.7466083707735
24.8461556741975
24.9417506349453
25.0246302852827
25.0964816273576
25.1618835403322
25.2207769203819
25.2770656000698
25.3369344374965
25.4018145949589
999.99
999.99
999.99
999.99
999.99
999.99
999.99
999.99
999.99
999.99
999.99
22.2802076136272
22.5247184809143
22.6790870541101
22.854848148461
23.0157961230454
23.1735098293078
23.3178393493009
23.4487983174894
23.5687519029426
23.6749051518605
23.7644652873884
23.841899634873
23.9038246076061
23.9497726316019
23.981657931215
24.006927054985
24.0278904437649
24.047430279648
24.0679678819027
24.0950585063213
24.1272260635406
24.1609617521546
24.1968553072769
24.2415104873609
24.2896014366571
24.3427574213095
24.4087514467478
24.493850797567
24.5882546100261
24.6920057273628
24.8013504597468
24.9080907192405
25.0000783560972
25.0784926680692
25.1477236501086
25.2096728178992
25.267288789561
25.3273750872403
25.3916826263722
999.99
999.99
999.99
999.99
999.99
999.99
999.99
999.99
999.99
999.99
999.99
22.2799775550609
22.5278417981137
22.6901845761383
22.8727193865224
23.0398560078078
23.2035817879225
23.3504685412845
23.4805903493816
23.5965662434778
23.6955398525335
23.7755394556716
23.8421509723837
23.8947647978515
23.9326826048222
23.9568796681897
23.974731726354
23.9887114494326
24.0006403007554
24.0131326359922
24.0327592343983
24.0595337156975
24.0903148813975
24.1247968488007
24.1689971195793
24.2157375069284
24.266603996054
24.330239762973
24.4156028800828
24.5138477179535
24.6271424212601
24.7485118225976
24.8685788889998
24.9716524931911
25.058602869541
25.1334324294437
25.1998620561802
25.2597370705149
25.320694648072
25.3840288338879
999.99
999.99
999.99
999.99
999.99
999.99
999.99
999.99
999.99
999.99
999.99
22.3039260512796
22.5386335924696
22.7051751340299
22.8898554644467
23.0576033679975
23.2224640892267
23.3688772370405
23.4969676766194
23.609514197448
23.7032202421267
23.7757599554023
23.8331333037766
23.8772767685873
23.9072119258872
23.9231358817471
23.932633582233
23.9389102633047
23.9428795604124
23.9469636683539
23.959338120144
23.9810067163148
24.0090413336711
24.0425123728473
24.0869038785553
24.1329931748883
24.1829786797882
24.2460573116602
24.3331462079814
24.436749939035
24.5607082458231
24.6948995302691
24.8283310620626
24.9427234599674
25.0388347103129
25.1199462248433
25.1908178465555
25.253130752433
25.3151298123029
25.3771243714647
999.99
999.99
999.99
999.99
999.99
999.99
999.99
999.99
999.99
999.99
999.99
22.328309388814
22.5607985880977
22.7255506408419
22.9071579405405
23.0710732746481
23.2324197096855
23.3743743826751
23.4975891273296
23.6051526062918
23.6940308361354
23.7602952239999
23.8103684104733
23.8478138527775
23.8713027693446
23.8803172920134
23.8828073554461
23.8828034050267
23.880004695492
23.8767142566934
23.8827077365678
23.8997505862822
23.9248450769528
23.9575998415132
24.0029917550132
24.0500872216406
24.1016381512193
24.1672382098181
24.2582501208724
24.3685051461362
24.502781821947
24.6486871574516
24.7932352506128
24.9171795245397
25.0212716830383
25.1079932716147
25.1823053623173
25.246805429595
25.3097362077079
25.3701998367975
999.99
999.99
999.99
999.99
999.99
999.99
999.99
999.99
999.99
999.99
999.99
22.3409579701978
22.5840426439673
22.7470910464649
22.9252272783334
23.0830526819447
23.2373706337523
23.370822279584
23.4850443483551
23.5841819715077
23.6665703831012
23.7261280131252
23.770135892439
23.8026219595097
23.8219563655608
23.8270021964909
23.8260107144205
23.8232292502431
23.8171879280532
23.8096299442254
23.8112097926293
23.8244408601898
23.8463071561225
23.8776613570749
23.9237244532173
23.9728623753123
24.0282018214061
24.0994662418192
24.197265941595
24.3156637535217
24.4596393291294
24.6152506655606
24.7674884942862
24.8975241532046
25.0069464270201
25.0974038779487
25.1734789830314
25.2394822789249
25.3032035647589
25.362112057885
999.99
999.99
999.99
999.99
999.99
999.99
999.99
999.99
999.99
999.99
999.99
22.4024110323673
22.6016015253404
22.7651748396467
22.9411284061338
23.0928213053163
23.2384058301049
23.360778082584
23.4621893192702
23.5490648773386
23.6227506911169
23.6746708403533
23.712857245176
23.7415177760417
23.7587322815705
23.7625134879958
23.7618325875071
23.7608192367333
23.7568023306172
23.7503972409854
23.7517049474519
23.7632724379584
23.782270128841
23.810834127803
23.8554477826014
23.9059623812615
23.9661289212819
24.0454707064157
24.152575479772
24.2803915745793
24.433144363982
24.5959555326727
24.7518578956236
24.8842782530316
24.9961782741457
25.0882292643755
25.1642228920979
25.2305507186478
25.2941875000299
25.3507566829007
999.99
999.99
999.99
999.99
999.99
999.99
999.99
999.99
999.99
999.99
999.99
22.4015241003533
22.6064614865502
22.7716080870547
22.9479160332563
23.095488474842
23.2326530755789
23.3434073076636
23.430187573607
23.5023887743788
23.5648610458446
23.6078925546865
23.640039364213
23.6653635813442
23.6817033305763
23.686596412273
23.6897897002658
23.6949207208965
23.6981490269146
23.6987545269612
23.7048021691702
23.7176618013719
23.7350011216434
23.7601614163202
23.8012908214983
23.8518065066401
23.9164758148746
24.0044898297404
24.1218094426002
24.2597012554243
24.4200758270485
24.5881682811125
24.7446022039985
24.876515550445
24.9880655775369
25.0792560192236
25.1524920974889
25.2170499545066
25.2783514140294
25.3310063144089
999.99
999.99
999.99
999.99
999.99
999.99
999.99
999.99
999.99
999.99
999.99
22.3954388926558
22.597387339028
22.7640071691481
22.9431048200902
23.0896458222523
23.2208452795042
23.321532847584
23.3941762890149
23.4507506989341
23.4999716872968
23.5325173005205
23.5578075648496
23.5792019136142
23.5947725743726
23.6021737539859
23.6116294522824
23.62577008801
23.6401456463435
23.6524944783073
23.6676921759513
23.6851971632445
23.7031000074281
23.7254191975782
23.7621876396469
23.8114766433566
23.8794686728264
23.9749942043904
24.1016899381533
24.2488482571441
24.415286640103
24.5864559819553
24.7415836583996
24.8712195746775
24.9804051667492
25.0685798281826
25.1370514127256
25.1973376027686
25.2538167954966
25.3010195513977
999.99
999.99
999.99
999.99
999.99
999.99
999.99
999.99
999.99
999.99
999.99
22.3356106844077
22.5655357867472
22.7383788426843
22.9260849185701
23.0847946934158
23.2171637890995
23.3054277964768
23.3609568044872
23.3973906163823
23.4301098124625
23.449777767698
23.4698682201987
23.4870168839309
23.4993697230934
23.5084095309547
23.5252891397639
23.5504471510023
23.5800585472047
23.6113120665424
23.6415252995567
23.6672792304803
23.6861507357505
23.7041350924135
23.734439117754
23.7773247898092
23.8475357449783
23.9515148331392
24.0859878966131
24.2474776745163
24.4210691566711
24.5928763295128
24.7454650177105
24.8772053311133
24.9749780771084
25.0564545014148
25.1198524244561
25.1724279547503
25.2174322748409
25.2572225057422
999.99
999.99
999.99
999.99
999.99
999.99
999.99
999.99
999.99
999.99
999.99
22.266590776579
22.5233355718394
22.6959064262987
22.8910412303195
23.063878490391
23.2031654408822
23.2860862406007
23.3323943169944
23.3515702862431
23.3700361077188
23.3787415613434
23.3880799210273
23.398041001284
23.4068092713328
23.4135382492177
23.4320831963949
23.467616730076
23.516840090405
23.5686967331377
23.6184836567986
23.6557631720714
23.6793578237563
23.6908364425943
23.7123959237009
23.7476249425755
23.819215346542
23.9292877769385
24.0716996275748
24.2404365528249
24.4189071664601
24.5886936585607
24.7390709796118
24.8736416490063
24.9688843203512
25.0438479425975
25.1018777521074
25.1426886459555
25.1719236409597
25.2013631639996
999.99
999.99
999.99
999.99
999.99
999.99
999.99
999.99
999.99
999.99
999.99
22.2449730563202
22.2767395306977
22.5945532678703
22.9533119113557
23.1667806386413
23.3060754950659
23.323533763211
23.3491669557697
23.263592741753
23.2670788849471
23.2628111277031
23.302946845257
23.3021519134747
23.3294991854835
23.301570456858
23.2573651387607
23.3437625332468
23.4587671390571
23.5723682720686
23.6298734396082
23.6641486590736
23.6985727559316
23.7032349623845
23.6797085011388
23.666911368478
23.7369532960265
23.801112199647
24.0663607528747
24.2900285307027
24.3905252690022
24.7293104539672
24.7439419034268
24.9055505226481
25.0213664821435
25.1262028485906
25.0236248020272
25.0559133688774
25.1732599761763
25.1723366291084
999.99
999.99
999.99
999.99
999.99
999.99
999.99
999.99
999.99
999.99
999.99
999.99
999.99
999.99
999.99
999.99
999.99
999.99
999.99
999.99
999.99
999.99
999.99
999.99
999.99
999.99
999.99
999.99
999.99
999.99
999.99
999.99
999.99
999.99
999.99
999.99
999.99
999.99
999.99
999.99
999.99
999.99
999.99
999.99
999.99
999.99
999.99
999.99
999.99
999.99
999.99
999.99
999.99
999.99
999.99
999.99
999.99
999.99
999.99
999.99
