999.99
999.99
999.99
999.99
999.99
999.99
999.99
999.99
999.99
999.99
999.99
999.99
999.99
999.99
999.99
999.99
999.99
999.99
999.99
999.99
999.99
999.99
999.99
999.99
999.99
999.99
999.99
999.99
999.99
999.99
999.99
999.99
999.99
999.99
999.99
999.99
999.99
999.99
999.99
999.99
999.99
999.99
999.99
999.99
999.99
999.99
999.99
999.99
999.99
999.99
999.99
18.6235003645213
18.8487676817956
19.1003641156882
18.6088276090924
18.4210318382095
18.2931639222824
18.1389180681881
18.3986840832416
18.4285214413925
18.6374970360649
18.8881703294769
18.2417796330653
18.5930563373908
18.5512390572391
18.4417489328326
18.5925482827277
18.4659962341182
18.7702187429295
18.7788793912243
19.0498778929162
19.4932852919438
19.6222423865333
19.8743027789091
20.0041744456344
19.7017905787592
19.7403072336104
19.2202504101912
20.0006557360564
20.4247204700062
20.4395882267172
20.2337617539255
20.8155243374512
20.8373814333814
20.7579014711576
20.9141154836904
21.0032247194025
20.3976956775319
20.4365287871246
20.5067879542061
999.99
999.99
999.99
999.99
999.99
999.99
999.99
999.99
999.99
999.99
999.99
18.6425946548612
18.6177203980485
18.6273127253206
18.6014845608405
18.5378709975682
18.4853929200403
18.4789437169639
18.5169528197173
18.5725272405971
18.6024837190354
18.6303694191183
18.6515728092017
18.6531943767471
18.6764947399785
18.7304542949602
18.7824867113156
18.8505809955443
18.9517814402448
19.0775608806888
19.2457093778214
19.4210432508446
19.5910870139483
19.7146680970086
19.7913202866669
19.800738888852
19.8484416141759
19.920217995973
20.0349250982967
20.1714271658949
20.3870714604227
20.5380313255348
20.6568812515532
20.7527265413491
20.8120298192933
20.789381050442
20.7588071342943
20.7166691468499
20.7127295058553
20.7478948211352
999.99
999.99
999.99
999.99
999.99
999.99
999.99
999.99
999.99
999.99
999.99
18.4664023661201
18.5781816034967
18.6142659654343
18.6246225586128
18.6074849848342
18.6029926082782
18.62959769138
18.6742415253688
18.738300155765
18.7685236195665
18.7873620527264
18.7898322041359
18.788356849355
18.7961421164946
18.8398309531097
18.8964505514813
18.9726939680984
19.0701844254914
19.1891183578972
19.3448680607824
19.5035950387204
19.6633779606853
19.7874179966193
19.8779943857316
19.9091187495757
19.9532688707014
20.0111192838932
20.1099084524502
20.2272932815046
20.4050520057747
20.5617900338484
20.6952542837219
20.793875010583
20.8576829020841
20.8572915442623
20.8388617013232
20.8146232934582
20.8240702421018
20.8505130590189
999.99
999.99
999.99
999.99
999.99
999.99
999.99
999.99
999.99
999.99
999.99
18.3927835497836
18.5219487211803
18.57646894825
18.6093575252374
18.6372795895977
18.6793393212161
18.7304520031951
18.7810873048923
18.8330501203681
18.8657292428865
18.8815942917182
18.8828182170911
18.8925444286086
18.9178898428211
18.9624261736422
19.0265746260159
19.1132699141057
19.2085918284702
19.3131611880383
19.4476154814902
19.583520022065
19.711944620376
19.8243193636863
19.9195490438776
19.9759477411862
20.0228323204543
20.0744426233558
20.1620092966164
20.2856654064561
20.4283997537197
20.5849655676272
20.7345396024771
20.8348448924379
20.8754769149843
20.8965447692093
20.892798502129
20.8753466542887
20.884667478987
20.9154885960357
999.99
999.99
999.99
999.99
999.99
999.99
999.99
999.99
999.99
999.99
999.99
18.3588849822264
18.4829113868025
18.5457364562097
18.6007821577112
18.6548080758714
18.7214400055173
18.7918861146028
18.8555693955342
18.9126855310229
18.9472959019631
18.9677418803921
18.975269189426
18.9868248772644
19.0125482448229
19.0583589910158
19.1248555313507
19.2154291338351
19.3163710621784
19.4215949318384
19.5510433418519
19.6747173467786
19.7864828794586
19.8826930486079
19.9686554951191
20.0194325576575
20.0606075729641
20.1092493628396
20.1929010511982
20.3135075093527
20.4533210430182
20.6110349847746
20.7587816876098
20.8619493154703
20.9044849898661
20.9284236243799
20.9262429068465
20.9109946913194
20.9144058299028
20.9345444668742
999.99
999.99
999.99
999.99
999.99
999.99
999.99
999.99
999.99
999.99
999.99
18.5197119678618
18.4501703671043
18.5153405974837
18.5846273152631
18.6584551792355
18.7442275514314
18.8306117835786
18.904861671652
18.9669156921141
19.0068701444389
19.0363851186952
19.0557080323313
19.0759128965071
19.1049696014923
19.1510978092483
19.2173703755203
19.3083803583913
19.4111379396111
19.5180389981487
19.6449168845059
19.7600576115668
19.8581058304498
19.9392217110612
20.0136467640453
20.0578684338671
20.0924982503502
20.1365223470289
20.2156484983245
20.3309173440742
20.4632971380532
20.6159041907631
20.7580433669618
20.8603756091273
20.9041649921723
20.9298671831452
20.9279235483315
20.9128278395637
20.90924032198
20.9189237121412
999.99
999.99
999.99
999.99
999.99
999.99
999.99
999.99
999.99
999.99
999.99
18.3868621933622
18.4289891387178
18.4935732515005
18.5664253268898
18.6541228544636
18.7555909464208
18.857508006763
18.9420478026528
19.0120940483177
19.0622459987541
19.1036624018445
19.135462062297
19.1668234219337
19.1980502408897
19.241380552857
19.3034300565627
19.3915812227468
19.492998362253
19.6027472946283
19.7290486490368
19.8406586953352
19.9299028658799
19.9996613632461
20.0622319094924
20.1002801356369
20.127789282432
20.1649804440393
20.2350795970887
20.3401728907844
20.4586721605443
20.5980886008008
20.7292620897773
20.8293034835636
20.8760972764886
20.9055789558709
20.9060035954926
20.8927738999899
20.8834655493533
20.8835867424501
999.99
999.99
999.99
999.99
999.99
999.99
999.99
999.99
999.99
999.99
999.99
18.3103238934894
18.4305710368747
18.4897692159322
18.5552201352664
18.6499255939859
18.7626706990399
18.8798840793591
18.9776838722779
19.0624458567996
19.1300011532891
19.1858893531733
19.2300813478797
19.271493400154
19.3015350375164
19.337500314063
19.3908160143953
19.4700446698557
19.5645775014769
19.6749897494855
19.8006063167421
19.9131376351821
20.0020657948818
20.0697047262917
20.1262421088877
20.1621311287907
20.1840103774757
20.2110583209734
20.2645670126696
20.3488629867354
20.4443355179124
20.5611687256088
20.6755602107476
20.7698507925673
20.8220660234007
20.8559810027936
20.8595890050241
20.8491281392531
20.8374047955931
20.8300257985823
999.99
999.99
999.99
999.99
999.99
999.99
999.99
999.99
999.99
999.99
999.99
18.4220958514966
18.4315315395357
18.4921416239463
18.5517536635997
18.6458712330361
18.7648300534044
18.8965202611791
19.0113169795918
19.1186020695047
19.2102887225877
19.2833192402458
19.3384367218112
19.3859818314353
19.4099558396047
19.4352108685072
19.4758758632662
19.541154248974
19.6240501148677
19.7320392009192
19.8540895310568
19.9688995422209
20.0632838065335
20.1370450012609
20.1945549135449
20.2346174167475
20.2562321377313
20.2749108233511
20.3102065627244
20.3676002856159
20.4339367981856
20.5200591739521
20.6114649464864
20.693899618178
20.7500705492976
20.7874250106511
20.7954344132336
20.7901713012002
20.7815626345756
20.7729645480429
999.99
999.99
999.99
999.99
999.99
999.99
999.99
999.99
999.99
999.99
999.99
18.5962955060812
18.4540812018728
18.5122323059707
18.5613588962025
18.6483644796181
18.7677747317263
18.9085708176841
19.0383567254311
19.169499758878
19.2868614044729
19.3755106129737
19.4411530791624
19.4926012347084
19.5092058508994
19.5232750437172
19.5519405221218
19.6011321006959
19.6704269754357
19.772970344107
19.8891802898817
20.006149027147
20.1099226928231
20.1963399694454
20.2622825114736
20.3135126321792
20.3413916381375
20.356100778302
20.3751598821396
20.4059333367199
20.4426267265618
20.4969999380349
20.5641964014498
20.6324465313001
20.6897046816931
20.7283951538303
20.7386818885505
20.7365651222641
20.7315266443752
20.7240666266329
999.99
999.99
999.99
999.99
999.99
999.99
999.99
999.99
999.99
999.99
999.99
18.6389774420591
18.4868979649817
18.5459628807297
18.585232671579
18.6561010556406
18.7674469790395
18.908779174241
19.0475589592582
19.2011386494171
19.3441544375884
19.4457580176092
19.5208099146905
19.5755428845104
19.5859436826372
19.5902450890866
19.6110313443722
19.6473480957063
19.7064780252847
19.8038607159806
19.9142884518041
20.0323966084723
20.1462619421337
20.2466923707928
20.3244042998804
20.3907418721261
20.4293214105727
20.4434484652367
20.4490240630739
20.4558007928652
20.4635061553056
20.4876028539174
20.531435427987
20.5856188989327
20.6417250263141
20.681457901252
20.6936805656801
20.6949042291164
20.6931996533768
20.6878706522162
999.99
999.99
999.99
999.99
999.99
999.99
999.99
999.99
999.99
999.99
999.99
18.5895425685426
18.5483270243843
18.6004303201962
18.6268355176655
18.6744806600777
18.7689512379152
18.9010894494364
19.0429017617861
19.2144331348449
19.3771664739629
19.4878033326332
19.5702567141817
19.6258375777804
19.6322385977784
19.6321832139298
19.6513928125641
19.6810150243786
19.73549561706
19.8286218591216
19.9336383372101
20.0513225062365
20.173786944709
20.2870530496238
20.3777010062802
20.4595634444331
20.5109320356137
20.5266322005869
20.5231810299754
20.5108679485438
20.494066038351
20.4909876889294
20.5144711258906
20.5541184790427
20.6063274816461
20.6455593882488
20.660122450056
20.6640968363727
20.6653801514706
20.6621116481122
999.99
999.99
999.99
999.99
999.99
999.99
999.99
999.99
999.99
999.99
999.99
18.4400873015873
18.6448163982586
18.6826158458653
18.6877825997097
18.7095064749315
18.7818437745872
18.8976876410416
19.0358259156095
19.2162270140431
19.3910816352047
19.5074321312792
19.5947212693762
19.6504700825901
19.6571718757589
19.6587235051683
19.6820816326343
19.7128244946212
19.7675603758069
19.8564279905305
19.9548040167023
20.0680310397439
20.1927140757385
20.3133781229543
20.4146090555684
20.5097844910371
20.5743673873804
20.5946318895318
20.5878523057073
20.565645749654
20.533449433247
20.5105569710996
20.5195684888656
20.5492603364027
20.5963052235997
20.634129715175
20.6509158419424
20.6571481536736
20.6607271199077
20.6597288920958
999.99
999.99
999.99
999.99
999.99
999.99
999.99
999.99
999.99
999.99
999.99
18.6108171787562
18.7621736780614
18.784093748469
18.7699747262621
18.7652653058754
18.812886297165
18.9074113835634
19.029943487005
19.2029630320251
19.3790427265373
19.4942638799997
19.5831387876775
19.6445208936072
19.6636558809375
19.6763342142477
19.7128944465733
19.7534311910105
19.8117415353122
19.893742337031
19.9834202279371
20.0873823606395
20.2077183413703
20.3291336666381
20.4368843397651
20.5407686132594
20.6148184689204
20.6370861501764
20.6272222555924
20.600443079066
20.5606612805314
20.5278734240734
20.5337696129945
20.5647472937725
20.6115829266102
20.6502067729867
20.669971514298
20.6751720671236
20.6774046106619
20.6762665309055
999.99
999.99
999.99
999.99
999.99
999.99
999.99
999.99
999.99
999.99
999.99
19.0801801539537
18.877605338062
18.891215698083
18.8624563520531
18.8365880651914
18.8645264671671
18.9425185566463
19.049723574999
19.2106660739013
19.3825361191123
19.4926646408123
19.5759894884449
19.6427386974543
19.6774601465683
19.7044266334859
19.7572611616005
19.8134218321187
19.8744816533264
19.9463873776732
20.0233652246379
20.1109201894587
20.2170453032528
20.3297768305373
20.4362786449721
20.5420298361556
20.6211489768465
20.6435793819949
20.6330994772809
20.6043819392273
20.5599834994385
20.5221517408514
20.5307356717888
20.5680445300938
20.6212260833294
20.6675235023987
20.6942577418193
20.7010588454768
20.7036378341073
20.7019763309559
999.99
999.99
999.99
999.99
999.99
999.99
999.99
999.99
999.99
999.99
999.99
19.2280041052637
18.9976118684421
19.0013236221051
18.9626880834812
18.9309830015438
18.9521214480569
19.0214308520204
19.1166361982316
19.2593283648791
19.4186283788617
19.518137586553
19.5917449711132
19.6605538444854
19.7110945934609
19.7545154537612
19.8237303617102
19.8944816890245
19.9551825674564
20.0120490019624
20.069493026331
20.1337408076906
20.2170164787719
20.3126625996411
20.411091892773
20.5113600183015
20.5887814120795
20.6095915606227
20.5995983114936
20.5708249750788
20.5269565840076
20.4897807127668
20.5057745272795
20.5698394247412
20.6512282696183
20.7265490531718
20.7817799979768
20.8093459896961
20.7985821208157
20.7803699244262
999.99
999.99
999.99
999.99
999.99
999.99
999.99
999.99
999.99
999.99
999.99
19.1946199752628
19.0914516109264
19.0927559172756
19.0643565310042
19.0388544128091
19.0638218740721
19.1319430389345
19.218041312014
19.3403464460412
19.4892409407322
19.5803057749995
19.6461095746865
19.7169442327012
19.7810394104061
19.8334938954279
19.9110603535772
19.9878868794419
20.0413077464949
20.0784266722221
20.1118704293615
20.1477254600775
20.2022076003123
20.274211608228
20.3571481022776
20.4455974787543
20.5156746459995
20.5336568419005
20.5234040205354
20.4949118290829
20.4543738154198
20.4209580582817
20.4455512890674
20.5417473761368
20.6584088809055
20.7668137779145
20.8581373039879
20.9129220384561
20.8908102029023
20.8587842923688
999.99
999.99
999.99
999.99
999.99
999.99
999.99
999.99
999.99
999.99
999.99
19.1757867600847
19.137951065533
19.1506528018342
19.153192013775
19.1451015167128
19.1864228107764
19.2620846397326
19.3426335259494
19.4469960988454
19.5838650544255
19.662656164346
19.7193827766861
19.7917933033631
19.8655288084374
19.9220323365595
20.002917254169
20.0787453502471
20.1197856140995
20.1352624953635
20.1433892998436
20.1494804518214
20.1725015432413
20.2153372801933
20.2748084881199
20.3449392016532
20.4018431959723
20.4163700404597
20.4076051125115
20.3810601014934
20.3452311154337
20.3196285837435
20.3552786707144
20.4870148861825
20.6444697576229
20.7916982628788
20.9223960313753
21.004161444331
20.9650758412053
20.9158588597771
999.99
999.99
999.99
999.99
999.99
999.99
999.99
999.99
999.99
999.99
999.99
19.0385768360559
19.1750732514258
19.1973114513645
19.2211298271475
19.2419443235085
19.3124421634148
19.4045657083917
19.491352151724
19.5901195818708
19.7172802438884
19.7833307314392
19.8305719641599
19.8967426414187
19.9663648025555
20.0170754732136
20.0912551038522
20.1572076214851
20.1829660808369
20.1784313593489
20.1618031794661
20.1384270669824
20.1288716658391
20.138422324496
20.1688007547866
20.2160978031263
20.2588241727566
20.2736401213502
20.2719416902833
20.2515371080615
20.2239449987058
20.2082627677847
20.2827645223645
20.4783407282032
20.706565890451
20.9234510089724
21.1230676174643
21.2031251180119
21.1131129827947
21.0132758220793
999.99
999.99
999.99
999.99
999.99
999.99
999.99
999.99
999.99
999.99
999.99
19.0415359870482
19.1856168846789
19.2150525627632
19.2638063627682
19.3161284724933
19.4179907604078
19.5281495870763
19.6271702604207
19.7288474965229
19.8499069307014
19.9072564332021
19.9504052197354
20.0064589695864
20.064151525883
20.1033912701289
20.1637814800187
20.2122839158976
20.2247590731687
20.2039160318204
20.1650457722672
20.1163170506338
20.0793858572464
20.0577568143127
20.0596714909198
20.0851844292079
20.1144662956185
20.1291595815745
20.1321224039432
20.1208744400005
20.1070355218808
20.1043066450816
20.218494805888
20.4802830858121
20.7743927660809
21.0527580688886
21.3173172173679
21.3939731257247
21.24905568353
21.0980565029206
999.99
999.99
999.99
999.99
999.99
999.99
999.99
999.99
999.99
999.99
999.99
19.3962725864921
19.1712422454188
19.2204327526615
19.2801887315243
19.3568632901479
19.4858433684541
19.6164987573133
19.7344387538501
19.8518810507705
19.9768290390241
20.0345440094042
20.0749701524889
20.1181118316693
20.1569403644851
20.178086782336
20.2186230987693
20.2491825226374
20.2513748278001
20.219366784736
20.1632462328424
20.0919049402242
20.0288505336491
19.9769336904656
19.9507542712662
19.957365002464
19.9780171435758
19.9959366315419
20.0055959980894
20.0067429115351
20.0094415400864
20.0237478252993
20.1815245774567
20.4959258900926
20.8373353165983
21.1522379375793
21.4500034456908
21.4927529291107
21.297049616191
21.1029075151624
999.99
999.99
999.99
999.99
999.99
999.99
999.99
999.99
999.99
999.99
999.99
19.1304557999105
19.1457429850079
19.2139018216598
19.2818781366303
19.377975028674
19.530020822852
19.6794771149048
19.8151309393628
19.9491569940721
20.075065338073
20.1314546711717
20.1674423707605
20.1992988973431
20.2218797746907
20.2317870089003
20.2594173577219
20.2798111214551
20.2782437852814
20.2413386308574
20.1732227799723
20.0837801592175
19.9978581796381
19.9181804898911
19.8677575718854
19.859040275501
19.8735304385672
19.8953641766126
19.9150566445607
19.9320890692061
19.9529302008169
19.992618430658
20.2025132566669
20.5689740385987
20.9506689519433
21.2937985098961
21.5999886610972
21.587543739387
21.3280744805729
21.0794833590902
999.99
999.99
999.99
999.99
999.99
999.99
999.99
999.99
999.99
999.99
999.99
19.2061766193543
19.1415898953417
19.203328535386
19.277267735925
19.3831660614226
19.5452140295928
19.703949695157
19.8530010073417
20.0009846050751
20.1306125255073
20.1932590139497
20.2315344511087
20.2577675554483
20.2710566714928
20.2761167678363
20.2954957544853
20.3110616057707
20.3106210387304
20.2742807946329
20.1995193363936
20.0980870371436
19.995710539405
19.8954983640232
19.8276517983914
19.8081127824882
19.8193494352196
19.8439671528036
19.8722054747803
19.9039397588803
19.9420611107203
20.0045583433284
20.2634169509987
20.6730985281158
21.0828134673386
21.4430675392762
21.7481422442052
21.6772719767635
21.3606847818016
21.0639207916889
999.99
999.99
999.99
999.99
999.99
999.99
999.99
999.99
999.99
999.99
999.99
18.9813361941968
19.135291356957
19.1862282802366
19.2712195967748
19.3772152852715
19.536400778655
19.6969930931187
19.852952273341
20.0082610287699
20.1412022995644
20.2147747955668
20.260100190495
20.2884273892051
20.3023668277532
20.3102731179416
20.3277744949559
20.3433966471082
20.3464943732785
20.3136461369145
20.2375937434568
20.1320517446025
20.0213298506137
19.9110257297206
19.8342394438227
19.8091138600272
19.8175844729746
19.841822669678
19.8731528872773
19.9156561931953
19.9663748996827
20.0447016747612
20.2867882948094
20.6711479147902
21.0393066596308
21.3500192647948
21.5924456089965
21.5256361793092
21.2436293994513
20.988972898658
999.99
999.99
999.99
999.99
999.99
999.99
999.99
999.99
999.99
999.99
999.99
18.9054022278535
19.1405392274576
19.1899394269317
19.2870106641433
19.3889417646222
19.5394156619978
19.6954359342394
19.8484460644112
20.0007257751177
20.1312828333188
20.213668302252
20.2669413431491
20.3031551263261
20.3249687247266
20.3411804266779
20.3606919271346
20.3786790829965
20.3839281966746
20.3553023568916
20.2822388134741
20.1799002210484
20.0675472774977
19.9559185683468
19.8771318752751
19.8503049189972
19.8569381647958
19.8839245622765
19.9216137436579
19.9740095198489
20.0323662171166
20.1197358932306
20.3335974850386
20.6767623210114
20.9943834690005
21.2546306397097
21.4352836285792
21.3786313663164
21.1424980574619
20.9351178411997
999.99
999.99
999.99
999.99
999.99
999.99
999.99
999.99
999.99
999.99
999.99
19.0506884072181
19.1711967492506
19.2058645969621
19.3162395514997
19.4116684720857
19.5485440162367
19.6918981591994
19.8340498040139
19.9734163690987
20.0950062785425
20.182536074717
20.2476603966823
20.2975132012918
20.3342066777548
20.3639475286396
20.3878408792689
20.4049715167497
20.4079010131915
20.3812520402083
20.3143254564333
20.2246890882168
20.1236637936478
20.0233542673766
19.9520106826071
19.926303160981
19.9303057976707
19.9593554752663
20.003499421094
20.0647437340788
20.1288652351368
20.2170828876172
20.3884682107379
20.6593048884183
20.9007890972411
21.0960469001954
21.2142419432849
21.1733777818318
21.0471847525766
20.9449791927697
999.99
999.99
999.99
999.99
999.99
999.99
999.99
999.99
999.99
999.99
999.99
18.8614663408601
19.242186779263
19.2527434141689
19.3508681804231
19.4356736969456
19.5542603073402
19.6819253009082
19.8131045540053
19.9401730908286
20.0543193256876
20.1488973506225
20.2271193839265
20.2883295886571
20.3367595089424
20.3744025674069
20.3953091226303
20.4041977778059
20.3996563678625
20.371651035831
20.313133475204
20.2436764411059
20.164165212624
20.086169220922
20.0312685563731
20.011555509653
20.0159230056543
20.0490311127361
20.0990145824557
20.1673615202753
20.2364111514655
20.316251888483
20.4330495068287
20.6221462174974
20.7833040559453
20.9160307938768
20.9936199235841
20.9905168148103
20.9935036213995
21.0105369740504
999.99
999.99
999.99
999.99
999.99
999.99
999.99
999.99
999.99
999.99
999.99
18.97352296484
19.3298649721291
19.32109806842
19.3934052869307
19.4709331464035
19.5768683844411
19.6937287935576
19.8163104595556
19.932774773424
20.0380662519511
20.1329204572112
20.2162056056487
20.2788223387711
20.3290974193744
20.3650874582963
20.3767094595479
20.3722589710277
20.3580581853819
20.3266820915604
20.2780796934656
20.2318135539755
20.1787476774716
20.1289368350356
20.0972849638552
20.088940910305
20.0976061300471
20.1377311057118
20.1941323155993
20.2681803439137
20.3415876573413
20.4123461387205
20.4740840643528
20.5832138742996
20.6684447405158
20.7401282703196
20.780527742839
20.8167508589528
20.9463048101875
21.0751574657889
999.99
999.99
999.99
999.99
999.99
999.99
999.99
999.99
999.99
999.99
999.99
19.3711387493652
19.4261604209555
19.4031901751049
19.4497957717865
19.5202535547303
19.614418574564
19.7184687648183
19.8302899871977
19.9363378611105
20.0323327788829
20.1232516562995
20.2067968120481
20.2633592768796
20.3071204104895
20.3339434703417
20.3320772215803
20.3124690936268
20.2891820010545
20.2553406120002
20.2183028889325
20.1958314472014
20.1710079699212
20.1512500762649
20.1470625344576
20.1543675023579
20.1721074046655
20.2230995304805
20.2889430205771
20.3667706080644
20.4440034676548
20.5088096081385
20.5487833604725
20.6112138591114
20.6566598973425
20.6999040320184
20.7308017214018
20.7706204100488
20.9459384107644
21.1026747556725
999.99
999.99
999.99
999.99
999.99
999.99
999.99
999.99
999.99
999.99
999.99
19.7118790166472
19.4561011333591
19.443716000669
19.493009864504
19.554520993757
19.6356148138816
19.725422104059
19.8270793522134
19.9246553982647
20.0132515799146
20.0988161268809
20.1798004844583
20.2256942094098
20.2590861414074
20.2744830138344
20.2608216590313
20.2298912069398
20.2032207844082
20.1710679683002
20.1477444970026
20.1471391282676
20.1491883122635
20.1577229876398
20.1818106100755
20.2060727151482
20.2366353727526
20.2988777720768
20.372951624821
20.4503525970506
20.5312905761863
20.5935194722322
20.6194703618551
20.6423542822162
20.6525679014653
20.6634510489364
20.6760931274079
20.7058078507942
20.9184451386743
21.1021953743267
999.99
999.99
999.99
999.99
999.99
999.99
999.99
999.99
999.99
999.99
999.99
19.9160880859365
19.5156135889159
19.4992175036953
19.5354234036479
19.5892174720317
19.6573425829424
19.7329046950139
19.8217085685406
19.9104433229886
19.9917298304753
20.0697524464703
20.1429677736703
20.1741763503507
20.1921479427854
20.1942595059096
20.1714445500648
20.1360739760854
20.1144264853627
20.0914392653209
20.0840172852413
20.1015026340592
20.1245552029765
20.1557877461766
20.2047085892192
20.2476210221344
20.2957865651451
20.3710540538687
20.4522670402462
20.5266695248231
20.6079414141964
20.6687856954332
20.6894110837139
20.6986650964223
20.6934371861109
20.6855502623941
20.6832398328441
20.6990889914719
20.8597214451849
20.9954163652671
999.99
999.99
999.99
999.99
999.99
999.99
999.99
999.99
999.99
999.99
999.99
18.9170772005772
19.5403497287604
19.5322784078023
19.5653998743323
19.6149575847016
19.6728441138067
19.7339785722887
19.8083558890381
19.8869324245821
19.9602437679589
20.0288582345581
20.0939387652903
20.113023715242
20.1181129207369
20.1119770432431
20.0884304607159
20.0569728226578
20.0474491416143
20.0404347215876
20.0499967206601
20.0804219746575
20.1176158887454
20.1636587756339
20.2287011109021
20.2856765297472
20.3513631171143
20.4390470765955
20.5260528775743
20.5969617197072
20.6767972077643
20.7364233239126
20.7563337976501
20.7590743675314
20.7435772588276
20.7204081799164
20.6959321250472
20.6880094097683
20.7886492030015
20.8756158030426
999.99
999.99
999.99
999.99
999.99
999.99
999.99
999.99
999.99
999.99
999.99
19.427797142656
19.5208791805732
19.5422815987324
19.5781223849455
19.619487393695
19.6632087405576
19.7083657572774
19.7683310882805
19.8380383807971
19.905069008825
19.9697404998733
20.0322920684732
20.0486461030366
20.0486273170747
20.0432520914691
20.0257945742085
20.0047253865475
20.009489196331
20.0213210591538
20.046823024228
20.0866063891894
20.1321664705598
20.1869011726927
20.2594115544456
20.3245836745173
20.404766809532
20.5032547384161
20.595001146188
20.6639378847605
20.7416401306831
20.7992278443774
20.8192170741926
20.816891392989
20.7899414554751
20.7518778920547
20.7039092726662
20.6681361316874
20.7061669803915
20.7525525711135
999.99
999.99
999.99
999.99
999.99
999.99
999.99
999.99
999.99
999.99
999.99
19.5453610067826
19.4672322448311
19.5121420420807
19.5583006657081
19.5936992908056
19.6285377780155
19.6652481767699
19.7164295412579
19.7794649348991
19.841982589565
19.9049268215458
19.9665784695958
19.9867353824845
19.989945626647
19.992700711109
19.9865526076366
19.9794965142596
19.9987130901261
20.0279720352996
20.0656768250254
20.1106567757945
20.1600332646904
20.2176498057586
20.290208143467
20.359037383697
20.4499538733985
20.5561022946702
20.6515096966985
20.7218703569581
20.7979701923752
20.8522744837191
20.8722464981321
20.8651523725643
20.8245653858884
20.7707282667185
20.7021689100978
20.6419222553561
20.6413790491008
20.6762196543584
999.99
999.99
999.99
999.99
999.99
999.99
999.99
999.99
999.99
999.99
999.99
19.6092434097068
19.4872766518465
19.5160372470352
19.5265689505862
19.5616114345612
19.5948358701482
19.6313708831331
19.6788660788719
19.7371899747552
19.7953602172105
19.8560584009552
19.9155391259155
19.9430436917138
19.9531828751825
19.966371838729
19.9733736982086
19.9813709584402
20.0114424600557
20.0537546082858
20.0997557045457
20.1466430976232
20.1954689038306
20.2516293626237
20.319018405406
20.3880954942838
20.4853214878231
20.5971702072656
20.6969755035541
20.7733866449033
20.8489190534512
20.8994046276711
20.9195422994704
20.9131740449936
20.8657823464346
20.8070040195581
20.7318621631667
20.6597062116809
20.618913275265
20.6348801416991
999.99
999.99
999.99
999.99
999.99
999.99
999.99
999.99
999.99
999.99
999.99
19.4976592013429
19.4642868785252
19.486746643126
19.4850760232815
19.5202896969902
19.5546377112087
19.5947370237512
19.641638393417
19.6966537521335
19.750485196159
19.8092599205898
19.8691425045008
19.9089697480656
19.9348961162995
19.9654372218289
19.9916298801515
20.0162891578328
20.0536439947884
20.1013238144383
20.1486581272167
20.1918726762749
20.2349370047111
20.2852595243716
20.3443616972652
20.4101661392337
20.5080020774821
20.6237528164307
20.7295152994536
20.8148049089366
20.8928568257546
20.9421441104201
20.9617441010868
20.956605134282
20.9118826274422
20.8574126332148
20.7882986375269
20.720082328509
20.6776844485744
20.6920383255451
999.99
999.99
999.99
999.99
999.99
999.99
999.99
999.99
999.99
999.99
999.99
19.6593937634181
19.4410605622604
19.4583526500192
19.4521481597759
19.4877803268034
19.5245953123971
19.5688327488432
19.6143362591729
19.6653697908292
19.7135102907818
19.7693164854083
19.8292558065046
19.8818075296197
19.9263227248897
19.9766726350319
20.0246464474662
20.0683051619924
20.1121375945283
20.1593171161895
20.2016740765746
20.236695253076
20.2694140689569
20.3121854456935
20.3657082826254
20.4312881584839
20.5286880164633
20.6483801139921
20.7608669990239
20.8545864122087
20.935429250986
20.9856296112268
21.0050230820076
21.0011231450029
20.960320145881
20.9078101498823
20.8437469832168
20.7792787674009
20.7292360416352
20.7303245371812
999.99
999.99
999.99
999.99
999.99
999.99
999.99
999.99
999.99
999.99
999.99
19.5351441381747
19.4437227350286
19.4429179392489
19.434685787294
19.473526626254
19.5151559638152
19.5612808196214
19.6015868864542
19.6438127700689
19.6825491496688
19.7307412458423
19.7879754071128
19.8506420870548
19.9146389285391
19.9848975776971
20.0560010040608
20.1213949520401
20.1754674841811
20.2205009751296
20.2563758735093
20.2818079693364
20.3021998088935
20.3351521868052
20.3857059575372
20.4527741489265
20.5497812067932
20.6724850229446
20.7912473218863
20.8917287950928
20.9761552591361
21.0298572614467
21.0517454861556
21.0530302947717
21.0237478014275
20.9861252890514
20.9394782506103
20.8925629337237
20.8444892768702
20.8298394446325
999.99
999.99
999.99
999.99
999.99
999.99
999.99
999.99
999.99
999.99
999.99
19.5081473746927
19.455540638417
19.4492904847746
19.4463801954796
19.486579816773
19.5289612661944
19.5701734893131
19.5993232435252
19.6283762212033
19.6545475972538
19.6925358171668
19.7455734695674
19.8157493970755
19.8967075425273
19.9862907540949
20.081511770807
20.1713415055866
20.2399499533835
20.2867983504942
20.3189229459687
20.336595836184
20.3449361440709
20.3683366452986
20.416445130252
20.483898900623
20.5782713532781
20.7018089683807
20.8237125520242
20.9278780291578
21.016293609222
21.0765099603798
21.1050589196914
21.1173262267
21.1050793134036
21.0836785045951
21.0533017276362
21.0204934176534
20.9707668294061
20.936466836398
999.99
999.99
999.99
999.99
999.99
999.99
999.99
999.99
999.99
999.99
999.99
19.6191666666667
19.4663467584702
19.4683088343614
19.4767242447208
19.5140387113167
19.5511457108844
19.5806803614051
19.5931271375137
19.605098467875
19.6168087717127
19.6446955054246
19.6943552901663
19.771592371301
19.8694507431785
19.9796948726469
20.0993695900258
20.2143844359398
20.3010484562083
20.3543637916544
20.3857891095015
20.399026614249
20.3987319875217
20.414882398054
20.4604344754117
20.5266600598285
20.6161258354162
20.7364414380906
20.8560330993734
20.9600676540459
21.0525549405388
21.1217902395668
21.1609332425679
21.1871809036306
21.1924998070386
21.1835488284945
21.1625700147113
21.1362007102025
21.0834701525178
21.0323922274573
999.99
999.99
999.99
999.99
999.99
999.99
999.99
999.99
999.99
999.99
999.99
19.445236345536
19.4856204790282
19.4956745098786
19.5127416035262
19.5473311227155
19.5781881732303
19.59300865499
19.5876319016847
19.5825219633835
19.5809572187245
19.5993385959923
19.6447458713505
19.7257279714893
19.834075152894
19.958524001843
20.095955791999
20.2336549978459
20.3405602218917
20.406701626924
20.4451353131487
20.4622370166106
20.4610893051106
20.475592979298
20.5206056840376
20.5847624986374
20.6679511583774
20.7799359605925
20.8907245936579
20.9903417824473
21.08540874695
21.1638824113086
21.2171087989107
21.2609604073592
21.280564150478
21.2840352956397
21.2733961603222
21.2511265366245
21.1962800380461
21.143609516538
999.99
999.99
999.99
999.99
999.99
999.99
999.99
999.99
999.99
999.99
999.99
19.5018300425861
19.5058243350767
19.5176737753765
19.5430133088442
19.574666673644
19.599224392333
19.6013722634197
19.5823378614641
19.5629840446351
19.5509230924946
19.5613589798762
19.6022412869772
19.6842675235478
19.7973928769302
19.9296423148321
20.0766978535984
20.22887241634
20.3521189529809
20.4345375454066
20.4868712705686
20.5157540899227
20.5227962070831
20.5410318929818
20.584520244454
20.642457065293
20.7158840922081
20.8146919434707
20.9129291433402
21.0074068216056
21.1053770727639
21.1940306870446
21.2637626535744
21.3276540329315
21.3637631931351
21.3835077069192
21.3875903847902
21.3717351358935
21.3249701240015
21.2825613937499
999.99
999.99
999.99
999.99
999.99
999.99
999.99
999.99
999.99
999.99
999.99
19.47336002886
19.4971979690383
19.5253435055516
19.5649391500658
19.5932948807578
19.6120573183301
19.6055023518074
19.5790146939272
19.5510749970868
19.5330300585305
19.5378591182065
19.5746231312052
19.6545969510469
19.7664753910876
19.9010585005656
20.0530498239632
20.2114291284197
20.3444872610586
20.4438834355917
20.5121836676277
20.5557164196443
20.5767750752643
20.6040054646039
20.645406034213
20.6961444774702
20.75794210352
20.8413524089892
20.9254038442752
21.0141135586333
21.1125438178151
21.2085757553313
21.2923488110895
21.3737851712305
21.424576619534
21.4496763274576
21.4572296704367
21.4399621751822
21.3989677793559
21.3679628022391
999.99
999.99
999.99
999.99
999.99
999.99
999.99
999.99
999.99
999.99
999.99
19.4288396131549
19.4878160889372
19.5252155669762
19.5723420891939
19.5969591340302
19.6099428819792
19.598207896777
19.5703346237366
19.5408696903168
19.5228152288332
19.5265562536679
19.5614763692689
19.6380744768635
19.7452745604068
19.876664859026
20.0271557453345
20.1843048288265
20.3203330442812
20.4318608999087
20.5146771657601
20.5733044367659
20.6102654347316
20.6491040798266
20.6902007680388
20.7352845975414
20.78742986474
20.8571656404684
20.9286901108125
21.0124590333131
21.1103076890947
21.2110256809448
21.3050362385789
21.4008576686648
21.4668595387155
21.5066036368651
21.5250037952331
21.5147426090826
21.4861446943284
21.4680024077056
999.99
999.99
999.99
999.99
999.99
999.99
999.99
999.99
999.99
999.99
999.99
19.3454684123465
19.4766185925302
19.5084547938546
19.5652486530559
19.5859779221248
19.5947145094563
19.581136425553
19.558446401027
19.5348752188217
19.5234766719567
19.5308264272109
19.5668316814081
19.6385005637393
19.7370860413593
19.8591833341519
20.0014665033142
20.1505291175314
20.2833657403502
20.4013726417116
20.495764646112
20.5679486616515
20.6203360805305
20.6711878807508
20.7143943330769
20.7562812208791
20.8017919094727
20.8607424552343
20.9230791912595
21.0024881474898
21.0976085545282
21.1992343155531
21.298690121135
21.4033504104057
21.4824736839643
21.5406950058966
21.5752183278133
21.5781838390049
21.5681402779975
21.5649068757444
999.99
999.99
999.99
999.99
999.99
999.99
999.99
999.99
999.99
999.99
999.99
19.250466594768
19.4468059919051
19.4708264812291
19.5134426044416
19.5252701751841
19.525376133932
19.5087805794785
19.4918840630469
19.4746697412164
19.4720284146124
19.485768648819
19.5253912190121
19.592945127681
19.6839082442973
19.7949125854114
19.9255023495737
20.0609381861127
20.1850726605668
20.3042140200948
20.4068081205431
20.4909552033881
20.5579014323182
20.6201083344385
20.6659860269112
20.707145506708
20.7492443404598
20.8030160838355
20.8634910717636
20.9447171837626
21.0401817764987
21.1436262405425
21.246760365256
21.3552886221699
21.4437788605109
21.5109087017943
21.5484235705822
21.5551760427521
21.5569511001599
21.5587877992671
999.99
999.99
999.99
999.99
999.99
999.99
999.99
999.99
999.99
999.99
999.99
19.1727542246758
19.402370448092
19.4096639170655
19.4295969670355
19.4284106564312
19.4165827842989
19.3953029706831
19.3830058002397
19.3730216189826
19.3808787047834
19.4022966263786
19.4449612037347
19.5054276853459
19.5870850134315
19.684316382981
19.8005159648008
19.921670637092
20.0379450711261
20.1561052620662
20.2647232514305
20.3604100683477
20.4406617239392
20.5133440217888
20.5641672841184
20.6086821476192
20.6521549338401
20.7059556348647
20.7701129623321
20.8571561653703
20.9556275644381
21.0602302018211
21.1659829324793
21.2750868577046
21.367567804457
21.4380702189007
21.4759877747196
21.4873758399091
21.4945449254027
21.4970656011548
999.99
999.99
999.99
999.99
999.99
999.99
999.99
999.99
999.99
999.99
999.99
19.4680205514578
19.2674947953817
19.2856703989582
19.3129375859595
19.2967714623548
19.2719166945567
19.2457887979513
19.2375057479604
19.2359257984162
19.2552636485244
19.2852208518743
19.3302270289287
19.3827351400757
19.4542130430691
19.5365241573324
19.6351852594114
19.7409464528088
19.8490133684159
19.96345653923
20.0759472793627
20.1836155939417
20.277550385033
20.3611096346213
20.4202377758739
20.4714250026624
20.5202921509825
20.5779173645746
20.6496700340052
20.745796643948
20.8515228526124
20.9593094635259
21.0696512364823
21.17881749263
21.2701049825348
21.3412621728218
21.379998322535
21.3899069686842
21.3924825808952
21.390330560596
999.99
999.99
999.99
999.99
999.99
999.99
999.99
999.99
999.99
999.99
999.99
19.4237377080914
19.1215640716533
19.1381297824691
19.1627434156357
19.1337927710729
19.0998276936774
19.0712700204796
19.0667500528913
19.0719483048678
19.1005355492218
19.1359640715286
19.1804686753274
19.2240836480578
19.2857198803043
19.3545324543728
19.4364183391975
19.5269248199868
19.626523295342
19.7360806031552
19.8510943890151
19.970379374202
20.0793385546133
20.1755532734439
20.2456227726477
20.3051900576202
20.3607783808914
20.4224059251309
20.5012255289849
20.6066353643151
20.7205764730068
20.8324141395518
20.9490400258554
21.0588796131911
21.1438620127782
21.2053825708334
21.2380150508164
21.2408552400184
21.2369230851404
21.2355077072199
999.99
999.99
999.99
999.99
999.99
999.99
999.99
999.99
999.99
999.99
999.99
18.396582972583
18.9515761335123
18.9697660741049
18.9825497558683
18.9446612441816
18.9050198224917
18.876781974447
18.874972187135
18.8840318651174
18.9174514215592
18.9533878674195
18.9924078358632
19.0251401534187
19.076949151662
19.1342380742832
19.2021989309709
19.2798333489761
19.3727635849961
19.4783963374177
19.5969177854269
19.7290326671527
19.8549873557034
19.9659605601031
20.0492549112697
20.1181556544533
20.180304768689
20.2454459113826
20.3314330592039
20.4479236622083
20.5739676315101
20.6940313398072
20.820806902438
20.9322944330526
21.0071195409331
21.051995173493
21.0725784660784
21.0647002961417
21.0539263345153
21.0568999296994
999.99
999.99
999.99
999.99
999.99
999.99
999.99
999.99
999.99
999.99
999.99
18.41823074783
18.7881017046711
18.8188578794576
18.8471368970354
18.8129800798937
18.7813148893843
18.7655051158286
18.7744337978933
18.7927393980086
18.8305606579269
18.8635303725062
18.8913481328339
18.9084930902374
18.945648905131
18.9917106926199
19.0491744181031
19.1185748003372
19.2083211621682
19.3109413601567
19.4301453647663
19.5691383210998
19.7064133370982
19.8286232289887
19.9246017121217
20.0019640259211
20.0698873881593
20.1365154408984
20.2253222262459
20.3466883587171
20.4814624890297
20.6083157237267
20.7446843347375
20.8590357845212
20.9265122419912
20.9602505831395
20.9759175831157
20.9626595566521
20.9478042259793
20.956249331158
999.99
999.99
999.99
999.99
999.99
999.99
999.99
999.99
999.99
999.99
999.99
18.4660032832054
18.6267514652347
18.6840040867021
18.7408780318064
18.7207970622247
18.7071704023852
18.7115203670526
18.7352685615123
18.7640588782385
18.8041414475265
18.8324702618084
18.8489831497011
18.8549804443694
18.8808797172857
18.9214107592869
18.9752674965484
19.0417429015384
19.1292876388079
19.2278645082583
19.3440337867569
19.4822454254146
19.623330106935
19.751314710255
19.8572838777314
19.9410033848141
20.0121731167591
20.0781170616026
20.1661359025744
20.287526152387
20.4266760943659
20.5605434104992
20.7056365284449
20.8234269432068
20.8856104668789
20.9111641310587
20.9213053697499
20.9012190335839
20.8837999863912
20.8970411724573
999.99
999.99
999.99
999.99
999.99
999.99
999.99
999.99
999.99
999.99
999.99
18.4418552607542
18.5510965803004
18.6030107262142
18.6611187154666
18.6632633754515
18.6745095416055
18.7029021428581
18.7418106039053
18.7794001942022
18.8186554167418
18.8408221180794
18.8472855595276
18.8461057856467
18.8644024717016
18.9029699501321
18.9585639676607
19.0282665868306
19.1177635003749
19.2146492441066
19.3285906934807
19.4616726969432
19.5988535499465
19.7251624369596
19.8349431325674
19.9201531880263
19.9906343370523
20.0536429596633
20.1385601552408
20.2585583608308
20.399159395905
20.5406823654551
20.6938758386252
20.8157099569661
20.8749971311978
20.8979974434761
20.9039623412221
20.8817923509715
20.8670409533182
20.8860654024593
999.99
999.99
999.99
999.99
999.99
999.99
999.99
999.99
999.99
999.99
999.99
18.3404182156726
18.4923973577849
18.5476237748556
18.6112701794088
18.6396132072341
18.6776082100286
18.7294005176437
18.7820342176837
18.8276122898982
18.8652925837878
18.8833483621307
18.8850343839926
18.8822825299124
18.8963548171424
18.9341245007433
18.9935456128405
19.069309268404
19.1640872667461
19.2630826043223
19.3779166911672
19.504728146912
19.6328239250645
19.7499301822834
19.8555492985096
19.9357363806159
20.0004666495182
20.0579827560704
20.139207406788
20.2575310064173
20.398591508508
20.5472668980457
20.7064994512318
20.8300891686213
20.8879956704017
20.9118267399839
20.9154952092231
20.8929570233331
20.8799871190927
20.8979415782608
999.99
999.99
999.99
999.99
999.99
999.99
999.99
999.99
999.99
999.99
999.99
18.2280812656178
18.45436378539
18.5144096527968
18.5898567046593
18.6438877925215
18.7082752434516
18.7822217745237
18.8484777285461
18.9039506273004
18.9438799118821
18.9635049251781
18.9687625643017
18.9718317856085
18.9856065835391
19.0229074696847
19.0855025730006
19.1663684063358
19.2664934509334
19.3692372352991
19.4859621163941
19.6055585159845
19.7208196491143
19.8224744986416
19.9161873581825
19.9855948115286
20.0398909714339
20.0891284125436
20.1637270785063
20.276493427238
20.4128556607897
20.5631282593474
20.7217286710771
20.844572520651
20.9040796695047
20.9318680111793
20.9367632290062
20.9172879183808
20.9052266567182
20.917572508505
999.99
999.99
999.99
999.99
999.99
999.99
999.99
999.99
999.99
999.99
999.99
18.3271574547533
18.4207772668326
18.4802345880387
18.5642550919086
18.6364471944251
18.7196735918749
18.80902460631
18.8846848313901
18.9475864192588
18.9917863808418
19.0185504910127
19.0357164129739
19.0531289847766
19.0737483615367
19.1126959191115
19.1765902100802
19.259149947755
19.360790618757
19.4662805758424
19.5864823486218
19.7027568091481
19.8083937229095
19.8958160672998
19.9757526385581
20.0323241693738
20.073855740611
20.1125570699851
20.1783481875091
20.2839050922954
20.4113122535043
20.5568336534873
20.7081054885366
20.8261436699472
20.8842956777598
20.9152566910385
20.9223298045529
20.9083001075269
20.8988665777872
20.9082379473326
999.99
999.99
999.99
999.99
999.99
999.99
999.99
999.99
999.99
999.99
999.99
18.351658301951
18.4002734634292
18.4572693071811
18.5423077628934
18.6266988422975
18.7235810192378
18.8254345381385
18.9103868912407
18.9811816083536
19.0343056763571
19.0726675698117
19.105306465014
19.1390147731154
19.1684408460198
19.2059381525684
19.2657401947787
19.3439372047353
19.4416651328606
19.5476185389618
19.6723045332812
19.7894773522242
19.8906156267888
19.9688486372549
20.0364955414526
20.0814155430795
20.1114943252989
20.1398031937735
20.1946995156658
20.2895952700576
20.4034616073091
20.5362036681059
20.6728311568326
20.7819487893564
20.8395050177744
20.8741068041588
20.8857860594471
20.8803268515754
20.8762095549554
20.8829920338368
999.99
999.99
999.99
999.99
999.99
999.99
999.99
999.99
999.99
999.99
999.99
18.3078441558442
18.4013884346927
18.4511215185633
18.5277341766794
18.6169063217547
18.7221494473967
18.8349197349434
18.9324111528373
19.0164989667799
19.0862427581011
19.1418890824847
19.1924257592447
19.2417329021447
19.2788494707243
19.3117506603833
19.3623283948186
19.4292032137946
19.5162697745898
19.6183250198415
19.744264379726
19.8631947395228
19.9650585425229
20.0418060587263
20.103563490626
20.1428774804259
20.1665617947716
20.1866854384924
20.2282376046325
20.3051305052579
20.3972766717044
20.5067401517956
20.6195008193593
20.7140089762964
20.7699349689324
20.8075288068078
20.8252772540982
20.8298326992281
20.8327682284852
20.8395365089645
999.99
999.99
999.99
999.99
999.99
999.99
999.99
999.99
999.99
999.99
999.99
18.3473130072921
18.4006919363589
18.4506935016579
18.5232979074936
18.6093512672454
18.7168392463505
18.8393470235392
18.9526684012503
19.0571958585542
19.1518821079488
19.230508626579
19.2988516308178
19.360477064912
19.4006396807737
19.4254529546484
19.4625953206046
19.5137036661381
19.5848481094291
19.677861158121
19.7994404273677
19.9180369605489
20.0229267641547
20.1044446373457
20.168708953195
20.2114815302624
20.2373275311264
20.255299542036
20.2860458464661
20.3417797630875
20.4066928553957
20.486031936416
20.5689098557473
20.6438611644615
20.6962580518593
20.7355634315899
20.7583999525621
20.771685304656
20.781450480796
20.7900647560782
999.99
999.99
999.99
999.99
999.99
999.99
999.99
999.99
999.99
999.99
999.99
18.4121082251082
18.4202781962491
18.4676928344367
18.5353379996247
18.6126259761892
18.7175341729505
18.845141794608
18.9720227193586
19.0965568486697
19.2173785011378
19.316848726919
19.399445555787
19.4698707552524
19.5109566781911
19.5271191782913
19.5516877672973
19.5877714087327
19.6412691438857
19.7221358665292
19.8354726820963
19.9516106194352
20.0605124587501
20.1523450508985
20.2273160723109
20.2826654800093
20.3198006567493
20.3424100697315
20.3657198811771
20.4006174633101
20.4351542280251
20.4813504099008
20.5329592292847
20.5870933018933
20.6341804376002
20.6769745845017
20.7038883470934
20.723028673904
20.7374512905773
20.7461755596715
999.99
999.99
999.99
999.99
999.99
999.99
999.99
999.99
999.99
999.99
999.99
18.35292184233
18.4559286313657
18.5054404696357
18.5636109851174
18.6269838345927
18.7247516980445
18.8515902688677
18.9868329997016
19.1287103121902
19.273225664069
19.3878065456287
19.4792212942279
19.5544906557829
19.5946675847707
19.6031306170372
19.6180860479862
19.6428270102624
19.6818770624105
19.7515632224305
19.8560132340705
19.9695370605376
20.0828118668991
20.1869315400538
20.2760520007089
20.3485651167861
20.4018982528959
20.4344050592237
20.4544524313806
20.4716062439134
20.4785248751629
20.4939865412733
20.5163022089078
20.5519673481495
20.5955132912363
20.6417431914911
20.6720068124662
20.6957478482768
20.7114445435668
20.716288827009
999.99
999.99
999.99
999.99
999.99
999.99
999.99
999.99
999.99
999.99
999.99
18.4179067428893
18.5183582292118
18.5638032377901
18.6131846354416
18.6565956886791
18.7397037503115
18.857020749269
18.993744148142
19.1496087604232
19.3125668889101
19.4380037893772
19.5350978638855
19.61115510592
19.6482205353311
19.6530305790599
19.6638012438899
19.6836003175873
19.7160342848156
19.7784035514103
19.8737702972497
19.983399657602
20.0991333827347
20.2128284622403
20.3157112782729
20.4054846063751
20.4753779796277
20.5192252034307
20.53883055012
20.5424223573898
20.5262547929379
20.5156598877858
20.5130612067708
20.5331443383644
20.5717748655589
20.620318790107
20.652458247938
20.6766313063183
20.6888630927629
20.6877338957751
999.99
999.99
999.99
999.99
999.99
999.99
999.99
999.99
999.99
999.99
999.99
18.4977578113497
18.617365921973
18.6531306341465
18.6871817132338
18.7097662178239
18.7724960757277
18.8724158881441
19.0012655198813
19.1605486739734
19.3315602770419
19.4628131650829
19.5624701835704
19.6379628740649
19.6738136634949
19.68135208109
19.6947097183366
19.7177570341632
19.75146638464
19.8100709907262
19.8957150507946
19.9986950919343
20.111838715648
20.2286925285435
20.3413645061004
20.4461971666598
20.531060092142
20.5867898820813
20.6099422153521
20.6063705266382
20.5760817624595
20.5479548266706
20.5274745863028
20.5370761807922
20.5741248023178
20.6246951276146
20.6593651963597
20.6853229004746
20.6951319891863
20.6871264514549
999.99
999.99
999.99
999.99
999.99
999.99
999.99
999.99
999.99
999.99
999.99
18.5401709076831
18.7413506292265
18.7649702601255
18.7832785109543
18.7876041285268
18.8295246549703
18.9088643214945
19.0216630839703
19.1671894613366
19.3299522432887
19.454584493384
19.5499494149706
19.6249093028625
19.6689076825251
19.6908491689025
19.7186488720454
19.7544614465869
19.7957121527114
19.8522636090501
19.9265847954592
20.0186468643298
20.1235858995479
20.2373036132674
20.3528722257307
20.467087563726
20.5623760625164
20.6268811760952
20.6530520587505
20.647834574608
20.6123926271461
20.5761901713489
20.5478093448082
20.5560227149598
20.5953496341476
20.648621864487
20.6858337578268
20.7123824160134
20.7180834853267
20.7031101925572
999.99
999.99
999.99
999.99
999.99
999.99
999.99
999.99
999.99
999.99
999.99
18.8998199683914
18.8618012339775
18.879812366763
18.8876521609594
18.8783032472816
18.8999037946384
18.9613137601768
19.058839188356
19.1855967797372
19.3324465127132
19.4502265169692
19.537457455008
19.6092230074564
19.6635939906678
19.7044003674175
19.7494913782706
19.8032756358725
19.8553882163074
19.9102780013292
19.9713111713735
20.0471050194441
20.1358152589107
20.2373191317819
20.346059906645
20.4605895227003
20.5588614184282
20.6273895016369
20.6556091533207
20.6516882003345
20.6183357684639
20.5809858693932
20.5531087929859
20.5683567755815
20.6157597521587
20.6735719039642
20.7174718079431
20.7456154183015
20.7467801556727
20.727189485713
999.99
999.99
999.99
999.99
999.99
999.99
999.99
999.99
999.99
999.99
999.99
19.0360711880712
18.9806069672599
18.9886335913206
18.9934189692887
18.9808938592449
18.9895445106594
19.0397738857994
19.1274621040651
19.2330949964086
19.3598075464552
19.4712142737918
19.5502112831619
19.6163479781045
19.681542527644
19.7414368768911
19.8037188026255
19.8741559167736
19.9351813758767
19.9848550384969
20.0284065591237
20.0799463607806
20.1444690820652
20.2259611006369
20.3207924424624
20.4282633919424
20.5234074049917
20.5897422283028
20.6164623079264
20.6118923485535
20.5810817136506
20.5458217599021
20.5258118101549
20.5545550359295
20.616988616895
20.6870002354588
20.7438688918349
20.7761338094228
20.7745954811012
20.7524003493256
999.99
999.99
999.99
999.99
999.99
999.99
999.99
999.99
999.99
999.99
999.99
19.0761558441558
19.0771713458681
19.0790485473635
19.0895153815882
19.0844637501228
19.0916758310182
19.1404247397271
19.2234577588908
19.3071310922379
19.4125196174887
19.5157428370352
19.585811942334
19.6471068427306
19.7236834151927
19.7992717066055
19.8753650108114
19.9571723687784
20.0202482481336
20.0599561122868
20.0843543379908
20.1081549399853
20.1448363518073
20.2026353403834
20.2785495695375
20.3715562984754
20.4580169367102
20.5175460790035
20.540985152847
20.5343511246304
20.5074086388399
20.4769980653005
20.4686430968398
20.5365756693542
20.6412126687239
20.7505995924795
20.8465744538038
20.9115811130633
20.8892805778125
20.8480224456098
999.99
999.99
999.99
999.99
999.99
999.99
999.99
999.99
999.99
999.99
999.99
19.1209167818889
19.1296943329013
19.135758850616
19.1624069452018
19.1709950858524
19.1902111847742
19.2495197610001
19.3365913883967
19.4061623493914
19.4967313460861
19.5891577539363
19.6486209698418
19.70485511067
19.7891912041711
19.8723862962474
19.9557927801982
20.0408575113685
20.0979193883001
20.1232861155226
20.1282578056121
20.1244701549331
20.13302334356
20.1644490595673
20.2151473177449
20.2852005315943
20.3560929239245
20.4037751058177
20.4228829613621
20.41614530485
20.3945329469012
20.3715011705735
20.377556408532
20.4859471387899
20.6473912693311
20.8127840995748
20.9626171562299
21.0746764652169
21.0436245451656
20.968826144341
999.99
999.99
999.99
999.99
999.99
999.99
999.99
999.99
999.99
999.99
999.99
19.0446784603962
19.1625570714773
19.1699123285176
19.2053518756196
19.2328056998081
19.2738940868878
19.3537793771235
19.4549291178612
19.5278096115534
19.6174003348769
19.7055885425873
19.7573251413501
19.8058273138433
19.8847374264979
19.959861118478
20.036100118237
20.1136679617305
20.1595880702656
20.1707405066668
20.1590346664763
20.1315830902729
20.1133481509611
20.1158785538799
20.1377024811674
20.1803861752779
20.2316742875042
20.2662128863588
20.2820737133445
20.275568128581
20.2593112905581
20.2444746895978
20.2650814757792
20.4124517739287
20.6328571404147
20.8561541945206
21.0625218468175
21.22331292256
21.1862974400888
21.0746367105694
999.99
999.99
999.99
999.99
999.99
999.99
999.99
999.99
999.99
999.99
999.99
19.0941442448376
19.1718209382345
19.180266717219
19.226858086149
19.2750521205793
19.3467479659485
19.4542993549901
19.5743148823788
19.6596558674745
19.7563135240093
19.8382902058649
19.8838292844342
19.9242032014145
19.9909788186829
20.0502875440156
20.1129772293313
20.1735652539545
20.2049618497167
20.2025066314742
20.1765378562744
20.1297481873254
20.0896898965323
20.0655440900647
20.0598226282081
20.0749673792218
20.1070364085856
20.1294741339206
20.1425929901075
20.1367556375851
20.12714935437
20.1230355950398
20.1585518599863
20.3422812886152
20.6209745828683
20.9003742232328
21.1592649595081
21.3677718057157
21.3277412769595
21.1764314715999
999.99
999.99
999.99
999.99
999.99
999.99
999.99
999.99
999.99
999.99
999.99
19.2771752249557
19.1429392424661
19.1677945464588
19.2273976427638
19.2906088112236
19.3917492769969
19.5300584464241
19.6708559387336
19.7786168654697
19.892596891254
19.9728090869404
20.0123623032019
20.045272241841
20.0942547522533
20.1319165976218
20.1770258000788
20.2192542938943
20.2377297266945
20.2260750695942
20.1898058198377
20.1282923035887
20.06897514734
20.0187024994421
19.9854545395672
19.9748954392506
19.9902593493843
20.0060875671197
20.0218242603168
20.0233369018756
20.0258665036749
20.0367765971324
20.0872624009198
20.3029864326151
20.6327503471488
20.9561482649109
21.253510665442
21.4974826875835
21.4505959303247
21.2547751929703
999.99
999.99
999.99
999.99
999.99
999.99
999.99
999.99
999.99
999.99
999.99
19.1584312077134
19.1136912946663
19.1563196550767
19.2200516897906
19.2929365545322
19.4172564708643
19.5823677247578
19.7420298875009
19.8745691059284
20.0092542594701
20.0921627876938
20.1273772404959
20.1544164810823
20.1860529955269
20.2042430610884
20.2336214286324
20.2622505446192
20.2728550146442
20.2568646392352
20.2119298523647
20.1379869610376
20.0598854549115
19.9838010061203
19.9232603447704
19.8916980594087
19.8935117018052
19.9066971216998
19.9281409678829
19.9431597812912
19.961450560093
19.990828925764
20.0584306674309
20.2617112583007
20.5928366526404
20.9387487249094
21.2509724328581
21.5038308379036
21.5182403740307
21.3441595390447
999.99
999.99
999.99
999.99
999.99
999.99
999.99
999.99
999.99
999.99
999.99
18.9679678148668
19.1106909006468
19.1493310097558
19.2162170944071
19.296433926717
19.4342117523025
19.6157855366152
19.7873229078735
19.9373937041307
20.0868216883392
20.1759401838729
20.2114659399195
20.2365046186504
20.2580033749568
20.2654981053515
20.2852100768924
20.3067556074795
20.3156215060913
20.3000046131198
20.2505298508992
20.1682961866711
20.0748604136698
19.9778126703652
19.8963834730662
19.8495255005847
19.8411851977013
19.8547911052305
19.8821190345948
19.9098530740315
19.9441522813119
19.9923956014179
20.0763985692022
20.2660294370142
20.5635964750858
20.8958083199803
21.1869535758707
21.4112305524081
21.4540239487817
21.3298645587233
999.99
999.99
999.99
999.99
999.99
999.99
999.99
999.99
999.99
999.99
999.99
18.9979555334329
19.1150161793733
19.1470201809943
19.2199660083912
19.3025134306543
19.4436529538397
19.6287636595763
19.8041598981244
19.9606815285867
20.1155544358629
20.2109264231403
20.2529717034624
20.2826028239401
20.305890333455
20.3150864251582
20.3341240085702
20.3538189468496
20.3639196557793
20.34966905632
20.2986669624964
20.2124100307512
20.1098512717579
20.0001518663925
19.9068482898338
19.8507649464092
19.8359959738135
19.8517014014631
19.8837680429609
19.9220183867559
19.9697095097328
20.0324561215473
20.1241460861249
20.2941550663556
20.5609638425473
20.8869362460612
21.1663885607384
21.380338498855
21.4715008735257
21.4222102208266
999.99
999.99
999.99
999.99
999.99
999.99
999.99
999.99
999.99
999.99
999.99
19.0492818377905
19.1135441238172
19.1442129602352
19.2357675775723
19.3168648383379
19.4524952006824
19.6302616683631
19.8023689210003
19.9571109519365
20.1101084203616
20.2128155583551
20.2652341696413
20.3045787861626
20.3368312162635
20.3542579185235
20.3760630474957
20.3969636576483
20.4074422674329
20.3929109818839
20.3414115774315
20.2558739479145
20.1513706174256
20.0383743664044
19.9428951931835
19.8860591346711
19.8696892190905
19.8902977456717
19.9303126794583
19.9811768107047
20.0410942340572
20.1133769370211
20.201908208417
20.3405522143974
20.5615783752802
20.8715128416755
21.1346491206776
21.3420071202027
21.4836492872685
21.5179519077881
999.99
999.99
999.99
999.99
999.99
999.99
999.99
999.99
999.99
999.99
999.99
19.1515362585537
19.1667399072819
19.1837154468488
19.2711813038177
19.3495233934044
19.4744537890255
19.6349373006829
19.7960811383924
19.9396369633444
20.080604630779
20.1851863374022
20.2496578110503
20.3014745422796
20.3471407846656
20.3774447088251
20.4033259922443
20.4231134389054
20.4297933221111
20.4122535859836
20.361717863906
20.284589351242
20.1899511044944
20.0868828003667
20.0005036195839
19.9495651055462
19.9334979958309
19.9576520351992
20.004137683684
20.0647938125667
20.1340095811233
20.2108303058177
20.2875148495648
20.3876303642754
20.5552617126016
20.8504311124383
21.105713090453
21.3212720965484
21.5230178402936
21.6538009209219
999.99
999.99
999.99
999.99
999.99
999.99
999.99
999.99
999.99
999.99
999.99
18.7385947378213
19.2384644997753
19.2327100635021
19.3087830625968
19.3837887406241
19.4976044798005
19.6389433910353
19.787263204517
19.9170514708834
20.0428581741463
20.1461253593818
20.222659389901
20.2852782657275
20.3416680753431
20.3811469568866
20.4064396275333
20.4183110135917
20.416296388269
20.3931107634741
20.3457669585907
20.2838992776975
20.2095729986214
20.1274381250246
20.0617075053076
20.0240064250429
20.0122025990115
20.0415662195836
20.0958926188167
20.1634648704332
20.2389309725749
20.3166925617442
20.3756250637049
20.4515275361744
20.5841271222125
20.8239822099964
21.0374093122042
21.2328251638141
21.4201741833624
21.5728113374802
999.99
999.99
999.99
999.99
999.99
999.99
999.99
999.99
999.99
999.99
999.99
19.1908873989606
19.3329156958106
19.3071105691111
19.3521656532808
19.4231854326024
19.5256337957226
19.650009466186
19.7875938753575
19.9063737424633
20.017403424159
20.1165816270017
20.1999249042273
20.2655216453823
20.3225968728238
20.3623648585299
20.3798901003089
20.3781934400947
20.3647988489132
20.3353948167898
20.2924762669295
20.2493448829627
20.2018389325128
20.1479887924997
20.1098832715514
20.0928253936692
20.0912073913718
20.1283049731722
20.1915311320767
20.2653362367032
20.3439280894533
20.419370910736
20.4584291107659
20.5065829950896
20.6197619005807
20.8205485587962
21.0099574993353
21.2069055766464
21.4019242047134
21.5640767055748
999.99
999.99
999.99
999.99
999.99
999.99
999.99
999.99
999.99
999.99
999.99
19.4184705475193
19.4137764821267
19.3717638465826
19.4050367563446
19.4700499783955
19.5610031454173
19.6709207562239
19.7973526355736
19.9076091980096
20.0081798770623
20.1016651480553
20.1841010952599
20.2462305956891
20.294320641296
20.3247642033797
20.3281004069123
20.3104892695275
20.2842341926462
20.2495956710359
20.2116305949691
20.1886775899805
20.1700745204881
20.1473808878873
20.1399552857394
20.1485421722947
20.1612906073001
20.2085779500128
20.2827193098424
20.3627523010359
20.4427673365183
20.5172401488856
20.5421288075606
20.565341564374
20.6377295869348
20.7740815333748
20.9098964945354
21.0707694578111
21.2308872387354
21.3638607516925
999.99
999.99
999.99
999.99
999.99
999.99
999.99
999.99
999.99
999.99
999.99
19.9801194657711
19.4754608233092
19.4453980666154
19.4553573754227
19.5125734271415
19.5902777108373
19.685306620445
19.7983287160411
19.8986021698921
19.9897979123694
20.0748777688456
20.1512056076477
20.2046862477008
20.2401257321354
20.2587138692691
20.2498990371463
20.2212210388913
20.1890834759703
20.1560591303753
20.1273463438674
20.1245394410419
20.1325415263838
20.1381706010133
20.1590349761441
20.1918452015077
20.2194930863706
20.2771844195987
20.3605100045392
20.4431152006556
20.521710430245
20.5965368974068
20.61587674915
20.6228571698669
20.6863636970406
20.7859414858534
20.8895058192318
21.0250983802257
21.164210387722
21.2388145225316
999.99
999.99
999.99
999.99
999.99
999.99
999.99
999.99
999.99
999.99
999.99
19.6333049593329
19.5133770122087
19.4775175610199
19.4871801936833
19.5387253447674
19.6048542757564
19.686817647246
19.7861927154056
19.8761949145224
19.9604674804069
20.0389401345058
20.1082784299916
20.1518822476539
20.1748838141736
20.182096916077
20.1650189005422
20.1318434653085
20.1015354944568
20.0759675963645
20.0588556022558
20.0715713240184
20.0992842058494
20.1264045189107
20.1704943682144
20.225379523833
20.2708779430609
20.3407408785475
20.4326294987573
20.5156117824912
20.5899415311918
20.6631302233578
20.6826550203773
20.6798079147137
20.7422998938988
20.8067959764665
20.8732893693398
20.9706329205222
21.0755332077984
21.080639259371
999.99
999.99
999.99
999.99
999.99
999.99
999.99
999.99
999.99
999.99
999.99
19.4784283652855
19.5458261845667
19.517313212908
19.5147477898957
19.5611669404538
19.6153562403106
19.6821880852594
19.766904092992
19.8463966422175
19.9244812458222
19.9959717034455
20.0577120589109
20.0933914710971
20.1070907724529
20.1069109956867
20.088998187989
20.0595492021545
20.0371682815285
20.0239858405211
20.0209669160679
20.0455260660661
20.0871203742024
20.1296998444477
20.1895414975743
20.2595828546023
20.3214354560733
20.4017222298112
20.4987671342217
20.579296302835
20.647643633638
20.7159739694518
20.7376959170823
20.7314011607951
20.7998092316708
20.865095696017
20.9286635021554
21.0153316137577
21.1106314173558
21.0725507927426
999.99
999.99
999.99
999.99
999.99
999.99
999.99
999.99
999.99
999.99
999.99
19.299041672742
19.5026726104543
19.503781266973
19.5223646941747
19.5599775055703
19.603254549162
19.6545228736638
19.724027115574
19.7941112109307
19.8707126508384
19.9389717929035
19.9988083488937
20.0359270431876
20.0496966729534
20.0495758275148
20.0379643920765
20.0180082713243
20.0056888844391
20.0057214045042
20.0162941531666
20.0494436530328
20.0987201630228
20.1501041700622
20.2179909738238
20.2944352750083
20.3676590211295
20.4561906721307
20.5567604753863
20.6350376961032
20.699771551956
20.7640220823129
20.7897917763789
20.7853767175692
20.8635341035779
20.9318270972174
20.9936638765365
21.0666911612013
21.1455261667431
21.0597445180414
999.99
999.99
999.99
999.99
999.99
999.99
999.99
999.99
999.99
999.99
999.99
19.7908583110012
19.4394225745823
19.4666026158454
19.5056704615558
19.537114932639
19.5738761669239
19.6142312880036
19.6724253846175
19.734039354681
19.8074726276384
19.8721540536892
19.9323550210749
19.9739313019051
19.9951703983436
20.0033565671389
20.0054719725937
20.0003072863887
20.0014218649124
20.0147233640916
20.0378886015619
20.0760128537989
20.1282858098269
20.1837676455408
20.2532261350681
20.3290628159897
20.4092724735904
20.5025958209908
20.6037747695177
20.6810141609233
20.7451028084898
20.8046808629008
20.8339996669962
20.8324778041269
20.9339857664474
21.0200090970411
21.0987709976971
21.1788556346716
21.2644856433464
21.1490311976303
999.99
999.99
999.99
999.99
999.99
999.99
999.99
999.99
999.99
999.99
999.99
19.3951472682692
19.4188354598751
19.4319289686964
19.4765333373081
19.5065193748292
19.5422264366771
19.5780041165388
19.6309333901151
19.6885775726434
19.760111607985
19.8243231521231
19.8863545095572
19.9347125116439
19.9648746267811
19.9822587062672
19.9965559634999
20.0059665644381
20.0179575680388
20.0411127207411
20.0741787626911
20.1151737620241
20.1669271952215
20.222836587562
20.2895392850292
20.3611960888262
20.4449315893222
20.5405455654978
20.6419007191348
20.7214129045312
20.7878773836937
20.8439334868179
20.8763105159373
20.8797752544537
20.9637219859234
21.0276506002591
21.0855035771519
21.1376821093277
21.1903759527343
21.0867606960323
999.99
999.99
999.99
999.99
999.99
999.99
999.99
999.99
999.99
999.99
999.99
18.9738431643942
19.4162074548106
19.4260339987091
19.4507926748116
19.4772434998742
19.511707405254
19.5459092980271
19.597323099321
19.6529487190527
19.7216355419111
19.7847125550413
19.846563799624
19.9006677485286
19.9407987903872
19.9698988648199
19.9973375488941
20.0239384879519
20.0476275238
20.0792117897482
20.1203707283839
20.1638605762488
20.2120503763293
20.2644812607137
20.3248084268639
20.3888646913083
20.4709297209424
20.5669210069987
20.6697838281287
20.7555576240195
20.8283670789047
20.8854960178272
20.9213176384435
20.9306773437637
20.997811908516
21.043597610168
21.0852194256736
21.1171625305811
21.1443253699153
21.0523756319791
999.99
999.99
999.99
999.99
999.99
999.99
999.99
999.99
999.99
999.99
999.99
19.1813726044248
19.3941632035063
19.4001752425577
19.4273329575789
19.4508138617928
19.4854007064376
19.5217435376454
19.5717177794915
19.6237715082471
19.6872540470666
19.7492456046848
19.809903624593
19.8689265677871
19.9205706767929
19.9636155947322
20.003466887724
20.0491647018125
20.0868767640429
20.1255907022206
20.1709559612627
20.2148465717221
20.2552151020632
20.3001600169757
20.353335610898
20.411625627105
20.4911886521081
20.5888408428887
20.6958064176719
20.7910936614112
20.8725043033918
20.9349319705025
20.9744532008821
20.9884219271491
21.0368012068188
21.0643062796575
21.0841211487805
21.0949980830682
21.09775760724
21.0134617512464
999.99
999.99
999.99
999.99
999.99
999.99
999.99
999.99
999.99
999.99
999.99
19.6313688782872
19.4208840397176
19.4097818650562
19.4202397140081
19.4435841114515
19.47874654423
19.5172612795854
19.5627754413367
19.6069872066123
19.6592328257401
19.7153948566489
19.7708355884026
19.8303231047852
19.8912211220059
19.948438748407
20.0007356936818
20.0666676023501
20.1234510206294
20.1718836846656
20.2209259426654
20.265158810477
20.2973838584431
20.3329148295874
20.3797784968379
20.4359954664383
20.5146078356063
20.6142743882899
20.7256763780839
20.8288161863953
20.9166380258549
20.9843959221669
21.0279347926079
21.045723611034
21.0763794051965
21.0914464222655
21.0997716485491
21.1004304829093
21.0918691250898
21.0263205302615
999.99
999.99
999.99
999.99
999.99
999.99
999.99
999.99
999.99
999.99
999.99
19.6025935545936
19.4601287282505
19.4425986827051
19.4330439862849
19.4558656540215
19.4878680489838
19.5236937295904
19.5593505303864
19.5909584911479
19.6292891577257
19.6793118194459
19.7287123035615
19.7876537863181
19.8554825314491
19.9253923537605
19.9896535630777
20.0772659915912
20.1576095780216
20.2211918666384
20.2768552531959
20.3233544014344
20.3478386304533
20.3724223673358
20.4128353250404
20.4676712110087
20.5446268228904
20.6458357514188
20.7608965184839
20.8686799754952
20.9607108460438
21.0351088632664
21.0850502884565
21.1104783967843
21.1301392016848
21.1350634548362
21.1298917282219
21.1149043023296
21.0878587055767
21.0317776007272
999.99
999.99
999.99
999.99
999.99
999.99
999.99
999.99
999.99
999.99
999.99
19.7899475173168
19.4858392533752
19.4754276446775
19.4594143236218
19.4797795726955
19.5051921557283
19.5329799188006
19.5530718853808
19.5669867510908
19.5881219527844
19.6292788777893
19.6735536686443
19.7326032060034
19.8093046422479
19.8956685451576
19.976830560107
20.08680194555
20.1930410221346
20.2753743809186
20.3391773567933
20.3889142007579
20.4087473733883
20.4250533040046
20.4597883400373
20.5126622629892
20.5862268443584
20.6863831927351
20.8011104362863
20.908480912232
21.0024675478107
21.0832389492383
21.1404877542539
21.1752098247905
21.2072526896765
21.2232903273292
21.2268241283315
21.2166645799661
21.1916189871477
21.1263677925711
999.99
999.99
999.99
999.99
999.99
999.99
999.99
999.99
999.99
999.99
999.99
19.5505699905979
19.4975721637261
19.4952866368424
19.4880499740907
19.5079674085015
19.5275063081802
19.544336361792
19.5456261579512
19.541259046131
19.5471157542047
19.5799538343886
19.6219686934863
19.6833927057325
19.7681970061831
19.8678218731786
19.9634325063879
20.0899584501259
20.2180515475937
20.3189823784715
20.3925890797098
20.448691520488
20.4700416657911
20.4841656591307
20.516679406385
20.568771981316
20.6385097862106
20.7353073711467
20.8451338699408
20.947158451632
21.0411010660624
21.1273006623842
21.1923102811605
21.2383352614815
21.2847385411782
21.3107694260438
21.324647614964
21.3230109800732
21.3042904393479
21.240164189162
999.99
999.99
999.99
999.99
999.99
999.99
999.99
999.99
999.99
999.99
999.99
19.4684808597004
19.510172537098
19.511208306909
19.5135944058218
19.5327828964421
19.5457169965029
19.5510011077139
19.5357492874281
19.5174874144968
19.5115919908491
19.5366126144751
19.5773486258944
19.6411315526283
19.7306259750978
19.8393871845911
19.9468664470382
20.082159054886
20.2245336852619
20.3415178293123
20.4269315136613
20.493150426552
20.5238329787925
20.5425586233767
20.5753004129695
20.6250714456379
20.6885432244265
20.7779422154958
20.8790036617859
20.9732486287962
21.0666114103278
21.1581296161787
21.2326131376647
21.2927338793647
21.3562841700125
21.3940640482551
21.4245957101126
21.4349503494984
21.4296958874563
21.3783388936728
999.99
999.99
999.99
999.99
999.99
999.99
999.99
999.99
999.99
999.99
999.99
19.5596760671255
19.4904762721692
19.5099655506584
19.5332102731298
19.5518135075983
19.5579573887821
19.5535108751199
19.5270514009918
19.5012121630119
19.4883353615344
19.5074837726822
19.5459158518653
19.6103851054604
19.6998636827663
19.8125155140293
19.9300661503906
20.0715739755638
20.2204840278786
20.3501072147967
20.4479006544865
20.5245965551168
20.5668680044446
20.5952898858624
20.6299739631885
20.675702528349
20.7304866904532
20.8094667508052
20.8992476591822
20.9855853149916
21.0783764885141
21.1745056146238
21.2570862422372
21.3309703024833
21.4107408305765
21.4553164778682
21.4876179311604
21.4963004534099
21.4928497318159
21.444103621594
999.99
999.99
999.99
999.99
999.99
999.99
999.99
999.99
999.99
999.99
999.99
19.4688051512302
19.480992329495
19.5132559786818
19.5446669481609
19.5627328813216
19.5640429701441
19.5531967724164
19.5218143802062
19.4960241681913
19.4818658786585
19.4969127517471
19.5340483830963
19.5988421881064
19.6856918030747
19.797858691613
19.9206195444996
20.0612801434219
20.2065954466195
20.3403272337243
20.4461786422781
20.5321102785237
20.5875074447894
20.6295680395741
20.669282384254
20.7124100309094
20.759605571317
20.8284156187097
20.9074410150498
20.9871018089815
21.0794485459996
21.1789373565434
21.2674348270426
21.3522022309922
21.4425960531043
21.4966416987302
21.5358485810426
21.5500022146106
21.5573703757058
21.5253864244141
999.99
999.99
999.99
999.99
999.99
999.99
999.99
999.99
999.99
999.99
999.99
19.3316715587935
19.4806563525402
19.5114736519172
19.5467365654796
19.5643727986445
19.5636176949988
19.551155068767
19.5216694434332
19.5031719715261
19.4936299836822
19.5072293000742
19.5425304554783
19.6055937105651
19.6855598257471
19.7900968115507
19.9097655497721
20.0432592483575
20.1782920506448
20.308956983657
20.4192010042901
20.5131768230827
20.5810443579689
20.6370242413717
20.6845360993496
20.7277853806464
20.7704831209269
20.8317240771759
20.9025709873274
20.9773903662985
21.0688194320132
21.169789744638
21.2619565645276
21.3544499184806
21.4536371906173
21.519049147644
21.5663039957578
21.5884163404452
21.6099479181904
21.594565807776
999.99
999.99
999.99
999.99
999.99
999.99
999.99
999.99
999.99
999.99
999.99
19.3472537654628
19.4809169424941
19.5255977700791
19.5625472000952
19.5678989073305
19.5687638955636
19.5675803093648
19.5422532122392
19.5349521311472
19.5353670562911
19.5498029278281
19.5729877099463
19.6195632739608
19.6877240342687
19.7795445050619
19.8854297536936
20.0139899194178
20.1401762333379
20.2728840045868
20.3782152353306
20.4777561876981
20.5481613217773
20.6173051516767
20.6705472089067
20.7204112203904
20.7675853844675
20.8197288682062
20.8827839854084
20.9609808312037
21.0521808434838
21.1440706214774
21.2359442243561
21.3408003719089
21.4443182329774
21.5254765019144
21.6040250284714
21.640869785922
21.6519356854724
21.6111796798757
999.99
999.99
999.99
999.99
999.99
999.99
999.99
999.99
999.99
999.99
999.99
19.3138066378066
19.4770831104434
19.5254494059721
19.5580512161107
19.5591249020928
19.5642148609265
19.5752434189675
19.5599318448034
19.5624343413615
19.5664180304374
19.5810353081396
19.5942838193999
19.6348365275278
19.6979496107905
19.7817201754422
19.8749024132642
20.0022265309716
20.1139096636288
20.2413743893959
20.3433761204613
20.4459922714599
20.5127054659205
20.5824468074647
20.6424066280311
20.7016380954928
20.7499841636702
20.796006427172
20.8587351537958
20.9408418074771
21.0263668616331
21.1123494428821
21.2006808731456
21.3150446277381
21.4246959978277
21.5218908439828
21.6238016886322
21.6582800435251
21.6606013035423
21.5916314136684
999.99
999.99
999.99
999.99
999.99
999.99
999.99
999.99
999.99
999.99
999.99
19.3951681440253
19.7704570241992
19.5145274170274
19.5405565007969
19.8020531446873
19.4885746112192
19.5613535454093
19.5829511558257
19.7642278534474
19.7194249748187
19.5823878472798
19.7182713647174
19.6960034340418
19.6750852376427
19.652163521728
19.7734566119131
19.9997616433122
19.9640016893675
20.289615125873
20.2321281003162
20.5192211211166
20.3812980476744
20.4923782725211
20.5583618313549
20.6893100291114
20.8238609539899
20.7766815693018
20.8811824718062
20.7311407906843
20.9345566868285
21.3220959319426
21.2317948005021
21.1385037332006
21.1447936910167
21.629665691258
21.8378769175076
21.8390499117607
22.1060661752752
21.6013341579056
999.99
999.99
999.99
999.99
999.99
999.99
999.99
999.99
999.99
999.99
999.99
999.99
999.99
999.99
999.99
999.99
999.99
999.99
999.99
999.99
999.99
999.99
999.99
999.99
999.99
999.99
999.99
999.99
999.99
999.99
999.99
999.99
999.99
999.99
999.99
999.99
999.99
999.99
999.99
999.99
999.99
999.99
999.99
999.99
999.99
999.99
999.99
999.99
999.99
999.99
999.99
999.99
999.99
999.99
999.99
999.99
999.99
999.99
999.99
999.99
