999.99
999.99
999.99
999.99
999.99
999.99
999.99
999.99
999.99
999.99
999.99
999.99
999.99
999.99
999.99
999.99
999.99
999.99
999.99
999.99
999.99
999.99
999.99
999.99
999.99
999.99
999.99
999.99
999.99
999.99
999.99
999.99
999.99
999.99
999.99
999.99
999.99
999.99
999.99
999.99
999.99
999.99
999.99
999.99
999.99
999.99
999.99
999.99
999.99
999.99
999.99
18.6127228909302
19.1476299732014
19.5336413395612
19.5163464938082
19.2150356728057
19.3158472563699
19.5242399052747
18.6721737584908
19.1264822138759
18.925911640044
19.3151134792424
19.2253972728781
19.510378863297
19.9984781144781
20.2660487285331
20.4836455948233
20.5990724366613
20.2102535358563
20.148173039504
20.336117129483
20.5303311160384
20.49269876465
20.2719529038519
20.3773539241762
20.7089565088415
20.8961505799659
21.1614139151596
21.2737610299109
20.6369553474013
21.219216636248
20.7183205122404
21.2232843416746
22.0710115440115
21.7017235395267
21.8760280781936
22.4269827158259
22.4276603139408
22.4483287428793
22.5702691826176
999.99
999.99
999.99
999.99
999.99
999.99
999.99
999.99
999.99
999.99
999.99
18.9123594506539
19.1063402181845
19.1719940482656
19.2671735764052
19.3076766504427
19.2583171315987
19.2379713559876
19.2338637305955
19.2494614116731
19.2821889585619
19.413506676705
19.5600843988932
19.744904344395
19.9206457027699
20.0949898811456
20.2116405651015
20.2934372520399
20.3616554456836
20.4103576906855
20.4501611984347
20.4896411331178
20.5198359798483
20.5706663642203
20.6427012671477
20.7575038127162
20.8941696863817
20.9957487650328
21.0679879415117
21.1112619658795
21.1610378429284
21.24085763041
21.3654858121269
21.5284223731283
21.7464303639561
21.9329660405589
22.0952902788831
22.2271636343324
22.353629182981
22.4181535955969
999.99
999.99
999.99
999.99
999.99
999.99
999.99
999.99
999.99
999.99
999.99
19.1158127491943
19.2192922061444
19.2472967592769
19.3232599309049
19.3508428510839
19.3324624548361
19.3349150993888
19.347962847193
19.3962173447285
19.4521153154106
19.5605214994008
19.6773398171179
19.8200190597597
19.9489241734029
20.0799482656732
20.1881819967037
20.2793986582104
20.3653030580583
20.4425910214513
20.4968556662681
20.543663399226
20.5838493852519
20.6324873337403
20.699258266792
20.8046961732862
20.9268028376106
20.9969209818122
21.0439648114274
21.0483578311926
21.064146726961
21.1269053131735
21.2645922858396
21.4417528199694
21.6777368523865
21.8859071537542
22.0525918316585
22.2019238207018
22.326310819966
22.4073915540539
999.99
999.99
999.99
999.99
999.99
999.99
999.99
999.99
999.99
999.99
999.99
19.0508116883117
19.258080145838
19.2673302830234
19.3204237469904
19.34392785188
19.3777822126666
19.4175715256082
19.4636943331131
19.5317860848753
19.6175868885879
19.7037032145567
19.7913734389939
19.8850546874633
19.9722066956474
20.0574524266498
20.1553590663241
20.2658080376595
20.3778394966047
20.4830795662401
20.5650339349225
20.6268769165208
20.6693963652574
20.7124925964393
20.7736507539145
20.86744640661
20.9641939664788
21.031973645633
21.0584354092081
21.0676941159878
21.0758977616148
21.1045149982547
21.2141921849603
21.3948523268752
21.5964821002713
21.7914481065428
21.9766354645322
22.1171574549008
22.2295945419417
22.3254280346589
999.99
999.99
999.99
999.99
999.99
999.99
999.99
999.99
999.99
999.99
999.99
19.0872733683274
19.2733475027387
19.2831735764226
19.3242807097878
19.3641210777843
19.4238520732193
19.4971545214374
19.5725101700918
19.6550186460121
19.7412304451088
19.8130602155606
19.8726240282017
19.9327416458114
19.9897886998822
20.0555103535813
20.1472145260456
20.2631869066762
20.3889480150461
20.51336985488
20.6112825274132
20.6853147020763
20.7355837279676
20.7819394623132
20.8383149551516
20.9254824555949
21.0118408190215
21.0664987748559
21.0786623793482
21.0749351050053
21.0662623645716
21.0778885132768
21.1718113592323
21.3398531186469
21.5294621883289
21.7160443423074
21.8935837160803
22.0306835532307
22.146066742762
22.2508543483362
999.99
999.99
999.99
999.99
999.99
999.99
999.99
999.99
999.99
999.99
999.99
19.3335844231262
19.2377164260692
19.2519580801746
19.3077966223188
19.3703988678972
19.4579085863352
19.5596342996261
19.6580007623365
19.7504365798285
19.8318003492271
19.8887079228737
19.9274817332643
19.9641610936898
20.0013416420827
20.0558414656296
20.1437582209297
20.2609878593427
20.3927045842785
20.5292671923844
20.6389852621681
20.7249796449338
20.7869141295403
20.841949654112
20.8948910917115
20.9751029667238
21.0505159165519
21.0971556581404
21.1045824204615
21.1034805670242
21.0924575952349
21.0991902001384
21.1758668107617
21.3214336563565
21.483287026502
21.6468092568372
21.8037260043059
21.9300687542946
22.0431699913608
22.1538663863295
999.99
999.99
999.99
999.99
999.99
999.99
999.99
999.99
999.99
999.99
999.99
19.452193502974
19.1876332580446
19.2084958905048
19.2655925518145
19.3489773430462
19.458140296139
19.5791995709162
19.6929912195107
19.7920659494541
19.8711853685501
19.9223964013229
19.9557187625208
19.9852549561298
20.0161701677756
20.0661914831405
20.1486577496081
20.2587252330374
20.3840049465563
20.5199573789654
20.6346194994578
20.7309471857637
20.8073191984842
20.8777682703348
20.9351125240816
21.0117667028021
21.0812415354118
21.125793001713
21.1350795422513
21.1456100699089
21.1442978216875
21.1535729179232
21.2155772010821
21.3361968480736
21.4617389275519
21.5924095341279
21.720232637479
21.8291424481767
21.9337842402945
22.0460776840319
999.99
999.99
999.99
999.99
999.99
999.99
999.99
999.99
999.99
999.99
999.99
18.9102852466929
19.1084802661734
19.1501583692803
19.2109641899881
19.3111681517797
19.4319644863346
19.5615243111334
19.6824861145609
19.7845907724259
19.8630901831245
19.9162787991845
19.9551589603217
19.9886380455856
20.0229883548461
20.0730557061194
20.1481928106265
20.2443427561968
20.3535752280588
20.4769153152719
20.5887069823572
20.692131260773
20.7843841789052
20.8753461663949
20.9472092627747
21.0276116657661
21.0971954493196
21.1452173056461
21.1617246861022
21.1844825258
21.1969694774718
21.2144998798484
21.264834249735
21.3601300041082
21.4507757615739
21.5476096436202
21.644723379548
21.7365545274766
21.8326730273435
21.9449185339492
999.99
999.99
999.99
999.99
999.99
999.99
999.99
999.99
999.99
999.99
999.99
19.0263822721993
19.0234520097
19.103033593145
19.1599183994911
19.2621967841841
19.3768952347362
19.5006725876712
19.6187421572296
19.7218508991026
19.8041824239365
19.8679149377132
19.9218406785644
19.9686467588922
20.014461682489
20.0687033732266
20.1354118871537
20.2138476836454
20.3021425958952
20.4049380391241
20.5082901254847
20.6169206344782
20.7266956970654
20.841218879722
20.9348559014103
21.0265784932801
21.1028063927503
21.1591657583671
21.1870058412097
21.2234068346555
21.2518624367347
21.2808381718969
21.322603544983
21.3942771030384
21.4531153043972
21.5165750654783
21.5828508391519
21.6566281625242
21.7425980686311
21.8508260854438
999.99
999.99
999.99
999.99
999.99
999.99
999.99
999.99
999.99
999.99
999.99
18.8773604637716
18.9946318733629
19.134463866818
19.1862857910567
19.2835788561382
19.35775808055
19.4452886507043
19.5364976871336
19.6251517575597
19.704714686107
19.7885267314045
19.8651287333069
19.930366629278
19.9923817591057
20.0527423057821
20.1099104155575
20.1690919646723
20.2351716634981
20.3128325067474
20.4030795378618
20.5146786009556
20.6419138960507
20.7807366867308
20.9011393674606
21.0107668108551
21.0998735749999
21.1671978315261
21.2076453609304
21.256286278414
21.2993806663028
21.3385610676717
21.3762750313126
21.4301245355222
21.465546305392
21.5017407631337
21.541267365177
21.5960921775851
21.6668139973254
21.7624998681263
999.99
999.99
999.99
999.99
999.99
999.99
999.99
999.99
999.99
999.99
999.99
19.1506154990134
19.0153801511139
19.2083681543773
19.2346647562634
19.3099063618545
19.3292240424303
19.371035887972
19.4293158896601
19.5023951862768
19.5841845792573
19.691836415982
19.7907471222809
19.8726036956382
19.9479358562193
20.0125740454719
20.0605043008352
20.1032621747491
20.1514408133035
20.2076627783639
20.284727638425
20.3976526616274
20.5399713831045
20.7012402088499
20.8509802637737
20.9836607964152
21.0912206303618
21.1713287006206
21.2228273521354
21.2771233283441
21.3292837438718
21.3748568308334
21.4136373144706
21.4596397144588
21.4855450606428
21.5050118276711
21.5258034785782
21.5633633793697
21.6157107078752
21.6925969505016
999.99
999.99
999.99
999.99
999.99
999.99
999.99
999.99
999.99
999.99
999.99
19.5263326118326
19.0724597110512
19.3046353682303
19.322728522815
19.3682326200069
19.3260162847484
19.3163077252706
19.3361849623754
19.3903463124356
19.4704155107971
19.5965348209699
19.708545471501
19.7970449614576
19.8772645521154
19.9425012886045
19.9824679875489
20.0148188120511
20.0548874834613
20.1009400811542
20.17188628878
20.2893506279949
20.4463391866299
20.6267253507242
20.8015422045216
20.9561344222062
21.0800013497122
21.1701092769514
21.2288575641189
21.2834983155418
21.3388045145953
21.389302581937
21.4331860223308
21.4797039840033
21.5080125850533
21.5222672777655
21.5333977316784
21.5589038311638
21.5956220671841
21.6541339183969
999.99
999.99
999.99
999.99
999.99
999.99
999.99
999.99
999.99
999.99
999.99
19.4444139058221
19.1548772920297
19.3992264886639
19.4136352328065
19.431054309533
19.3343070050402
19.2766178778086
19.2594810914557
19.2930029763264
19.3662876403773
19.5041352013017
19.6230752394312
19.7124490766125
19.7929149570467
19.8573173038881
19.8913918772186
19.9185001583847
19.9578116010304
20.0035047683175
20.0755747558998
20.2005872469041
20.3712948924616
20.567066243681
20.7609178891406
20.933815125923
21.0710820504915
21.1677129513624
21.2298784295385
21.2827098872794
21.3376136158651
21.3911455144073
21.4427935795332
21.4968890631826
21.5348143887973
21.5519424756856
21.5600083734912
21.5764844228121
21.5985834577483
21.6386688909964
999.99
999.99
999.99
999.99
999.99
999.99
999.99
999.99
999.99
999.99
999.99
19.2305821806919
19.1986995960777
19.4245486179036
19.4617016675077
19.4707971825186
19.3404294150152
19.2487586499223
19.2044749848142
19.2176748035876
19.2766950940458
19.4176784692673
19.5392817829667
19.626732041936
19.7051164807036
19.7688369034452
19.8008835851768
19.8275750306214
19.8711848045006
19.9257389955203
20.0056864907064
20.1410887124586
20.3229052969947
20.529527665366
20.7337714498691
20.9177374229043
21.0626808865213
21.1631749221262
21.2261152791766
21.2761801283728
21.3295807450017
21.3854230823317
21.4449127716127
21.5100246554175
21.5615918885726
21.5868711147312
21.5968504055774
21.6085643273307
21.6188712296967
21.6426574795477
999.99
999.99
999.99
999.99
999.99
999.99
999.99
999.99
999.99
999.99
999.99
19.0218096168253
19.1277072020472
19.2921565414488
19.340171861305
19.3390910227631
19.2283459015057
19.1489337026795
19.1164723961292
19.137432860157
19.2015655107081
19.3358074271167
19.4556388319858
19.542038517552
19.6190994090146
19.6847039611001
19.7209786913192
19.7528967651655
19.8033122221913
19.8725040762472
19.9657724140994
20.1128553823565
20.3026676667389
20.5163566019303
20.7234686408099
20.9102751385086
21.056129541174
21.1568915477822
21.2173213341476
21.263320976726
21.3139932304859
21.3714715010116
21.4374254043352
21.5137681945862
21.5794650667245
21.6162573928696
21.6327402521281
21.6456969028097
21.6508271156975
21.6649274339031
999.99
999.99
999.99
999.99
999.99
999.99
999.99
999.99
999.99
999.99
999.99
18.6493969686914
18.9793473139421
19.104954201615
19.1644447366635
19.1746049067138
19.1049126187217
19.0538703282741
19.0428364258191
19.0735191078461
19.1378281888899
19.2596705008506
19.3764123635956
19.4652948710784
19.5466954065786
19.6197678521723
19.666895455907
19.7087509907994
19.7665947163048
19.8484461319135
19.9551262423542
20.1101580310435
20.3024262287573
20.5167408186671
20.7193938205163
20.9002035370068
21.0407053909342
21.1378536236515
21.1950446283742
21.2386965495974
21.2881358861705
21.3484846570441
21.4201323467651
21.5055885794309
21.583842086108
21.6341837463913
21.6605674105532
21.6799811832943
21.6874057056826
21.6981387906896
999.99
999.99
999.99
999.99
999.99
999.99
999.99
999.99
999.99
999.99
999.99
18.6385841063698
18.7728282848235
18.859877641076
18.9369953114373
18.9717979121952
18.9582773065147
18.948518417148
18.9681722760671
19.0121468091211
19.0764665252042
19.184159101336
19.299421609843
19.3955707876828
19.4871155629263
19.5737471834388
19.6380222210531
19.692677526466
19.7568129200639
19.8458995116615
19.9593952797665
20.1134209543143
20.2999970245204
20.5066883997457
20.6990587853884
20.8683756658703
21.0011923614704
21.0945740090229
21.1518052100963
21.1976342229526
21.2504376233497
21.3162762247935
21.3944639420277
21.48815275246
21.5781090502647
21.6424332795224
21.6808660385989
21.7089453999988
21.7211200963901
21.7296639317237
999.99
999.99
999.99
999.99
999.99
999.99
999.99
999.99
999.99
999.99
999.99
18.5133940424655
18.5491193456295
18.6104411719049
18.7015056008715
18.7646814943924
18.8075901508277
18.8423557245211
18.8959736425358
18.9562001077334
19.0232643883454
19.1193783860359
19.2342672985893
19.3375243890091
19.438883873331
19.5403250536652
19.6233081981963
19.6916839298872
19.7624962188602
19.8562669026928
19.9710777974629
20.118153196402
20.291819153651
20.4839737986334
20.6598554060787
20.811742509286
20.9328548325867
21.0220672045452
21.0811205733633
21.1337689141168
21.1966699141057
21.2739022613941
21.3628460047443
21.4671454040749
21.5701398743339
21.6484655640688
21.6991631946021
21.7359891400201
21.7531035244806
21.7590205053743
999.99
999.99
999.99
999.99
999.99
999.99
999.99
999.99
999.99
999.99
999.99
18.0573907265788
18.373704031075
18.4090416568244
18.5000356813705
18.5818476645305
18.673828947219
18.7508756979572
18.8362217825978
18.9142691673543
18.987392112713
19.0763656605927
19.1908697137092
19.2998671733288
19.4093412889339
19.5251065987334
19.6224192055441
19.7005356328918
19.774538527259
19.8665389043279
19.975136468656
20.1083600091896
20.2636220756897
20.4362607708812
20.5929034601559
20.7251630173606
20.8345400672221
20.9198999471322
20.9830741855857
21.0464391971214
21.1243777430908
21.21759572721
21.3221982749855
21.4402716814858
21.5584720681848
21.6530302549732
21.7183111188192
21.7656536128231
21.7896081403288
21.7947075439821
999.99
999.99
999.99
999.99
999.99
999.99
999.99
999.99
999.99
999.99
999.99
17.9398594707654
18.2820396626963
18.3078169932462
18.413797230353
18.5133561509798
18.6252158524472
18.7224277296462
18.8211458338339
18.9035081534522
18.9724763898135
19.0591887876422
19.1716061024408
19.2806981431063
19.3927548569647
19.5164531558869
19.6204807947725
19.7035753803897
19.7804166524392
19.8684367902996
19.9680187279103
20.0839787155256
20.2177379853045
20.3653793655728
20.4994624835647
20.6107415848118
20.7099468337558
20.794076428622
20.8662417822452
20.9450878609825
21.0418249771825
21.1531790970692
21.2747943303069
21.4073829905358
21.5417942502604
21.6548462130111
21.7370613089086
21.7975139424697
21.8309742083144
21.8374092043072
999.99
999.99
999.99
999.99
999.99
999.99
999.99
999.99
999.99
999.99
999.99
17.99802071235
18.3070144741029
18.2909914510695
18.3932573424532
18.4951679949319
18.6105468988166
18.7175374403481
18.8238259214826
18.9096563039373
18.9774118318101
19.0663525214723
19.1755241728492
19.2796948126369
19.3880640170253
19.5123610738782
19.6136877843216
19.6956143363908
19.7739643244847
19.8585587925642
19.9491623801204
20.0517266090364
20.1675023194011
20.2921031850545
20.4057861070181
20.5005055708249
20.5922096398195
20.678398903225
20.7614729900753
20.8556719614181
20.9680512669003
21.09368981629
21.2279367466321
21.3723412979773
21.5213194239337
21.6533713333554
21.7539138136245
21.8298944950068
21.8747057103103
21.884806459093
999.99
999.99
999.99
999.99
999.99
999.99
999.99
999.99
999.99
999.99
999.99
18.0778252459891
18.4022080691796
18.3653064186179
18.4351282054633
18.5313269437189
18.6389009533611
18.7466771694044
18.8531804745085
18.9384919771212
19.0050076277841
19.0983554228236
19.2021825671336
19.2990134430834
19.4007660671345
19.5200751319269
19.6102790909288
19.6858847612279
19.7622532910872
19.8424321906224
19.9259274897373
20.0222817314382
20.1278291100955
20.2375991557801
20.3381603582652
20.4226794546024
20.5089219242929
20.5960714638055
20.6852147400952
20.7882594572022
20.908016164405
21.0407290341973
21.1816673762788
21.334703384377
21.4955937434957
21.6468512264842
21.7666370836113
21.8612519836507
21.921751476225
21.9415271473212
999.99
999.99
999.99
999.99
999.99
999.99
999.99
999.99
999.99
999.99
999.99
18.5610826306872
18.5256680869662
18.4765928140124
18.5184251282321
18.6044903096309
18.6998173124241
18.8031109367362
18.9034932393214
18.9830257927649
19.0461912920853
19.1423322620726
19.2392527792397
19.3300458774608
19.4273267725635
19.5403957659513
19.6171499486912
19.6840992057823
19.7557112313567
19.8303117069826
19.9099357193223
20.004810652059
20.1074083752005
20.2096499273579
20.3044311534029
20.385151619891
20.4705340975348
20.5588111893824
20.6516386995879
20.7576462289623
20.8752486065165
21.0049282715404
21.1439519166029
21.2982545956489
21.4653074719533
21.6348720347755
21.7748428144649
21.8906704668306
21.9716382219648
22.0074612554682
999.99
999.99
999.99
999.99
999.99
999.99
999.99
999.99
999.99
999.99
999.99
19.0277859329985
18.6046716185368
18.5698705356039
18.6157095367975
18.6925093004912
18.7720556502366
18.8641130665299
18.9524783474607
19.0216500011524
19.0807418218421
19.1763930079679
19.2657926849556
19.3517012019892
19.4458531711892
19.5504756797539
19.6185627016717
19.6811989624872
19.7514186642829
19.8246451676896
19.9067511135674
20.0048993362609
20.1104995027829
20.2119119882803
20.3080589155896
20.3918886168833
20.4804195010359
20.5703947485594
20.6647853654286
20.7675401062022
20.8736614504709
20.9911953552797
21.1201500784034
21.267654461619
21.4356565047763
21.6196035685771
21.7764171801855
21.9106869648065
22.0118409746028
22.0637324240192
999.99
999.99
999.99
999.99
999.99
999.99
999.99
999.99
999.99
999.99
999.99
18.957022298646
18.6577650740114
18.651214069549
18.6992476279771
18.7692722311497
18.8378555456459
18.9178254908709
18.9931075993611
19.0516201146316
19.1067233150245
19.1994582477016
19.2855045802442
19.3706605085072
19.4654494885623
19.5645774852138
19.6279601152084
19.6876641245233
19.7565951131264
19.8291007511726
19.9154254437188
20.0207186884903
20.1342960796336
20.2422522546239
20.3472815426138
20.4412582607251
20.5353890908595
20.6257049652242
20.7172567952859
20.8101540160966
20.8980212702918
20.9975435106398
21.112491878328
21.2489679020877
21.4140302777863
21.6050078591724
21.7730125134243
21.9196756414089
22.0373881505589
22.1034796707222
999.99
999.99
999.99
999.99
999.99
999.99
999.99
999.99
999.99
999.99
999.99
18.2683246652689
18.6734016105572
18.6997692683007
18.7644626226466
18.8328709334406
18.8955495845141
18.9646688166631
19.0271806636211
19.0740737221708
19.1240047404511
19.2111260153753
19.2962800344109
19.3835978121284
19.4820778657377
19.5785991995175
19.6419106617033
19.7008212510331
19.7683712917086
19.8402841435721
19.9317512392349
20.0451644134231
20.1688793238226
20.2878309447714
20.4056494533763
20.511380022305
20.6101188948453
20.6971708246721
20.7813019478354
20.8606129072386
20.9297772235311
21.0116499112485
21.1145884000355
21.2412171556575
21.402185673883
21.5944708639419
21.7684632471923
21.920899397888
22.0492659339705
22.1265141359384
999.99
999.99
999.99
999.99
999.99
999.99
999.99
999.99
999.99
999.99
999.99
18.3518082718675
18.7075592436353
18.7490491023485
18.8178478893531
18.8795054626437
18.9343904962443
18.9913507521044
19.0420654567752
19.0798037099865
19.1261726748715
19.2073594895248
19.2955250784574
19.3871293556847
19.4900560437601
19.5860926564045
19.6540854763451
19.7146327662214
19.7822017063484
19.8550571746541
19.9515098572384
20.0698246571036
20.2002765856032
20.328756731944
20.4575723489013
20.5737690003188
20.6775409935264
20.7629695693246
20.8418243814806
20.9102163074367
20.965039015753
21.0325055917395
21.1260520761838
21.2433784285248
21.3995884280415
21.5885947738262
21.7644684664652
21.916312297326
22.0484765028671
22.1309418715699
999.99
999.99
999.99
999.99
999.99
999.99
999.99
999.99
999.99
999.99
999.99
18.4445143596241
18.7562939622741
18.8117809439716
18.8734080177384
18.9209683880491
18.963161993813
19.0050090056295
19.0439896541174
19.0749542350601
19.1192469701642
19.1952285638666
19.2872732435207
19.3835109684185
19.4896910602048
19.5864515340041
19.6616840588731
19.7262860410389
19.7947149868984
19.8684814499144
19.9659982998312
20.084429362971
20.217065353107
20.3525105177798
20.490598472974
20.6170711656361
20.7254815480278
20.8109885666353
20.8863352191609
20.9463063909176
20.9912418108451
21.0499622864249
21.1377295651253
21.2492383796659
21.4026792126408
21.5867160741136
21.7609913313014
21.9080057430103
22.0370201613855
22.1185737120131
999.99
999.99
999.99
999.99
999.99
999.99
999.99
999.99
999.99
999.99
999.99
19.115850963593
18.8931640914551
18.9243750143653
18.9379471165948
18.9640985939072
18.9905247464752
19.0189695462111
19.0499321225462
19.0778029146175
19.1211207281228
19.1933004654114
19.2877922191606
19.386956956532
19.4956169987608
19.5955095010044
19.6772017068471
19.7456759557104
19.8141725027088
19.8862340494308
19.9796064661749
20.0941036094464
20.2251411329703
20.363841882241
20.5077829937242
20.6411183634493
20.7516626758576
20.8368342160681
20.9092436042858
20.9641240883217
21.0048830354596
21.0605834523218
21.1466263547491
21.2570381465077
21.408292249478
21.5865428767918
21.7580015994288
21.8992231284861
22.0213920376354
22.1008889766059
999.99
999.99
999.99
999.99
999.99
999.99
999.99
999.99
999.99
999.99
999.99
19.2534583993242
19.0628630570513
19.0448620281152
19.0138000183873
19.0152227070345
19.0226709827058
19.0393682449677
19.0648479248875
19.091648116313
19.1357306357593
19.205358171741
19.2978837218309
19.396549987384
19.5057056012295
19.6078347903498
19.6962638723629
19.770810972595
19.8398250300811
19.9091761846345
19.9953468724303
20.1008277227842
20.2253505549552
20.3622437667748
20.5067699325681
20.6419104629035
20.7524201740183
20.8370492397062
20.9084175157207
20.9624765770223
21.0047668373773
21.0646494579081
21.1544091864804
21.2689079426058
21.4199230648922
21.5953904109997
21.762014707005
21.8967476230498
22.0091453592584
22.0857845136857
999.99
999.99
999.99
999.99
999.99
999.99
999.99
999.99
999.99
999.99
999.99
19.5585942576587
19.2519651197572
19.187652177845
19.1054318645518
19.078715654464
19.0671165413712
19.0738571227201
19.0941430173995
19.1199232765163
19.1638915244202
19.2301190081656
19.3165246970183
19.412680706708
19.521211776683
19.6260218727913
19.7219981806182
19.8040455859045
19.8742479388154
19.9404803839235
20.0167225480999
20.1074171212708
20.2191952820067
20.3471417979979
20.4850444558718
20.6164726444803
20.7263105041629
20.8122295462178
20.8863411668462
20.9444573076429
20.9932065189985
21.061721700213
21.1580510652367
21.2778922669362
21.4292287422357
21.6034814258785
21.7645132523644
21.8933326026618
21.9979661045497
22.0735576309235
999.99
999.99
999.99
999.99
999.99
999.99
999.99
999.99
999.99
999.99
999.99
19.5772996289425
19.3949262764736
19.3041444804773
19.1977024955153
19.1513319831454
19.1264634181667
19.127676934868
19.1422851485251
19.1648753909359
19.2060982894056
19.2680156096226
19.3456925687355
19.4397143872361
19.5489030552911
19.6571999976288
19.7593047613937
19.8479585113454
19.9182694618829
19.9797902076021
20.0445638888986
20.1192869743869
20.2165043862095
20.3312910445165
20.4642932583503
20.5940528267544
20.7071815063935
20.7984715592942
20.8814102497788
20.9382003168253
20.9878537734009
21.0594544475277
21.1562097563508
21.2748471985301
21.4257675746726
21.6002205377445
21.7555080148281
21.8822049103105
21.9837387433848
22.0635345914517
999.99
999.99
999.99
999.99
999.99
999.99
999.99
999.99
999.99
999.99
999.99
19.8936033757183
19.571198138676
19.396907486386
19.2814985491046
19.2247336114934
19.1940735602964
19.1939037884017
19.2035986554281
19.2221280284882
19.2593187084977
19.3157186490944
19.3850965969834
19.4783159020868
19.5895266248123
19.7008395889177
19.807175031866
19.899608043276
19.9681876700251
20.0245685783716
20.0794189222371
20.1399861892271
20.2316984548803
20.3396610490376
20.4717996418899
20.6038521949774
20.726487501129
20.8121357654836
20.8940308312947
20.9403513431042
20.9812339945434
21.0426371409102
21.1350742862013
21.2470651068434
21.3933844865226
21.5652497681612
21.7169472523234
21.8479105154198
21.9556536103603
22.0486279686122
999.99
999.99
999.99
999.99
999.99
999.99
999.99
999.99
999.99
999.99
999.99
19.9883249845393
19.6219028759169
19.4624567832464
19.3549807409931
19.2975471370339
19.2685445114474
19.269020179856
19.2732324776976
19.2851515193506
19.3168004974724
19.3656332413471
19.4283572294142
19.5225327483785
19.6364944986985
19.7490683086269
19.8590124335164
19.9525542590836
20.0177459827724
20.070019872181
20.1178254105671
20.1657109599422
20.2517739154239
20.3502438944081
20.4762154414326
20.6056409947076
20.7347948067845
20.8135076103681
20.8946023409828
20.948836214673
20.9989024893411
21.0655868463551
21.1673891798852
21.2858624052056
21.408214035478
21.5581499069843
21.6904153743757
21.8136788738679
21.9181789039156
22.0298375269034
999.99
999.99
999.99
999.99
999.99
999.99
999.99
999.99
999.99
999.99
999.99
19.8016934501813
19.6571130758268
19.5174642626971
19.4252629430218
19.3721944154152
19.3477193291611
19.3478393766672
19.3449600501116
19.348296898281
19.3714584733367
19.411120739983
19.4687455087257
19.5649774313165
19.6810999572732
19.796041983817
19.9099234873053
20.0032081906108
20.0661830034015
20.1169767243889
20.1598675686472
20.1967576910343
20.2772786252507
20.3638390477355
20.4804504301097
20.6208912340055
20.7714024253867
20.8609408907539
20.9578185477999
21.0536891966997
21.1122887680273
21.178703670791
21.2823156302797
21.4005694012221
21.4603547920443
21.5676414174639
21.6682502943613
21.7722901646781
21.8655147272036
22.0021749371425
999.99
999.99
999.99
999.99
999.99
999.99
999.99
999.99
999.99
999.99
999.99
19.7477506257914
19.6936391840054
19.5852604883924
19.5252821048871
19.4762465215754
19.4480718645912
19.4379055341363
19.4197671148971
19.4066807202913
19.4213592432649
19.4525993097376
19.5067942244839
19.6048104102316
19.7214970245756
19.838000007836
19.9548523442862
20.0481741881723
20.1102704757681
20.162000576557
20.2028666377281
20.2334497635312
20.3112775747486
20.3882431986184
20.4973054292328
20.6500506649518
20.8208681680233
20.9205951270242
21.0312754189267
21.1664684289092
21.2295694280536
21.2907706997779
21.3902835763445
21.5074669028415
21.5060022510832
21.5731492303371
21.6473414893934
21.7394778979203
21.8217759657044
21.9814987821396
999.99
999.99
999.99
999.99
999.99
999.99
999.99
999.99
999.99
999.99
999.99
19.6192790146361
19.739042777989
19.6650856101054
19.641465875778
19.5908662143245
19.5538538153906
19.5308533005643
19.4989689886294
19.4703903658941
19.4804911045921
19.5050605300369
19.5498726112753
19.6416524132319
19.7522459723416
19.866718032582
19.9859885402649
20.0836601812488
20.1505908802954
20.2088827526762
20.2520685554058
20.2801030473383
20.3579101268046
20.4268548123977
20.5157098132817
20.6886866105704
20.8858000341382
21.0030864495561
21.1354452708453
21.3448937438687
21.4062533644427
21.457025545764
21.5481689742596
21.6592019782426
21.5765425357726
21.601355139498
21.646706135671
21.7204391325402
21.7851454482912
21.9618747906116
999.99
999.99
999.99
999.99
999.99
999.99
999.99
999.99
999.99
999.99
999.99
19.7017033748564
19.7163358950067
19.7301261147621
19.7484742249638
19.6963908891285
19.649260453561
19.6174425825415
19.5784816213233
19.5407797835713
19.5511800728242
19.5741610127031
19.604433736934
19.6827735540791
19.7815892520209
19.8904359767848
20.0127314913815
20.1219857444896
20.2022792479448
20.2744050657081
20.3264811323243
20.3528917639519
20.4125190957811
20.4543805679735
20.5029875143548
20.6747120060574
20.8764580278399
21.0258397141929
21.1991171410703
21.5069164189305
21.5941212336684
21.6681604828426
21.7701875835905
21.8912159399315
21.7398574193866
21.7292581890996
21.7436324142953
21.787204181826
21.8153656736993
21.9853353209325
999.99
999.99
999.99
999.99
999.99
999.99
999.99
999.99
999.99
999.99
999.99
19.7500510204082
19.7724968225839
19.8029033975154
19.8523820061824
19.7967717828374
19.7366424398208
19.6955471676114
19.6518091218868
19.610014240422
19.6231872905658
19.6480957931141
19.665498671169
19.7294271221641
19.8147933508387
19.9190447328257
20.0444197687768
20.1708393371969
20.2714523013852
20.3638803200154
20.4305325029763
20.4631018368479
20.5016519230898
20.5153351781979
20.5229660490063
20.6913719350499
20.8918184442551
21.0718199156748
21.2848783224429
21.658361015751
21.7423362521422
21.8168889061186
21.9135590487361
22.0268066749172
21.8500605098744
21.8422987935171
21.8557433863232
21.8872603267179
21.8900253290014
22.0346960149027
999.99
999.99
999.99
999.99
999.99
999.99
999.99
999.99
999.99
999.99
999.99
19.3632077922078
19.8143153459433
19.8744636836869
19.9495395245668
19.8928432821087
19.8213807837747
19.7723498164047
19.7230719491944
19.6776145723312
19.6940554950603
19.730237307113
19.7457418877727
19.805617492787
19.8871311644316
19.9949997712236
20.1152843795243
20.2478943781122
20.3574202376019
20.4589877551588
20.5312386065925
20.5707510750119
20.5925502058556
20.5848709081974
20.5590847692481
20.6972267763465
20.8654280892695
21.0399644889608
21.257093699776
21.6259814148642
21.705603364365
21.786599816488
21.8893331847731
22.0059513711894
21.8808444342031
21.9145908513631
21.95645280387
21.9994411987286
21.9945617627599
22.0990598502362
999.99
999.99
999.99
999.99
999.99
999.99
999.99
999.99
999.99
999.99
999.99
19.5104550884655
19.8081596014525
19.869762308841
19.9544897233483
19.9116323238044
19.8486717619006
19.8116073594634
19.7748791529434
19.7434928141111
19.7651904053826
19.8172500306543
19.8351181297986
19.8948015536533
19.9759847942754
20.0889895149257
20.1992940135584
20.3314511017961
20.4443654987725
20.5491227906864
20.6223797326199
20.6672579569184
20.6747348127366
20.6483346432422
20.5934839017506
20.7077903550256
20.8485640169755
21.0191125172568
21.2429071159615
21.6097753105514
21.6865867395138
21.7799056116426
21.8984108572576
22.0206717521052
21.9473172672668
22.0192492639962
22.0810111280033
22.1199904402252
22.1014194120855
22.158413235461
999.99
999.99
999.99
999.99
999.99
999.99
999.99
999.99
999.99
999.99
999.99
19.5129135254989
19.7534132938363
19.816173908605
19.9061401935751
19.8880558551392
19.8453786883885
19.8259525359933
19.8046685911101
19.7891158368353
19.8101799402815
19.8749728529689
19.9060187634867
19.9767369547487
20.0668635460667
20.18988935562
20.2909814094578
20.4155018792709
20.5247178367218
20.6256563581264
20.6960672928932
20.7453111755668
20.7394712969896
20.6969637886703
20.6258024958726
20.6886329429187
20.7774289205682
20.9219483957694
21.1298112954493
21.4554427876976
21.5701631225179
21.7076419508226
21.8652216430811
22.0171370267644
22.0338823016369
22.1446371907308
22.2316160266165
22.2756485624543
22.2480936155014
22.2505755094279
999.99
999.99
999.99
999.99
999.99
999.99
999.99
999.99
999.99
999.99
999.99
19.5511082251082
19.6962496285218
19.7614326343506
19.8444472908049
19.8497337165035
19.8317249614517
19.833197502888
19.8312406667948
19.834828789226
19.8592458940238
19.9360245379786
19.9848321135865
20.0673072228747
20.1650725192744
20.2945722917278
20.3790944905176
20.4835556610141
20.5774627837527
20.6637326168041
20.7224398279489
20.7756656524574
20.7689827913458
20.7258095798976
20.6597477137015
20.6984377497192
20.7611158370696
20.8882971237387
21.0790749291909
21.3515863941988
21.4759293132753
21.6233219845846
21.7846746114229
21.9392582738311
22.0252709294931
22.1674141792029
22.2813945991137
22.343414052079
22.3274300085174
22.29763660827
999.99
999.99
999.99
999.99
999.99
999.99
999.99
999.99
999.99
999.99
999.99
19.485361114882
19.6462116815885
19.6997655351442
19.7833372410726
19.8169629994457
19.8321079783035
19.8604627922485
19.871342687298
19.8848265702028
19.9071184544176
19.9900958001412
20.0503329357299
20.1445763220292
20.2507630524838
20.3829827876294
20.443895956105
20.5147373179023
20.5788831242277
20.6355011265479
20.6702336710927
20.7205525056414
20.7291316580744
20.7017093158917
20.6616327412867
20.7018627617354
20.7583045122117
20.8744951502211
21.0511891605443
21.2805363931228
21.4097011007561
21.5619576491992
21.7199562743819
21.8760419639805
22.0131128877371
22.1813741030543
22.3216214885346
22.4052352299238
22.4058845423926
22.3484694822106
999.99
999.99
999.99
999.99
999.99
999.99
999.99
999.99
999.99
999.99
999.99
19.341916192789
19.6083410762537
19.6430334850189
19.7244873232142
19.7863668611786
19.8376053979656
19.8993439355371
19.9187606049563
19.9352346781031
19.9511980290132
20.0206121161448
20.0668721515321
20.1620703465059
20.2676635319016
20.3899244694309
20.4464314038585
20.5112521306644
20.5595934188343
20.601449583823
20.630513608915
20.6768284982395
20.6950291517773
20.6840881466744
20.6687752193635
20.7248208684088
20.7961384282694
20.925231492767
21.1120857809952
21.3404758129072
21.477114989412
21.6246307485337
21.76779564213
21.9148013619255
22.0644511035039
22.2494828670491
22.415124330327
22.5195871472474
22.5323937764516
22.4479255820352
999.99
999.99
999.99
999.99
999.99
999.99
999.99
999.99
999.99
999.99
999.99
19.4211883091744
19.5677519756307
19.5997315054696
19.6783514061261
19.7577584898427
19.8340072684056
19.9173615992592
19.9351363653133
19.9452489055869
19.9561901202938
20.0086034308868
20.0398455145951
20.1357989748713
20.2420526118446
20.3548488020006
20.4168553488979
20.4856053366361
20.52620881909
20.5605181179292
20.5911077359686
20.6349979144836
20.6615146152445
20.6674558832664
20.6773295032086
20.7454441303708
20.83136964846
20.9760723639801
21.1742344493392
21.4003718098848
21.5462854905974
21.6838950966817
21.8026575946682
21.9329821117687
22.0885979151214
22.2879793671882
22.4813974602706
22.6150256349183
22.6455947334176
22.5441294298694
999.99
999.99
999.99
999.99
999.99
999.99
999.99
999.99
999.99
999.99
999.99
19.543812007582
19.5433778090774
19.5629989090918
19.6356644008747
19.7239086789717
19.815499531914
19.9145862563236
19.9272986615093
19.9314046278609
19.9441346115554
19.9848754177658
20.0020300598062
20.0980162869562
20.2048117785964
20.3088665496839
20.379522299046
20.4567428446333
20.4921790917452
20.5203492974054
20.5525640221801
20.5909981700344
20.6230907985976
20.6461065957021
20.6818515408338
20.7803755206754
20.8926543682153
21.0550768880476
21.2618048480263
21.4810094650168
21.5951135110005
21.6996062259525
21.7884071481545
21.9006406133075
22.0544255766718
22.2764917689718
22.4977218076075
22.6549622831643
22.7029038062256
22.6001574176085
999.99
999.99
999.99
999.99
999.99
999.99
999.99
999.99
999.99
999.99
999.99
19.6325553644961
19.4039233323759
19.4774467973815
19.5948612225318
19.6913388475077
19.7894713973981
19.8867293453399
19.8733746800403
19.8518980831165
19.849030705841
19.8711627354167
19.882604301584
19.995102286396
20.1214879506438
20.2363698923796
20.3307914654986
20.425159910943
20.4595305933452
20.482976887405
20.5162525879146
20.5498768285869
20.58669624681
20.627117017014
20.6862074202777
20.8021506118407
20.9250420841336
21.0807352036139
21.2748821573658
21.4716656955261
21.5640319845786
21.6503520407902
21.7435058531755
21.8670060042918
22.0431727405563
22.2951162017977
22.5446298189327
22.7156946461744
22.7712337099089
22.66576410517
999.99
999.99
999.99
999.99
999.99
999.99
999.99
999.99
999.99
999.99
999.99
19.6020253405131
19.3032754632122
19.4060624769986
19.5298190582029
19.6220310477787
19.7097080238502
19.7922610819691
19.7596637312492
19.7231238362199
19.7136650222168
19.7281333863105
19.7447290343948
19.8769943318088
20.026220396846
20.1590059759446
20.2878860115117
20.4126163390711
20.4578390102494
20.487445252861
20.5288638208643
20.5532975849823
20.5788612783661
20.6213855618801
20.6851346573455
20.7930620770146
20.9177358540061
21.0652510438245
21.2438613045715
21.4210010260832
21.5143393043778
21.5956760504929
21.6988243327631
21.833897348405
22.0202232543167
22.2761227860568
22.5304240621534
22.7044981348879
22.7693964018525
22.6857614337627
999.99
999.99
999.99
999.99
999.99
999.99
999.99
999.99
999.99
999.99
999.99
18.1857493987494
19.2148703179177
19.3184902135353
19.4370205580144
19.5145626605962
19.5803663963923
19.6338305647997
19.5946282570703
19.5600282457357
19.5597848408063
19.588916348384
19.6370517910476
19.7853769412704
19.9511853034355
20.0996271474561
20.2409097008086
20.3690508419365
20.4262600804136
20.4618539445429
20.5036531396568
20.5270088218974
20.5504136238227
20.590100893969
20.6560984945988
20.7586301724547
20.8792518395162
21.0130211771032
21.1665050962176
21.3099115438704
21.3948403105655
21.4754237535236
21.5888258544486
21.7373685770991
21.9312521720713
22.1752957989732
22.4128097424057
22.5785039211326
22.6532429108381
22.6118263099174
999.99
999.99
999.99
999.99
999.99
999.99
999.99
999.99
999.99
999.99
999.99
18.896512528638
19.163205403659
19.2736450023381
19.3869794522942
19.4470595440247
19.4899932127916
19.5186751439486
19.4794970133518
19.4522579655183
19.462969127356
19.5084731447755
19.5837081554354
19.7400266445328
19.9110143369117
20.0651175366294
20.207683064945
20.3327692373652
20.3992187909995
20.4420802946046
20.4846819508104
20.5097968031961
20.5323738866932
20.568201168772
20.6323638209022
20.728314939455
20.839914179252
20.9521207299764
21.0698961069248
21.1699832656428
21.2354193662957
21.3094705687422
21.433520148632
21.603187579952
21.8151266248109
22.0562080863229
22.2851527095534
22.4483740672339
22.5367099805828
22.5400352181365
999.99
999.99
999.99
999.99
999.99
999.99
999.99
999.99
999.99
999.99
999.99
18.988372098285
19.1293664170477
19.2410666329052
19.3563265787293
19.4005637660831
19.4273456056029
19.4398088040743
19.4108877172235
19.3973089947498
19.4195271958211
19.4768549554902
19.5684559725098
19.7196300705438
19.8820216125754
20.0312089288473
20.168451098392
20.2903262162458
20.3707981044563
20.4294529361861
20.4798386319297
20.5133917022028
20.5385727153632
20.570316793273
20.6276796952626
20.7142502051309
20.8176697662991
20.9143974207647
21.0042064672565
21.0718923640652
21.1258190578164
21.1899876832816
21.3130132117015
21.4903090523471
21.708863375258
21.9380471484994
22.1556009604609
22.3163769229299
22.4180585220857
22.4612565688555
999.99
999.99
999.99
999.99
999.99
999.99
999.99
999.99
999.99
999.99
999.99
19.263873097995
19.2375991372735
19.2797554584927
19.3319572811171
19.3622658336147
19.3815557728672
19.3951257927186
19.3963527629599
19.4149412244047
19.4619186234551
19.5344683005767
19.629772174328
19.7568791685513
19.8889056649288
20.0136928553936
20.1341473217683
20.2511769680985
20.3494999630808
20.432962878911
20.5008366365046
20.547938371145
20.5785175445715
20.605930201298
20.6518644949437
20.7283211192281
20.8253329607481
20.9166036577778
20.9885276010034
21.0361054422186
21.0783368608326
21.1274941919708
21.2290625802843
21.3946678483409
21.6008191052271
21.8081517616743
22.0079902324704
22.1671061343489
22.2814762840192
22.3601908548578
999.99
999.99
999.99
999.99
999.99
999.99
999.99
999.99
999.99
999.99
999.99
19.1665937724683
19.2830638640099
19.2917079701827
19.3241501166207
19.350396252476
19.3753224568284
19.4030924901298
19.4386325910199
19.4897510475091
19.5587271204093
19.6397829306344
19.729470466482
19.8240665548131
19.9164915913393
20.0084851628761
20.1047077208012
20.2116091997835
20.3248451769864
20.433515674967
20.5215441583125
20.5906156877137
20.6346390379052
20.6651356666905
20.7050156319244
20.776866307424
20.863356501226
20.9445910342771
20.996021302434
21.0225093691881
21.0435650900054
21.0722814349032
21.151558999637
21.306244749512
21.5019586596853
21.6963845210452
21.8860493650117
22.0432955674213
22.1624052495327
22.2611446350266
999.99
999.99
999.99
999.99
999.99
999.99
999.99
999.99
999.99
999.99
999.99
19.4179464111834
19.2982410661411
19.3059271430455
19.3309599540867
19.3676446700219
19.4124904788626
19.4680646543175
19.5351160368336
19.609760767784
19.686696217305
19.7607783266117
19.8282856016438
19.8907838540051
19.9471309365874
20.0109892254927
20.0923842052421
20.1992838630526
20.3219341188128
20.4511043304725
20.5595072357824
20.6468290740315
20.702600856992
20.7424765121398
20.7810032959923
20.8468383861445
20.9237305542138
20.9946368576718
21.0302473288464
21.0449234556214
21.0536218870289
21.0654021190126
21.1259374330543
21.2662092740767
21.4449521800128
21.624842005841
21.8042331157817
21.9552495675735
22.0730647608456
22.1797870261105
999.99
999.99
999.99
999.99
999.99
999.99
999.99
999.99
999.99
999.99
999.99
19.2645571024665
19.2689099967439
19.2785411310999
19.3077090794991
19.3623598755888
19.4340757948665
19.5176453859223
19.6123093065595
19.7066714687529
19.7868541593684
19.8501802025056
19.8984021581362
19.9362506258483
19.9669905476923
20.0127729372035
20.0848320873121
20.1909867126979
20.3179151841763
20.4590804007421
20.5820345064583
20.6851714850848
20.7549154378147
20.8091169874876
20.8533358132284
20.9163639226444
20.9873132706524
21.0534443413206
21.0835565680002
21.0991765175753
21.109239084879
21.1153526773653
21.1598436890089
21.277684288965
21.4248020872927
21.575178855184
21.7287783801392
21.8613393168694
21.9696862911994
22.0772168343532
999.99
999.99
999.99
999.99
999.99
999.99
999.99
999.99
999.99
999.99
999.99
19.2955240206947
19.2196843533379
19.2359254898875
19.2635478279076
19.3374370303382
19.4320072537991
19.5362014571481
19.6478980594622
19.7545273469137
19.8358375013578
19.8929355927151
19.9334541469291
19.9635284396261
19.9848163262414
20.0238861341801
20.08993501391
20.190457132488
20.3104688722515
20.4490337301614
20.5754687279701
20.6886462774963
20.7722955823228
20.8443689315751
20.9023456042466
20.9682098052892
21.0371636442795
21.1029349014319
21.1343680278148
21.1576312438144
21.1766684488259
21.1870321131376
21.2200268143478
21.3144060858782
21.4257598817031
21.5418589565418
21.6604092818634
21.7686770954612
21.8617856139683
21.9634589921517
999.99
999.99
999.99
999.99
999.99
999.99
999.99
999.99
999.99
999.99
999.99
19.1883184223184
19.127107394772
19.1638442913142
19.2032883374966
19.2934663604814
19.4033296218319
19.5173052672607
19.6357910259854
19.7475505574123
19.8287121355264
19.884036702312
19.9272751948469
19.9630669304045
19.98873299307
20.0316425732837
20.0957119152311
20.1865590540904
20.2909652232526
20.4137797055559
20.5310490090006
20.6457500383955
20.74137438995
20.832972118897
20.9127888839047
20.9905453397774
21.0649111616929
21.1337053493128
21.1710759416469
21.2031321625428
21.2321093497855
21.2509767023779
21.2807588660676
21.3556819296774
21.4351161412775
21.5191687844507
21.602496099449
21.6842809910933
21.7608620649197
21.8537576279715
999.99
999.99
999.99
999.99
999.99
999.99
999.99
999.99
999.99
999.99
999.99
19.1434010136205
19.0837423090006
19.1803160353751
19.2498553606871
19.3251563038408
19.4173914366917
19.50503081507
19.5969158837863
19.6841022404785
19.7666680374402
19.825366741438
19.879461672081
19.9304407098477
19.9707464718062
20.0249080756007
20.0900993902073
20.1692952832128
20.2538806718804
20.3526725175602
20.4518147289951
20.5617131159847
20.668511678214
20.7807827878052
20.8880177398555
20.9859719507664
21.0728392706966
21.1495253866013
21.1978871466526
21.2417958131671
21.2831881483339
21.3157263650506
21.3480262158442
21.4071931990612
21.4583116921823
21.5117694125936
21.5595602077937
21.6130893499767
21.6711404498008
21.7512560617648
999.99
999.99
999.99
999.99
999.99
999.99
999.99
999.99
999.99
999.99
999.99
18.9446045824094
19.0807972317578
19.2600009484176
19.3715782114026
19.4309429573448
19.469607990837
19.4987157356507
19.5376242717205
19.5810548649341
19.656503627545
19.7316692494547
19.8083795015969
19.8826276102507
19.9436940881554
20.0123043093676
20.0768519378273
20.1399050224167
20.2013887833879
20.2714455802947
20.3462760231121
20.4476748419793
20.5654507587722
20.6990404355913
20.8363925901771
20.9601161388739
21.0645216162928
21.1517231335056
21.2110501587123
21.2636268091935
21.3146945062283
21.359323859658
21.3965234722008
21.4467108723466
21.4811468051802
21.5136599294695
21.5337867605434
21.5635696159193
21.6027896990462
21.6651967773479
999.99
999.99
999.99
999.99
999.99
999.99
999.99
999.99
999.99
999.99
999.99
18.8019943457903
19.0777140421234
19.3433854518792
19.5611827245068
19.5974433711188
19.5561390010625
19.5058255740836
19.4750748819573
19.4620370630825
19.5248231154525
19.6229166242912
19.7246156482212
19.820956294914
19.8993406332673
19.9791485292442
20.0407759698938
20.0875941685668
20.128401677169
20.1749318237819
20.2284833289066
20.3212037323055
20.4492432098219
20.6031293904901
20.7686452126225
20.919086728967
21.0433712743379
21.1421014542438
21.2103139514865
21.2668850790199
21.3226664259134
21.3758298002531
21.4190395276249
21.4674451393495
21.4977802488712
21.5208078283003
21.523838221902
21.536700378408
21.5597188752237
21.60387842235
999.99
999.99
999.99
999.99
999.99
999.99
999.99
999.99
999.99
999.99
999.99
18.8348200220221
19.1525048324034
19.4874064925801
19.780478515066
19.7849120092777
19.6574593274125
19.5239965707035
19.4221467374449
19.3507372511294
19.3997355563897
19.5185048857195
19.6388704359027
19.7468828181112
19.8340213713317
19.9188181428072
19.9761303367885
20.0097840083288
20.0388846017332
20.0734801022753
20.1161124611765
20.2046836696415
20.3447025690074
20.5160120779072
20.7032409044629
20.8758066653368
21.0181870499878
21.126433967919
21.2009302160463
21.2591325198782
21.3169265577097
21.3754880756011
21.4259700115156
21.4786007560029
21.5135035323189
21.53546511274
21.5327639086548
21.5358316740137
21.5483281472604
21.5785425878533
999.99
999.99
999.99
999.99
999.99
999.99
999.99
999.99
999.99
999.99
999.99
17.37451827311
19.2931365012752
19.669760921913
20.0025781639101
19.9755889126285
19.7677168869659
19.5569757881198
19.387141254606
19.256348232752
19.2879386352984
19.4215749928663
19.5539688218781
19.6670256623593
19.7581259720746
19.8438483164009
19.8962671861378
19.9209052054139
19.9440598817764
19.9761467865823
20.0186129283812
20.1098723182508
20.2631178103556
20.4509658879017
20.6537433773495
20.8421208795211
20.9985388997406
21.1144564335216
21.1926962440081
21.2514906386776
21.310300515101
21.3724015180507
21.4286140459882
21.4876443799849
21.5318391906144
21.558219110345
21.5571853420991
21.5566304712494
21.5629041950794
21.5822548279434
999.99
999.99
999.99
999.99
999.99
999.99
999.99
999.99
999.99
999.99
999.99
18.1846397071765
19.3068140212772
19.6517405274845
19.9773143265813
19.9738943096195
19.7418282868888
19.5123352616271
19.3275879408006
19.1862154015367
19.193781013587
19.3342567111216
19.4724090071193
19.5876206645838
19.6797267741951
19.7645367920249
19.8139277526343
19.8351511425808
19.8572665898114
19.8951297674079
19.9477053770332
20.0482366034469
20.2141121146121
20.4153144875067
20.6269316556266
20.8227783309556
20.986937012459
21.107317468354
21.1867896773031
21.2437185120244
21.3015988761036
21.3644710421809
21.4242931164626
21.4903998593965
21.5477458175109
21.5837043761829
21.5907610128735
21.5926532607398
21.5970595651254
21.6087381715793
999.99
999.99
999.99
999.99
999.99
999.99
999.99
999.99
999.99
999.99
999.99
18.9329792231256
19.2222132796168
19.4911170317074
19.7839860341072
19.7891346641189
19.5860721760725
19.3876558926099
19.2306148491416
19.114742659595
19.1233141852354
19.2580010065662
19.392452624296
19.5065978519086
19.598110913924
19.682485668985
19.7354604113233
19.7625454079423
19.7895574498692
19.8400375516578
19.9107082788948
20.0237882391871
20.199305078991
20.4093636455429
20.6228969113289
20.817436738481
20.9819041165332
21.1030746961846
21.1809964492342
21.2351628718394
21.291302551701
21.3540812996293
21.4152482275367
21.4874540812604
21.5569914932813
21.6042888172153
21.6232313654667
21.632781802414
21.6406448686243
21.6499036974799
999.99
999.99
999.99
999.99
999.99
999.99
999.99
999.99
999.99
999.99
999.99
18.7996373256373
19.0762261040441
19.2726932432908
19.4601193331688
19.4776884528405
19.3445166716399
19.2126045875056
19.1129355532199
19.0454707480163
19.0683681349395
19.1888297271092
19.3142476199222
19.4269287903179
19.5218853418798
19.6104208772508
19.674885478016
19.7159945327017
19.7523933397455
19.8144730776089
19.9016416168192
20.0238312961432
20.2012786304533
20.4116511360634
20.6206163212175
20.8072483184086
20.9657588329807
21.0850780292528
21.1610705382385
21.213561657192
21.2690885113327
21.3330743635663
21.3966936748011
21.4751745289706
21.5564189150694
21.6169480759612
21.6505950860278
21.6710390804259
21.6857061953896
21.6953298666513
999.99
999.99
999.99
999.99
999.99
999.99
999.99
999.99
999.99
999.99
999.99
18.6278423692709
18.8396788285871
18.9671055845186
19.0967723079971
19.1411822545161
19.0903639466655
19.0355942980815
19.0002293306874
18.9848169820501
19.0201036752857
19.1230548103811
19.2380226776786
19.3520728699584
19.4542609468129
19.5515976858955
19.6334987188402
19.6943636690337
19.7399250534356
19.8103566963822
19.9084729919574
20.0339649201935
20.2046074349324
20.4097822806592
20.6098022630568
20.7845541265948
20.9328335505061
21.0481660677359
21.1213020014031
21.1727360156851
21.2290225801027
21.2959698290905
21.3642262352945
21.4503977960944
21.5442538702063
21.6205346972469
21.671079133839
21.7044743198956
21.7268603632228
21.7371245601357
999.99
999.99
999.99
999.99
999.99
999.99
999.99
999.99
999.99
999.99
999.99
18.4377027031556
18.551339089262
18.6222369485598
18.7255555786598
18.8017398161326
18.8353072724606
18.8607584043267
18.8940918191238
18.9344394913824
18.9842774846712
19.0714925903307
19.1785492176485
19.2939680534685
19.4033348061676
19.5110342809949
19.6124859455086
19.6912920178725
19.746515973117
19.8224084996452
19.925492153953
20.0477560050842
20.2060230420964
20.3977472501782
20.5832598680725
20.7401422685766
20.8725569001983
20.9803920575672
21.0507433294525
21.1032317814374
21.1650454981968
21.2404678365068
21.3188878738498
21.4171306006835
21.5252156749657
21.6192991180321
21.6877740473298
21.7344528002159
21.7643959238672
21.7757472606483
999.99
999.99
999.99
999.99
999.99
999.99
999.99
999.99
999.99
999.99
999.99
17.9801230774645
18.3825521453379
18.4197304486578
18.5015325808435
18.5829532728071
18.6732760689919
18.7490987747326
18.8262820458321
18.8994040688913
18.9655280141773
19.0395869644552
19.1422721108608
19.2567722172192
19.371497278541
19.4887036875316
19.6076332813178
19.6980363292754
19.7600164257429
19.8359861918486
19.9357862871939
20.0473699090926
20.1886985604899
20.3617598861179
20.5286237651243
20.66536523871
20.7801708667427
20.8799545919323
20.9491105704532
21.0073418955026
21.08064438605
21.1707395198442
21.264930129661
21.378851627414
21.501363458791
21.6132768004921
21.6993332565261
21.7594460561507
21.7983131108664
21.813727605943
999.99
999.99
999.99
999.99
999.99
999.99
999.99
999.99
999.99
999.99
999.99
17.9358293671743
18.3088090209881
18.3289912546296
18.3931250998547
18.4820324787225
18.5991002178976
18.6990629556746
18.7998389407438
18.8888736827281
18.9597737169981
19.0271403740809
19.128501284144
19.239270257679
19.3559094720434
19.4782893925272
19.6070885499439
19.7015487707582
19.7674419575569
19.839820432792
19.9311820282085
20.028181661564
20.1497286726539
20.2998930020618
20.4449556711472
20.5613430721162
20.660598008174
20.7553456318727
20.8284668984774
20.8986568503539
20.9876683540163
21.0943268549748
21.2057837132808
21.3352035923288
21.4704539892812
21.6000181936692
21.7047709979275
21.7796975158574
21.8295657473611
21.8523589352748
999.99
999.99
999.99
999.99
999.99
999.99
999.99
999.99
999.99
999.99
999.99
18.3720620842572
18.3580964796222
18.337707184726
18.3868402825186
18.4756288402834
18.5931161263151
18.6967555592038
18.8054175209188
18.8983530928854
18.9678094959564
19.0343572040605
19.1372718592175
19.242767641983
19.3574915991262
19.4808530659606
19.6104501382539
19.6995393648358
19.7649289097952
19.83249727126
19.914515968352
19.9999957315112
20.1076786370102
20.2387377292567
20.3642933126868
20.4636177527979
20.5506803592735
20.6414741157156
20.7200034496604
20.8032885184227
20.9067115698817
21.0262587639353
21.1510968842713
21.2925860337612
21.4371215830205
21.5831922340015
21.7073029091486
21.7992213551047
21.86271807479
21.8965954874808
999.99
999.99
999.99
999.99
999.99
999.99
999.99
999.99
999.99
999.99
999.99
18.6237311961493
18.4534469217719
18.4105551840422
18.4285739355687
18.5102661770317
18.6197102383651
18.7199465624863
18.8317474701996
18.9262527620549
18.9958826566082
19.0657076284384
19.1724444985171
19.2715463021926
19.3811617531302
19.5018257165536
19.6239996297524
19.6987985314589
19.7589813285935
19.8191851845875
19.8910372525046
19.9692350417612
20.0705700887944
20.1886971577249
20.3012850290849
20.3896762995061
20.4687746351747
20.5575804179133
20.6415759901306
20.7359497603679
20.8498408637388
20.9772358740496
21.1096157823558
21.2585776440979
21.4089372813531
21.5691451288997
21.7119404618047
21.8224423993873
21.9022933408886
21.9512086849742
999.99
999.99
999.99
999.99
999.99
999.99
999.99
999.99
999.99
999.99
999.99
18.7669524848619
18.5827336227797
18.5264277885167
18.5104334544436
18.5821281777872
18.6770649160019
18.7662846829925
18.8736508061722
18.9652621448841
19.0331452313733
19.1069835031034
19.2138535464814
19.3051437051427
19.4068248137654
19.5213963514092
19.6311195763483
19.6942441498126
19.7499793219949
19.8053678162561
19.8706504211085
19.9467969559916
20.0458062658361
20.1576909604973
20.2638490464653
20.3498018442249
20.4284764611021
20.5192852876802
20.6079866025029
20.7093761456235
20.8253266573778
20.9507810380775
21.0811594657456
21.230385105136
21.3829202971504
21.5544588485633
21.7149902936556
21.845552980155
21.9438721521999
22.0093167765044
999.99
999.99
999.99
999.99
999.99
999.99
999.99
999.99
999.99
999.99
999.99
18.8941876840414
18.6438697394814
18.5975054620189
18.5890713114513
18.6501824896116
18.7306238899498
18.8105395417859
18.9103163859092
18.9965589160535
19.0644551318528
19.1432529696259
19.2465974720768
19.3321085544453
19.4271326852031
19.5348719025401
19.6314793567545
19.6891112591981
19.7442763811357
19.7998489533532
19.8645865203629
19.9445895928483
20.0451043702531
20.1558966652287
20.2613442011956
20.3509238635715
20.4346299922872
20.5300693304855
20.6220948500086
20.725075367242
20.8341627926653
20.9471934604234
21.0654594960804
21.2069590769752
21.3580555017076
21.5385748469021
21.7161210174792
21.8666004931451
21.9831216853224
22.0630149835424
999.99
999.99
999.99
999.99
999.99
999.99
999.99
999.99
999.99
999.99
999.99
19.0811972722077
18.659146719257
18.6390177551027
18.6588232794606
18.7169045116008
18.7884780094933
18.8600944876152
18.9484712213584
19.0255910088923
19.0895768164995
19.1697574488686
19.2705447451325
19.3552055248622
19.4481901448555
19.5526782214556
19.6402820652623
19.6951570002306
19.7505975684553
19.8076523508014
19.873791111986
19.9604756411207
20.0668182992976
20.1823519032287
20.2935035351853
20.3925753141275
20.4840136586505
20.5827714317651
20.6732247470236
20.7703249907162
20.8658089882626
20.9615397748703
21.0642727379385
21.1960665847136
21.3453433957736
21.5312067662442
21.720553172464
21.8855796037508
22.0153718184252
22.1049077115405
999.99
999.99
999.99
999.99
999.99
999.99
999.99
999.99
999.99
999.99
999.99
18.4806863407596
18.654185859098
18.6656498105569
18.7105715425581
18.7724058937421
18.8406473201261
18.905349884818
18.9812215074401
19.0484504990895
19.1061968520835
19.1840140784544
19.282013509696
19.36821814065
19.4611152798905
19.563732865663
19.6474835627081
19.7042522072628
19.7621809089503
19.822332535299
19.8922800902559
19.9857564750247
20.0990432388555
20.2221046323195
20.342922514586
20.4542257010054
20.5544015227463
20.6540375105319
20.7389796523067
20.8252150411686
20.9044338956728
20.9823148415537
21.0707706226077
21.193734054696
21.3416733118194
21.5285504494676
21.7233864942841
21.8958819538327
22.0323671914218
22.1267452832932
999.99
999.99
999.99
999.99
999.99
999.99
999.99
999.99
999.99
999.99
999.99
18.2447314911182
18.6885169665797
18.7166267889688
18.7658997772944
18.8253687197537
18.8858245992723
18.9389091942099
18.9990051312917
19.054924319922
19.1054558613204
19.178606930212
19.2743437208287
19.3651426411143
19.4612343085818
19.5638545505951
19.6484945360753
19.7115503735507
19.7747042333962
19.8393148051895
19.9143079209611
20.012688882602
20.1307059084262
20.2596472983936
20.3895181607815
20.5130763530751
20.6227831980881
20.7231236588966
20.8026961535809
20.8774258727672
20.9404594910512
21.0013710680966
21.0766384753082
21.1900285510529
21.3356600086198
21.5206187681775
21.7162909287117
21.8911376747062
22.03000051794
22.1254630817161
999.99
999.99
999.99
999.99
999.99
999.99
999.99
999.99
999.99
999.99
999.99
18.4291703093654
18.7389592254826
18.7833613210345
18.8295950609007
18.877458653377
18.9250045691707
18.9644071011841
19.0087176071168
19.0536015616313
19.0975865619085
19.1646484206887
19.2594631738416
19.3558871356405
19.4571351443608
19.5613730842133
19.6506727260325
19.7192162321365
19.786885464927
19.8538950253864
19.9319310886801
20.0318933107588
20.1526717075584
20.2855155773578
20.4235315073912
20.5577861571279
20.6751408403129
20.7757423552076
20.8520432677852
20.9173873730904
20.9680734267782
21.0174507182755
21.0839691636632
21.188687318603
21.3315026579396
21.512564742111
21.7051756510196
21.8777066954932
22.0154298307408
22.1096926069026
999.99
999.99
999.99
999.99
999.99
999.99
999.99
999.99
999.99
999.99
999.99
19.0080676149247
18.8700443473567
18.8947470930094
18.9147428790054
18.9427352055494
18.9711583602301
18.993582439676
19.0238610314367
19.0594945370801
19.0965211566604
19.1569351237492
19.2508921347257
19.3496624838945
19.4546496472031
19.5617735788199
19.6571919391345
19.7300699742794
19.8016280420089
19.8683599537757
19.9453310018573
20.0421753524896
20.1626841629516
20.2964420281501
20.4404391935201
20.5833554078753
20.7067654258798
20.8063233449477
20.8806562087669
20.9395985733801
20.9826863169703
21.0265124271955
21.091673629812
21.1926546869967
21.3333595745221
21.5092415125994
21.6964596374202
21.8619900287776
21.9944952891342
22.086506487772
999.99
999.99
999.99
999.99
999.99
999.99
999.99
999.99
999.99
999.99
999.99
19.3307230861796
19.0490843345685
19.0282836682819
19.0091725366544
19.0120355014086
19.0181995360863
19.0244871283842
19.0446920018181
19.0738957653831
19.1066155145924
19.1619512159069
19.2515310428446
19.3479065107716
19.4536389599851
19.5625754383282
19.6634029167762
19.7421604685675
19.8178146946539
19.8836095485454
19.9578778197921
20.0487961855355
20.1651616235023
20.2959586938145
20.4414560755335
20.5877591823153
20.7140484673863
20.81189090136
20.8862630002645
20.9429647117185
20.9834107295648
21.0267350875029
21.0946206659929
21.1942008753659
21.3323052402452
21.5032789543834
21.6850765796207
21.8438896368121
21.9723445836001
22.0647524367256
999.99
999.99
999.99
999.99
999.99
999.99
999.99
999.99
999.99
999.99
999.99
19.3213371344103
19.2544464907943
19.1905990547655
19.1194991009295
19.0914387653391
19.0749506732673
19.0674996086915
19.0796113563255
19.1030499147426
19.1334349970024
19.1845380280804
19.2669059931051
19.3589989407826
19.4654154053828
19.5762793207697
19.6817584633111
19.7666693392139
19.8451603245677
19.908031497019
19.9764458849199
20.0575478443087
20.1635965405373
20.285434509829
20.4252495201653
20.5682461059374
20.6935548254149
20.7909208136074
20.8682465555116
20.9274623790545
20.9704305941284
21.0184792036455
21.0918798789032
21.1918764765076
21.3280240282969
21.4956188590642
21.6728703491474
21.8263482551012
21.9536331476128
22.0491176991377
999.99
999.99
999.99
999.99
999.99
999.99
999.99
999.99
999.99
999.99
999.99
19.4086877619734
19.3956420676368
19.3066870960037
19.2237040137792
19.1710104788255
19.1378018890286
19.1229522046881
19.1299196287136
19.1476891394822
19.1758954125906
19.2228601919323
19.2957985380859
19.3814737270282
19.4886106946581
19.6018225459338
19.7119730673763
19.8035251790533
19.8844541772534
19.9434232834088
20.0048119489547
20.0738659150435
20.1659130586433
20.2808212750036
20.4217853760312
20.5673171119486
20.6996035131961
20.8075846491262
20.8879906279542
20.9396276448909
20.9759414171949
21.0196098309802
21.0952708099601
21.1988415474744
21.3409716437064
21.5137756339619
21.6940086318912
21.8366923174059
21.9577461217552
22.051005936708
999.99
999.99
999.99
999.99
999.99
999.99
999.99
999.99
999.99
999.99
999.99
19.9728566182817
19.5806251524416
19.4088062685556
19.3133520719229
19.2474725546456
19.2070650916034
19.1910577218419
19.1947852743242
19.2061551311901
19.2307178354358
19.2724107589102
19.3349642674863
19.4149037569492
19.524499658299
19.6413054975906
19.7560191185438
19.8540224291485
19.9358806466709
19.9900755556929
20.0433239884675
20.0992393995155
20.175309598329
20.3035563877455
20.4634845797483
20.629147623795
20.7881313109012
20.9280484362119
20.9866194327908
21.0079764117962
21.0155374400503
21.0303375008076
21.0820493900383
21.1877053063379
21.3330875942987
21.5087606400076
21.6925382111237
21.8285994167384
21.9486638242229
22.0456428361906
999.99
999.99
999.99
999.99
999.99
999.99
999.99
999.99
999.99
999.99
999.99
19.6130931079503
19.6470956637472
19.490694539696
19.3908471509969
19.3231947374684
19.2838052482723
19.2707136303722
19.2711101667682
19.2745040131997
19.2940273773934
19.3289318663758
19.3806128600739
19.4571115840371
19.5704634718692
19.6897512255035
19.8083494331087
19.9120535385779
19.9921972999017
20.0414942840563
20.0878741269323
20.132001954159
20.191452735615
20.3315227612956
20.5055917772738
20.6855757468406
20.8659329459341
21.0413667033831
21.0831391438298
21.0798328288971
21.0648893803511
21.0566319503434
21.073724716557
21.1705032133803
21.3127440548308
21.4857953138681
21.6680788217846
21.8051004378143
21.9330113470915
22.0380983466827
999.99
999.99
999.99
999.99
999.99
999.99
999.99
999.99
999.99
999.99
999.99
20.0077743521158
19.6864120903915
19.5495614164468
19.4627365086416
19.3983897828903
19.3619582726822
19.3530270231594
19.3500914356074
19.3460334476633
19.3598207131167
19.3875434942947
19.4299361259609
19.5046010054723
19.6209749636619
19.741362939886
19.8639813984418
19.9718845629651
20.0496191702775
20.0950662852644
20.1357762486054
20.1684453632713
20.2109762024684
20.3619153870756
20.5478928757305
20.740771038891
20.9520578381816
21.1743653191889
21.2103106397105
21.1921691214876
21.1853483547681
21.1617365306907
21.1498738523455
21.2434978529889
21.3924888368068
21.530505725148
21.6912909252062
21.8112443867734
21.9291731501839
22.0223135388967
999.99
999.99
999.99
999.99
999.99
999.99
999.99
999.99
999.99
999.99
999.99
19.8527631219876
19.7228877700306
19.6169311896189
19.5553710897761
19.5101488459688
19.4688792732832
19.4542960970793
19.440023499206
19.4217095435527
19.4215825779459
19.4421608397011
19.4763833933496
19.5478602211633
19.6632347524413
19.7822726630365
19.9084510677984
20.0207569913709
20.0982595365772
20.1445774443012
20.1845530168671
20.2103087191149
20.2399109282606
20.4046869917027
20.6035318490581
20.8282789438587
21.0884680817348
21.3749441932126
21.4217942997494
21.4056092802582
21.3855195979301
21.3230808412428
21.2583061093092
21.3251721362557
21.4598471383622
21.561992607781
21.7032757378894
21.809750365958
21.9213328721203
22.0039996204453
999.99
999.99
999.99
999.99
999.99
999.99
999.99
999.99
999.99
999.99
999.99
19.5154453947137
19.7962573022947
19.7291580939412
19.6767860298411
19.6563490620829
19.6038653624561
19.5748330782109
19.5426245134848
19.5050260114262
19.4851373661544
19.4965795582442
19.5212076355996
19.5861828672616
19.6943807372427
19.8092930063239
19.9387099698696
20.0571522385888
20.1382366092674
20.1928295818119
20.2372723020806
20.2621986736304
20.2835399231541
20.4536136706971
20.6404428057767
20.8954271729587
21.1999366352761
21.5450150462281
21.6215769225424
21.6536616114712
21.6228725345045
21.5232009729224
21.3952478926651
21.4132272092862
21.497170022594
21.5467691805593
21.6561657811564
21.7615793792331
21.8779447375137
21.9632477494425
999.99
999.99
999.99
999.99
999.99
999.99
999.99
999.99
999.99
999.99
999.99
19.9591300762729
19.7751379207947
19.7998149786354
19.7871337489928
19.788965657755
19.724234895583
19.6826066202701
19.6369907999953
19.587939451603
19.5541487103361
19.561043908775
19.5753858370115
19.6305063163068
19.7251890235028
19.8315460934156
19.9604424183155
20.0916362477463
20.1846067812261
20.258344585475
20.3173912994322
20.3526402825303
20.3637957908234
20.4918258417446
20.6165620907579
20.8510479581647
21.1460067971825
21.500350870939
21.6540495428285
21.7868062867321
21.8012067105739
21.7250011271958
21.6004350600003
21.5834215704278
21.6281970823294
21.6313201834857
21.7085376304954
21.8029595474482
21.9091122924269
21.9758064928469
999.99
999.99
999.99
999.99
999.99
999.99
999.99
999.99
999.99
999.99
999.99
20.1690269360269
19.8302146344787
19.8749825165941
19.8885740488339
19.911260454807
19.8334148453778
19.7786586306743
19.7206217124479
19.6634222157484
19.6187773664225
19.6243113886338
19.6315502480756
19.6767425570764
19.7554988753754
19.8518541264135
19.9786798825989
20.1248835215134
20.2411072782796
20.3460004594959
20.4317545555546
20.4901186749432
20.4971835938768
20.578261834193
20.6372591255193
20.8467054401141
21.1259273399349
21.4727458128196
21.68826323911
21.9104076267479
21.9624125667555
21.9044057230409
21.808128569011
21.7876955645144
21.8155318096968
21.7881300527854
21.8454668136626
21.9185824899093
21.9941962653682
22.023489557342
999.99
999.99
999.99
999.99
999.99
999.99
999.99
999.99
999.99
999.99
999.99
19.691998501692
19.8776432451518
19.9549664803784
19.9801254476522
20.0264721175098
19.9398658602016
19.8726843998253
19.8020093581706
19.7363391448974
19.6812224451216
19.6860015149566
19.6946727132687
19.7372603997489
19.8070790514509
19.9000529508321
20.029775528113
20.1821090079526
20.3140288112713
20.442140259801
20.5472094296146
20.6229895483236
20.6288199434432
20.6671649844801
20.6667694163362
20.8564060121265
21.1020299872087
21.4192048643212
21.6726266174798
21.961620623289
21.9893285348984
21.9339832310791
21.8560041800704
21.8229517079327
21.8177770711969
21.8248126851367
21.9005028016423
21.9833416721579
22.057589125773
22.0825120194208
999.99
999.99
999.99
999.99
999.99
999.99
999.99
999.99
999.99
999.99
999.99
19.8121275154062
19.8764334920207
19.957729674823
19.9934412276927
20.0501101034334
19.9757117747514
19.915002906082
19.8489696293671
19.7894821630026
19.7380504527576
19.7424012540904
19.7556066770878
19.7994154362413
19.8650441362916
19.9577714207008
20.0900340942186
20.2438170462594
20.3871674224597
20.532763325604
20.6509663304886
20.740408796627
20.7454187590356
20.7418814492762
20.6872602026485
20.8264906576881
21.0085424781177
21.2628416027893
21.5202391041689
21.8401229958067
21.884274877119
21.8722825037796
21.8575746220418
21.859046429488
21.8656645517642
21.9137518560825
22.0102836970286
22.0992395737459
22.1618538924739
22.1731845058455
999.99
999.99
999.99
999.99
999.99
999.99
999.99
999.99
999.99
999.99
999.99
19.8361741221741
19.7968731247623
19.8729620610519
19.9256918091472
19.9841510756951
19.9394197461424
19.9046828264037
19.861368169501
19.8229623562229
19.7871875776634
19.7943359023862
19.8154228527892
19.8654012229031
19.9339256338745
20.0297285244818
20.1627196935786
20.3121656379622
20.4600614715665
20.6134146734907
20.7381673574996
20.8361320081508
20.8452243161885
20.8106637552784
20.7244147051608
20.7962736534942
20.9040108812626
21.0719541975868
21.2999967789548
21.5998307902993
21.686800136864
21.73719764855
21.8175532707172
21.8874613271494
21.9533385069671
22.0512076492691
22.1750111314093
22.2620947462204
22.3056383522642
22.2865224770118
999.99
999.99
999.99
999.99
999.99
999.99
999.99
999.99
999.99
999.99
999.99
19.875473527376
19.7209826252351
19.7942816478989
19.8516856365244
19.9118328601082
19.8968230083718
19.8869326041503
19.8654171419704
19.8432045343242
19.8194148142037
19.8283282617005
19.8618700821232
19.9224363877646
20.001791079311
20.1060540051205
20.2415486957754
20.3700731928104
20.5060078455686
20.6470261758948
20.7605180011625
20.8505158859918
20.8754837071414
20.843530936615
20.7645960061758
20.8089686810821
20.8901034638347
21.0097442322936
21.1904681514201
21.4419156887253
21.5368933947524
21.5984336166722
21.7104726844669
21.8268059011077
21.9386326844726
22.0822191554763
22.2397749825342
22.3425718332088
22.3815373684751
22.3494123045804
999.99
999.99
999.99
999.99
999.99
999.99
999.99
999.99
999.99
999.99
999.99
19.4764937444798
19.6628946386706
19.7157518909309
19.7728865647068
19.8358071315392
19.8530644471994
19.8721208190794
19.8694137736665
19.8564900636082
19.8392961413132
19.8465236394809
19.8890812526031
19.9630467463071
20.059898669555
20.176536694718
20.3152193379829
20.4142294426878
20.5146542777731
20.6186710769875
20.6985322097514
20.7590852756151
20.8018427636709
20.7985060667258
20.7572533742918
20.8108519305782
20.9029627828727
20.9986359994497
21.1484293794603
21.3525540864839
21.4382474067918
21.490989884638
21.604492416028
21.7301324281432
21.866970499753
22.054870575996
22.2506604953184
22.3858953417053
22.444291575343
22.4191094683175
999.99
999.99
999.99
999.99
999.99
999.99
999.99
999.99
999.99
999.99
999.99
19.2997820782908
19.6184673639011
19.6389634738365
19.6904712206221
19.750273376364
19.7946291296529
19.8405656730011
19.8567857873343
19.8534558339476
19.8442642652863
19.8530820556444
19.8938301462582
19.9718234957606
20.0745564047253
20.190257765829
20.318903731795
20.4040310508738
20.4840540031701
20.5688053633322
20.6355611313016
20.685124150768
20.7466670255511
20.7709450192016
20.7638932882372
20.8223470028868
20.92891079551
21.0144509879795
21.1514555859364
21.3288057990597
21.4427208938619
21.5038811092756
21.6203830699447
21.7552589321114
21.9218614077929
22.1263450102931
22.3479693653144
22.5133904183349
22.5838261394075
22.546207558064
999.99
999.99
999.99
999.99
999.99
999.99
999.99
999.99
999.99
999.99
999.99
19.5634852306037
19.566689864811
19.5715991860614
19.6090117437605
19.7490363000907
19.8122704410744
19.8680998583504
19.8871896284239
19.8975443616636
19.8000407966811
19.778767289981
19.8379548831261
19.9478241344887
20.0542880082187
20.1901410110522
20.316963992169
20.3651633106751
20.4220620607488
20.4857949301088
20.5221423017621
20.5976926685803
20.6808251453128
20.713333726559
20.8732758999592
20.9306909383363
21.1083696856684
21.3342133379899
21.4497260929635
21.4517547260314
21.5942530171968
21.5805285142794
21.5470389420045
21.690524652089
21.9074284779762
22.1822139827282
22.4989746001272
22.764324658342
22.9150122295737
22.8592967382005
999.99
999.99
999.99
999.99
999.99
999.99
999.99
999.99
999.99
999.99
999.99
19.6475459355459
19.5739754093059
19.561448000295
19.5931068524435
19.714702067385
19.7986927391922
19.849368873667
19.866730288897
19.871459929667
19.7710152515991
19.7807073884232
19.8408653892325
19.9723077594368
20.0830381076789
20.2259032417968
20.2820264148046
20.3041174035521
20.4125261800109
20.5022498336224
20.5291350886638
20.609855609818
20.7089728337909
20.7440851253803
20.8816472204675
20.9609176876939
21.1243615284002
21.3551359697452
21.3703531980998
21.4973381141326
21.6829444400459
21.7349549510975
21.6984580272758
21.8711778014367
21.9676314958194
22.2620555578008
22.6300546439768
22.9903999997111
23.1638777178529
23.1001884375988
999.99
999.99
999.99
999.99
999.99
999.99
999.99
999.99
999.99
999.99
999.99
19.6251306863223
19.4702647480278
19.3700620666596
19.492229789181
19.5609745639571
19.3653796853553
21.7927842210058
19.7952114390965
19.6748813143883
19.5014686017299
19.5889030842689
19.4751449034898
19.0668625679392
20.3395955875329
20.6303237099718
20.0826487724432
20.5179027507529
19.745120759612
20.0638113137347
20.7473224269909
20.2891155909518
20.3268421547481
20.8389415559276
20.6377206610656
20.7197084181789
24.0009414136387
20.4411363862618
22.8145271669408
24.6414075118531
20.969931785048
20.7907099325763
21.5215933411433
21.3926177202588
21.6155054929585
21.9297647052908
22.6667540784652
24.2264864609259
24.65246
24.65246
999.99
999.99
999.99
999.99
999.99
999.99
999.99
999.99
999.99
999.99
999.99
999.99
999.99
999.99
999.99
999.99
999.99
999.99
999.99
999.99
999.99
999.99
999.99
999.99
999.99
999.99
999.99
999.99
999.99
999.99
999.99
999.99
999.99
999.99
999.99
999.99
999.99
999.99
999.99
999.99
999.99
999.99
999.99
999.99
999.99
999.99
999.99
999.99
999.99
999.99
999.99
999.99
999.99
999.99
999.99
999.99
999.99
999.99
999.99
999.99
