999.99
999.99
999.99
999.99
999.99
999.99
999.99
999.99
999.99
999.99
999.99
999.99
999.99
999.99
999.99
999.99
999.99
999.99
999.99
999.99
999.99
999.99
999.99
999.99
999.99
999.99
999.99
999.99
999.99
999.99
999.99
999.99
999.99
999.99
999.99
999.99
999.99
999.99
999.99
999.99
999.99
999.99
999.99
999.99
999.99
999.99
999.99
999.99
999.99
999.99
999.99
17.3224121805411
17.511936110734
17.4134305457093
17.605737054467
17.4083204653135
17.3048754912657
17.5119241066715
17.7757416876581
17.912610615865
17.8644290993559
17.7302784942506
17.6576025209788
17.4909057423413
17.7280538720539
17.7356568103467
17.7710630219567
17.6046546500344
17.9243972829339
17.8047529903314
17.9399618786169
17.8286560729244
17.9404673062129
17.6754750541754
17.9959974458372
18.2734177237784
18.2588484446255
18.2638484044024
18.0290761095273
18.6963298210774
18.6963298210774
18.6963298210774
18.6963298210774
18.6963298210774
18.6963298210774
18.6963298210774
18.6963298210774
28.4873666731999
18.5594676179415
18.4737126516534
999.99
999.99
999.99
999.99
999.99
999.99
999.99
999.99
999.99
999.99
999.99
17.2983099964302
17.4244381762996
17.4261487458008
17.4409525278482
17.4499778117582
17.4968169356616
17.5430197652731
17.605537476766
17.6527179996494
17.6758840613736
17.6611840693284
17.6338557992522
17.6132328571878
17.6376713191165
17.6656992659939
17.7398382294208
17.823970886141
17.9010612604331
17.9456453429493
17.993149076654
17.9916972732763
17.9999401426564
18.0457806983604
18.1085637114426
18.193250344935
18.2999198094753
18.44431413347
18.5360643642665
18.6155873905673
18.6720894759221
18.7176472995944
18.7051766758357
18.7534737875745
18.8039030419
19.6371432590669
19.6849305742598
19.71404843146
19.6653490260964
19.6115659204841
999.99
999.99
999.99
999.99
999.99
999.99
999.99
999.99
999.99
999.99
999.99
17.2861306419094
17.4324021874212
17.4233238360227
17.4398391540371
17.4533108506147
17.4882376297248
17.5263822914957
17.572782648455
17.6116181333186
17.6293908895599
17.6272468453173
17.6201827769985
17.6107382947806
17.6292521054956
17.6640247140139
17.7314022415896
17.8011810506981
17.8948424446918
17.9632382684358
18.0238786338071
18.048353147452
18.0846961859511
18.1274976327818
18.1953155167564
18.2831042932428
18.3829067031107
18.4963035219124
18.5808599616339
18.6442823304311
18.6831203622303
18.7167145493343
18.717757421078
18.7662304271983
18.8193741127235
19.2630496444649
19.3098171367623
19.3463713825402
19.2951330800082
19.2363002122948
999.99
999.99
999.99
999.99
999.99
999.99
999.99
999.99
999.99
999.99
999.99
17.4275873015873
17.4286075483355
17.4114301575302
17.4321941844313
17.4461546490972
17.469422717699
17.4991160652927
17.5305340001066
17.555611925161
17.5689898099951
17.5794368175118
17.5804011338619
17.577777042447
17.6024681036896
17.6544513108601
17.7243369012628
17.8154241051484
17.9283325992441
18.0151081903689
18.0755709375125
18.1193586185559
18.1551870414368
18.1901421479973
18.2518003614576
18.3443637565678
18.4493270638425
18.5526713577583
18.6381578131858
18.6963656775001
18.7240854955419
18.7338406604886
18.7391074147162
18.7897461954298
18.8462489494673
18.8998318422832
18.9529007786845
18.9938950026229
18.9375359316745
18.871576785768
999.99
999.99
999.99
999.99
999.99
999.99
999.99
999.99
999.99
999.99
999.99
17.4252072265713
17.4333243853528
17.4102727941864
17.4245103471389
17.4328832359634
17.4510826258269
17.4752640099834
17.4986237086297
17.5192985453781
17.5308421005462
17.5414516707275
17.5447191024015
17.5478382034622
17.5785759358416
17.6382704800143
17.7178300262207
17.8206363782695
17.9442366947189
18.0396207041619
18.1057841115452
18.1535959454589
18.1900803207345
18.2216271365298
18.2805878297555
18.3700692142042
18.4702612216065
18.568643027517
18.6554117156122
18.7127749871132
18.7412255658377
18.753149261628
18.7647857775625
18.7883350871173
18.8186967350628
18.8429421258244
18.8644594656976
18.8674542817735
18.8344525755251
18.7921838934011
999.99
999.99
999.99
999.99
999.99
999.99
999.99
999.99
999.99
999.99
999.99
17.3247426228437
17.4405604719516
17.4152616362852
17.4195014247911
17.4199501381748
17.4324168897885
17.4505175323381
17.4665677107119
17.4844588051479
17.4976993217069
17.5107912199935
17.519161767356
17.529130514279
17.565326002217
17.6309557063852
17.7166978235878
17.8267098259596
17.9579246034595
18.0598130199476
18.1289242034924
18.1800062141213
18.2161525490404
18.2421190649279
18.2957529081173
18.380982744285
18.4746621257127
18.5680475334939
18.658194493359
18.7191834145432
18.7522426138203
18.7711278270094
18.7918489722392
18.8048279598303
18.8238202418917
18.8327707192491
18.8354862636034
18.8166631671489
18.7925134987624
18.759357450565
999.99
999.99
999.99
999.99
999.99
999.99
999.99
999.99
999.99
999.99
999.99
17.3728000739098
17.4497916058221
17.4200132738942
17.4136046718492
17.404309423292
17.4095762240912
17.4224281967075
17.4330277569567
17.4508194430824
17.4698764059981
17.4891395125755
17.5052112691302
17.5248782259187
17.5664317210963
17.6340602984549
17.720980982142
17.8316738339952
17.9633937968596
18.0681992768645
18.1393360515491
18.1941889734115
18.2318488537839
18.2543996495964
18.3019714537826
18.3817842700617
18.4660677251169
18.5523340693291
18.6422957130535
18.7075771338169
18.7465728075098
18.7754667061984
18.8076269610956
18.8294266809682
18.8532433092737
18.8954667792496
18.9306071866939
18.9421015002885
18.9573464285308
18.9646722961069
999.99
999.99
999.99
999.99
999.99
999.99
999.99
999.99
999.99
999.99
999.99
17.4406396116466
17.4603599348785
17.4268573931419
17.4093049100217
17.390915136588
17.3891684453587
17.3983179973166
17.4061409117484
17.4254296805878
17.4518022271687
17.4801213675758
17.505825892993
17.5351379590281
17.5799064110309
17.6444966756988
17.7253056450471
17.8282450456965
17.953990337964
18.0582789847242
18.1307008403864
18.1895386815651
18.2291955084297
18.2482578498523
18.2903018239165
18.3645075580118
18.4399743453275
18.5224212802816
18.6153661188036
18.6868383645692
18.7344757305036
18.7766794857773
18.8201111345825
18.849726745265
18.8761244639725
18.9510220693399
19.0172728956812
19.061361999704
19.1198301847448
19.1736371926397
999.99
999.99
999.99
999.99
999.99
999.99
999.99
999.99
999.99
999.99
999.99
17.5712390002564
17.4785876270001
17.441071587059
17.4110437015169
17.3840716385188
17.3753846708314
17.3805650081195
17.3858125441597
17.4065425904718
17.441154637549
17.4805146337876
17.5172162041223
17.5563427846385
17.6030856431925
17.6608089760627
17.7292562570819
17.8180261925641
17.9318207965979
18.0310379793088
18.1025398348341
18.1648428005799
18.2082127589357
18.2301744665749
18.2748624539569
18.3517821463796
18.4258662032765
18.509392670606
18.6028824501031
18.6750835881557
18.7245635447494
18.7741506973106
18.8225018160797
18.8565472281563
18.8834894815208
18.9916495092474
19.0909414431107
19.1729201427576
19.2804722530217
19.387208666659
999.99
999.99
999.99
999.99
999.99
999.99
999.99
999.99
999.99
999.99
999.99
17.598382076112
17.5075457057531
17.4559182074021
17.4139492513122
17.379669672037
17.3652252348654
17.3669857062064
17.3705876528066
17.3930863481803
17.4347337695943
17.4842827717754
17.5311344768078
17.5790579641279
17.6271386247545
17.677502658072
17.73220343912
17.8045962802458
17.903019942551
17.9937600846251
18.0621469518105
18.1273488043443
18.1782522848067
18.2108141984188
18.2669288548728
18.3555448055489
18.43575224971
18.5219780698713
18.6135853150229
18.6824578836055
18.7269834825183
18.7764257198474
18.8233561909794
18.8550939776607
18.8765489455574
19.015936755442
19.1489410862815
19.2724647767594
19.436163882061
19.6030942862139
999.99
999.99
999.99
999.99
999.99
999.99
999.99
999.99
999.99
999.99
999.99
17.5719764407928
17.5338614681657
17.4761106414436
17.4230592923086
17.3840220257674
17.3651429274882
17.3646636184539
17.3677418813387
17.3907194197394
17.4356547299013
17.4907642033951
17.5425667431146
17.5955856181632
17.6438097318693
17.6868755373031
17.7304097826338
17.7881988287159
17.8707054445496
17.9512319044255
18.0175498971417
18.0869741419079
18.1496774351493
18.1983113120581
18.271755035337
18.3751378725885
18.4630048611767
18.550242984937
18.6371063325134
18.6984701796039
18.7335142979946
18.7777411262956
18.8199582711322
18.8478410972648
18.8636817305597
19.0364578854177
19.2069603435869
19.3731929493909
19.5938803877051
19.8217434969008
999.99
999.99
999.99
999.99
999.99
999.99
999.99
999.99
999.99
999.99
999.99
17.6192301587302
17.556548705061
17.4943669457674
17.4429168833463
17.4009917527019
17.3796366000693
17.3768169241739
17.3804047422003
17.4024610742246
17.4470014975067
17.502277479705
17.554476099189
17.6074544372199
17.6545028734516
17.6916059082096
17.7272464810429
17.7740383038637
17.8435897562521
17.9137891605631
17.9786212943791
18.0525997567104
18.1276621488393
18.1923199737324
18.2835342075335
18.4000605330512
18.495240599981
18.5824481215697
18.6656945066512
18.7198431828711
18.7452323805339
18.7822944874039
18.8175659422751
18.837991435756
18.8468457323945
18.9882525414994
19.1267525773072
19.2657923228615
19.4552578243591
19.6547484945041
999.99
999.99
999.99
999.99
999.99
999.99
999.99
999.99
999.99
999.99
999.99
17.7226955266955
17.589884712509
17.5266358323935
17.4808402356315
17.4355016427127
17.4101890937883
17.4012777008296
17.4019419948805
17.4215375970145
17.4626701448929
17.513658571316
17.5629325312452
17.6142124265391
17.6606327143931
17.6959791038217
17.7301582594452
17.7727254261777
17.8337823943994
17.8950641848076
17.9585023045132
18.0367362699674
18.1247684735705
18.205857790127
18.313765356162
18.4409121366771
18.5405107839235
18.6226919368623
18.6988019737377
18.7441247414088
18.7590224200054
18.7868220384407
18.8140911649259
18.8257704846226
18.8278027370437
18.9358961773969
19.0415793787673
19.1516766858366
19.3073539711233
19.4738654474164
999.99
999.99
999.99
999.99
999.99
999.99
999.99
999.99
999.99
999.99
999.99
17.6091767500792
17.6455715796331
17.5816885774798
17.536689122836
17.4886202713877
17.4590021309207
17.4432040166548
17.4395924448882
17.4555676432717
17.4909419024062
17.5336970598711
17.5760136230183
17.6231302891147
17.668984342607
17.7065248312834
17.7467082619849
17.7930700094196
17.8524228234792
17.90972815836
17.9744606750263
18.0570040329946
18.1562867545586
18.249426549338
18.366163618894
18.4940093890225
18.589942656124
18.6606989341939
18.7267560731004
18.7641557130598
18.7721191699174
18.7923252730582
18.8128862880641
18.8167297230199
18.8130092702303
18.8867336172224
18.9583819967481
19.0370607513803
19.1546095266539
19.2822725623771
999.99
999.99
999.99
999.99
999.99
999.99
999.99
999.99
999.99
999.99
999.99
17.5970702998125
17.7190529906562
17.6598768474488
17.6128068883253
17.5637866955246
17.5304560600017
17.5083441804176
17.5011798036819
17.5131546633044
17.541831090728
17.5739963392566
17.6066757075778
17.6476829054532
17.6922800186997
17.7350145130061
17.7871959568713
17.8438436462221
17.9073359735758
17.9650959989458
18.0314933299987
18.1148774593006
18.2188478579167
18.315576417061
18.4308414128533
18.5487386042622
18.6336320412148
18.6894540273556
18.7441895537738
18.7758572314886
18.782689240841
18.7996664595132
18.8167941000285
18.8166401762997
18.8101177513675
18.849041699402
18.8857687400759
18.9300718256728
19.0034527196443
19.0855860443856
999.99
999.99
999.99
999.99
999.99
999.99
999.99
999.99
999.99
999.99
999.99
17.7818975142164
17.79766720416
17.7407074490118
17.6983622485024
17.6510098278001
17.6154368816687
17.5875160654682
17.5775747629361
17.587605224698
17.6100331063438
17.6334047660029
17.6594568418787
17.6963678784441
17.7402640883453
17.791615607168
17.8577960133763
17.9269519262386
17.9964983642687
18.0556396967854
18.1191386237839
18.1967557461798
18.2955416105591
18.3876225269589
18.4937061122352
18.5970308232402
18.6699436671887
18.7140270748822
18.760472765711
18.7919434795526
18.8046550430239
18.8226313766322
18.8382651913864
18.8347472414711
18.8233349431421
18.8225537298816
18.821089482392
18.8285298956536
18.8544675417283
18.888234657155
999.99
999.99
999.99
999.99
999.99
999.99
999.99
999.99
999.99
999.99
999.99
18.0247268604411
17.8675351841533
17.8221147917484
17.7872420641074
17.7445692009363
17.7084760014875
17.6768859779255
17.6649500128906
17.6744868584208
17.692550243773
17.710532553881
17.7321999511752
17.7668709563493
17.8098522505309
17.8700715666784
17.9494618028693
18.0317594034989
18.1082468015822
18.1698043862524
18.228242330704
18.2958747971029
18.3829635126922
18.4650303431884
18.5580397975408
18.6451430270785
18.7071852773272
18.7431554574878
18.7847547263783
18.8204823040029
18.8445126014187
18.8666780554016
18.8823409665912
18.8759647711486
18.8571917808389
18.8446835719409
18.8371881283753
18.8405598605306
18.8605914551238
18.8890779968989
999.99
999.99
999.99
999.99
999.99
999.99
999.99
999.99
999.99
999.99
999.99
18.015645939233
17.9275980184684
17.8946541400291
17.8683303157703
17.8353112045613
17.8045560015204
17.7762878716617
17.7674926122938
17.7787942956615
17.7953166887029
17.8096987210576
17.8266310589378
17.8574856311112
17.8971224224016
17.9616810936791
18.0502538149439
18.1437308527398
18.2273360213692
18.2931167471067
18.347609719752
18.4042583713451
18.4750926817322
18.5431736060898
18.6208184454359
18.6926447207727
18.7475629942391
18.7829058202251
18.8256178451433
18.870128841183
18.9074604427645
18.9337073939354
18.9476777128793
18.9375805373141
18.9093365406767
18.8845473241953
18.8715799288481
18.8712614959122
18.8846660669318
18.907790410517
999.99
999.99
999.99
999.99
999.99
999.99
999.99
999.99
999.99
999.99
999.99
17.8821041977767
17.9648117145465
17.9492040693378
17.940573975777
17.921331261257
17.9002261111611
17.8790911215477
17.8755598255111
17.8898268150361
17.9064885293834
17.9195849598289
17.9333816288118
17.9605120959655
17.9949083888911
18.0585308247446
18.1488073803561
18.2474037421489
18.3354788962933
18.4049906461972
18.4564751104903
18.5042433036923
18.5593765079606
18.6132533418767
18.6773986715377
18.7384718501799
18.7915260870299
18.8336677398736
18.8841664603506
18.9408593324974
18.9917322341021
19.0208206865
19.0305011090631
19.0135790018841
18.9729671676433
18.9342626549564
18.9155811661208
18.9110571848352
18.9184919131678
18.93741049125
999.99
999.99
999.99
999.99
999.99
999.99
999.99
999.99
999.99
999.99
999.99
17.874728034451
17.9778813708078
17.9831109946078
17.9969802448256
17.9911695552666
17.9803389579485
17.966910574458
17.9682031880243
17.9864219978957
18.0057091739589
18.0207087382362
18.034177817309
18.0585698867715
18.0871003947797
18.1447479942334
18.2287536080285
18.3255519912904
18.4142165514471
18.4859965137327
18.5370789947405
18.582027920762
18.6272325750044
18.6715943970999
18.7274444356597
18.7845392474498
18.8403330618654
18.8942594588272
18.9893693712114
19.0909517422723
19.1834602543719
19.2445964527626
19.2787681771289
19.2190395889756
19.132656743362
19.0483242164375
18.9920930375868
18.9521789050539
18.9558433051779
18.9718257104779
999.99
999.99
999.99
999.99
999.99
999.99
999.99
999.99
999.99
999.99
999.99
17.8336915672403
17.9802016225195
18.0045474366348
18.0351450905672
18.0416957007111
18.0416865395525
18.0378332733916
18.0447968797972
18.0673048559677
18.0914502761412
18.1091093084996
18.1217291713713
18.1425274720003
18.1645650549055
18.2119889957012
18.2856373540683
18.3767126392245
18.4639735596684
18.5385623157046
18.594414169935
18.6439736398262
18.6881016086882
18.7296257497329
18.7819508497995
18.8377504487606
18.8955917119579
18.9588207694586
19.0953345596417
19.234998584508
19.3620353544614
19.4509809649771
19.5068895490827
19.4045569205691
19.2777291509702
19.1529919043327
19.0621822540141
18.9895790809934
18.991953888792
19.0053461360524
999.99
999.99
999.99
999.99
999.99
999.99
999.99
999.99
999.99
999.99
999.99
17.8748166332313
17.9839858820842
18.0160476581015
18.0523478815003
18.0703089529079
18.0821278568851
18.0901893727935
18.1048494316224
18.1337588756656
18.1644357506319
18.1855018334813
18.1985063383166
18.2166650015563
18.2332119685965
18.2695311884292
18.3309531327705
18.4118046148909
18.4936630081495
18.5684191641827
18.6300825756755
18.6882975549167
18.7382282832305
18.7834069714822
18.8368401156359
18.8952847457396
18.9549876550736
19.0253728929836
19.200385619855
19.3739925138954
19.5296396332201
19.6444683833958
19.7220761804076
19.5787566532848
19.4157685990994
19.2550791693698
19.1306302179805
19.0252102566987
19.0262505437571
19.0358934041567
999.99
999.99
999.99
999.99
999.99
999.99
999.99
999.99
999.99
999.99
999.99
17.9222815512014
17.9668408060361
18.0087304276372
18.0477311546284
18.0730210201192
18.0937762602833
18.1126685286621
18.1362703007269
18.1753081008284
18.2165037399339
18.2469193381876
18.2667082513739
18.2870303862464
18.3015019473836
18.3290112628793
18.3769375366648
18.4434491309645
18.5152983975611
18.5856737982272
18.6508259059498
18.7189723686629
18.7799576778195
18.834868774626
18.8950355790632
18.9587063986887
19.0185493332757
19.0904087376033
19.2971230907019
19.4974020202946
19.6773064600491
19.8183865343572
19.9212740139033
19.7404796534948
19.5460966304734
19.3527619017506
19.1949693250367
19.0552769692237
19.0555810241375
19.0622061737468
999.99
999.99
999.99
999.99
999.99
999.99
999.99
999.99
999.99
999.99
999.99
17.9525878119171
17.9384384979847
17.9845275365394
18.0200270431972
18.0483352843128
18.0753887659713
18.1049886527958
18.1409513792781
18.1951738211851
18.2527636881012
18.2993231891049
18.3324938809633
18.3597162707305
18.3755696071128
18.397136816647
18.4327447644133
18.4835352978251
18.5420422011842
18.603913210161
18.6687342905799
18.743839730865
18.8161460125154
18.8838532941695
18.9539237712422
19.0241021025274
19.0828110301452
19.1506348232683
19.3819501681388
19.602965704912
19.8038145682593
19.9719448031814
20.1047405635058
19.8917962796473
19.6713192675695
19.4502565819783
19.2618944366723
19.0897532178517
19.0914432760309
19.0967947532776
999.99
999.99
999.99
999.99
999.99
999.99
999.99
999.99
999.99
999.99
999.99
17.8631479177037
17.9049548812029
17.9467329124596
17.9782648140338
18.0096944885617
18.0433713158826
18.0851644311534
18.1358871703409
18.2079072386838
18.2852686464043
18.3530196388816
18.405101571439
18.4450154693763
18.4668933829806
18.486083178718
18.5108668585855
18.5444746752999
18.5854280948499
18.6333355687956
18.691379828981
18.7668064472245
18.8460067146286
18.9255536204869
19.0055659679469
19.0811823158766
19.1391150547541
19.2018358514844
19.3900883099408
19.5660158008843
19.7260679512099
19.8587452189892
19.9607611512308
19.7857308379575
19.6080745641651
19.4269499215412
19.2755512465251
19.1371364893977
19.1407412661421
19.1450441975259
999.99
999.99
999.99
999.99
999.99
999.99
999.99
999.99
999.99
999.99
999.99
17.8175232941662
17.8649729308978
17.9043234128523
17.9328860196027
17.966580144091
18.0058268620219
18.0585774742025
18.1230560557652
18.2125870522568
18.3117351116555
18.405844593456
18.4827099663769
18.5415786127651
18.5745908123076
18.5943490730849
18.6070122833136
18.6210912550439
18.6408112398074
18.6690229393614
18.713168161399
18.7822147684551
18.8621513288465
18.9492553615599
19.0389922630144
19.123467804651
19.1863494743798
19.2497565026699
19.4018953009026
19.5397761346367
19.6625491177549
19.7634611936196
19.8379613978051
19.7008958791491
19.5628588106317
19.4219661424765
19.3071358045398
19.20238683029
19.2077659692046
19.2122053194175
999.99
999.99
999.99
999.99
999.99
999.99
999.99
999.99
999.99
999.99
999.99
17.8035739299415
17.8214093611422
17.8603293863419
17.8917469625192
17.9256958861474
17.9677265388486
18.0283649229404
18.1037070221083
18.2088104793735
18.3303872390003
18.4534427070841
18.5577186735073
18.639181192605
18.6862275442301
18.7077585794256
18.7081811302003
18.7035191346939
18.7022925073439
18.7099823678189
18.7375715849251
18.7962251961258
18.8721009301054
18.9622007635217
19.0602669782062
19.15211995944
19.2217367380985
19.2857441419292
19.4008162849064
19.4977883880669
19.5846145836923
19.6536981222429
19.7037006752523
19.6087646366753
19.5148050427438
19.4176494940414
19.3443570721156
19.2773767906388
19.2872808446181
19.2942695773732
999.99
999.99
999.99
999.99
999.99
999.99
999.99
999.99
999.99
999.99
999.99
17.807947260057
17.7930416951959
17.825287440751
17.8601611841461
17.8938733506333
17.9372280304569
18.0032558957861
18.0856288653101
18.201533750217
18.3415847387551
18.489676849288
18.6183999949667
18.7228420894446
18.7861245493247
18.8122531847709
18.8050437046918
18.7867611887248
18.7689490962078
18.7595821664624
18.7716357520585
18.8177276552993
18.8858382865389
18.9723431762322
19.0710964991156
19.1647196435551
19.2473109113103
19.3190430656488
19.4073942907283
19.4759001422326
19.5393776826007
19.5713037386897
19.591723147799
19.5340336139842
19.4788871052448
19.4197866937046
19.3893524117221
19.3614870769349
19.3745053102895
19.3813171569191
999.99
999.99
999.99
999.99
999.99
999.99
999.99
999.99
999.99
999.99
999.99
17.6959598900906
17.7880083213767
17.8112726197968
17.839428750161
17.8725709899339
17.9166217946406
17.985937196941
18.0711794973957
18.1916863259186
18.3435976854673
18.5092531554523
18.6564985157109
18.7818136193446
18.8628448651787
18.8968170564728
18.8876273714694
18.861867805476
18.8334182005648
18.8122405756828
18.8122940781192
18.8472826386714
18.9068623229689
18.9849916350725
19.0773638936543
19.1662269440912
19.2566692619017
19.3336366963667
19.3961109826204
19.4392857665149
19.4826061621138
19.4810789344162
19.4742640342629
19.4560760519378
19.4409068151983
19.4205485855875
19.4304391077319
19.4390243344612
19.4510699525388
19.4541163578308
999.99
999.99
999.99
999.99
999.99
999.99
999.99
999.99
999.99
999.99
999.99
17.6366226676923
17.7924372518026
17.8088800282982
17.8270106562999
17.8573544284431
17.8999939936709
17.9697984527284
18.0560818064407
18.1772970838365
18.3344301726004
18.5094039280906
18.667309042612
18.8062861117657
18.9023098968071
18.9462629588334
18.9418230936034
18.9174500814738
18.8886379752635
18.8652402201943
18.8614502669087
18.8902997488004
18.9444229567351
19.0124886115993
19.0939326644081
19.1717497644447
19.2628581926158
19.3376565835889
19.402959599754
19.4515457188797
19.5052075734889
19.5037588586893
19.5037626758255
19.4930880044523
19.4844291359567
19.4703402658041
19.4850806614611
19.4945868683584
19.5034699633213
19.503509193018
999.99
999.99
999.99
999.99
999.99
999.99
999.99
999.99
999.99
999.99
999.99
17.8989978254421
17.8066365582971
17.8081466759032
17.8197261588468
17.8456979347053
17.8854630402033
17.9543263065069
18.0417605643265
18.1623359509909
18.3191122406303
18.4943233926992
18.6540286396442
18.7981790906657
18.9044990758422
18.9600452371735
18.9690016312077
18.9562089361268
18.9376719665116
18.9228531083686
18.9242871788427
18.9521711838384
19.0040564389741
19.0625767037717
19.1289783381799
19.1884035439731
19.2725029278599
19.3371006901608
19.3977571058319
19.4469330406018
19.5082975026519
19.5034362364977
19.5103011181039
19.5078070810877
19.5060352810409
19.4971431855978
19.5159522473622
19.5205952969937
19.522639833974
19.518551816847
999.99
999.99
999.99
999.99
999.99
999.99
999.99
999.99
999.99
999.99
999.99
17.9785559678417
17.8252259299061
17.8125375279787
17.8158517890089
17.8371006939619
17.8738472069228
17.9406453742754
18.0288698715704
18.1468376055558
18.2977718032433
18.4657362606079
18.6199774985341
18.7625146439761
18.8755595751723
18.9447240443832
18.9731167456039
18.9799153220392
18.9799515627532
18.9822396838898
18.9963699734987
19.029380603127
19.0824319469602
19.1328535742486
19.1817888677178
19.2204389483975
19.29269651907
19.3458769307396
19.4021773045753
19.4545840725842
19.5203742447794
19.5085045188494
19.5130738943358
19.5078924596263
19.5009449781559
19.4889652576359
19.505194996606
19.5019867833312
19.4971204719102
19.4911965660702
999.99
999.99
999.99
999.99
999.99
999.99
999.99
999.99
999.99
999.99
999.99
17.8848292029302
17.8310843118883
17.8187561383822
17.8135221256096
17.8306155410161
17.8645577660656
17.9282193070222
18.0163640265215
18.1301826627535
18.272016221714
18.4288234416926
18.5739855526724
18.7100280957655
18.8253183539956
18.9061185222776
18.9535477868196
18.981305628676
19.0025339977986
19.0253351609796
19.0565849371383
19.0997674046253
19.157118903601
19.2037096614489
19.2399243742786
19.2610316905866
19.3062025744257
19.3340291888651
19.3692199608443
19.4060310860667
19.4537225446438
19.4434489031865
19.4553344835063
19.4589088952805
19.4580804634089
19.458581160789
19.4763354188506
19.4646447032549
19.4521219356561
19.4466734135582
999.99
999.99
999.99
999.99
999.99
999.99
999.99
999.99
999.99
999.99
999.99
17.8184842954181
17.8270924743836
17.8117670721984
17.808643264692
17.8223452887191
17.8532162065181
17.912535140562
17.9993074976723
18.1077339965153
18.2383912940535
18.3822944979598
18.5167858538608
18.6436464420934
18.7577811318108
18.8482210010732
18.9133460549381
18.9626369873043
19.0062927648589
19.0511819173201
19.1012305168698
19.1568240673477
19.2195575636556
19.2650888181823
19.2931885838726
19.3023437166996
19.3262905167178
19.3344829151314
19.35189412227
19.3731853447217
19.4001324810669
19.3842106005056
19.3949095773531
19.399832673822
19.3993411142961
19.4073706652125
19.4277969950329
19.4109047284282
19.3938924434642
19.3926485102089
999.99
999.99
999.99
999.99
999.99
999.99
999.99
999.99
999.99
999.99
999.99
17.7785074613733
17.8133885514982
17.7960183919261
17.7981729025134
17.8088452178877
17.836638304269
17.8910189129655
17.9734229256302
18.0743417831106
18.1932891693569
18.3244557621552
18.4492625992563
18.5701466289175
18.6845697282194
18.7850949564692
18.8667047662218
18.9364910306729
19.000340264142
19.0653778549106
19.1318966598216
19.1993172546295
19.2662903153322
19.3122314820119
19.3355164779236
19.3385969115547
19.3475445309951
19.3426164642139
19.3447932742496
19.3507237055043
19.3556724348951
19.3299223768555
19.3342807241427
19.3378423565501
19.3369332808618
19.3505203556112
19.3749557649411
19.3558541962893
19.3361061631381
19.338085537796
999.99
999.99
999.99
999.99
999.99
999.99
999.99
999.99
999.99
999.99
999.99
17.7713526224343
17.8006344996631
17.7823830913103
17.7829423156716
17.7908779079299
17.8160123918099
17.8650786357633
17.9407264011157
18.032107198873
18.1385541202061
18.2577842542039
18.3740899027283
18.4916861503977
18.60775495102
18.7186009132181
18.8141500379392
18.9017100892253
18.9828130274716
19.0644890030557
19.1441476170485
19.222682315084
19.2939117598265
19.3412980444875
19.3629226498534
19.3644696277476
19.3611872181877
19.3455891835635
19.33310484261
19.3234609250186
19.307090353136
19.274337720222
19.2712134991221
19.2746773387733
19.275264212276
19.2939590289258
19.3210171826663
19.3061517567949
19.2878128876305
19.2939135764904
999.99
999.99
999.99
999.99
999.99
999.99
999.99
999.99
999.99
999.99
999.99
17.7603398444374
17.7843384642402
17.766559871071
17.763543356572
17.769202806494
17.7925010131534
17.8369064129298
17.9043755072594
17.9850154024385
18.0790249210141
18.1863948615105
18.2952425992111
18.4117825621854
18.5305120001724
18.6510150289274
18.7587649581505
18.8606830904677
18.9553200854349
19.0498064302849
19.1393374399705
19.2271939408337
19.30312940735
19.353532379853
19.3762990129809
19.3788244749193
19.3651593989146
19.3383761932156
19.3097963224127
19.2830527035783
19.2481890603212
19.2144558205956
19.2141934924761
19.2294045737306
19.2440007670502
19.2762530457724
19.3101833257455
19.2990493509193
19.2785367920813
19.2823288376747
999.99
999.99
999.99
999.99
999.99
999.99
999.99
999.99
999.99
999.99
999.99
17.836219733781
17.7751360141989
17.7467506656787
17.7427726045996
17.745541501498
17.76737906279
17.8069623116838
17.8654220112152
17.9352961295283
18.0175060630281
18.1137488728204
18.2167129604302
18.3344010575251
18.4582014179488
18.5894235924378
18.7093315652602
18.8242264454026
18.9303669105631
19.0345946211974
19.1309982093507
19.2262743484509
19.3068776987217
19.3603164047736
19.3839667813356
19.3868080608756
19.3692836253255
19.335910150011
19.2969080345263
19.2602484415208
19.2189797449829
19.183229799847
19.1809291603574
19.2008529707408
19.2289017446782
19.2692757604577
19.3092201312354
19.3121474229425
19.3025680819906
19.3018759140444
999.99
999.99
999.99
999.99
999.99
999.99
999.99
999.99
999.99
999.99
999.99
17.8190280103172
17.7656097228404
17.7328972207946
17.7274343644731
17.7259493378519
17.7459743297505
17.7808108830076
17.8298752035797
17.889751045842
17.9613158500108
18.0479488505943
18.1466195271912
18.2677259025412
18.3992685837845
18.5428077763777
18.674561938777
18.8000970166635
18.9143077333552
19.0243717973117
19.1246275464115
19.2257423923883
19.3115729298336
19.3690452621719
19.3933607689719
19.3942281754619
19.3682272071139
19.3227553795913
19.2689877783533
19.2208844963831
19.1757380105393
19.1458507351332
19.1513446602086
19.1839769048451
19.2316796000945
19.2867675564597
19.3351573919322
19.3518615526543
19.3550483274654
19.3510144316607
999.99
999.99
999.99
999.99
999.99
999.99
999.99
999.99
999.99
999.99
999.99
17.6997344877345
17.7693264317724
17.7271413804401
17.7268764861126
17.7222129908826
17.741155877935
17.7712885553097
17.8105313139122
17.8597601694859
17.9201015171879
17.9966301129793
18.0900062421045
18.2124665803072
18.3503484315254
18.5039487829472
18.6455876150207
18.7791617901464
18.899223756646
19.0130870986879
19.1165303428459
19.2231295818301
19.3152333021777
19.3775540507392
19.40277845624
19.4000533009429
19.3629088600683
19.3031155573164
19.2354588741656
19.1786896165525
19.1343437172878
19.1175282435589
19.137677916486
19.1859431324039
19.2540153086143
19.3248055596117
19.38058025017
19.4090452746639
19.4254669398191
19.4196200900088
999.99
999.99
999.99
999.99
999.99
999.99
999.99
999.99
999.99
999.99
999.99
17.7100757651176
17.7939546390072
17.7509116515499
17.7497337301123
17.7393745775085
17.7538249086394
17.7759526724363
17.8027923963538
17.8397501268113
17.8894349175427
17.9565845122806
18.0458004562101
18.1695521251076
18.3140014720965
18.4755155415757
18.6247094708187
18.7632424775332
18.8864534375765
19.0019982696034
19.1078495584285
19.2190275296994
19.3173999044749
19.3851237313528
19.411979427526
19.4056241969695
19.3591675718982
19.2877116077959
19.2108995862281
19.1497893674842
19.1101747626925
19.1072023161514
19.1432636888409
19.2048179527672
19.2905301971043
19.376067833112
19.4407800982684
19.4822203116384
19.5144201353112
19.5095526769812
999.99
999.99
999.99
999.99
999.99
999.99
999.99
999.99
999.99
999.99
999.99
17.6146740224545
17.8330501160143
17.7794110744924
17.7903373263085
17.7706693712979
17.7758693362158
17.7861830561609
17.8000233829236
17.8251354232449
17.8655818311831
17.9260988796879
18.0134013571617
18.1462437301276
18.3051306655293
18.4808436412024
18.6430546974712
18.7915069020467
18.9071156466253
19.0137172075804
19.1117762843215
19.2168380650641
19.311842960808
19.3846545330745
19.4139812144208
19.4058862105213
19.354817155628
19.2770760146412
19.1965123111298
19.1358836963303
19.1031051226142
19.1113926173809
19.1581312280581
19.2266152544448
19.3230884860763
19.4186759949059
19.4908267068973
19.5544063084874
19.6190980686814
19.6321040846475
999.99
999.99
999.99
999.99
999.99
999.99
999.99
999.99
999.99
999.99
999.99
17.9227676767677
17.9145614776415
17.8621706044282
17.8524761058885
17.823426638953
17.8159429586537
17.8115304620052
17.8104501413525
17.8210250099803
17.8498578761151
17.9026692356007
17.9869698925944
18.1271886145001
18.2987044933813
18.4870477456184
18.6610882621298
18.8177830814705
18.9242039850923
19.0207999277858
19.109806124101
19.2061820797878
19.2960134161083
19.3736313072333
19.4069834363841
19.4006983793562
19.3514697138352
19.2757389087021
19.199256735501
19.1454770130346
19.1215706226935
19.1390115491909
19.1934712192588
19.265497042856
19.3565629641907
19.4482742627543
19.5162422793661
19.5916986817879
19.6818206841867
19.7332270984667
999.99
999.99
999.99
999.99
999.99
999.99
999.99
999.99
999.99
999.99
999.99
17.6074744558578
18.002381132674
17.9476449140457
17.9302541429185
17.8929347487351
17.870500210931
17.8484665576676
17.8300819903539
17.8240667235648
17.8404190886385
17.8857940059456
17.9671116066522
18.1134722222455
18.294708134559
18.4919669011677
18.6747324107487
18.837324129926
18.9338953769188
19.020888407216
19.1015958659711
19.1887758194238
19.2724980887662
19.3545394540326
19.3934422588131
19.3922493385985
19.3518138594426
19.286498788269
19.2215329111684
19.1796316791247
19.1659636056212
19.1877874306831
19.2418838517942
19.3097095898558
19.3886764191278
19.4670144172668
19.5248690493651
19.6103585963418
19.7286247481356
19.8202340182742
999.99
999.99
999.99
999.99
999.99
999.99
999.99
999.99
999.99
999.99
999.99
18.4060953210553
18.0880909369762
18.0476043672699
18.0126385499166
17.9665445997402
17.926420449298
17.8846106904465
17.8490378062409
17.8282786216785
17.8332868011551
17.872982919018
17.9527866607163
18.1057880288173
18.2947219325805
18.4990265137472
18.6881798064648
18.8554448922349
18.9416016207919
19.0193448134162
19.0916633707096
19.1691772818011
19.2454354982015
19.331436847486
19.376573199943
19.3830559110897
19.3562685312216
19.3070973666192
19.2573280731563
19.22916799891
19.2248512482154
19.2456638485066
19.2919218261192
19.3499462320809
19.4118446238712
19.4720516319406
19.5181776798004
19.6136461775743
19.7582883408946
19.8890899823282
999.99
999.99
999.99
999.99
999.99
999.99
999.99
999.99
999.99
999.99
999.99
18.1805711998029
18.1124594895737
18.0803987077666
18.0495388201403
18.0031063391063
17.9538720401815
17.9014667221543
17.857133986235
17.8283604478366
17.8241595309833
17.8572852155938
17.9312282584692
18.0850141307247
18.273708133744
18.4788143541634
18.6706549576168
18.8404504929581
18.9137889783994
18.9797524084183
19.0394575475757
19.1023836713006
19.1661553055493
19.2528105489298
19.3036734070823
19.3213255555401
19.3125393010358
19.2838343893735
19.2767281070523
19.2882470273685
19.3177638801308
19.3615850039835
19.4243679274773
19.4491019573409
19.4948571367355
19.535822870655
19.5679825693161
19.6652915890798
19.8522268501196
19.9905238973771
999.99
999.99
999.99
999.99
999.99
999.99
999.99
999.99
999.99
999.99
999.99
18.3245643644006
18.1064261321199
18.095206306637
18.0480828625032
18.0101735178713
17.9616716791663
17.9073794373655
17.8606593575751
17.8285760202577
17.8173874038034
17.8426993170531
17.906946950105
18.0400034078621
18.2047981802149
18.3875340048588
18.5603924788948
18.713266648492
18.7880866870483
18.856607586985
18.9176718681599
18.9803764201955
19.0448320719469
19.128553135735
19.1831147509889
19.2345955135761
19.2663157956643
19.2819610711685
19.3428491075748
19.4195245319245
19.4631817900756
19.510839374351
19.5700348603055
19.5391399660707
19.5449959349734
19.5646613401234
19.5804500191309
19.6611432259172
19.8598800539234
19.9772701276716
999.99
999.99
999.99
999.99
999.99
999.99
999.99
999.99
999.99
999.99
999.99
17.9477327581439
17.9922218957573
18.0050819763965
17.9939151200648
17.9674491422779
17.9273138186377
17.8808757777141
17.84153011578
17.8162514210886
17.8067077078708
17.8285063374746
17.883013585631
17.9915594420835
18.1254651963359
18.2780490395047
18.4245294621883
18.5555099760025
18.6296618752668
18.7004538291178
18.7621006361242
18.8247449066297
18.8888074961099
18.966327271058
19.0207356818921
19.1043465428329
19.1747253587239
19.2331862034755
19.3628557455538
19.5060849568968
19.5653187204145
19.6191542002707
19.6783215612986
19.5939070549453
19.5680154469099
19.5741843806495
19.5801568185004
19.6388597197881
19.8357840205496
19.9011541802689
999.99
999.99
999.99
999.99
999.99
999.99
999.99
999.99
999.99
999.99
999.99
18.0611482771971
17.8449528249155
17.8752403212212
17.8900600323594
17.877519453019
17.8526028546316
17.822650702189
17.8006764238864
17.7901414409165
17.7872141578747
17.8059380416704
17.8482096389949
17.9266194028107
18.0234312574467
18.1408967345875
18.2582294170807
18.3665804856554
18.441013776444
18.5153834856327
18.57703079299
18.6384460159499
18.6998232864192
18.7678183899657
18.8197842740744
18.9589406042161
19.0906796871979
19.2147120358068
19.4360432119276
19.6669128953361
19.7160221552059
19.7534781198904
19.7915792174938
19.6508558789241
19.6099072585679
19.6445943596189
19.6803795530151
19.7526763558223
19.9350128757252
19.8994228728196
999.99
999.99
999.99
999.99
999.99
999.99
999.99
999.99
999.99
999.99
999.99
17.3340437710438
17.6698043260184
17.7027750757417
17.7422715150389
17.744884859809
17.7408645233339
17.7347429686237
17.7373947260332
17.7459450753468
17.7532027782695
17.7685586428265
17.7958156278699
17.8393235522067
17.8966477488039
17.9764819884028
18.0644906545946
18.1503450359542
18.225940518691
18.3021661551018
18.3614592122487
18.4177195220059
18.4726620456712
18.5273830151765
18.5750953032874
18.7700061159824
18.9638931370541
19.1536480351073
19.4670823388435
19.7848073763759
19.8214541176283
19.8427385840133
19.8623481084998
19.6675768893442
19.6157063630127
19.6844659202288
19.7531256525478
19.8403332460805
20.0089912452068
19.8713453548676
999.99
999.99
999.99
999.99
999.99
999.99
999.99
999.99
999.99
999.99
999.99
17.1448002540755
17.5404105321635
17.5704507925138
17.6184588641645
17.6302069186157
17.6417309834794
17.654370108198
17.6761057875158
17.6994984869837
17.7158863546753
17.7303815143222
17.7473679798134
17.7627489524869
17.7883489476547
17.8372413720266
17.8999629954028
17.9673572856824
18.0484215107866
18.1318736335112
18.1955673864472
18.2528166178889
18.3060811247005
18.3508340978258
18.3941197743233
18.6418065906057
18.8944457666859
19.1522536554556
19.510231540734
19.8684561289952
19.844841880317
19.8039862439201
19.7473490713281
19.5394395768327
19.4683927226513
19.5673888041639
19.6647096377745
19.7713051675109
19.8821114670015
19.6961280553247
999.99
999.99
999.99
999.99
999.99
999.99
999.99
999.99
999.99
999.99
999.99
17.1407805129443
17.4400295817025
17.4623156126374
17.5179602020323
17.5329261818142
17.5535018867862
17.5792380242632
17.6135296871526
17.6464545979416
17.668730631627
17.6828039392873
17.6925312918118
17.6944621075638
17.7050408572843
17.7405125893761
17.7943144612101
17.8590525487347
17.9434815554543
18.0315737667915
18.0962589295792
18.1499910873085
18.1962539223354
18.2335769836423
18.2740554366965
18.5299249502549
18.7966561185402
19.0811062739098
19.439313997373
19.7915758423514
19.7497765195949
19.6890623344804
19.5911040992083
19.4100978882757
19.3759850440001
19.5182198456328
19.6575661867429
19.8085245461223
19.8901242337255
19.6554503540882
999.99
999.99
999.99
999.99
999.99
999.99
999.99
999.99
999.99
999.99
999.99
17.2384821166703
17.4180889175344
17.412924705016
17.4493296117036
17.4637902747736
17.4876674009449
17.5190226743573
17.5575417992663
17.5919904823634
17.614237164591
17.6256263143343
17.6295228041584
17.624274511029
17.6297353707951
17.6624455066423
17.7175177408477
17.7889408761663
17.8823018565801
17.9770723454341
18.0449448387254
18.0965656461854
18.1379803252073
18.1716874944527
18.2146847852422
18.4807069941098
18.7630679661499
19.0725083949344
19.4263630618681
19.7650153156286
19.6986849344419
19.6113395855514
19.4671481661556
19.3122245169026
19.3170006418628
19.5045467732791
19.688773983344
19.8915782876802
19.9528313503625
19.6802751705747
999.99
999.99
999.99
999.99
999.99
999.99
999.99
999.99
999.99
999.99
999.99
17.4306481305506
17.4182136142577
17.3968008730035
17.4131319826974
17.4232562023487
17.4452505979979
17.4763422049558
17.5117399319694
17.541960504535
17.5608587442931
17.5700516679293
17.5713224500026
17.5666482744136
17.5760214078626
17.6144213620365
17.6765179969156
17.7585798107238
17.8608956377352
17.9616048694156
18.0329581140598
18.0835300031702
18.1227761845192
18.1551264729418
18.1999976307049
18.4252919454575
18.6720435118061
18.9529084030671
19.2518328523596
19.529894088609
19.488208657406
19.4226071261269
19.2824449143321
19.167235847445
19.1871529386621
19.3478770279341
19.5052126213415
19.6880926290782
19.7346284930014
19.5020110598382
999.99
999.99
999.99
999.99
999.99
999.99
999.99
999.99
999.99
999.99
999.99
17.4962506816967
17.4321073914804
17.4046485605268
17.409253394526
17.411856193564
17.4267953376727
17.4514184484647
17.477665755879
17.5003165582569
17.5151084627902
17.5251895293804
17.5292968918346
17.532347184187
17.5496542772835
17.5969043846583
17.6660329347364
17.7577224792179
17.8671976402995
17.9767969603625
18.0550249775914
18.1101573595279
18.1524204022585
18.1860279557493
18.2309065241377
18.40955158045
18.6129681964858
18.8584947296195
19.0987033663957
19.3150932168733
19.3025458262396
19.2630457449567
19.1309397340948
19.0588228101367
19.0958097684172
19.2281703281745
19.3573977616924
19.5183825651761
19.549052834932
19.3558671767946
999.99
999.99
999.99
999.99
999.99
999.99
999.99
999.99
999.99
999.99
999.99
17.4494086861648
17.4501398951064
17.4210791749692
17.4121966462032
17.405703357626
17.4116066440493
17.4274392097125
17.4446373357119
17.4608346640629
17.4746383547652
17.4891422130567
17.4998291697489
17.5122523833617
17.5373005489198
17.591561453564
17.664537508455
17.7613267111064
17.8747756039157
17.9913361583286
18.0749904440657
18.1344413629522
18.1805228036744
18.2140096954707
18.2568825979121
18.3850506441266
18.5414121355627
18.7367715975027
18.9311230754952
19.0990484423749
19.1334146060041
19.1362131578849
19.051347682851
19.0109677685019
19.0792026027051
19.1931489117612
19.306390956391
19.4457547960015
19.4868989448841
19.3097282720621
999.99
999.99
999.99
999.99
999.99
999.99
999.99
999.99
999.99
999.99
999.99
17.3591221741222
17.465245632727
17.4334177287095
17.4184787922903
17.4022009395634
17.3981392434723
17.4045169540247
17.4149272043427
17.4275229537551
17.4444170832818
17.4676566158287
17.4884215129288
17.5112864832228
17.5432654833386
17.6009209585161
17.6724348074592
17.7676925151843
17.879387690359
17.9990885563568
18.0865583072999
18.1501871680558
18.2014369737974
18.236182120126
18.2762855258061
18.372975987356
18.4999818236596
18.6528339138362
18.8112399229413
18.9429579704823
18.9970519779587
19.0167089665099
18.9727154300366
18.9521647585849
19.0115504447722
19.0855772500613
19.1616917863584
19.250880867788
19.2795519995683
19.151030105495
999.99
999.99
999.99
999.99
999.99
999.99
999.99
999.99
999.99
999.99
999.99
17.5154713804714
17.4806232299116
17.4469119294833
17.4254043652192
17.4006789621522
17.3878257136768
17.3869582411941
17.3939686315942
17.406085527062
17.4285450297843
17.4628997162933
17.4954239668327
17.5286536262321
17.5653304044799
17.6220306687324
17.6869281253131
17.7734768756319
17.8770138901529
17.9960496357123
18.0847261775114
18.1508666600023
18.2051731557521
18.2395457848743
18.2731640960583
18.3359531445722
18.4299309911014
18.5405541220575
18.663737562337
18.7640521465572
18.8431370442324
18.8874061173557
18.8906810408104
18.8923095785199
18.9410676938061
18.9723196353788
19.0079367687719
19.0447130147158
19.064151561235
18.9895344965941
999.99
999.99
999.99
999.99
999.99
999.99
999.99
999.99
999.99
999.99
999.99
17.5240609546603
17.4963694489868
17.4592808992775
17.432751173248
17.4009534173359
17.3802416210807
17.3735658935251
17.379191175901
17.3929833409582
17.4221660934007
17.4678764826732
17.511709970471
17.5537333034967
17.5928006935582
17.645298609527
17.7007743932023
17.7748132514461
17.8667542274788
17.9803021081359
18.0663070080505
18.1320230198278
18.1863649493349
18.2211455163165
18.2530029714274
18.3123368262072
18.4029346598469
18.5031817331928
18.6178293919944
18.7116243056452
18.7906019815492
18.8349226235477
18.8583267725755
18.8728866820721
18.9175992249101
18.9386554803075
18.9672662856875
18.988325011213
19.0026978649647
18.9534610713909
999.99
999.99
999.99
999.99
999.99
999.99
999.99
999.99
999.99
999.99
999.99
17.6139320766986
17.5241937970908
17.4732325675421
17.4382338156866
17.4010009889502
17.3743220514404
17.364103680604
17.3692902871891
17.385359709115
17.4200817215065
17.4754219342418
17.5290365572214
17.5792133729358
17.6221969881557
17.6718906963405
17.7186787041911
17.7797126613175
17.8583249746231
17.9598077053672
18.0378477659079
18.0996444117429
18.1533322013105
18.1920796472694
18.23082437211
18.2975724850626
18.3940167621675
18.4894159367016
18.5959922108848
18.680942945256
18.7524225743852
18.7900026806038
18.827588526898
18.8506793507806
18.8867583395249
18.8972109052446
18.9196405967055
18.9279321109488
18.9407335158614
18.9221224854282
999.99
999.99
999.99
999.99
999.99
999.99
999.99
999.99
999.99
999.99
999.99
17.5363318510666
17.5428682017664
17.4857648269514
17.4458545531797
17.4058033598532
17.3758585590015
17.3652924871739
17.3712778336409
17.3893248089504
17.4267323665493
17.4867357225616
17.544199817882
17.5983542401935
17.6442090041001
17.6915388776836
17.731744387905
17.7824114299076
17.847614469922
17.9336323019513
18.0010690692406
18.0587270585779
18.1130603412017
18.1611454213944
18.2141052167426
18.2957292189001
18.4011722820351
18.4984725469678
18.5996385826515
18.6776459032595
18.740703548153
18.7733788639804
18.8151435369399
18.8395430682102
18.8599836860923
18.8564923082215
18.8675082709969
18.8656998312134
18.8758384761953
18.886925030211
999.99
999.99
999.99
999.99
999.99
999.99
999.99
999.99
999.99
999.99
999.99
17.534900325639
17.5699922232415
17.5091376213178
17.4639373735857
17.4218706981441
17.3895097005777
17.3786369174534
17.3837589384591
17.402128422235
17.4386684434214
17.4978374595276
17.5545704449996
17.6092987234191
17.657027463422
17.7031231268163
17.7406839720707
17.7846019212317
17.8398324166681
17.9108249812638
17.9683202859659
18.0228212479155
18.0798523855154
18.1379997079154
18.206864439267
18.3050285600644
18.4193989367063
18.5225120287928
18.6224514154557
18.6980083399906
18.753977017575
18.7829615052205
18.8203975140872
18.8402361246941
18.8530929944776
18.8473832501826
18.8573468614538
18.8588382452361
18.8758336789572
18.8983288931425
999.99
999.99
999.99
999.99
999.99
999.99
999.99
999.99
999.99
999.99
999.99
17.6373346290897
17.6056356972341
17.5451329145579
17.5011765230899
17.4571685740004
17.4215854098002
17.4067736685383
17.4062828533458
17.4213237461457
17.4533523522525
17.5075876222155
17.5611150043569
17.6145631820939
17.6645957947656
17.7123621025654
17.7512749637469
17.7932000072564
17.8436595093726
17.9016500946432
17.9505446024614
18.003663440672
18.0665981315331
18.136686146371
18.2236251686911
18.3379855414263
18.4596340286918
18.5634703329919
18.6572020019695
18.7252250938609
18.77005579416
18.7913131267752
18.8211213490347
18.8355881251034
18.8408760936796
18.8342694166468
18.8432582265009
18.8478446336943
18.8687818392423
18.9001256682766
999.99
999.99
999.99
999.99
999.99
999.99
999.99
999.99
999.99
999.99
999.99
17.7111820645479
17.6630742736311
17.6038738564372
17.5592499651853
17.5135014942923
17.4744058426148
17.4536119637491
17.4452521214441
17.4534328571736
17.4784558441578
17.5244487187991
17.5721445629457
17.6218575699806
17.674727880076
17.7264870627964
17.7714838815652
17.8176144866759
17.869869239181
17.9209186903772
17.9658293999954
18.0209384387367
18.093026601383
18.1749958105246
18.2758742334768
18.3991709633639
18.5187999370504
18.6121227848431
18.6911187630384
18.7457035651428
18.7773687220707
18.7914567789584
18.8151884457923
18.8269142834287
18.8292570794969
18.8249113317572
18.8339475366357
18.8409299447745
18.8627247515915
18.8964895391535
999.99
999.99
999.99
999.99
999.99
999.99
999.99
999.99
999.99
999.99
999.99
17.7301330946766
17.7353200205279
17.6832359992149
17.6381849896537
17.5926441733299
17.5514088366863
17.5242937583815
17.5085895403264
17.5091354639394
17.5269960841954
17.5624885220538
17.6016031338197
17.6441823852445
17.6973233454287
17.7516587204472
17.8062251854079
17.8618015507291
17.9214593173208
17.9721544061719
18.0178423898397
18.0749930973833
18.1536974054843
18.24230875183
18.3476749539132
18.4687815284334
18.5765962088811
18.6527568560054
18.7134170761601
18.7552085441755
18.7788465697791
18.791903074086
18.8133052202823
18.825182742462
18.8270360785052
18.8240664092794
18.8309661935344
18.838379933893
18.8582728348919
18.8893758901559
999.99
999.99
999.99
999.99
999.99
999.99
999.99
999.99
999.99
999.99
999.99
17.8178951418951
17.8176134361492
17.7698649854621
17.7262278836238
17.6825041227303
17.6406376163468
17.6069163520405
17.5843230356889
17.5783118030858
17.5902311430045
17.6159721351823
17.6487956410065
17.6862036029036
17.7398673589919
17.7976967362191
17.8648348824041
17.9322019249458
18.002806976938
18.0570284653903
18.1048052345639
18.1603088561996
18.2397281471956
18.3255062646593
18.4258944881534
18.5366169737212
18.6282452172184
18.6859683842472
18.7311467161653
18.7646086198592
18.7869933421401
18.8051771137839
18.8287778796137
18.842134673037
18.8428377095107
18.8369287483934
18.8374674347327
18.8414274305718
18.85825354273
18.8858284983129
999.99
999.99
999.99
999.99
999.99
999.99
999.99
999.99
999.99
999.99
999.99
17.9422730708445
17.8842604958363
17.8486663504964
17.8129306830823
17.7749512909552
17.7361446195428
17.6990315249192
17.6725520230371
17.6621524643805
17.6708369989294
17.6901035411346
17.7188672265786
17.7533280144234
17.807347185718
17.8682721311329
17.946412367198
18.026163492026
18.1068286964332
18.1653575715746
18.2135054316865
18.2637970082119
18.33651432575
18.4140555270872
18.5045396319588
18.6019655312853
18.6780325133678
18.7221847819864
18.757070001546
18.7876344447016
18.8149414864768
18.8422981972598
18.8689459099329
18.8827574107817
18.8796756851425
18.8657452952113
18.8566810833592
18.8561234157322
18.8697479366608
18.8941129082429
999.99
999.99
999.99
999.99
999.99
999.99
999.99
999.99
999.99
999.99
999.99
18.0582914159012
17.9422471877186
17.9182989970453
17.8896875303719
17.860866625603
17.8291018237112
17.795516177027
17.772396059329
17.762961896956
17.7730156123934
17.7893635752675
17.813973671774
17.8448786979535
17.8961729223276
17.9560426026691
18.0404969059421
18.1302466708593
18.2185705122907
18.2828544248123
18.3326582417237
18.3778567233818
18.4405689148006
18.5063925805284
18.5828175952242
18.6652536029376
18.7276759832458
18.7642418913113
18.7964193192814
18.8309169616282
18.8673903215503
18.904599737125
18.932481711277
18.9430426920032
18.9331709856313
18.9082725940835
18.8897253751599
18.8856543422129
18.8966454259134
18.9172219408581
999.99
999.99
999.99
999.99
999.99
999.99
999.99
999.99
999.99
999.99
999.99
18.0119410631954
17.9778671162758
17.9691015160344
17.9527789967074
17.9367062904539
17.915754718777
17.8903992215569
17.8743535087272
17.8701531610031
17.8850402339224
17.9025438935806
17.9258150453451
17.9547103459832
18.0005224775205
18.0543427667644
18.136503908864
18.2276008814021
18.3178032226456
18.3862287170494
18.4383462307924
18.4807033661064
18.5337417851306
18.5868931160431
18.6484153466907
18.7172580927429
18.7712810276396
18.8093528426404
18.849147232519
18.8960202760802
18.9458534019284
18.9915751768718
19.0175779650013
19.0199345829009
18.9983279064721
18.9584634458445
18.9299789285347
18.9223338796507
18.9306497110437
18.9483630620497
999.99
999.99
999.99
999.99
999.99
999.99
999.99
999.99
999.99
999.99
999.99
18.0380724802362
17.9927452145279
18.0017919925641
17.9999042126967
17.9961723073107
17.9862814981392
17.9709311515259
17.963049156474
17.9657687246328
17.9870216217647
18.0084798725104
18.0324034569555
18.0605493713481
18.100220314524
18.1462147480258
18.2192531219693
18.3046359962633
18.3920527187334
18.4627004545324
18.517877373307
18.5625122950119
18.6111743916175
18.6555577095153
18.705992052845
18.7657577295329
18.8173888430159
18.8633989639752
18.9179985284684
19.0031137473249
19.0871856466252
19.1582433798547
19.1994094333037
19.2098676522076
19.1511053566815
19.0736806580851
19.013918019045
18.9808793659281
18.9648077329432
18.9805432357006
999.99
999.99
999.99
999.99
999.99
999.99
999.99
999.99
999.99
999.99
999.99
17.9607306397306
17.9899665703405
18.0149360961572
18.029546983348
18.0379783141345
18.0392326884763
18.035616981304
18.0381641073137
18.0497405190877
18.0788797882257
18.1064221185406
18.1315049818738
18.1576742618996
18.1892541154663
18.224459269492
18.2825326817483
18.3570332140921
18.4374946955066
18.509126177631
18.5695011503949
18.6226136431633
18.6737144708086
18.7170911641532
18.7616749966404
18.8164930554619
18.8697696641745
18.9265521241926
19.0297079192737
19.185340871189
19.3323540777979
19.4541898617904
19.5384659758129
19.5212993653441
19.3932411664744
19.249277781835
19.1299238804925
19.0401786671784
18.9999473102621
19.0124570611963
999.99
999.99
999.99
999.99
999.99
999.99
999.99
999.99
999.99
999.99
999.99
17.9477233861763
17.986067770309
18.0152958648774
18.0390662936919
18.0579278928083
18.0700110712112
18.0796472621004
18.0954920001314
18.1186104410583
18.1572228941548
18.1916297899774
18.2182817842872
18.2414176663224
18.2646138149533
18.2882362390254
18.3302619420554
18.39050136711
18.4620101160575
18.5329526593467
18.599367862149
18.663545141637
18.7230189320784
18.7710675404371
18.8146122768538
18.868282536824
18.9248285212691
18.9903336204454
19.1383038164181
19.3605193062001
19.5647972695071
19.7339583635179
19.8617972088276
19.8197068518815
19.626301807156
19.4218535532771
19.2462139777476
19.100466516056
19.0359136882922
19.0444507736586
999.99
999.99
999.99
999.99
999.99
999.99
999.99
999.99
999.99
999.99
999.99
17.9236423434612
17.961956886981
17.9981871239811
18.0277141602184
18.0537488725986
18.0750936321342
18.0966303120791
18.1255717087463
18.1615707886698
18.2124740779301
18.257125257474
18.2904529341304
18.3142436108502
18.3325130959531
18.3465749588267
18.3740348718323
18.4182234267453
18.4791080944517
18.5459579408017
18.6158232293065
18.6895163501415
18.7595885944321
18.8162303764253
18.8640135067348
18.9205422461697
18.9812565574283
19.052370313436
19.2393214201508
19.5219041060267
19.7786878202555
19.9942745310282
20.1683268744217
20.10620826697
19.852118205727
19.5918007402422
19.3613475805047
19.1590752714509
19.0695851224681
19.0738707117822
999.99
999.99
999.99
999.99
999.99
999.99
999.99
999.99
999.99
999.99
999.99
17.935178804806
17.9213636200626
17.960321337365
17.9967290278648
18.0260326088789
18.0538641756326
18.0858756100672
18.1286727670694
18.1804037074042
18.247921123105
18.3080922929551
18.3538338751336
18.3840135935697
18.4029306448564
18.4117683966474
18.4293582810243
18.4601994469493
18.5096648402793
18.5686071055845
18.6375634398339
18.7152002233827
18.7936600590997
18.860452108566
18.9170288166483
18.9797748379082
19.0456715275523
19.1187299456526
19.3376906798719
19.6727879183255
19.9769801481582
20.2385185411939
20.4610322918597
20.3838021999905
20.0737975321329
19.7624817582242
19.4791936391979
19.2222752780873
19.1096679525127
19.1113658201286
999.99
999.99
999.99
999.99
999.99
999.99
999.99
999.99
999.99
999.99
999.99
17.9152428063613
17.8791103935281
17.9129530184795
17.9524124884806
17.9852728855504
18.0194279667262
18.0615312750347
18.118646436497
18.1872914562167
18.273595601202
18.3539807501811
18.4187228049789
18.4621580938075
18.4883629693638
18.4970339133053
18.5084756572045
18.5264625143286
18.5619308285765
18.6074040652954
18.6680633226508
18.7407909032639
18.8209756504015
18.895099468045
18.9610498360985
19.0311906353892
19.1026511925507
19.1760307748867
19.4223432050856
19.7620156084535
20.0691766118123
20.3356474163547
20.5681034532666
20.4393994988638
20.1232604726
19.8097549782587
19.5215039195871
19.256651355547
19.1666125363474
19.1667975910222
999.99
999.99
999.99
999.99
999.99
999.99
999.99
999.99
999.99
999.99
999.99
17.6671406951546
17.8318536231376
17.8626843745261
17.9050948145413
17.9406907518242
17.9798781982627
18.0302896923092
18.0993519681487
18.1826459303317
18.2875524906272
18.3916784055856
18.4813712420438
18.5453324026956
18.5869050364484
18.6017292406393
18.6098482320816
18.614183172895
18.6332744206626
18.6596814397259
18.7036885414798
18.7624952143704
18.8375967176152
18.9138571295286
18.9878724623343
19.0669381799532
19.1453234240852
19.2199314936523
19.4280010404922
19.7069005157354
19.9534319969531
20.1652205122326
20.3476884640759
20.2389892956424
19.9849437881732
19.7364236151247
19.5092931801659
19.3037866342934
19.2379256829721
19.2391839854781
999.99
999.99
999.99
999.99
999.99
999.99
999.99
999.99
999.99
999.99
999.99
17.6825148179992
17.7893603890667
17.8200923921438
17.8651146374433
17.9014911398438
17.943042876277
17.9983655854795
18.074877627959
18.1692094418899
18.2911242343166
18.4200333416595
18.5375900614105
18.6270825173869
18.6894337868266
18.7149582320983
18.7215198381921
18.7127676188049
18.714354372769
18.7192319711051
18.7421856089724
18.7830378877047
18.8488673795556
18.9234427928128
19.0034868456726
19.0906161115908
19.1759845333333
19.2529563259635
19.4234988845361
19.6399600980974
19.8261832659793
19.9838939086369
20.1164843867582
20.0289860067584
19.8399497065805
19.6587682187813
19.4955765697057
19.3522416794539
19.3131357287573
19.3168827466126
999.99
999.99
999.99
999.99
999.99
999.99
999.99
999.99
999.99
999.99
999.99
17.6448883023029
17.7668317426302
17.7914259969102
17.8356464629357
17.8722675777842
17.9142207980344
17.9722612465039
18.0526665411172
18.1537384468826
18.2869327254533
18.4364151136532
18.5783346906168
18.693564675979
18.7792074597496
18.8200506378187
18.8288143596603
18.811131977459
18.7973833697332
18.7830175091965
18.7858456283774
18.8089402356266
18.8636077371344
18.9328086324791
19.0130105942612
19.1027422105669
19.1903293340676
19.2674091344818
19.4001194539079
19.5546474634891
19.6825627626885
19.7905799913598
19.8780712664906
19.8169569312881
19.699117643744
19.5899756506389
19.4928152874632
19.4114021847026
19.3977605599114
19.4011597751505
999.99
999.99
999.99
999.99
999.99
999.99
999.99
999.99
999.99
999.99
999.99
17.68837071897
17.7689128514962
17.7851898491965
17.8188724714676
17.8544060715615
17.8953050630761
17.9542186177488
18.0357075997379
18.139135388095
18.2768761124904
18.4398327151039
18.5993450106266
18.7348532760343
18.8412882292807
18.899714556367
18.913623896899
18.8912849284536
18.8677662892016
18.8406220955787
18.827462900038
18.8369670268465
18.882281452305
18.9442234487084
19.0187694952981
19.1051033332951
19.1888814625449
19.2621709229661
19.3561434567865
19.4498767811703
19.5215291743705
19.5831346367412
19.629412633684
19.5979422033389
19.5551379439445
19.520538700037
19.4891249282194
19.4665596382201
19.4749285366732
19.4736532584662
999.99
999.99
999.99
999.99
999.99
999.99
999.99
999.99
999.99
999.99
999.99
17.792499164534
17.7789626756753
17.7893302595398
17.8119117793498
17.8431248751795
17.8810097724978
17.9394712125536
18.0211058909359
18.1252709179722
18.2636293390343
18.43242003534
18.6001253574001
18.7469889933991
18.8673503654712
18.9408021769458
18.9626842968165
18.9432291188011
18.9190871343399
18.8898053390678
18.8711667983824
18.8760591548362
18.9173621289329
18.973463489925
19.0398111734112
19.117495034391
19.1902717473122
19.2533620695208
19.304849755769
19.3568626544965
19.3917189600441
19.4278947024477
19.4541207727918
19.4735651120932
19.483773386232
19.500881326533
19.5104384363777
19.5209795407629
19.5254093540227
19.5171340755596
999.99
999.99
999.99
999.99
999.99
999.99
999.99
999.99
999.99
999.99
999.99
17.8378705019332
17.8075584322066
17.8044423215852
17.8109847300025
17.8352960007133
17.868650988695
17.9256177238119
18.0067130904948
18.1114305661547
18.2472419566523
18.413557538204
18.579192932016
18.7285266489417
18.8553117486959
18.9411050438093
18.9755689174915
18.9691389570368
18.9542804194418
18.9340849151264
18.9214907241534
18.9307269533724
18.9727442054351
19.0258128183578
19.0830215662287
19.1469017622798
19.2026199692396
19.2490533646956
19.2851174636184
19.3230610983954
19.3503085998693
19.3881637752586
19.4222210830883
19.4542892072823
19.4804723677954
19.5114785177087
19.5256051650866
19.5329356573444
19.5326580111071
19.5177377326167
999.99
999.99
999.99
999.99
999.99
999.99
999.99
999.99
999.99
999.99
999.99
17.8794667766096
17.8376648672885
17.8214866464776
17.8105813775212
17.8277593473611
17.8562865334053
17.911385040002
17.9917189709072
18.0959004803027
18.2259314072224
18.3840141527141
18.5404881057994
18.6851977107606
18.8131291312923
18.9092260237359
18.9597230371425
18.9736925797509
18.9769033745869
18.9754864285622
18.9792666521567
19.0002756994372
19.0475973129489
19.0998847033115
19.1469891980849
19.1934367879151
19.2275744177196
19.2523530171062
19.2695652634028
19.2918051082546
19.3094411037293
19.3453397066216
19.3828578371615
19.4210616370488
19.4557892184569
19.4925303242295
19.5055768977069
19.5066802977688
19.5014508139576
19.4821072996064
999.99
999.99
999.99
999.99
999.99
999.99
999.99
999.99
999.99
999.99
999.99
17.9516492014889
17.8490492748291
17.834245073029
17.8112066594229
17.8210915905831
17.8446785585784
17.8965943852232
17.9753828500559
18.0782854922588
18.2019504683792
18.3497200679608
18.4950478196843
18.6310429763649
18.7559590514052
18.8585317434956
18.9237893437998
18.9594106516142
18.9839686221998
19.004593171151
19.0288368376001
19.0652924653131
19.1204853308165
19.1749438043611
19.2160677232056
19.2484361919968
19.2654608125953
19.2718023494378
19.2724706540433
19.2794900729439
19.2856547343256
19.3102546087731
19.3684135260388
19.4283725298022
19.4876415235596
19.5480655981317
19.5859510867641
19.5538728669662
19.51981007919
19.4742971433078
999.99
999.99
999.99
999.99
999.99
999.99
999.99
999.99
999.99
999.99
999.99
18.0219955419467
17.8516159707619
17.8342061065683
17.8064679529327
17.8109318289768
17.8308116537304
17.8793785758829
17.9554849333011
18.0547478014399
18.1707084861316
18.3056244564738
18.438089987762
18.5644055675393
18.6853574955057
18.7916219798275
18.8714408738351
18.9297727385237
18.9767998655436
19.0200763044838
19.0668908109369
19.1200091508655
19.1832855458586
19.2411472044826
19.2793817686575
19.3014189102484
19.3060280144638
19.2986003232629
19.2859113338599
19.2791296951238
19.2729336197711
19.2802335803541
19.3508794489041
19.424203021767
19.4996464238923
19.5766767721104
19.6390475425668
19.5774364629165
19.5192835456663
19.4542947067808
999.99
999.99
999.99
999.99
999.99
999.99
999.99
999.99
999.99
999.99
999.99
17.9962221518319
17.8442120766264
17.8255920287196
17.7968334082116
17.7979066356999
17.8145049488231
17.8586627229435
17.9287848678812
18.0204099838582
18.1258267203229
18.2463506012747
18.3662211879453
18.4848532991413
18.6043312297152
18.7162981124932
18.811970311267
18.892527887808
18.9611629211906
19.0253157970164
19.091797282428
19.1589641914205
19.2288571465743
19.2899225763997
19.326843341541
19.3426671016325
19.340865264059
19.3260356061348
19.3043744332652
19.2867090291217
19.2698537931984
19.2583367891463
19.337953450663
19.4206616844625
19.5087572495329
19.5990507797941
19.6854429442726
19.5959115583207
19.5170728569044
19.4356731457566
999.99
999.99
999.99
999.99
999.99
999.99
999.99
999.99
999.99
999.99
999.99
17.8584681116314
17.8276421933126
17.8092982232828
17.7829567477855
17.7826208907614
17.7973152331116
17.8368953501143
17.8995596629762
17.9808662911804
18.0748787819446
18.1817093859558
18.2912285737565
18.4042865906181
18.5241099400521
18.6417724328215
18.7511949449099
18.8495645144603
18.9366411912817
19.018468923111
19.1010462896598
19.1803298131762
19.2567449639876
19.3208164743999
19.3573928109146
19.3703462958043
19.3654587732965
19.3467657303177
19.3191510510485
19.2930480111333
19.2668581670545
19.2400422082722
19.3326566733411
19.4309625874641
19.5383588310392
19.6489982123735
19.7636751248219
19.6488257661771
19.547328801913
19.4464250096629
999.99
999.99
999.99
999.99
999.99
999.99
999.99
999.99
999.99
999.99
999.99
17.8148248186192
17.8062240749945
17.7901956976628
17.7691009470876
17.7673341748079
17.780189469486
17.8149785558447
17.8691374495331
17.9391042933188
18.0220700292978
18.1163045575436
18.2171775731442
18.3267315506857
18.4479596705519
18.5711708821526
18.6918764621667
18.8041761577099
18.9055681818983
19.0008041170094
19.0948858450025
19.1838943851485
19.2657031948302
19.3327845672138
19.3705350567198
19.3833079092214
19.3775614299265
19.3570861058547
19.3249221930755
19.2923890350479
19.2596966194057
19.2231795794455
19.3364880287905
19.4602436956769
19.5957594519001
19.7352218774547
19.8835784616274
19.7451599593023
19.6182153457618
19.4936467644835
999.99
999.99
999.99
999.99
999.99
999.99
999.99
999.99
999.99
999.99
999.99
17.8216793788222
17.7926191680656
17.7676349233659
17.7540372994464
17.7506200765917
17.7620300479017
17.7930457488473
17.8388671177284
17.8970768184218
17.9691132731945
18.0510006165494
18.1432343094384
18.2503160099778
18.3741272906629
18.5039460582147
18.6365349569546
18.761710460681
18.8755777331457
18.9819855942797
19.0849218668494
19.181344393645
19.2678485267281
19.3373119716318
19.3752852478927
19.3866443009522
19.3774303485748
19.352066187115
19.3126326352028
19.2727631962162
19.2349815509739
19.1958877152376
19.2812105556494
19.3831936922292
19.499402573847
19.6185308167908
19.7460951517775
19.6431012255168
19.5463674598057
19.4515230054293
999.99
999.99
999.99
999.99
999.99
999.99
999.99
999.99
999.99
999.99
999.99
17.8329797979798
17.7849332449394
17.7574583819285
17.7467567356374
17.7391776073131
17.7480281069678
17.7743182223584
17.8113402215556
17.8588517412722
17.9213260338282
17.9931725037091
18.0791701642135
18.1857204527145
18.3137957290457
18.4519161513376
18.5951990966532
18.73030277733
18.8533710353711
18.9674231141945
19.0754343603458
19.1771264548608
19.2685858431017
19.3410761358855
19.3797182396193
19.3890435315095
19.3741156078853
19.3401497686431
19.2904126221514
19.2415401002452
19.1996821866017
19.1639431573504
19.2299678372595
19.3182998697925
19.4225117005928
19.5263627535167
19.6332996036605
19.5627677699363
19.4931047804382
19.4241329445614
999.99
999.99
999.99
999.99
999.99
999.99
999.99
999.99
999.99
999.99
999.99
17.7558399910839
17.8003896138997
17.763503185061
17.7533217409706
17.7392226403053
17.7441799306426
17.7646788138209
17.7931654085506
17.8306317330874
17.8848313715137
17.9490583089753
18.0313539155001
18.1389643837055
18.2720765718028
18.4178898010378
18.568310566464
18.7091696676151
18.8368547991096
18.954670275413
19.0655088692993
19.1721556080361
19.2698318540306
19.3469522579666
19.3873538898056
19.3943258699372
19.371598783971
19.3253183556145
19.2636066782024
19.2063481257454
19.1621849821636
19.1349022961935
19.1888888259561
19.2689215760759
19.3637337301554
19.4552544838884
19.5489715205094
19.5167391996131
19.479728469255
19.4430363494283
999.99
999.99
999.99
999.99
999.99
999.99
999.99
999.99
999.99
999.99
999.99
17.7393066721638
17.8394787991669
17.8007530456315
17.7824950004357
17.7584334739916
17.7557720375735
17.766961941299
17.7854320123351
17.812032598079
17.8576491510573
17.9151856861202
17.9946619563912
18.1031819049854
18.2411380298195
18.3938989638234
18.5491519790086
18.6933892792065
18.8233409907629
18.9428247671767
19.0554865759829
19.1663426001778
19.2702332356821
19.3525830406756
19.3957284669916
19.400437156989
19.3705881710487
19.3125912098518
19.2404950954986
19.1772434785275
19.1338282253396
19.1166044953099
19.1593278471268
19.2296110592054
19.3119234557489
19.3874532919995
19.4660503929091
19.4742787057148
19.4769156935737
19.4795098012169
999.99
999.99
999.99
999.99
999.99
999.99
999.99
999.99
999.99
999.99
999.99
17.8016275413836
17.9162836882065
17.8672257094986
17.8321606360024
17.7969946214746
17.7858995184986
17.7846687258588
17.7914086634133
17.805637223212
17.8413006619586
17.8906325661218
17.9671175417693
18.0752050182956
18.2159149987274
18.3734643543339
18.5317684061895
18.6768073317988
18.8070783969919
18.9271310354717
19.0405505643663
19.1536220830551
19.2631170463431
19.3507764851289
19.3976858606993
19.4025633130034
19.3700641077677
19.3050379770272
19.2269601725854
19.1609196720819
19.1193464895677
19.1100049258851
19.1370738632215
19.191902637075
19.2566335967866
19.3118342312963
19.3725753517025
19.4234069029798
19.4778568409578
19.5310373119346
999.99
999.99
999.99
999.99
999.99
999.99
999.99
999.99
999.99
999.99
999.99
18.0889190829818
17.998737830596
17.9529139893161
17.9078718855494
17.8621233760804
17.8406055236822
17.8225156718216
17.8132999329696
17.8120644706524
17.8348992724779
17.8743199702939
17.9478788012476
18.0551397717249
18.1968549011509
18.3569471077659
18.5150760865171
18.657358540731
18.7852852990633
18.9044885275345
19.0176128682491
19.1323316293259
19.247250465821
19.3408737462818
19.3935321486617
19.4025631826116
19.3728701029448
19.3076697875399
19.2304438194964
19.1673996995406
19.1306821215198
19.1286210343005
19.1649118580274
19.2270084501937
19.2951873492312
19.3524432398455
19.419354432763
19.4811161472176
19.5655372734267
19.6488243465401
999.99
999.99
999.99
999.99
999.99
999.99
999.99
999.99
999.99
999.99
999.99
18.4059888062641
18.093020604803
18.0481981604611
18.0016022573141
17.9503163398914
17.9186736608199
17.881971370913
17.8544008429582
17.8343839727422
17.8403316606731
17.8669455812507
17.935498829751
18.0400190773492
18.1802767211119
18.3399424596803
18.4961309060608
18.6341873683227
18.7580980232389
18.8761651031959
18.9894755135801
19.1053845911043
19.2242113951984
19.3234331706325
19.3823497428628
19.3976907884406
19.375288472626
19.31718090244
19.2475438854555
19.1932480815334
19.1644923563909
19.1684066997622
19.208054544221
19.2715738684914
19.3369937492963
19.3924808184624
19.4645023110387
19.5395808615551
19.6617871638261
19.7833020726126
999.99
999.99
999.99
999.99
999.99
999.99
999.99
999.99
999.99
999.99
999.99
18.2754734586616
18.1706650198859
18.1442969422595
18.0918611527078
18.0402936055709
18.0005996866733
17.9463406724527
17.9010977964265
17.8641297257573
17.8537712141813
17.8672193814743
17.9295726730145
18.0295497491443
18.1653073370211
18.3209106078941
18.4742077327179
18.6078143458397
18.7279409931792
18.8451771306253
18.9591849073432
19.075021724434
19.1952868541985
19.2985025482661
19.3639037543458
19.3872126243178
19.3762357071562
19.3319257986415
19.275521052535
19.232940706342
19.2134649993856
19.2201633244045
19.2558976207323
19.3138241706771
19.3720424807905
19.4201781578582
19.4805297731093
19.5550057698132
19.7018275002514
19.8468181929831
999.99
999.99
999.99
999.99
999.99
999.99
999.99
999.99
999.99
999.99
999.99
18.1768596232778
18.2220590363673
18.218049031253
18.1947810398057
18.1497050368534
18.0989837803554
18.0403663036296
17.9755164738314
17.9034139508615
17.8719539741641
17.8635837784234
17.9146966689748
18.0146849717054
18.1575672824237
18.3189416773717
18.4631091533607
18.5878490943629
18.7038599890862
18.8094485381521
18.9152349315488
19.0415195754378
19.1685039704025
19.2741155593271
19.3464208683644
19.3823144389936
19.3815625067104
19.3445212848042
19.3061515873076
19.2822613931933
19.2714737786318
19.2906168314169
19.3258500990713
19.3687465347552
19.4045158684431
19.4509536850842
19.4961838388814
19.549102584933
19.6792787753576
19.8169349898048
999.99
999.99
999.99
999.99
999.99
999.99
999.99
999.99
999.99
999.99
999.99
18.3523621933622
18.195773495459
18.2296303655114
18.2380106773539
18.2047172752794
18.142475194358
18.0878734701238
18.0115667333042
17.9236156328951
17.8805634934565
17.8729152395634
17.9203187267492
18.0110764991089
18.1572723277118
18.3162256399817
18.4545238503824
18.5715997935231
18.6885487991754
18.7892030409581
18.8942182212247
19.0202865660769
19.1513021300793
19.2599955213941
19.3405187368398
19.3850266631968
19.3948466464251
19.3578739641472
19.3373768051673
19.3351094997575
19.3384117850494
19.369715003725
19.4141767392967
19.4424730100474
19.4483249503899
19.4826560116646
19.508931592215
19.5371377301915
19.6372326369135
19.7546016535897
999.99
999.99
999.99
999.99
999.99
999.99
999.99
999.99
999.99
999.99
999.99
18.1593496689141
18.2783943567079
18.4880078158388
18.2866157794973
18.3651772729787
18.613054451936
18.1900472821797
18.0892766087958
18.0961313935774
17.8457582980963
17.7418878749332
17.7945317108366
17.768798563032
18.1998414609007
18.4004109386548
18.6586179565692
18.7646092080587
18.3388821062793
18.6997032947695
18.9428452435421
18.9606796109427
19.1294826060506
19.1904976746057
19.4578919835488
19.4764258915688
19.3888225158504
19.4572192859405
19.2454626051455
19.2499111171446
19.4911515704582
19.5119974056141
19.4913262993298
19.5796687959737
19.4776847418938
19.4796619957665
19.3274976695778
19.7627060952984
19.5856139811924
19.2803361062089
999.99
999.99
999.99
999.99
999.99
999.99
999.99
999.99
999.99
999.99
999.99
999.99
999.99
999.99
999.99
999.99
999.99
999.99
999.99
999.99
999.99
999.99
999.99
999.99
999.99
999.99
999.99
999.99
999.99
999.99
999.99
999.99
999.99
999.99
999.99
999.99
999.99
999.99
999.99
999.99
999.99
999.99
999.99
999.99
999.99
999.99
999.99
999.99
999.99
999.99
999.99
999.99
999.99
999.99
999.99
999.99
999.99
999.99
999.99
999.99
