999.99
999.99
999.99
999.99
999.99
999.99
999.99
999.99
999.99
999.99
999.99
999.99
999.99
999.99
999.99
999.99
999.99
999.99
999.99
999.99
999.99
999.99
999.99
999.99
999.99
999.99
999.99
999.99
999.99
999.99
999.99
999.99
999.99
999.99
999.99
999.99
999.99
999.99
999.99
999.99
999.99
999.99
999.99
999.99
999.99
999.99
999.99
999.99
999.99
999.99
999.99
20.4694243530376
20.5229607423161
20.4951170993157
20.5468352866646
20.6350643769703
20.57120536039
20.4489481751311
20.5276251916879
20.9419599076881
21.3890762025431
21.4475079867867
21.2062631189948
21.6628344947735
21.8312592592593
21.9191940325773
22.0375247773906
22.2023300953789
21.9648392184664
21.9869642216088
22.0444769999648
21.8244178369056
21.8354853914958
21.7532611229266
21.4984659436576
21.4722896988803
21.7005890412336
21.8294364618476
21.7542483269731
21.8962252188385
22.3457389022128
22.2865848680936
22.4371583681514
22.2759201539202
22.2955480992101
22.6321751034486
22.5065398970625
22.6129629344716
22.7638637243515
23.0479956911072
999.99
999.99
999.99
999.99
999.99
999.99
999.99
999.99
999.99
999.99
999.99
20.4708912117693
20.5382129106214
20.5559118424088
20.563659460837
20.5703658636164
20.5981820481999
20.6876056383379
20.836707959844
21.0004865405741
21.1696348261939
21.3579702444548
21.5044591072202
21.6187658398459
21.7190979825358
21.8414619576431
21.9078779041599
21.9379242787296
21.939712485354
21.9239068362389
21.8741508674695
21.8301740784155
21.7740133653428
21.7200714611722
21.7059695652272
21.7094038654191
21.7265749265745
21.80727811325
21.9408972241761
22.0563199639132
22.1812473323499
22.2955925830839
22.3842187551238
22.4440128112866
22.4899293047012
22.5311744050064
22.5790460119711
22.6306505599107
22.6183143873981
22.5957961084869
999.99
999.99
999.99
999.99
999.99
999.99
999.99
999.99
999.99
999.99
999.99
20.6009674092845
20.5688502572954
20.5595277013064
20.5747957285977
20.6065655182561
20.6801258514798
20.7967171272721
20.9522358085276
21.1307464162152
21.2926222667062
21.4422325736703
21.5630666466316
21.6584985139465
21.7313008762816
21.8127261103861
21.8609005312176
21.885884669011
21.8834604187808
21.8632605074605
21.8323978715068
21.802720710068
21.7689039379841
21.7488439768369
21.7547947332304
21.7694628990673
21.8027315598943
21.8734453135047
21.9769358268519
22.0830099826015
22.2092532804508
22.3333508036623
22.4322339559658
22.5008058741924
22.5439320513957
22.5622449926885
22.5708167266131
22.5853305034858
22.5685247069199
22.5646049384356
999.99
999.99
999.99
999.99
999.99
999.99
999.99
999.99
999.99
999.99
999.99
20.646873015873
20.6080893200651
20.5663430844915
20.5834160309476
20.6307010225795
20.7265393292527
20.8573874196835
21.0185433896664
21.1990132453843
21.3590356764714
21.4828756933838
21.5800037316493
21.6594067190719
21.7094155654544
21.7518490382893
21.7887694522474
21.8073655852516
21.7994038351419
21.7886370846772
21.7760631570311
21.7606891047163
21.7550427947248
21.7685270803928
21.7896773302724
21.8111685732842
21.850018080672
21.9137838234732
21.9946963756429
22.0944857340205
22.2206312528611
22.350719507367
22.4540341038271
22.5233239310001
22.5608474187945
22.5666473131836
22.5450449801737
22.5194991793629
22.5100361334305
22.5167437852425
999.99
999.99
999.99
999.99
999.99
999.99
999.99
999.99
999.99
999.99
999.99
20.5672055849686
20.6266482054123
20.5712043659921
20.5875024779616
20.6430710968574
20.7512270515086
20.8940983460475
21.0653097772361
21.2482359981564
21.4004302537678
21.5114916634525
21.5889360244462
21.6415412283901
21.6682937773058
21.6915684750998
21.7131227362378
21.7232775903357
21.7181340192943
21.7154809858157
21.7178198099287
21.7229978139276
21.7394514492984
21.7715756078938
21.8076990643921
21.834962114033
21.8694275237445
21.9252708300848
21.9978259656717
22.0905575776628
22.2153031946986
22.3483505981923
22.4518092725885
22.517866254819
22.5448675913567
22.5332413330893
22.4952218431523
22.457987737247
22.4424584305601
22.4533097265095
999.99
999.99
999.99
999.99
999.99
999.99
999.99
999.99
999.99
999.99
999.99
20.538976532372
20.6100619175099
20.5606435056522
20.5821498854066
20.6411224787379
20.7541590477209
20.9004447251342
21.0727289103372
21.2514865548775
21.3947916490889
21.4953368191716
21.558414931286
21.5913709536688
21.6018856899119
21.6098195469827
21.6179744359795
21.6211675461528
21.6196974323531
21.625651114526
21.6433398796487
21.6695420178208
21.7079595152842
21.7580716255383
21.8077767435563
21.8410733730656
21.8726193011355
21.9222230248743
21.9876653995472
22.0749085194215
22.1982407433097
22.3331993230584
22.4369065379382
22.5032821326469
22.5268003336407
22.5064298119392
22.4604015182413
22.4166062421353
22.3954443190652
22.4048886579591
999.99
999.99
999.99
999.99
999.99
999.99
999.99
999.99
999.99
999.99
999.99
20.5919082638229
20.5848729742223
20.5477726149127
20.5794500458228
20.6368262410554
20.7474021733053
20.8897123761526
21.0553424677316
21.2230821504348
21.3559131551458
21.4470697452098
21.4999675752851
21.5183516248137
21.5184279013513
21.5155143915618
21.514086693274
21.5129179649748
21.5172252198917
21.532452947604
21.5639278612671
21.6077068012692
21.6637888422905
21.7275885734062
21.7880272307725
21.8287344322346
21.8617082504717
21.9104013511529
21.97284735725
22.0572964535417
22.1783493343418
22.3129982332724
22.4157070802934
22.485178213767
22.5109317081547
22.4903942304898
22.4436491600525
22.3976946960333
22.3699219030176
22.372989092179
999.99
999.99
999.99
999.99
999.99
999.99
999.99
999.99
999.99
999.99
999.99
20.4784956282587
20.5749019862059
20.547290961336
20.5836236998718
20.6359948496629
20.7391199374095
20.8749191918995
21.0298066504018
21.1815850003724
21.3024618100928
21.3839870219673
21.4277264430216
21.4355569560294
21.4300888397905
21.4206004285803
21.4137397225384
21.4111276494784
21.422375692955
21.4463000156351
21.4893052370924
21.5461166708482
21.6141340542468
21.6858638493661
21.7530134231994
21.7997021516183
21.8363880580959
21.888128944539
21.9518749623665
22.0370116854589
22.1576011346721
22.2920953494184
22.3943955080746
22.4689872054414
22.5004949507451
22.4853452570444
22.4431493229357
22.3988467177013
22.3662109948934
22.3623998805286
999.99
999.99
999.99
999.99
999.99
999.99
999.99
999.99
999.99
999.99
999.99
20.3863491988074
20.5991182117489
20.5748671669313
20.5978717505272
20.6392166550674
20.728656568679
20.8543127443874
20.9945566258879
21.1288748828934
21.238499570684
21.3101316662402
21.3451496583493
21.3466676746019
21.3387335164769
21.3262797062362
21.3190898757622
21.3190859830124
21.3378213789669
21.3703241771612
21.4235568677662
21.48981364791
21.5643972768441
21.6388712413828
21.7086521143568
21.7582182689202
21.8001370862409
21.8594642292545
21.9304941454447
22.0217358659711
22.1462115182056
22.281199086789
22.3826926628303
22.4614178525183
22.498654969894
22.4903286801486
22.4542936658991
22.4139029659757
22.37884218256
22.3694623484391
999.99
999.99
999.99
999.99
999.99
999.99
999.99
999.99
999.99
999.99
999.99
20.4735036778939
20.636709353649
20.620095714857
20.6255212310659
20.6520470074784
20.7236952882039
20.8370069868131
20.962156253326
21.0802967859309
21.1783675919105
21.2392606207117
21.2651620945694
21.2615527670966
21.251693961449
21.2385635339757
21.2338176593719
21.2378243446716
21.2637952883026
21.3038864876567
21.3653345207752
21.4383694239629
21.5160685655641
21.5893390767244
21.6579608329536
21.7079908024675
21.7554422468136
21.8255810867121
21.9087532133268
22.0113512726886
22.1426683773811
22.2793607601641
22.3798004562587
22.4609197883299
22.5039174122073
22.5046878578855
22.4767678000172
22.4424395202602
22.408980273315
22.3953971344011
999.99
999.99
999.99
999.99
999.99
999.99
999.99
999.99
999.99
999.99
999.99
20.8887498895662
20.6955170179389
20.6734806937258
20.6557864558277
20.6707915784995
20.7277771444701
20.8328646314172
20.9467369342725
21.0527874939802
21.1380598327735
21.1867036652876
21.2003619489433
21.1895849354241
21.1756421627567
21.1626498486747
21.1611191145584
21.1701731104845
21.203212459213
21.2504344003404
21.3187189821942
21.3959558611022
21.4737305861039
21.5426189313195
21.605826560253
21.6529807029317
21.706263089678
21.7886896880871
21.8877458730985
22.0066933334615
22.1485553905928
22.2864464872101
22.3844623267887
22.4635756652731
22.5070977637217
22.5134564112154
22.493421885043
22.4665689395573
22.4369652813891
22.4227641510906
999.99
999.99
999.99
999.99
999.99
999.99
999.99
999.99
999.99
999.99
999.99
21.0519805194805
20.7422334433464
20.7098526361063
20.6645989671508
20.6727028904805
20.7195588642897
20.8213953039407
20.9301024131838
21.0308107423777
21.1054347186728
21.1441124454864
21.1454956048301
21.1281035666562
21.1100427301899
21.0975011185289
21.0985957885979
21.1129006255358
21.1511828177258
21.2044005253282
21.2797978911238
21.3611675892115
21.4384049284402
21.5025195118841
21.5576453229847
21.598280395775
21.6557154813159
21.7490430079754
21.8655924537789
22.0045152427285
22.1604172214493
22.2999719774129
22.3958926915972
22.4684665583186
22.50799177817
22.5168538566084
22.5048314989566
22.4872947719802
22.4675509087613
22.4575367761795
999.99
999.99
999.99
999.99
999.99
999.99
999.99
999.99
999.99
999.99
999.99
21.0942299084136
20.7516979910064
20.7150471721821
20.6451183144875
20.6510755131559
20.6925659934978
20.7930841749897
20.8998492798903
21.0009097551138
21.0686146534829
21.1021487978086
21.0962722290765
21.075343213902
21.0541822622983
21.0417171071285
21.0438035741989
21.0618949928067
21.1029787502545
21.1607490300355
21.2433387598525
21.3289329332572
21.4047180910308
21.4641244530374
21.5104351575404
21.5438350031996
21.6043607776115
21.7086077637182
21.8434331953427
22.0035182263838
22.174726481565
22.3182328759187
22.4143450555456
22.4815606967626
22.5186500703193
22.5307325363981
22.5272928654595
22.5202075721525
22.5115542074462
22.506169294597
999.99
999.99
999.99
999.99
999.99
999.99
999.99
999.99
999.99
999.99
999.99
21.0085038714673
20.6918828093772
20.6657325032007
20.5967127041531
20.6073405807234
20.6497546469185
20.7511436478379
20.8605296415222
20.9653788792513
21.0303836410354
21.0647051936793
21.0579708314896
21.0359179378067
21.0130991707054
20.9993934685955
20.9992029722878
21.0174302823622
21.0576949304708
21.1169838583145
21.2046577470361
21.2925200091798
21.3665852622994
21.4241841151921
21.4651375374541
21.4946915858322
21.5593814237932
21.6730627847883
21.8214613429934
21.9972680044774
22.1806328785797
22.3290046382607
22.4291380092332
22.4968183032517
22.5373871210121
22.5557358075724
22.5640968948287
22.569269358114
22.5720460216382
22.571823631992
999.99
999.99
999.99
999.99
999.99
999.99
999.99
999.99
999.99
999.99
999.99
20.898864498645
20.598308403564
20.5830401905463
20.5275371552466
20.5475998351074
20.5949366013708
20.6963001382726
20.806798886318
20.913922933373
20.9789095304542
21.0183900771243
21.0178355406485
21.0006551719921
20.9817122205352
20.9688661153377
20.9663635956629
20.9829759887979
21.0193813708087
21.0762156633899
21.1649438517208
21.251236821657
21.3215022462394
21.3786197666742
21.4179304497634
21.4482634668369
21.5199922081753
21.6426968186738
21.8007757354261
21.9865733531405
22.1778725556537
22.3301435424844
22.4369165054502
22.5099131499458
22.5584174217872
22.5852455693746
22.6064823701074
22.6235729201679
22.6363033968929
22.6411385366564
999.99
999.99
999.99
999.99
999.99
999.99
999.99
999.99
999.99
999.99
999.99
20.6025491525509
20.475241332513
20.4804092698715
20.4501334209937
20.4799573659182
20.5314917378588
20.6281056562102
20.7361007613577
20.8423419178233
20.9108882910972
20.9594348311772
20.9719309689652
20.965178400189
20.9546697134795
20.9447595105488
20.9423332007737
20.9578787060881
20.9901794971241
21.0434459648718
21.1303845495539
21.2117218063398
21.2755187990246
21.3310958747468
21.3704173791305
21.4048447167657
21.4846602325022
21.6165362215357
21.7817881280968
21.9728917475583
22.1676214576545
22.3231789932829
22.4361268235139
22.5161711021224
22.5744448198052
22.6097946675596
22.6411347787851
22.6685125521428
22.690758644341
22.7018127281691
999.99
999.99
999.99
999.99
999.99
999.99
999.99
999.99
999.99
999.99
999.99
20.4202850958565
20.3384994162023
20.3708614683826
20.3826918437266
20.423888650052
20.4795594407364
20.5680290471188
20.6689784686017
20.7695007608762
20.8410607943515
20.897834597743
20.9251434445183
20.930034530151
20.9277962678557
20.9220570054895
20.9226200833224
20.9387361483125
20.9695004195031
21.0214902476602
21.104082321124
21.1784290441818
21.2347876155201
21.2881117652208
21.3283169408285
21.369816134425
21.4568052463535
21.5958755290965
21.7638045632706
21.9543435521785
22.1475300078447
22.3055457142635
22.4236927776394
22.5127693049284
22.5820880305028
22.6247703292517
22.6623185746139
22.6964006398003
22.7231799991356
22.7388409727087
999.99
999.99
999.99
999.99
999.99
999.99
999.99
999.99
999.99
999.99
999.99
20.1715442956192
20.2134892972251
20.2700744573956
20.3252333981125
20.3804816503351
20.4430713464132
20.5250657531251
20.6180296454909
20.709071880972
20.7799084743382
20.8392507030739
20.8764837236195
20.8899083749618
20.8941579347576
20.8940443306119
20.9003848558296
20.9188039585435
20.9501665207603
21.0029428360901
21.0791998464982
21.1472591251275
21.200649419306
21.2566426873078
21.3019211040272
21.35468782302
21.449245422847
21.5912489124609
21.7553292893039
21.9386261235149
22.1238890558494
22.2779993374797
22.3961713405715
22.4900071103388
22.5654261768788
22.6109680373431
22.6517661072406
22.6896753666279
22.718760163866
22.7389624212968
999.99
999.99
999.99
999.99
999.99
999.99
999.99
999.99
999.99
999.99
999.99
19.7752589433408
20.1255679823314
20.1915579255344
20.2716376222246
20.3405504521827
20.4121698779077
20.4914291302137
20.5766903193233
20.6580443850618
20.7256013534355
20.782611736527
20.824172601632
20.8438986397856
20.85313071308
20.8596488977339
20.8728683561267
20.8948541602023
20.9275834267936
20.9827429487227
21.0532375801432
21.119221671113
21.1745114870919
21.2368755485112
21.2885754735301
21.3535317799572
21.4539539798194
21.5971928375938
21.7567060796262
21.9324935702658
22.1066086253918
22.2515974139993
22.3618340050098
22.4512511098709
22.5240153145592
22.5674151468587
22.6071981015451
22.6459708214422
22.6755558716496
22.6992231092608
999.99
999.99
999.99
999.99
999.99
999.99
999.99
999.99
999.99
999.99
999.99
19.7398182446667
20.0521560591359
20.1161125056652
20.2123480523999
20.2946581607735
20.377912144327
20.4616274331783
20.5452725754428
20.621464479173
20.686359491192
20.7393233042005
20.7799285059173
20.8020771381242
20.8121955830869
20.822051481997
20.8396024069948
20.8638117860724
20.8961032449425
20.953735330214
21.0216892578642
21.091272321976
21.1552919539929
21.2299596886965
21.2910464185361
21.3673847696933
21.4712364053168
21.6134183144751
21.7672877870056
21.9360883252743
22.0988565019875
22.2318424061702
22.3282220282842
22.4058275904852
22.4674358313502
22.5026307076606
22.5376147086139
22.5746587306293
22.6032619834918
22.6301653425538
999.99
999.99
999.99
999.99
999.99
999.99
999.99
999.99
999.99
999.99
999.99
19.9204113961919
19.9773199172304
20.0363069636172
20.1427460381951
20.2370452114186
20.3344265649238
20.4291490734429
20.5174331818976
20.594903169586
20.6601496625348
20.7092989778415
20.7462183479474
20.7684356865405
20.7770840107007
20.7866815756275
20.8040634706166
20.8263907568963
20.8537566874747
20.9095813928634
20.9756220038487
21.0539132242029
21.1337618194086
21.227577410937
21.3034872691139
21.3918996773362
21.4964150008557
21.633115091847
21.7780965651591
21.9381358996207
22.0883910984556
22.2078625939582
22.2891615757763
22.3521819559564
22.3984683460187
22.4235529580779
22.4534899490206
22.4874380672402
22.5138908303637
22.5432188730859
999.99
999.99
999.99
999.99
999.99
999.99
999.99
999.99
999.99
999.99
999.99
19.9238704893635
19.9226038905504
19.9665911756905
20.0621932064752
20.1643853378115
20.2748540194566
20.3829808191167
20.4790940221676
20.5627864570108
20.6329203643054
20.6825427463445
20.7180468240648
20.7443556512408
20.7558072010136
20.7644064526278
20.7775953304259
20.7926588699029
20.8063488051405
20.8511763665069
20.9140273320495
21.0026307933076
21.1021756705693
21.2202159173323
21.316344765667
21.4168746702881
21.5215219046868
21.6519177716934
21.7884310948516
21.94006489631
22.0782801056726
22.1837988954178
22.2486276359896
22.2935860946173
22.3204522954959
22.3341207992398
22.3590882496081
22.3903780443251
22.4168453867656
22.45005648609
999.99
999.99
999.99
999.99
999.99
999.99
999.99
999.99
999.99
999.99
999.99
19.7397739767008
19.8568530879098
19.893993713551
19.9767853699175
20.081647055307
20.2010160091373
20.3209746589304
20.4276388318412
20.522864918898
20.6034439277393
20.6595203960575
20.6987422905826
20.7325832118631
20.7494418761204
20.7572540352401
20.764721293117
20.7699045751157
20.7649801000897
20.7925296412152
20.849198833127
20.9435237061613
21.0568091646017
21.1936826549108
21.3078109401257
21.4181121914107
21.5238835147654
21.6530559306742
21.7885779221074
21.9375331148632
22.0683881762439
22.163217856025
22.2118934368178
22.2370739836715
22.2429753498858
22.2449141697566
22.2646362741455
22.2944796842813
22.3237590084834
22.3627458495357
999.99
999.99
999.99
999.99
999.99
999.99
999.99
999.99
999.99
999.99
999.99
19.7466973668995
19.7832453718831
19.8205067792952
19.902714461261
20.0076930052582
20.1305754087187
20.2558629912317
20.3694575518503
20.4746889167795
20.5655610251914
20.6294844888882
20.6759214808379
20.7197230156458
20.7439062097705
20.7524868698118
20.7564189253303
20.7526388167549
20.7297145784441
20.738013235114
20.7863742410922
20.8814472384318
21.0037898411653
21.1548577393983
21.2866574203586
21.4073885479477
21.5167629659824
21.6465926652394
21.782938911936
21.9287455855532
22.052424206375
22.1380584005149
22.1734322253227
22.1815103531026
22.1694717285039
22.1616034880372
22.1769194664883
22.2065835057206
22.2410895640393
22.2880578880787
999.99
999.99
999.99
999.99
999.99
999.99
999.99
999.99
999.99
999.99
999.99
19.6585956302699
19.7101195918113
19.7590126269739
19.8477672701329
19.9509168054368
20.0720717343443
20.1956320988991
20.3098355993142
20.4209145673694
20.5197304599819
20.590719654755
20.6448207485749
20.6993267112847
20.7314699167537
20.7436634899625
20.7479140501561
20.7396310795293
20.704141478324
20.6971748388012
20.7367137638418
20.82935642333
20.956242383774
21.1155313416119
21.2611095237103
21.3912501592182
21.5040941624763
21.6331222376451
21.7693173663028
21.9094416388286
22.0242034367742
22.1015308549132
22.1274444597453
22.1221475188829
22.0975635390909
22.0838185856119
22.095921213706
22.1264670801085
22.1680172675915
22.2238311488175
999.99
999.99
999.99
999.99
999.99
999.99
999.99
999.99
999.99
999.99
999.99
19.5495632783786
19.6600837968589
19.7236277104223
19.816033325754
19.9169449918572
20.0323488251019
20.1489180785375
20.259491466121
20.3711090255735
20.472559509582
20.548366033957
20.6086463516077
20.6718987168623
20.7111168742343
20.728898240509
20.7363422809841
20.7280573148938
20.6869816492303
20.6715693887567
20.7049545542795
20.7928918899458
20.9193761111041
21.0806031517699
21.2347109750111
21.371533293239
21.4894593249743
21.6199173121787
21.756672041415
21.8902585432436
21.9963950235348
22.0655617932663
22.0829154065842
22.0674068668487
22.0358493589862
22.0196311972702
22.0298929672045
22.062775680432
22.1122429193853
22.1762567498258
999.99
999.99
999.99
999.99
999.99
999.99
999.99
999.99
999.99
999.99
999.99
19.4382873835418
19.6319660343109
19.7130144658491
19.809721083323
19.9101341450248
20.0189741046704
20.1257727583638
20.2305844908591
20.3386031374063
20.4364850801856
20.5114963889608
20.5740838564855
20.6393445540227
20.6804341077998
20.7035122205791
20.7162629602291
20.7126236116721
20.6763186745464
20.6616263488993
20.6919159370335
20.7741580449687
20.8955037787814
21.0518629807147
21.2092691115489
21.3512456254076
21.4757977560533
21.6088266562422
21.7447214185163
21.8694228599089
21.9662005436841
22.026812605291
22.0385992969684
22.0193532833147
21.9888705565052
21.9753613742965
21.9871219619886
22.023380642319
22.0797561875265
22.1500115487042
999.99
999.99
999.99
999.99
999.99
999.99
999.99
999.99
999.99
999.99
999.99
19.4330161369796
19.6285810179901
19.7234669868688
19.8281196325491
19.929789863957
20.0322079269523
20.1276091426802
20.2220157958547
20.3205816491673
20.4087692748504
20.4781485845627
20.5383587721596
20.6022772580868
20.6427396930433
20.669930992484
20.6881686565848
20.6927096475369
20.6679957955973
20.6611820438813
20.693970095407
20.7749089187384
20.8937808274603
21.0468744451182
21.2068466697638
21.351304394041
21.4778456742196
21.6052805503879
21.728536611173
21.8353482865932
21.9188685708574
21.9719027680542
21.9845877394338
21.9723876197194
21.9535791096644
21.9494889549137
21.9654746885936
22.0045301512648
22.064721639853
22.1377286520637
999.99
999.99
999.99
999.99
999.99
999.99
999.99
999.99
999.99
999.99
999.99
19.5651704476321
19.6438833431203
19.7516046470036
19.8610585563617
19.9642812420257
20.0615885461631
20.1496454701212
20.2354323993906
20.3237432955954
20.4003083988181
20.4627077129349
20.5158993521651
20.5734627922631
20.6098351826625
20.6387802417177
20.6600008252225
20.6721331934215
20.661927234738
20.6678832442722
20.7075550150813
20.7908003295608
20.9091687409526
21.0581848880415
21.2158423674944
21.3560296497787
21.4776594938521
21.5928718333265
21.6978668566535
21.7857354112232
21.8590029631239
21.9091304474431
21.9295130925971
21.9324280527203
21.9309204686037
21.9387911105346
21.9598476033419
21.9997990853362
22.0593582264215
22.1306683011298
999.99
999.99
999.99
999.99
999.99
999.99
999.99
999.99
999.99
999.99
999.99
19.5335859239483
19.6766345052556
19.7875688955538
19.9009914284038
20.0053190284005
20.0988257079157
20.1817024192078
20.2618787951082
20.3411620483984
20.4053855356244
20.4590911526548
20.5043738322036
20.5525473960578
20.5828955333538
20.6127413735188
20.6377713874876
20.6575969748951
20.6634660448333
20.6845108091166
20.7337199576331
20.8201759506624
20.9367163418475
21.0793250136969
21.2303279423805
21.3608633999688
21.4722741408349
21.5731715913058
21.6584722440412
21.7284892249979
21.7939523416451
21.8449164818586
21.8762260939081
21.8989410660714
21.9177185031198
21.9390012229533
21.9654601975622
22.0041149124174
22.058390221226
22.1234321270766
999.99
999.99
999.99
999.99
999.99
999.99
999.99
999.99
999.99
999.99
999.99
19.5926891337466
19.7220867902184
19.8332039599084
19.9428810520952
20.0474637602694
20.1375322900765
20.2169484794304
20.2934658990583
20.3666294210571
20.4200854867386
20.4641794070816
20.4998477222867
20.5359774605065
20.5564665019104
20.5862059611694
20.6168963436388
20.646616335798
20.6701738558896
20.7096206003221
20.7697206831749
20.8600630775906
20.9746118470921
21.1099344964052
21.2507260126937
21.3684711480989
21.464662749679
21.5464988841298
21.6099235798811
21.662141450735
21.7195756115635
21.7729416712913
21.8187528354539
21.863286857415
21.9026719909243
21.9373912510377
21.9689696095717
22.0034411149598
22.048580160203
22.1042574696921
999.99
999.99
999.99
999.99
999.99
999.99
999.99
999.99
999.99
999.99
999.99
19.5383345701917
19.7655070427842
19.8722343274518
19.9812814770029
20.0830246410121
20.1676976028531
20.2438902014928
20.3174111463597
20.3867431587369
20.4336038912065
20.4707681770674
20.4959594006545
20.5191118759993
20.5271214732921
20.5533680775542
20.5892717972142
20.6306308187896
20.6726645249298
20.7336178561602
20.8081711149179
20.9048873744479
21.0196746234143
21.147827110842
21.274342738565
21.3751737181678
21.4501819617509
21.5075266464462
21.5484123494989
21.5863795536245
21.6379285702426
21.6969677477468
21.759179880936
21.824516860478
21.8809759304982
21.9262694436013
21.959792161154
21.9876668229023
22.0204267173877
22.0633517094169
999.99
999.99
999.99
999.99
999.99
999.99
999.99
999.99
999.99
999.99
999.99
19.7281110432347
19.8052077363286
19.9103619577466
20.0147358798678
20.1101424298878
20.1872392844255
20.2591567151311
20.3302830895083
20.3976245689798
20.4414728713551
20.473413549924
20.4891929850311
20.4980886746145
20.4912927904108
20.5110066308015
20.5513785482581
20.6037297555856
20.6652506110055
20.7501313229641
20.8423794096178
20.9483771227226
21.0663488703369
21.1876244339349
21.2992763945068
21.383527468317
21.4380840872537
21.4737277006031
21.4992449252565
21.5295444337806
21.5775896981454
21.6416915983533
21.7156257610011
21.7930403354963
21.8579937692108
21.9081316751277
21.9399982785956
21.9596519096751
21.978795329125
22.0067643131743
999.99
999.99
999.99
999.99
999.99
999.99
999.99
999.99
999.99
999.99
999.99
19.7445591504895
19.8378218479754
19.9438009123753
20.0431719975111
20.1316165945325
20.2002900453673
20.2636599100776
20.3282675058087
20.391198143564
20.4328333486451
20.4598010161745
20.4686627513082
20.4656160820286
20.4457833003856
20.457861166859
20.5033072128643
20.5687205526301
20.6508685056032
20.7598501271417
20.8716046856388
20.988838421731
21.1108633794666
21.2272428182774
21.3283090230157
21.4008768764466
21.439754579339
21.4595137459409
21.4757628741455
21.5000834864782
21.5430821774482
21.6084569628675
21.6873586666368
21.7681771988478
21.8354560896225
21.8860124280788
21.9132730533488
21.9229099204493
21.9271105362372
21.9382800116609
999.99
999.99
999.99
999.99
999.99
999.99
999.99
999.99
999.99
999.99
999.99
19.761605145532
19.8700090526984
19.974798193222
20.0678390798337
20.1506849176995
20.2109984960641
20.2620738282336
20.3145119637372
20.3670514958985
20.4054573848171
20.4288203938149
20.4332399010895
20.4218147389693
20.3939748717632
20.3974068142756
20.4437656912573
20.5202732801711
20.6218239534765
20.7520058739716
20.8828104584761
21.0130695076544
21.1427540057338
21.2584269979645
21.3549310635248
21.4226795475849
21.4532016176491
21.460909722329
21.4707500862605
21.4894826827641
21.5266489639807
21.5901730109863
21.670587054008
21.7497941595055
21.8160286822697
21.8644953362379
21.8864355250885
21.8865176086661
21.8765116140383
21.8699145393179
999.99
999.99
999.99
999.99
999.99
999.99
999.99
999.99
999.99
999.99
999.99
19.8052646729688
19.8790632423799
19.9818762156782
20.0867103096366
20.1657782289829
20.2197853798886
20.2558756693101
20.2895928882329
20.3229799787785
20.3527832773694
20.3706301866329
20.3730443091552
20.359225225414
20.3335022706094
20.3318380038583
20.377822970391
20.4636167095405
20.5826482234832
20.7276473418554
20.876121992723
21.0205017048452
21.1596087146996
21.2777041393226
21.3754812482348
21.4434400285292
21.471648987578
21.4725657177962
21.4790542488123
21.4948483092937
21.5278701699811
21.5895178698634
21.6692006462978
21.7445800386241
21.8078536094183
21.8532666718686
21.8692376380897
21.8610308732319
21.8375716227581
21.8120158038884
999.99
999.99
999.99
999.99
999.99
999.99
999.99
999.99
999.99
999.99
999.99
19.7927056201638
19.8809706610036
19.9887406113229
20.1008149444471
20.1806849956705
20.2336371023045
20.2552104418486
20.2666467459288
20.2738844723008
20.2867062808155
20.2919189747541
20.2909404813117
20.27809537914
20.2636123407238
20.265155261402
20.3153102390446
20.4115433453829
20.5464557984646
20.6991689009064
20.8597885015056
21.0147058585564
21.1613987400318
21.2843887236299
21.3908113298794
21.4658722803875
21.5001244040766
21.5025793128915
21.5087600402571
21.5189560978686
21.544882074619
21.6003880191542
21.6741403027075
21.7425909684086
21.8031133575863
21.8457309482655
21.8563946126669
21.8401671968038
21.8038855028054
21.7595834332057
999.99
999.99
999.99
999.99
999.99
999.99
999.99
999.99
999.99
999.99
999.99
19.5393528138528
19.8810759104794
19.9831685531552
20.1062666137331
20.1907155535442
20.2462997161707
20.2558412565221
20.2450184430699
20.2230880089291
20.2144364597457
20.2045866100549
20.1994080162616
20.1913663269868
20.1968881715896
20.2112887793336
20.2715236885203
20.382082047053
20.5309605304576
20.6836778887997
20.8460158814106
21.0013060343983
21.1467123611707
21.2703371790826
21.3843205020369
21.4683063562841
21.5122429640699
21.5196564666878
21.5256163011309
21.5301523601864
21.5492594130231
21.5991780043605
21.6683998893583
21.7331715172977
21.7930549609668
21.8331921279027
21.8381364072711
21.8124780422689
21.7622093390197
21.7000054352907
999.99
999.99
999.99
999.99
999.99
999.99
999.99
999.99
999.99
999.99
999.99
19.6979276312151
19.8739821039632
19.9675039336642
20.100110742661
20.1898129640303
20.2499879281391
20.2522937254344
20.224756462753
20.1778695334106
20.14987875138
20.1267543550762
20.1172690232087
20.1157992891339
20.1451487978988
20.1790290547564
20.2540692844099
20.3826756332054
20.5450955410176
20.6937574912723
20.8490558849675
20.9947622458548
21.1300625855201
21.248521265904
21.3659076712008
21.4582609162603
21.5126460677437
21.5252164764683
21.52799990153
21.5254052861946
21.5353529508586
21.5789950618764
21.643282737921
21.7063998975393
21.7667709017186
21.8058488135661
21.8055263553245
21.7728636148713
21.7119413107046
21.6352846992093
999.99
999.99
999.99
999.99
999.99
999.99
999.99
999.99
999.99
999.99
999.99
19.6202438672439
19.8626387950345
19.949553925282
20.0802286662509
20.1743814987965
20.2412260540187
20.2442108643405
20.2091781786986
20.1486253731783
20.1069238730134
20.0729583792991
20.0583435868209
20.0632757761919
20.113639858572
20.1701929560031
20.2646245956538
20.4146060781544
20.5899346620287
20.7343029478447
20.879427311128
21.0106071199925
21.1289613527277
21.2373201063798
21.3532787298264
21.4500936922134
21.5124347878447
21.5315294831232
21.5311424606364
21.5223938373268
21.5215607680625
21.5556961369162
21.6088298922418
21.6656306973038
21.7196504771662
21.7525585964616
21.7438721302431
21.7049599083945
21.6363280383312
21.5516088286405
999.99
999.99
999.99
999.99
999.99
999.99
999.99
999.99
999.99
999.99
999.99
19.64443777999
19.8440387243762
19.9281578750377
20.0537760545601
20.149723868586
20.2222666465532
20.2334395375577
20.2029333734897
20.144516254069
20.1027434375004
20.0668636718522
20.0487103436096
20.0569080707359
20.11910604703
20.1915641233913
20.3021931521211
20.4705107190225
20.6558293517672
20.7980726525073
20.9324067817068
21.0458296973386
21.1441045906012
21.2394132961598
21.3502501323657
21.4486439580198
21.5175593811077
21.5447693520922
21.5422731359485
21.5254424641588
21.5115220794906
21.5311230219188
21.5639837034323
21.6056133615341
21.6442286891507
21.6624132468728
21.6406328734999
21.5950775063776
21.5222034974513
21.4371540112798
999.99
999.99
999.99
999.99
999.99
999.99
999.99
999.99
999.99
999.99
999.99
19.8195000703903
19.8183628862504
19.8935612597985
20.020246781822
20.1113316856033
20.1859603671294
20.210994882546
20.196608603996
20.1567546502122
20.1307361160841
20.1050374384018
20.0884516399715
20.0986555870272
20.1620047388847
20.2401078034959
20.3580767533168
20.5364459417866
20.725993585419
20.870263033201
20.9960608292326
21.0943140083866
21.1746311395017
21.2577951377411
21.3597908877032
21.4572371086752
21.5294078702489
21.5619555694882
21.5557807396402
21.5317241784202
21.5044534006324
21.5072727320296
21.516596437072
21.5373881695819
21.5515837190971
21.5477738183609
21.5090658039793
21.4568074840421
21.3837408177098
21.3059794099478
999.99
999.99
999.99
999.99
999.99
999.99
999.99
999.99
999.99
999.99
999.99
19.5557424242424
19.8166828010156
19.8842326614652
19.9835741942484
20.0635771966917
20.1372319839054
20.1778114723435
20.1856821916165
20.1750158513678
20.1758182688957
20.1665049747999
20.1548819275912
20.1648779245061
20.2188818928465
20.2903127405477
20.4057814377698
20.5841165063812
20.7741445241518
20.9268888664418
21.0535370281679
21.1465609797299
21.2188053327984
21.2964062992239
21.3918511732329
21.4894782674959
21.5657199303498
21.6031195320385
21.5927559601738
21.5596598095225
21.5147420106946
21.4935723994992
21.4727394399948
21.4654570592817
21.4486133092706
21.4198198194723
21.3653453310808
21.3100296819866
21.2429156894862
21.1794454846551
999.99
999.99
999.99
999.99
999.99
999.99
999.99
999.99
999.99
999.99
999.99
19.4288730485542
19.8354641672179
19.888567142233
19.9462391438312
20.0110384775527
20.0807672443057
20.1353089263379
20.1652433016543
20.1858093245097
20.2145150117964
20.2211518688568
20.2161692335038
20.2255534701037
20.2651745778019
20.3234946274854
20.4296933054749
20.5981995446833
20.7838575215932
20.9478455297826
21.082324589474
21.1800675239309
21.2552063526937
21.3334133465975
21.4227999773397
21.5188195199434
21.5976878321587
21.6374457356535
21.6237991647874
21.5857301103566
21.5268250016984
21.4809781070677
21.4311873220045
21.3949223076493
21.344356788397
21.2897136531963
21.2223518242736
21.1654938175972
21.1075261973322
21.0629571006752
999.99
999.99
999.99
999.99
999.99
999.99
999.99
999.99
999.99
999.99
999.99
19.9592981004671
19.8366491312917
19.8808243522935
19.91426054608
19.9588300834233
20.0187437085037
20.0800405757029
20.1261894839579
20.1716368087257
20.2242650766071
20.2443876211137
20.2459463861606
20.2540704534926
20.2792096328448
20.3224741854718
20.4163662285118
20.570667761413
20.7505897476762
20.9264821028067
21.0707176152566
21.1772933188128
21.2606213368207
21.3407826733745
21.4225285425538
21.5144378866575
21.5929537505213
21.6311076524341
21.6151067739764
21.5753129743173
21.5082725494091
21.4434880141478
21.3742063055751
21.3162583081896
21.2406567720383
21.1683214234249
21.096189309945
21.0420851269744
20.9968868642221
20.9721165411581
999.99
999.99
999.99
999.99
999.99
999.99
999.99
999.99
999.99
999.99
999.99
20.2764306177756
19.8610444445423
19.9014190585597
19.9138313716666
19.9363420379565
19.9821962060439
20.041413261684
20.0960183150919
20.1589996965762
20.2305883053291
20.2647011238678
20.279296222786
20.2957671830232
20.3178816670062
20.3572094261855
20.4443375231579
20.584486087762
20.7540833922809
20.9332873298359
21.0780056475168
21.1872571231787
21.2735246870859
21.3500842768873
21.4177135779055
21.4996403281007
21.5723362775309
21.6054286708184
21.5894968015714
21.5564982638517
21.4924304182814
21.421825147763
21.3498446774739
21.2858801664523
21.2021781069537
21.1288129714333
21.0658024465421
21.0227214774538
20.9941834692235
20.9873658500358
999.99
999.99
999.99
999.99
999.99
999.99
999.99
999.99
999.99
999.99
999.99
19.9910789754187
19.9138459481049
19.959590209194
19.9480868001508
19.9539565575034
19.9852287247521
20.0346694710731
20.0883044829848
20.1581262927801
20.24065262339
20.2878090704919
20.3203675730177
20.3549490653339
20.3884883212493
20.4355568217405
20.5230551549287
20.6521796517865
20.808156801267
20.9787865174499
21.1151436445745
21.2182175715328
21.2994320219417
21.3648638160011
21.413357259028
21.4784870240658
21.541556092702
21.5690606572189
21.5578757835706
21.5394715325694
21.4903164076176
21.4275303234274
21.3669016164941
21.311557385461
21.2364931274209
21.1765757656043
21.133539598133
21.1076658905015
21.097133076465
21.1040628752231
999.99
999.99
999.99
999.99
999.99
999.99
999.99
999.99
999.99
999.99
999.99
19.7922862321573
19.9887251121026
20.0316712972177
20.0134616236686
20.0107946237433
20.0315878150129
20.0719260793218
20.122911900039
20.1957562846021
20.2847761907256
20.3461805959981
20.3991452818814
20.4580440036335
20.5127586261353
20.5764504684542
20.6689940966164
20.7895253592195
20.9265628785683
21.0754120501166
21.1906949303086
21.2755277698719
21.3396974562549
21.3850157302522
21.4095572816628
21.4520897227433
21.5009488843008
21.5241776968933
21.5242158992681
21.5286350617521
21.5077190723173
21.4695334192015
21.4347778399143
21.4010386094856
21.3491445006776
21.3131687324548
21.2950711297116
21.2877806620792
21.2935181785936
21.308380659513
999.99
999.99
999.99
999.99
999.99
999.99
999.99
999.99
999.99
999.99
999.99
19.9842438848414
20.063479045557
20.1144725929975
20.1142816991806
20.108524112351
20.1236135992921
20.1592221718147
20.211953995312
20.2908740689349
20.3904630741931
20.472028950398
20.5483866008457
20.6340558913857
20.7133749708534
20.7945975345303
20.8916876169024
21.0032967890218
21.1153088369154
21.2307918071413
21.3148079147218
21.3708051844089
21.4075362652025
21.4288070239558
21.4315592110211
21.4524531094573
21.4883770850674
21.5133676310099
21.5312161729027
21.5620646143948
21.5767080954546
21.5741438887042
21.5734761316071
21.5687160793922
21.5493027067932
21.5428966488727
21.5500774176489
21.560004011304
21.5775000835902
21.5936308350738
999.99
999.99
999.99
999.99
999.99
999.99
999.99
999.99
999.99
999.99
999.99
20.3330673400673
20.1810431614449
20.2306314817409
20.2520134821344
20.2503445389243
20.2674885766214
20.3073138554216
20.3706689718838
20.4636733792318
20.5814161517615
20.6894795345658
20.7929224071262
20.9069593317854
21.0116033542486
21.1087020746023
21.2077850655471
21.3059994686751
21.385120108924
21.4562590068476
21.4999146028904
21.5188454035614
21.5224582669502
21.5201344261624
21.506800136753
21.5113245146108
21.5391136072522
21.5727293454311
21.6127022675536
21.6713695172331
21.7246569992381
21.7641422542706
21.8001571362767
21.8266170080617
21.841139015458
21.8626854966255
21.8888913466612
21.9103656755992
21.9331314659132
21.9458835755169
999.99
999.99
999.99
999.99
999.99
999.99
999.99
999.99
999.99
999.99
999.99
20.2893823132604
20.3277439750483
20.3534643285672
20.3678287345129
20.3755790608015
20.4031680904603
20.4564283759661
20.5374164435636
20.6480367361794
20.7812205292467
20.9076073796911
21.0260004820074
21.1539291343084
21.269236190204
21.3699416797958
21.4641873897468
21.547827422357
21.5977804748826
21.63202884352
21.6457144351335
21.6378748698949
21.6192334462314
21.6049398281417
21.5881443013523
21.5863706909051
21.6116217025741
21.6543263959361
21.7118791568594
21.7894492378237
21.871478283805
21.9458079002951
22.0116446787718
22.0619976314732
22.1001040877466
22.1365886181597
22.1668955757046
22.1870919860922
22.2067446937401
22.2142505689609
999.99
999.99
999.99
999.99
999.99
999.99
999.99
999.99
999.99
999.99
999.99
20.1914992734714
20.4620852190771
20.457022414845
20.4572681394197
20.4736613329606
20.5162844103568
20.5908878018291
20.6957641088945
20.8284946316364
20.9769530703739
21.1145734285198
21.2365796282265
21.3634181288498
21.4733588304938
21.565348924741
21.6477857083984
21.7147916211044
21.740858258907
21.7486242034897
21.7427867048866
21.7200778326179
21.6913407822375
21.6761219805193
21.6657969379798
21.6665094731982
21.6924884001683
21.7435014652139
21.8139052313009
21.9027504531923
22.0042137659348
22.1063393821393
22.1948300197019
22.2609510336415
22.3123944446757
22.3520236842532
22.3740553741389
22.3835467479507
22.3942331408808
22.3966822636345
999.99
999.99
999.99
999.99
999.99
999.99
999.99
999.99
999.99
999.99
999.99
20.6514718329806
20.5427920516048
20.5171447175441
20.5249116517168
20.5475865196568
20.6049601251741
20.6996210672647
20.8266713662914
20.9785373945488
21.1381594667766
21.2796259380827
21.3987399723319
21.5145048717566
21.6092627414668
21.6848814973133
21.7511745150513
21.8006090102136
21.8095353578017
21.8017238909205
21.7881945464145
21.7639477071937
21.7384560564007
21.733069445443
21.7371077701414
21.7461114933399
21.7742666535499
21.8300095066571
21.9058521031346
21.9982840612168
22.1099682530726
22.2309094436557
22.3334925889551
22.4069179461246
22.4606673230101
22.4926422341001
22.4976412665323
22.4913424655743
22.4906913309702
22.4905584046498
999.99
999.99
999.99
999.99
999.99
999.99
999.99
999.99
999.99
999.99
999.99
20.8838423508354
20.6165243589799
20.5676565465801
20.565113708444
20.5953079768288
20.6678543825352
20.779909360622
20.9247166281055
21.0900845097452
21.2529489326422
21.3889652233502
21.497991864502
21.5938612921852
21.6653394305517
21.7206832600798
21.7694398766587
21.8024318793121
21.8029659691429
21.7920261105778
21.7819463509453
21.7676553775512
21.7564418863961
21.7663237131146
21.7864473205592
21.805322827953
21.8344528513568
21.8896293102051
21.9641557760743
22.0539483395588
22.1675736045774
22.2990849450684
22.4085269007969
22.4831835708443
22.5323042710456
22.5508978098087
22.5353432892348
22.5119063617197
22.5001284613019
22.4995296754128
999.99
999.99
999.99
999.99
999.99
999.99
999.99
999.99
999.99
999.99
999.99
20.5658765823156
20.6474857385268
20.5850581109559
20.5704798435378
20.6091340545511
20.6952971949674
20.8196247953328
20.9743295963638
21.1441251916195
21.2999794292472
21.4228402388498
21.5159425798211
21.5869564548568
21.6312050109739
21.6649291617915
21.69561573609
21.7151431586614
21.7151465216184
21.7124923795499
21.7166436092399
21.7223913049794
21.7339618566793
21.7634497064851
21.8002361627397
21.8290332041772
21.8575661637379
21.9069667988114
21.9742551825767
22.0563136025126
22.1649948010719
22.2995402460135
22.4107582991354
22.4833003517438
22.524827258314
22.5291834561202
22.4948625744607
22.456390436662
22.4353727302546
22.4348249136368
999.99
999.99
999.99
999.99
999.99
999.99
999.99
999.99
999.99
999.99
999.99
20.8382402019196
20.6324342617239
20.5778154640629
20.5725616854445
20.6171438274606
20.7108784850878
20.8397345123684
20.99583094848
21.1617371345524
21.3070055018317
21.4171535156711
21.497451656034
21.5484052618892
21.5717885959003
21.5885310666848
21.6032790168498
21.6109952794834
21.6121884187701
21.6187700942258
21.6366863103375
21.662447977931
21.6956435180516
21.7419850201956
21.7922547844451
21.8297033656881
21.8574206850613
21.9021844165819
21.964419660535
22.0408735339565
22.1459313646905
22.2839391027487
22.3975805395947
22.4708852240044
22.511119304891
22.5093451710079
22.4649318434479
22.4188098526328
22.3916437728967
22.388798676579
999.99
999.99
999.99
999.99
999.99
999.99
999.99
999.99
999.99
999.99
999.99
20.6133007543495
20.6048166088523
20.5646589368467
20.5784256460784
20.6271382303381
20.7223272271438
20.8473886221718
20.9971138844483
21.1514716822202
21.2819659643223
21.3796059334677
21.4501319235559
21.4864967879197
21.4959512779679
21.5016815644313
21.5045745490269
21.5037749629904
21.507362246082
21.5225354722588
21.5519353686471
21.5941379952729
21.6446629188053
21.7036579199949
21.7642256331064
21.810206699241
21.8402663583743
21.8842732880037
21.9451248541494
22.019281137604
22.1215970059115
22.2610842080295
22.3757329419212
22.4518264992205
22.4959434606338
22.4960525301655
22.4505243680506
22.40412249647
22.3736228411626
22.3654382040069
999.99
999.99
999.99
999.99
999.99
999.99
999.99
999.99
999.99
999.99
999.99
20.5070274170274
20.5976866173295
20.568644851248
20.5896806545901
20.638782714515
20.7284392406963
20.8451702606752
20.9855467020168
21.1261793871289
21.2417793166845
21.3284681181645
21.3896131278938
21.4143034427836
21.4136396439597
21.4119678747439
21.4070920483868
21.4018698210334
21.4091373240527
21.432834444788
21.4716977961262
21.526099634159
21.5889101488767
21.6556519724068
21.7221869352591
21.775317886602
21.8098869804073
21.8573978341619
21.9216385622674
21.9982048261678
22.1003582830523
22.2409450057247
22.3559734036545
22.4366233156592
22.4883938972105
22.4969969982735
22.4576637996606
22.4164743841784
22.3848842975507
22.3697893783397
999.99
999.99
999.99
999.99
999.99
999.99
999.99
999.99
999.99
999.99
999.99
20.5003582230133
20.6053195605846
20.5803416738719
20.6099649067653
20.6541078303396
20.7318170999932
20.8354176400512
20.9638447523087
21.0882804067162
21.1879158421794
21.2636887587053
21.3154046002553
21.3316606173966
21.326451031448
21.3223231225737
21.3148358172024
21.3101606692539
21.3218899756947
21.352843964317
21.3990357513308
21.4623528817039
21.5326844450564
21.6027206065105
21.6709120639977
21.7281802224286
21.7668523763809
21.8209513077259
21.8937045609079
21.979291963701
22.0867231324274
22.23047617
22.3456615655794
22.4297333043095
22.4875319304038
22.5049990148348
22.4742747686811
22.4403237041073
22.4102389458956
22.3900306452054
999.99
999.99
999.99
999.99
999.99
999.99
999.99
999.99
999.99
999.99
999.99
20.4525725011857
20.6364112266173
20.6192290408544
20.6410004208372
20.6733472566585
20.7348524508997
20.8222846898839
20.9394292549804
21.0504312446033
21.1383856387919
21.2037363703729
21.2459814709532
21.2539533693151
21.2444759743398
21.2379762017101
21.2308072388664
21.2294498449951
21.2462368846936
21.2840618871597
21.336350298022
21.4059050161741
21.4799964501642
21.5496118792441
21.6151566013384
21.6732044438683
21.7155534007728
21.7791675073299
21.8650318445431
21.9656280060421
22.0833971511519
22.2316621204848
22.3466472342539
22.4322530312078
22.4943184322223
22.5206521461125
22.5001531407475
22.4745901873561
22.4481660461127
22.4242665431954
999.99
999.99
999.99
999.99
999.99
999.99
999.99
999.99
999.99
999.99
999.99
20.6661043476554
20.6810872889134
20.6569195351818
20.6674338406403
20.6874592701574
20.7364200614874
20.813310385966
20.9251069050571
21.0294622877808
21.1096825946115
21.1641200335583
21.1944112817573
21.1910611787543
21.1740492898605
21.1633403133242
21.1569928530881
21.1596113421586
21.1816147472983
21.2261140816306
21.2844839450766
21.3587659581258
21.4349730604557
21.5029658264517
21.5631324302469
21.6187674920382
21.6646002469263
21.7392891159468
21.8404392134015
21.9611509527452
22.0936372469337
22.2467797438543
22.3593449470102
22.4425998552222
22.5024993490587
22.5333789889756
22.5214224528029
22.5046126313124
22.4841617451651
22.4601840571324
999.99
999.99
999.99
999.99
999.99
999.99
999.99
999.99
999.99
999.99
999.99
20.8242647027769
20.715443138576
20.6801224631703
20.6744977195172
20.6843057731588
20.7245459810397
20.796628537487
20.9083223346136
21.0118751697417
21.0880131689671
21.1342202346597
21.153328175659
21.1383505128021
21.1134552100535
21.0985039276411
21.0923078676402
21.0982870611784
21.1252167885307
21.1754535616563
21.2397986302328
21.3192366591077
21.3972297516184
21.463044997562
21.5169664355202
21.5670846740274
21.6138850663487
21.6986226930294
21.8153934896378
21.9579014626033
22.108644999761
22.268352718724
22.3792619663865
22.457924045032
22.510393057112
22.5409957009971
22.5353629804412
22.5262246080379
22.5140873968159
22.495659713947
999.99
999.99
999.99
999.99
999.99
999.99
999.99
999.99
999.99
999.99
999.99
20.7653905134926
20.7161501801028
20.6753938223269
20.6530239385235
20.6561369468137
20.6935029387975
20.7653335865161
20.8798936093959
20.9867539448133
21.0617852383271
21.1032306104986
21.1152814731948
21.0925909459718
21.0624011664968
21.0455789299456
21.0394240475689
21.0480164108254
21.0784786256432
21.1323404982916
21.2011099143275
21.2847399593029
21.3632042929967
21.4256504116549
21.472937105683
21.5157172016722
21.5622687578528
21.6550072947959
21.7864110513157
21.9497725268434
22.1200991661234
22.2876935153935
22.3997759305295
22.4753862623845
22.520756138369
22.5491679519808
22.5486446612298
22.546475896826
22.543017220085
22.5322629761588
999.99
999.99
999.99
999.99
999.99
999.99
999.99
999.99
999.99
999.99
999.99
20.7928163282066
20.6662548563478
20.6356208623131
20.603929171797
20.6028090638654
20.6395939187476
20.7137579138404
20.8315577548876
20.9458570526231
21.026279111647
21.0704540928688
21.0822206325703
21.0578652730986
21.0249883072421
21.0061046151964
20.9979019724261
21.006862033708
21.0382656704018
21.0925031573703
21.1637038416622
21.2496746624459
21.3274189939742
21.3879643238772
21.4326964444339
21.4713188726272
21.5205212825372
21.6202851828842
21.762016283364
21.9387770614656
22.1235845291279
22.2968550637284
22.4124446181164
22.4905875824115
22.5365921020926
22.5676192365074
22.5746187555964
22.5823401357409
22.5877952535367
22.5842222427189
999.99
999.99
999.99
999.99
999.99
999.99
999.99
999.99
999.99
999.99
999.99
20.659682688843
20.5794047829033
20.5589533206192
20.5307882077384
20.5320031330095
20.5710827596849
20.648675363173
20.7660948920153
20.8849121828773
20.9690567908131
21.0188343311839
21.0353151675743
21.0168262111147
20.988530059385
20.9736552693746
20.9653712687795
20.9746415176849
21.0052192144751
21.0559028946047
21.1256305091879
21.211167216397
21.2863864619486
21.3451247210131
21.3909530806928
21.4296305262279
21.4848446939043
21.5921056760618
21.7423040437466
21.9270258520243
22.1215028595488
22.2982761647938
22.4178470644288
22.5013593691953
22.5519127141525
22.5872797206861
22.6022153471123
22.6212383253711
22.6357192728292
22.6407714526846
999.99
999.99
999.99
999.99
999.99
999.99
999.99
999.99
999.99
999.99
999.99
20.5835892255892
20.4668859930348
20.4678038687643
20.4522107868117
20.4618297923006
20.5023785027076
20.5785821907653
20.6881123521715
20.8042414001319
20.8887721099876
20.9466828037688
20.973242839284
20.9680737996949
20.9511172132176
20.9459049581396
20.9413614437314
20.9532144807809
20.9836214002949
21.0296962951689
21.0950192768844
21.1754062318397
21.2436709824393
21.2976295119217
21.3449247289358
21.3855913401265
21.4490979730522
21.5645371485757
21.7219674790144
21.9097852891864
22.1096015247741
22.287917303339
22.4122366818933
22.5031232942297
22.5618238915051
22.6022606383605
22.6241114314278
22.6523661101478
22.6742062638667
22.688065274161
999.99
999.99
999.99
999.99
999.99
999.99
999.99
999.99
999.99
999.99
999.99
20.3782314299457
20.3374498859741
20.365497707366
20.3802141853894
20.4006545624499
20.443393825008
20.5154707328772
20.6134978392761
20.7225275148358
20.8063656538454
20.8707129487028
20.907723433163
20.9173961557622
20.9124701652997
20.9164256890565
20.919220740196
20.936946763777
20.9692467343913
21.0139696071605
21.0765764920407
21.1496404396305
21.2094680728387
21.2586388418585
21.3063999215727
21.3499493874153
21.4218914790015
21.5437001771336
21.7043331138224
21.890032329795
22.0891680404854
22.2663665179675
22.3940922380072
22.4924850383519
22.562108746447
22.6087663483862
22.6356992024774
22.671027216198
22.6972450818852
22.7164239917388
999.99
999.99
999.99
999.99
999.99
999.99
999.99
999.99
999.99
999.99
999.99
20.1469278365202
20.2185166404915
20.2708006189119
20.3167046896508
20.351976780288
20.400990575359
20.471278334899
20.5577351183325
20.6556328020433
20.7353688035705
20.8007734939399
20.8431693297924
20.8637005289946
20.8690237607547
20.8803093996665
20.8917811350539
20.9162256466225
20.9506915761055
20.9952239245215
21.0554710757591
21.1210974151309
21.1753118517902
21.2253434503884
21.2778546540728
21.3289885490149
21.4108233898983
21.5380973735926
21.6974823625792
21.8755354891406
22.0669700495796
22.2385173067057
22.3653018015469
22.4674018969533
22.545647464992
22.5971060655709
22.6267105309903
22.6662126123783
22.6947082020175
22.7167885740136
999.99
999.99
999.99
999.99
999.99
999.99
999.99
999.99
999.99
999.99
999.99
19.8153720396264
20.1304613984745
20.1905605878838
20.2518592761073
20.3057752286777
20.3670113560225
20.4413726397487
20.5212001299861
20.6065533945126
20.6778892805232
20.7381794453511
20.7798876082424
20.805868168143
20.8200381912036
20.83914465862
20.8605006424879
20.8920905737179
20.9287982677386
20.9736602610609
21.0310827408446
21.0907761594213
21.1429510499439
21.1979332312701
21.2568710922237
21.3174130196084
21.4079522664307
21.5397842610073
21.6972330326581
21.8684636150696
22.0503845205934
22.2135703420601
22.3334597241705
22.4305451776943
22.5074751975464
22.5569942780263
22.585088155403
22.6249650869243
22.6544927185148
22.6794595806105
999.99
999.99
999.99
999.99
999.99
999.99
999.99
999.99
999.99
999.99
999.99
19.768045143655
20.0578770865006
20.1134880760939
20.183263717948
20.253813137238
20.3290256742169
20.4133386171307
20.4952863244209
20.5739704002239
20.6402479468546
20.6962080776278
20.7345788833079
20.7609620364307
20.7791374227116
20.8009965723886
20.828360973187
20.8641522081073
20.9012640634197
20.9461622986245
21.0018678523707
21.0587727490924
21.1141056390204
21.1796666734416
21.2481696446502
21.319414689146
21.4166854043203
21.5500165627927
21.7026086301328
21.867322323469
22.0395311408225
22.1936090677165
22.3042362141287
22.3917580400749
22.4598139432956
22.5014519813566
22.5234330622502
22.558905712544
22.5861076749335
22.6119737382787
999.99
999.99
999.99
999.99
999.99
999.99
999.99
999.99
999.99
999.99
999.99
20.1369975715342
19.9858111009213
20.0329450253603
20.1061642196888
20.1885311128984
20.2778700302108
20.3767147048249
20.4690949599529
20.5489941829029
20.6159804277331
20.6704061461377
20.7053852407922
20.7298801686378
20.750022704479
20.7704792509693
20.7983722378147
20.8329206075609
20.8645661888572
20.9041779246803
20.956670560321
21.0153026201729
21.0810788861758
21.1653836678864
21.2502294834899
21.3360907759258
21.4383950900128
21.5695759894616
21.7140857500775
21.8706475482658
22.0310662456495
22.1739655170641
22.272266889867
22.3462499277507
22.4004512906305
22.4315492231061
22.4468558449241
22.477879352932
22.5020844170043
22.5273965622416
999.99
999.99
999.99
999.99
999.99
999.99
999.99
999.99
999.99
999.99
999.99
20.0661442967923
19.927418611962
19.9562650883496
20.0174103653666
20.1094977151197
20.2134409716518
20.3290424136034
20.4357438162129
20.5221768246232
20.5932406906429
20.6501433645243
20.6847779674696
20.7100109001533
20.7347624339509
20.7559229698089
20.7798581061359
20.8069636549735
20.8251621745257
20.8494812971259
20.8921812964877
20.9536040897068
21.0335481306203
21.1407129756527
21.2483400429756
21.3520087949547
21.4595649742556
21.587511229222
21.7248312462136
21.8745507379405
22.0243408903476
22.1554707880745
22.2405879700285
22.2980809920181
22.3326893804291
22.3495706278461
22.3576995765547
22.3840940794385
22.4067106559271
22.434273831808
999.99
999.99
999.99
999.99
999.99
999.99
999.99
999.99
999.99
999.99
999.99
19.8502851377555
19.8649449303548
19.8858181706201
19.930910655722
20.0284476778617
20.141193118002
20.2683281055533
20.3868584547529
20.4820265722055
20.559289847782
20.6226536366673
20.6612010802728
20.6924874426066
20.725228757086
20.7505172949471
20.7710247860989
20.7908422041219
20.7936692450639
20.7986301562524
20.8280487367814
20.8905331564123
20.9808737212322
21.1052968174568
21.2327296842874
21.3522518548511
21.4642229146497
21.5908939885505
21.7264736665463
21.8751190470144
22.0184729752236
22.1396530258336
22.2114578244392
22.2505865670315
22.2622293274715
22.2630465352459
22.2641891567917
22.2872313853705
22.3107935913494
22.3438752119006
999.99
999.99
999.99
999.99
999.99
999.99
999.99
999.99
999.99
999.99
999.99
19.8062416750884
19.7855893758263
19.8073507836607
19.8596878854341
19.9583808462029
20.0733250650725
20.2029982657301
20.3258497171563
20.4299647382027
20.5151346854548
20.5872523738463
20.6335110249909
20.6756471401374
20.7157742976324
20.7450797766361
20.7634144038534
20.7772215295614
20.7653534485924
20.7525004575612
20.7697253506976
20.8315354431643
20.9298199977073
21.0674178691444
21.2119144268288
21.345598210162
21.4629309843093
21.5889560630818
21.7247194310733
21.873163604326
22.0106177226588
22.1221981489131
22.1828751923576
22.2056016022404
22.1969719699333
22.1841921631554
22.1794615300133
22.1991362395845
22.2246964381978
22.2639582938393
999.99
999.99
999.99
999.99
999.99
999.99
999.99
999.99
999.99
999.99
999.99
19.7917757683019
19.7080902166205
19.7435864525407
19.8078091152212
19.9060235553611
20.0190816317467
20.1434209847578
20.2623667860406
20.3717272312855
20.4631559454093
20.5421849114768
20.596462969337
20.6509676286703
20.6993019652976
20.7341975227463
20.7540437350938
20.7665911095397
20.7448057706623
20.7184059220404
20.7264799216147
20.7870341048983
20.8900590704054
21.0358246598321
21.1926109467866
21.3364162434674
21.4578816553375
21.5830099314217
21.7183978829959
21.8639662666781
21.9930276704942
22.093126254402
22.1422557296905
22.1504207305496
22.1267753835847
22.1055559677532
22.0986755265842
22.117790933521
22.1482032574559
22.1950301889967
999.99
999.99
999.99
999.99
999.99
999.99
999.99
999.99
999.99
999.99
999.99
19.5772176485278
19.6499321012119
19.7032559499572
19.777959030952
19.8746349540549
19.9833876599692
20.0970750111716
20.2060183608456
20.3162371858877
20.4110206607049
20.4937841808683
20.5548903480815
20.6205787984226
20.6756050595056
20.7164045293633
20.7401626502449
20.7552954674859
20.7309049556189
20.6991762386688
20.7027377586906
20.7615024144816
20.8648541497162
21.0112542162196
21.1723328502842
21.3212553060065
21.4465227593097
21.5723040619837
21.7079411637865
21.8504749906699
21.9709356027318
22.0599507326834
22.0991035227443
22.0965999814907
22.063169413522
22.0381452999978
22.0310325263131
22.0503397168767
22.0863129437223
22.1413638633302
999.99
999.99
999.99
999.99
999.99
999.99
999.99
999.99
999.99
999.99
999.99
19.4486691135681
19.6195981334285
19.6935454758744
19.7744961885736
19.869117640211
19.9710979916061
20.0711909585264
20.1666911729661
20.2733502373112
20.3669657505816
20.4485402126337
20.5126688128915
20.5855862671205
20.6436040402445
20.6884231446625
20.7187145007507
20.7407509971713
20.7221522519088
20.6951459541839
20.6999725791715
20.7564642340136
20.8557452527585
20.9964708937177
21.1547081878818
21.3051580350792
21.4338783866875
21.5614648512321
21.694957368377
21.8304559063313
21.9399817848557
22.0176528270647
22.0488071132456
22.0426066660647
22.0095630129119
21.9887454532141
21.9860360237142
22.0078737930451
22.0490884974879
22.1102227146903
999.99
999.99
999.99
999.99
999.99
999.99
999.99
999.99
999.99
999.99
999.99
19.3637423714497
19.6128173872215
19.7016686218495
19.789012879167
19.8820194288409
19.9785171700117
20.0670787791946
20.1507368833582
20.2530992701919
20.344274517344
20.421992071589
20.4859369292125
20.5594059434846
20.6145243378883
20.6580935405115
20.6920880058082
20.7196771999216
20.7109243529893
20.6946825922701
20.7063218920273
20.7635554295207
20.8612608916522
20.9981782998326
21.1536863281094
21.3032899209048
21.4325614052588
21.555509550216
21.6764819714597
21.7948423141761
21.8890232168427
21.9555476949793
21.9852473134933
21.9864252254109
21.9659844584206
21.957912661732
21.9636988873008
21.9882286290642
22.0320634509555
22.0955104500442
999.99
999.99
999.99
999.99
999.99
999.99
999.99
999.99
999.99
999.99
999.99
19.5496499757824
19.6242898982538
19.7255909656727
19.8162034094682
19.9088613132352
20.0018137213569
20.0838907572624
20.1609638799369
20.257943137594
20.3444159156939
20.416578006907
20.477155038353
20.5449936311568
20.5956826485489
20.6362729945924
20.6709130930972
20.7014183984796
20.7033720663559
20.6986609575174
20.7191234060224
20.7803095689559
20.8782455905033
21.0121640658853
21.163532965188
21.3080581779608
21.4316698177957
21.5436954164844
21.6445748462826
21.74065360757
21.819112856992
21.8773527552318
21.9111134890971
21.9285763272908
21.9290279765781
21.9383422188073
21.9551237667265
21.9828064369797
22.0261557566278
22.087847456627
999.99
999.99
999.99
999.99
999.99
999.99
999.99
999.99
999.99
999.99
999.99
19.6370801376969
19.65686793279
19.7609667113209
19.8521508022786
19.9466645569885
20.038837410516
20.1190208216976
20.1940730804672
20.2853141403777
20.364378298166
20.4286340856154
20.4828364170485
20.5411107393993
20.5847568308444
20.6210942388236
20.6543389919142
20.6860650671212
20.6981602275819
20.7060881327079
20.7364239776601
20.8030115286423
20.9013381578774
21.0313135190994
21.1758644472319
21.3121001519841
21.4262168652284
21.5238419267961
21.6029051553625
21.6769865662458
21.7419826897279
21.795528648575
21.8382346252088
21.8765900543474
21.9016324039023
21.9295625132305
21.9577742771374
21.9875684196536
22.0271891730177
22.0827635235045
999.99
999.99
999.99
999.99
999.99
999.99
999.99
999.99
999.99
999.99
999.99
19.6007730616267
19.6984746901931
19.8022287902821
19.8921547526742
19.9905650090324
20.0836235462117
20.1650020517302
20.2412025737421
20.3278212232751
20.3980902985468
20.4524027717802
20.4963445525854
20.5409580414116
20.573103926479
20.6024145631098
20.6343278799249
20.6690001739338
20.6921105114983
20.7144538584437
20.7580759526226
20.8324326011963
20.9327694300536
21.0607027114161
21.1994611743625
21.3245082561966
21.4244559052546
21.5029096821153
21.5570547499793
21.6070464730102
21.6593072450257
21.7098770530297
21.7636046507779
21.8237373434923
21.8737343646118
21.9188910635688
21.9577284603312
21.9882227751334
22.0213900571657
22.0675666224253
999.99
999.99
999.99
999.99
999.99
999.99
999.99
999.99
999.99
999.99
999.99
19.6269384319384
19.7358343920722
19.8355309204863
19.9319467672101
20.032600793648
20.1244987997153
20.2060093408219
20.283234559995
20.3663882445564
20.4303666501492
20.478040383038
20.5117530270495
20.5408306909464
20.5585129383605
20.5769121869835
20.6041775990423
20.6419736030361
20.6778063420265
20.7175462442371
20.7793604048366
20.8663072595136
20.9730331712586
21.1002866948617
21.231437100437
21.3415977690764
21.4231302951449
21.4781980760264
21.5083523608355
21.5390280540398
21.5825397765857
21.6331149928109
21.698408668795
21.7765824103141
21.845442440727
21.9019630952605
21.9465469755915
21.9747874677286
21.9990224609758
22.0327356565068
999.99
999.99
999.99
999.99
999.99
999.99
999.99
999.99
999.99
999.99
999.99
19.6367083327048
19.7689558643804
19.8675749177915
19.9669901404124
20.0668772169907
20.1547332351466
20.2331193297616
20.3082767098759
20.3871910886647
20.4467974854798
20.4905963108599
20.5163076384522
20.5330755320032
20.5370682000412
20.5430676275226
20.5643503666624
20.6054823888366
20.654669735612
20.7143654897381
20.7978905765385
20.9010239980444
21.0170970241389
21.1439685007902
21.2655695532066
21.3602483196099
21.4241748563148
21.4588538253714
21.4717999797638
21.4915506398638
21.530521969144
21.5810282337263
21.6524163093738
21.7396406730486
21.8175316587353
21.8779500354975
21.9242736614711
21.9493165941157
21.9639180599646
21.9833566054333
999.99
999.99
999.99
999.99
999.99
999.99
999.99
999.99
999.99
999.99
999.99
19.6165759687467
19.7957965917161
19.896138614982
19.9978679583973
20.0963162064488
20.1787126004273
20.2495913188706
20.3168841811919
20.3883808148477
20.4426192008907
20.4833464108631
20.5032067192441
20.5105045118834
20.5008615615169
20.4942141401668
20.5092200928842
20.5550752571564
20.6197049645639
20.7024002054357
20.8097474684802
20.9307017945232
21.0579936891394
21.1854177307703
21.2999914072929
21.3839446755959
21.4360394217065
21.4559848628037
21.4597112619134
21.4739704281534
21.5093436283759
21.557978008012
21.6299920993413
21.7167013977268
21.7945690229392
21.8528637618992
21.896750519241
21.9167600585284
21.9215445978042
21.9262913966725
999.99
999.99
999.99
999.99
999.99
999.99
999.99
999.99
999.99
999.99
999.99
19.7420272997102
19.8170329224893
19.9165867431506
20.0235841298817
20.1196813942754
20.1953682666393
20.254718427268
20.307658006092
20.3666336738554
20.412622064763
20.4496897415665
20.465273241924
20.4657759385321
20.4451733654426
20.4286814916062
20.4386356075791
20.4896769357732
20.5720083412833
20.678423669322
20.8088475043348
20.9477009243675
21.0883765730237
21.2188588363525
21.3317577446348
21.4115071754952
21.4582752565017
21.4689204611583
21.4673166514485
21.4775896953456
21.5087029767796
21.5541964505859
21.6235397998247
21.7049772942046
21.7777812330477
21.8313754426631
21.8700012691897
21.8839060383717
21.8786324870466
21.8685824406088
999.99
999.99
999.99
999.99
999.99
999.99
999.99
999.99
999.99
999.99
999.99
19.704079384712
19.8312187808796
19.9284431618107
20.0409998340053
20.1346319413485
20.2045535724978
20.2517038416655
20.2854033254528
20.3253133172815
20.3575743196097
20.3887533844999
20.4009632615062
20.399919209322
20.3769498611228
20.3599482985543
20.3676965364248
20.4235142698423
20.522189014202
20.6488045391295
20.7962135925202
20.9504442591415
21.1045294077776
21.2386959741561
21.3523522407263
21.4338018900326
21.4820130482723
21.4895963587602
21.4875219790535
21.4977685506647
21.5253086838702
21.5674135538427
21.6330325110875
21.707841116086
21.7734058465048
21.8221521552149
21.8547432288374
21.8622472501978
21.8470109365926
21.8215963674348
999.99
999.99
999.99
999.99
999.99
999.99
999.99
999.99
999.99
999.99
999.99
19.6333530174819
19.8352499569911
19.9356498044108
20.0487403904605
20.142910180438
20.2122103024076
20.2506522410459
20.264374613442
20.2804573868926
20.2913427910505
20.3085842665688
20.3138753338943
20.3126422220198
20.2948188708493
20.2890799787795
20.3032433085817
20.3680039064571
20.4828472964887
20.6237025614193
20.7784965078995
20.9414528340823
21.1038680381682
21.241855037462
21.361477209504
21.4523591383019
21.5084828402997
21.5198372182219
21.5198053182434
21.528219781228
21.547808602756
21.5836566921724
21.6430811890125
21.7101415558719
21.7690920377926
21.8157142029357
21.84393760985
21.8453153524124
21.8203736644409
21.7801542257419
999.99
999.99
999.99
999.99
999.99
999.99
999.99
999.99
999.99
999.99
999.99
19.6121507887426
19.8389579956897
19.9320293640197
20.0491157759387
20.1475386593915
20.2200978553297
20.2537921948866
20.2503240067559
20.241535946834
20.2263683119747
20.2252902064546
20.2207626250356
20.2181859043761
20.2101112596489
20.2256653015592
20.2553216427607
20.335121033552
20.4674489482753
20.6176924511567
20.7698185954418
20.9309544161423
21.0919626186421
21.228832309935
21.3542088750822
21.4575609389716
21.5237712951553
21.5423659594037
21.5457002879445
21.5506959585412
21.5597781891093
21.5902962880578
21.6444017341251
21.704846462261
21.7588641457081
21.8049330009702
21.8269722939379
21.8199057865776
21.7842671642157
21.730243986649
999.99
999.99
999.99
999.99
999.99
999.99
999.99
999.99
999.99
999.99
999.99
19.7133559403559
19.8361231212416
19.919138644906
20.0381957796458
20.1405652811811
20.2182107428763
20.2517788184395
20.2366558860309
20.2081108701284
20.1708495868731
20.1521840358774
20.1374485584072
20.1350257697094
20.1407924060473
20.182666617526
20.2352047877538
20.3354172021338
20.486112138196
20.6424110272461
20.784913104732
20.9342479211944
21.0825800122646
21.2105200860779
21.33601170702
21.4492371034167
21.5243085634702
21.5523480161829
21.5575598134781
21.5570726401222
21.5537051327698
21.5788854631478
21.6273635751949
21.6836036391779
21.7351524611994
21.7822435513607
21.7978946991828
21.7819195837324
21.7362782468295
21.6704465646999
999.99
999.99
999.99
999.99
999.99
999.99
999.99
999.99
999.99
999.99
999.99
19.7583965103164
19.8248228745037
19.900017045014
20.0154602858109
20.120544407798
20.2041984225532
20.242696397309
20.2249285651959
20.186658977884
20.1378629338553
20.1066932107816
20.0846340626245
20.0829824990737
20.1018368406027
20.1663089238241
20.2426051557122
20.3633359186882
20.5294100927063
20.6900080959369
20.821347040305
20.9548838643298
21.084751229314
21.1994621161629
21.3193027995628
21.4380541731792
21.5186979076685
21.5564409949122
21.5638128936858
21.5583126279793
21.5428352907792
21.5612784585092
21.5998183114111
21.6481014499549
21.6938269115499
21.7371158235251
21.7435770355658
21.7183956470222
21.6645475744667
21.5904035898292
999.99
999.99
999.99
999.99
999.99
999.99
999.99
999.99
999.99
999.99
999.99
19.6992158904459
19.8097419763982
19.8809191346182
19.9880073310338
20.0923021663222
20.1791720640686
20.2233697356394
20.2116576691859
20.1764952616556
20.1309384176769
20.0975269516413
20.0749179549183
20.0738092361187
20.0999202784968
20.1751315466601
20.2695002222851
20.4065217710479
20.584276859541
20.7491109882745
20.8732527466321
20.9908360845724
21.1004430321113
21.2001207894679
21.3110045950642
21.4322063852539
21.5158986513329
21.5619818141572
21.5721941998906
21.5608092432433
21.5311921471671
21.5396484735809
21.5629184172739
21.5949452493185
21.6279768290027
21.6595339173774
21.6512578915078
21.6147020106259
21.5549043375709
21.4773855525307
999.99
999.99
999.99
999.99
999.99
999.99
999.99
999.99
999.99
999.99
999.99
19.6788643461326
19.797203826722
19.8584952872535
19.954084318916
20.050934217328
20.1377137442076
20.1903338996787
20.1943275560005
20.177442271139
20.1533183956594
20.1307933883644
20.114635523389
20.1159349778752
20.1414146561265
20.2107926046028
20.310805106585
20.4537213779518
20.6338533601173
20.803151842576
20.9281934205543
21.0350409795721
21.1288269382859
21.2158795268428
21.3159688195413
21.4343129496818
21.5185310411106
21.5697629376481
21.5817831290755
21.5643627948113
21.5231986307531
21.5194875261345
21.5257935236088
21.5377708705816
21.5523088041345
21.5630496650723
21.5348595028557
21.4846907337236
21.4203112482504
21.3439319273528
999.99
999.99
999.99
999.99
999.99
999.99
999.99
999.99
999.99
999.99
999.99
19.6863145173319
19.7917189943168
19.8451050008028
19.9201610464854
20.0035558096539
20.0856457808897
20.1461382838681
20.1694458722429
20.1778785901464
20.1846743655315
20.1800318433594
20.1738509444858
20.1785913893996
20.1985966249266
20.2508153299298
20.3451305044458
20.4841899517639
20.6591469428219
20.8338196775346
20.9690775295467
21.0757600072227
21.1639580223137
21.2464630100963
21.3391682685719
21.4536867071257
21.5397814275209
21.5961658674953
21.6095213913216
21.5854998876705
21.5329593540971
21.5113442753146
21.4952801746015
21.4824804153739
21.4733587154089
21.4576817320925
21.4096622566773
21.3483605051584
21.2829410946324
21.212734022905
999.99
999.99
999.99
999.99
999.99
999.99
999.99
999.99
999.99
999.99
999.99
19.7406159118982
19.8115024005175
19.8504351571249
19.8878249205846
19.9532007932345
20.026736854045
20.0923701920255
20.1343314673585
20.1684731219211
20.2073100679468
20.221625923475
20.2260935966776
20.233747988161
20.2442062246155
20.272618171985
20.3523027183264
20.4786531307969
20.641704481164
20.8210610344654
20.9734552698862
21.0901501484505
21.1848832530502
21.2721984138555
21.3613652119818
21.4699778270698
21.5570346159789
21.6149349399621
21.6286984298965
21.6011852721313
21.5423598449107
21.5024898758094
21.4642278989772
21.425870841724
21.3905530931093
21.3456500717438
21.2800511205997
21.2114032259224
21.1482309532974
21.0888787732698
999.99
999.99
999.99
999.99
999.99
999.99
999.99
999.99
999.99
999.99
999.99
19.9312456705767
19.8186418188576
19.8488693355295
19.8620237637835
19.9045639538226
19.9640634860676
20.0287573811746
20.0832169394922
20.1367830162987
20.1999132385156
20.2302829679976
20.2424732289559
20.2538616318271
20.2574195518671
20.2672140884377
20.3317844583509
20.4461522386942
20.5969445454525
20.7788738491951
20.9489731823267
21.078967899303
21.1836122208084
21.2773766834725
21.3633277384913
21.4622569849576
21.5468798356607
21.6012889468422
21.6127662538067
21.5830565056586
21.5220113204559
21.4677062884749
21.4145897637507
21.3581233473303
21.3025909533711
21.2352231238337
21.1596908724933
21.0892074650725
21.0329890429002
20.9888394788408
999.99
999.99
999.99
999.99
999.99
999.99
999.99
999.99
999.99
999.99
999.99
20.2631689887091
19.8350557575865
19.8525472064343
19.8428784027821
19.861032609316
19.905544078813
19.9374686072391
20.0062149118596
20.0678311674663
20.1261594314434
20.1822994756284
20.2046747492687
20.2190445762821
20.2220202888376
20.2433049248456
20.2746338144491
20.3698504525353
20.5192366384428
20.7075368887267
20.8927575062026
21.0517229985697
21.176373685356
21.2597414298646
21.3485872881045
21.4394332212813
21.5042113129932
21.558721407817
21.5706810669536
21.5319480141344
21.4589715910028
21.3990875554577
21.3527705355034
21.2825226958217
21.2156098164053
21.1381590406082
21.0621063619182
20.9830513075014
20.9476801902898
20.9201356380852
999.99
999.99
999.99
999.99
999.99
999.99
999.99
999.99
999.99
999.99
999.99
19.8894641654642
19.8587715919896
19.8609999652151
19.8394636412829
19.8237824819786
19.8490583536027
19.8507374042573
19.9215235493384
19.967749137907
20.0057708245314
20.0485798280103
20.0716445102949
20.0934425363789
20.0973753308308
20.1465359586266
20.1887749714111
20.2821081814555
20.4394025874447
20.6502525133063
20.8443841904547
21.020405311987
21.1566429294612
21.2207513771034
21.2949707053277
21.3625378355729
21.3949452472212
21.4262358941745
21.4405390091564
21.3978918999935
21.3221001799659
21.2705650583325
21.2445718207085
21.1765197541943
21.115446300267
21.0426971686817
20.9826388047349
20.9191093195945
20.9047486967863
20.899747516676
999.99
999.99
999.99
999.99
999.99
999.99
999.99
999.99
999.99
999.99
999.99
19.8070031072296
19.8469198656551
19.7026356019126
20.2279346224816
19.6627639511089
19.6938600238321
19.6973356260464
19.7493100710104
19.6873873704692
20.1112889555921
19.9010949062552
19.5808078570674
20.3571743316691
19.9321992146452
20.2145508695718
20.017431557989
20.1739536278665
20.0615584264748
20.2004402411371
21.1097027584623
21.06141698468
21.189199933632
21.2591455269469
21.0766499741064
21.2011042430276
21.5555813334942
21.562385628309
21.1812237506976
21.3710840074882
21.2995159836292
21.2212339924883
20.9846964585292
20.9520305016315
21.4447612209703
20.8635597940581
20.8860877415268
20.6613079525971
20.6811684842451
20.9158404402411
999.99
999.99
999.99
999.99
999.99
999.99
999.99
999.99
999.99
999.99
999.99
999.99
999.99
999.99
999.99
999.99
999.99
999.99
999.99
999.99
999.99
999.99
999.99
999.99
999.99
999.99
999.99
999.99
999.99
999.99
999.99
999.99
999.99
999.99
999.99
999.99
999.99
999.99
999.99
999.99
999.99
999.99
999.99
999.99
999.99
999.99
999.99
999.99
999.99
999.99
999.99
999.99
999.99
999.99
999.99
999.99
999.99
999.99
999.99
999.99
