999.99
999.99
999.99
999.99
999.99
999.99
999.99
999.99
999.99
999.99
999.99
999.99
999.99
999.99
999.99
999.99
999.99
999.99
999.99
999.99
999.99
999.99
999.99
999.99
999.99
999.99
999.99
999.99
999.99
999.99
999.99
999.99
999.99
999.99
999.99
999.99
999.99
999.99
999.99
999.99
999.99
999.99
999.99
999.99
999.99
999.99
999.99
999.99
999.99
999.99
999.99
18.4111552056151
18.8874928729807
18.9563866238291
18.2697536238442
18.3452984348211
18.6685745324491
18.6963810680222
18.6059415307882
18.6043753111
19.193751044542
20.1537914536103
20.4746254229704
20.4178241549391
20.3957508417508
20.4481234377959
20.4820628836901
20.2368867369564
20.2703293009739
20.2858535529511
20.047794761955
20.2606407982262
20.4423257160958
20.455753508203
20.6809658104188
20.7620588538446
20.9544928830364
20.9963592537286
21.2997891759808
21.5168600439437
21.4597209828499
21.1059862889723
20.7979961134491
20.9854718614719
21.5602617463837
21.7007645938395
21.7326381233942
21.6651816120388
21.8133942812898
21.9254894992735
999.99
999.99
999.99
999.99
999.99
999.99
999.99
999.99
999.99
999.99
999.99
18.7323604009231
18.6930944151453
18.7098235912723
18.7208770857887
18.7033685237723
18.6975646442671
18.7417166586227
18.8612953205779
19.0524173425283
19.3170422912114
19.6024070404473
19.8974329887774
20.115731891914
20.2675912403826
20.3152956304133
20.3293455341361
20.3259750551354
20.3135701054427
20.2933145615505
20.3260163462252
20.3799331223581
20.4464317126198
20.5340331077947
20.6431938939003
20.7544751442174
20.8972922370773
21.0495324663271
21.1795801631674
21.2346489532726
21.2299167386961
21.1938960610975
21.1838925328614
21.2268049944328
21.3401770900684
21.4835387853246
21.6242625179286
21.7304153121914
21.7963104117465
21.8242559329455
999.99
999.99
999.99
999.99
999.99
999.99
999.99
999.99
999.99
999.99
999.99
18.616140265271
18.7521129709466
18.7746900958669
18.7983786868466
18.7903819312059
18.7847986676213
18.8232347442234
18.9254528657365
19.0925650634904
19.312783948847
19.5608034314836
19.811066096308
20.0199638320125
20.1737773310192
20.2617556253734
20.3037319795104
20.3236343970718
20.3264242140268
20.3173723713806
20.3336040766155
20.3709461449109
20.4306799695713
20.5132476457128
20.623346937841
20.7487199525744
20.8998965456671
21.0512868127259
21.1779200134627
21.2547858034709
21.2858830136078
21.2834707858408
21.2864975796083
21.3214362210846
21.3973031339672
21.4979571153929
21.6078475907561
21.6955335727234
21.7632622640569
21.793298979555
999.99
999.99
999.99
999.99
999.99
999.99
999.99
999.99
999.99
999.99
999.99
18.8026255411255
18.8321001646785
18.8801733572567
18.9117641881647
18.913745192007
18.9188935802626
18.939667025845
19.0102483293194
19.12855606047
19.300373840578
19.5085569745787
19.7212891401917
19.9149944827428
20.0900248421765
20.2141544596601
20.2789648820657
20.3172306751175
20.3459398585409
20.3495188184268
20.361427105504
20.3971440174246
20.4474523513724
20.5099788208148
20.6075228888654
20.7324665383954
20.8772285804721
21.024295188873
21.1488957625286
21.2403939214035
21.2901276643119
21.3016168242491
21.3002086812066
21.3268712178926
21.3848042800556
21.4650551106365
21.5622585911064
21.6585643939913
21.7340414070125
21.7693853958238
999.99
999.99
999.99
999.99
999.99
999.99
999.99
999.99
999.99
999.99
999.99
18.7264491605955
18.9083035834181
18.9716176823513
19.0337870208814
19.0398169737354
19.0360358245404
19.0382522749111
19.0830511271722
19.1714528918614
19.3155550342999
19.501629654525
19.695070392127
19.8804961247705
20.0557805789449
20.1866467922323
20.2621383134092
20.3151160913438
20.3527929065522
20.3619220535523
20.3754283626737
20.4075117061721
20.4496817137427
20.5043148067783
20.5937550220466
20.7129767496917
20.8547623118231
21.0021847937145
21.1298043417135
21.2273978919871
21.2803441935533
21.2915992711251
21.2847130169778
21.300974934595
21.3465323829501
21.4189520759558
21.5144984008822
21.616984958645
21.7025610843393
21.7475519239744
999.99
999.99
999.99
999.99
999.99
999.99
999.99
999.99
999.99
999.99
999.99
18.7327630913415
18.9625886383624
19.0590791049181
19.1534258200535
19.1650370223395
19.1535591231204
19.1416138460403
19.1639816839669
19.2247499719116
19.3444520396291
19.5107293547628
19.6841825219576
19.8590520412246
20.0323010939727
20.1668897446394
20.2500408334602
20.3143222986983
20.3579090054687
20.3715673232018
20.3857830061062
20.4151114294148
20.4505654492803
20.4987121980395
20.5792007706318
20.6905337518755
20.8249858226707
20.968549499071
21.0955771728246
21.1945337395243
21.24724308506
21.2575589046181
21.2464184953903
21.2537985823739
21.2899473874018
21.3576893351099
21.4540081009142
21.5644926116972
21.6631621305338
21.7225761085191
999.99
999.99
999.99
999.99
999.99
999.99
999.99
999.99
999.99
999.99
999.99
18.6370613451589
18.9820087063453
19.1045285182123
19.2287682796049
19.2467546179675
19.2340747057114
19.2191393577986
19.2299394552079
19.2738012110955
19.3770186738781
19.527758375774
19.6828053746108
19.8467007261536
20.0165144662155
20.152430992963
20.240423443285
20.311575547505
20.3564847721274
20.3706544675322
20.3823848849516
20.407975875277
20.4374282281232
20.4805878294551
20.5538569476534
20.6580193195136
20.7844752603589
20.9237536620835
21.0509810721935
21.1514164659274
21.2063132697194
21.2193489362142
21.2083442121566
21.2098619538202
21.2379049201786
21.2988057523664
21.3920106417035
21.5057104847091
21.6142111510045
21.690147829112
999.99
999.99
999.99
999.99
999.99
999.99
999.99
999.99
999.99
999.99
999.99
18.4989926140449
18.9963614694804
19.1332103229093
19.2549435214263
19.2747338805735
19.2701801290681
19.2638980151492
19.275201428575
19.3124814257096
19.4066955179713
19.5422816029035
19.6819060830838
19.8365175577612
20.0039324373324
20.1407030501244
20.2328933892796
20.3056014051303
20.3458664942799
20.3539306955342
20.3590130632529
20.3791780767004
20.4038410626047
20.4459058468637
20.5178976620883
20.6186969079684
20.7391842312239
20.8759453276912
21.0046282561621
21.1063122743046
21.1657602390016
21.1860125148579
21.1793514553496
21.1778377438891
21.1990162278398
21.2506624155747
21.3348001689138
21.4443687550952
21.555072535318
21.6427558145241
999.99
999.99
999.99
999.99
999.99
999.99
999.99
999.99
999.99
999.99
999.99
18.5234405076148
18.9953081671098
19.1384103109919
19.2463438491502
19.266902440342
19.2719016580447
19.2769065198417
19.2940865244639
19.3319103673837
19.4227450814117
19.5493634880046
19.6819632009826
19.8322947540315
19.9992745385306
20.1365874057257
20.2295087771809
20.2963239929261
20.3245387706804
20.3188451457273
20.3121922827821
20.3254520349781
20.3475246619132
20.392670275907
20.4694481279901
20.5710237164314
20.6877130455902
20.8232569390922
20.9546079098035
21.0590083658626
21.1268346099769
21.1592657470162
21.1620858100321
21.1619387984172
21.1783974506595
21.2199411237378
21.2912980781249
21.3891140800051
21.4923709595599
21.5832553320541
999.99
999.99
999.99
999.99
999.99
999.99
999.99
999.99
999.99
999.99
999.99
18.9983740038514
19.0689617351107
19.1289371586843
19.2253650815344
19.2448239983792
19.2575902066331
19.2736449682252
19.2976680583924
19.3404930708577
19.4326785707571
19.5551779996814
19.6851812246572
19.8342430517365
20.0001815888048
20.1347844748864
20.2244751851029
20.2801667992322
20.2915065542467
20.2668598729513
20.2459482411549
20.2509493844695
20.2717300280225
20.3224307973841
20.4081493955779
20.5136677631754
20.6297917286933
20.7659959312019
20.902030530225
21.012878410658
21.0938726005535
21.1432414886601
21.1612348678192
21.1675229375294
21.1817188659331
21.2134386250582
21.2695962665041
21.3497036948949
21.4378885755118
21.5251015847332
999.99
999.99
999.99
999.99
999.99
999.99
999.99
999.99
999.99
999.99
999.99
19.09019063816
19.0719303427085
19.1188012426416
19.1917262330475
19.2083620202752
19.2284407668346
19.2533578516993
19.2861799887745
19.3394032131774
19.4369486745846
19.5582089454666
19.6898348616128
19.8383994589421
19.9998976589233
20.1298601095434
20.2157985735486
20.2597922145801
20.2557338862197
20.2142867433519
20.1796635914224
20.1750318847593
20.1942573421416
20.2503774273327
20.3455715626212
20.4568894278816
20.5756883238642
20.7131147006048
20.852766417475
20.9705659721045
21.0652625547899
21.1319062566016
21.1670119558742
21.1833737805413
21.198144115591
21.222186846609
21.2629206927683
21.3227531271654
21.3905925701025
21.4674543017236
999.99
999.99
999.99
999.99
999.99
999.99
999.99
999.99
999.99
999.99
999.99
18.8385404040404
19.0818809819245
19.1255314273989
19.1757461877741
19.1906519142656
19.2179980440535
19.2495584906583
19.2912842149071
19.3558932533736
19.459456367321
19.5797297679735
19.7120865557986
19.8577558684946
20.010726663032
20.1328429532566
20.2129348609872
20.2451540288921
20.2270610851631
20.1708296577973
20.1241709505044
20.1105449580084
20.1286938077732
20.1911068764212
20.2964332256873
20.4136391494239
20.5348266295019
20.6712307566019
20.8099509275958
20.9311906469666
21.0367956825177
21.1186085615427
21.1698918824135
21.197155697802
21.2146639778448
21.2344357008973
21.2633867073881
21.3054902775634
21.3534616290454
21.4151882485797
999.99
999.99
999.99
999.99
999.99
999.99
999.99
999.99
999.99
999.99
999.99
18.8993507229732
19.0781086266097
19.1202448679274
19.1821663050186
19.2037861019163
19.234385511339
19.2697301262162
19.3183130603243
19.3946864753286
19.5055235382279
19.6281991675214
19.7598733953776
19.8995190743473
20.0396467903644
20.1495084855486
20.2200247164204
20.240846708952
20.2111160045592
20.1433774844649
20.0861268907609
20.063975032445
20.0807169036416
20.1484121286099
20.261511731418
20.3836042072459
20.5063973962404
20.6396961468656
20.7735111493858
20.895280218679
21.0087357367797
21.1023735317668
21.1671192048859
21.2047192033511
21.2258111338879
21.243815949983
21.2652664327835
21.2944010357794
21.3272213065053
21.3746675836106
999.99
999.99
999.99
999.99
999.99
999.99
999.99
999.99
999.99
999.99
999.99
18.9921159328476
19.0667282659414
19.1097519837479
19.1997234317664
19.2269396750816
19.2630211113493
19.306722193018
19.366624364723
19.4578579984048
19.5793571156355
19.7036546291144
19.8291186404817
19.9569973351438
20.0792545294895
20.1733710569267
20.2346380424337
20.2486749161652
20.2137581995077
20.1417832428523
20.0784258565211
20.0485814029906
20.0623939300909
20.1321848841002
20.2473969766249
20.3697799100962
20.491019538687
20.6181207595418
20.7427576839313
20.8612654465788
20.9794547945723
21.0823280962302
21.1579304088542
21.2049464801402
21.2307419603628
21.2481569789611
21.2639599707067
21.2839228966628
21.3068301652275
21.3424187325715
999.99
999.99
999.99
999.99
999.99
999.99
999.99
999.99
999.99
999.99
999.99
18.738790671775
19.0068281971792
19.1501831681126
19.2626363150187
19.3114127319815
19.3473728579604
19.3948157143532
19.4605553800588
19.5577713525932
19.6774205176688
19.8008645821384
19.91628725203
20.0278320651326
20.1281984058676
20.205145057387
20.2577520517988
20.2679979677518
20.2325968717589
20.1623934488001
20.0968041402742
20.0616791981511
20.0732198845139
20.1436440343522
20.2578816516636
20.3775859272458
20.4937241592064
20.610765641605
20.7221568002856
20.8321963131959
20.9502827840202
21.0587899478636
21.1421189221146
21.1971940969962
21.2288106958646
21.2473563839635
21.260078125414
21.274221471568
21.2895962157556
21.3122911616615
999.99
999.99
999.99
999.99
999.99
999.99
999.99
999.99
999.99
999.99
999.99
18.486779439492
19.0671709558306
19.2084635678732
19.3378519997855
19.4120401636539
19.4501541044122
19.5057872042545
19.5790779641038
19.6816679933191
19.7972992267047
19.919433944585
20.0231787183883
20.1174126180241
20.1955089077535
20.25198362917
20.2914686354424
20.2936152473259
20.255085306023
20.1853004732223
20.1191873644915
20.0820772371905
20.0953546098275
20.167819460254
20.2818779408253
20.3986241529171
20.5078347047119
20.6127398835796
20.7098759203377
20.8085866044131
20.9233739225713
21.0350434387593
21.123714546486
21.1849719918089
21.2223464104427
21.2425992140353
21.2545265855609
21.2662801452155
21.2782799579319
21.2907087180101
999.99
999.99
999.99
999.99
999.99
999.99
999.99
999.99
999.99
999.99
999.99
18.7164442383014
19.2055128668645
19.346716530678
19.4999104340768
19.6172824269492
19.630785729605
19.6715967412251
19.7298636800668
19.8157273400713
19.9066532521843
20.0314276486248
20.1270793784208
20.2064860650111
20.2632174072512
20.2972366246046
20.3192940143208
20.310033969752
20.2679440025386
20.2015029738874
20.1400740048533
20.1073372745378
20.1274103682198
20.2031062055398
20.3160923543881
20.4293222575735
20.531323199969
20.6241315680749
20.7085990314055
20.7962327983399
20.9056178447692
21.0183330019133
21.1103229083993
21.1759215727608
21.2182654636376
21.2404383881068
21.2523755093178
21.2641301091537
21.2767181177475
21.2842891938282
999.99
999.99
999.99
999.99
999.99
999.99
999.99
999.99
999.99
999.99
999.99
19.0106554670649
19.3595383139918
19.4976464134014
19.660519491117
19.8156098189258
19.8022937043937
19.8241911916662
19.8644992656501
19.9294371704203
19.9900979794427
20.1142193275674
20.202840794047
20.2691921626338
20.3060827360715
20.3202271578101
20.3267763894596
20.307477946441
20.264693547344
20.2074781330638
20.1583226442034
20.1376712400246
20.1705284333027
20.2514455991848
20.3626637818289
20.4711235490166
20.5646679118633
20.6444014061317
20.7172527261237
20.7946571940651
20.8969678326118
21.0094622488579
21.104301425727
21.1734888190322
21.2203601249368
21.244613657657
21.2567148115648
21.2688923067503
21.2826491197544
21.2884265947331
999.99
999.99
999.99
999.99
999.99
999.99
999.99
999.99
999.99
999.99
999.99
19.435276850134
19.5232901418393
19.660727344614
19.8238244870945
20.0179691034576
19.9749421303785
19.9710598531056
19.9861664416055
20.0223364109441
20.0442923099708
20.1637388060502
20.2460205682121
20.3011034278273
20.3214468937847
20.3195854995845
20.3122261625983
20.2840103550186
20.2433707838458
20.1996678679303
20.1686816154604
20.1673825212899
20.2186060908457
20.3064693868206
20.4155194968996
20.5189111693205
20.6039570487835
20.6708750295844
20.7345188537708
20.8051138997997
20.9005950810873
21.0116708108595
21.108803854579
21.1805066095955
21.2297514037324
21.2557231579911
21.2685091390065
21.281412778781
21.2958346636137
21.3012590063971
999.99
999.99
999.99
999.99
999.99
999.99
999.99
999.99
999.99
999.99
999.99
19.4953105520109
19.6317251771856
19.744694701005
19.8900419124515
20.0947860808255
20.0427166119509
20.0284351922529
20.0340070096185
20.0575062289868
20.0600113118576
20.1721092824458
20.2499784810937
20.2972184231256
20.3076664158304
20.296104584965
20.2785802381405
20.2446032262884
20.2104957418137
20.1838999796109
20.1751089782363
20.1971309269942
20.2681617873187
20.3619684682592
20.4664873992783
20.5631319311301
20.6399597747899
20.6963316533632
20.7538550023789
20.822081311873
20.9132558578987
21.0232706847818
21.1223957500004
21.1956613739559
21.2451870097075
21.2718027333886
21.2844522243494
21.2978372484091
21.3136554919321
21.321681802944
999.99
999.99
999.99
999.99
999.99
999.99
999.99
999.99
999.99
999.99
999.99
19.4927787984373
19.7015502045698
19.8088743546017
19.9475873979472
20.1572142616424
20.0936387888993
20.0609638159462
20.0483202195361
20.0517854086376
20.032204335491
20.1338632999274
20.207958693293
20.2505225914094
20.2564699014971
20.2415095920023
20.2197831316946
20.1879181724261
20.16754030791
20.1639867715898
20.1826578369633
20.2322936479244
20.3217916837705
20.4193766141749
20.5168964793808
20.6038756246279
20.6711669479423
20.7195636208845
20.7746966842917
20.8449692998812
20.9355454552963
21.046134697617
21.1474621397382
21.2210800612717
21.2692788704205
21.2957945577869
21.3066640522645
21.3185642166735
21.3339843454019
21.3431735075701
999.99
999.99
999.99
999.99
999.99
999.99
999.99
999.99
999.99
999.99
999.99
19.5280275050153
19.6518519318401
19.7264729291043
19.8384621272384
20.0110208081061
19.9787626027806
19.963579262798
19.9655275689935
19.9819610101222
19.9756161982272
20.060239264389
20.1279129362582
20.1666648338088
20.1720632569116
20.1612352994032
20.143893320226
20.1220124665336
20.1207885109251
20.1426105626552
20.1881140046893
20.2639777549217
20.3688993221493
20.4684058111549
20.5582576767013
20.6350197634054
20.6924575614569
20.7353431003514
20.7911362092684
20.8672174458372
20.9614878554759
21.0749820934589
21.1791377331597
21.2528863493176
21.2992372013736
21.325020314638
21.3323173640624
21.3394847501409
21.3504753162218
21.3561145462644
999.99
999.99
999.99
999.99
999.99
999.99
999.99
999.99
999.99
999.99
999.99
19.4733378081462
19.5824429086043
19.649331459371
19.7448780660497
19.8811834724127
19.8769092776808
19.8733692088304
19.8810045870177
19.9021008461218
19.9045683306226
19.971136545954
20.031245951245
20.0675428084207
20.0764117425471
20.0745810948362
20.0648830397782
20.0565744028116
20.0763343954561
20.1214999994275
20.1893481741497
20.2880001397228
20.4041842639637
20.5030789337423
20.5856814707004
20.6534097143018
20.7020805288351
20.7431119326358
20.8034993633404
20.8883847603428
20.9903145657457
21.1087392217044
21.21536049113
21.2879116828574
21.3314562515267
21.3548322451111
21.3563404413808
21.3560975361741
21.3603243650536
21.3590124421129
999.99
999.99
999.99
999.99
999.99
999.99
999.99
999.99
999.99
999.99
999.99
19.3847438697578
19.5054094276185
19.5748980907872
19.6671425337266
19.7681378956157
19.7893250650556
19.7929674723848
19.800681711437
19.8208646444894
19.8301386017725
19.8791951975665
19.93162135714
19.9667540742953
19.9814034139544
19.9909138296615
19.9900881972672
19.9970227492311
20.0374569549391
20.102900931945
20.1883963403137
20.3059162438696
20.4293121485477
20.5261752429126
20.60414251374
20.6657619019047
20.7080376492612
20.7509922028703
20.8183380202731
20.9107861282612
21.0199275237874
21.14251144888
21.2495138948335
21.3194851478341
21.3607096009613
21.3807175680495
21.3747527621515
21.3656190677534
21.3616587520655
21.3517135411939
999.99
999.99
999.99
999.99
999.99
999.99
999.99
999.99
999.99
999.99
999.99
19.2873891251992
19.470538753521
19.5469749898656
19.6492462331825
19.7291780821886
19.760985241808
19.761507878598
19.7596147100504
19.7681536618193
19.7752092298776
19.8108310919186
19.8540268365613
19.8845257576916
19.9014916653019
19.9180431863145
19.9231464063569
19.9448630866434
20.0037750894564
20.0862248596977
20.1863126531269
20.3198260333335
20.4470114263753
20.5423481057048
20.6193283953375
20.6784068266189
20.7173637558354
20.7661153245198
20.8425033013969
20.9411734922331
21.0556527567844
21.1793272058752
21.2830295049382
21.347520441771
21.3848013681182
21.3992427984923
21.3849598352692
21.3663609832106
21.3536592194961
21.3353036516605
999.99
999.99
999.99
999.99
999.99
999.99
999.99
999.99
999.99
999.99
999.99
19.0601551829897
19.4527476392018
19.5304889712544
19.6349932755548
19.70990870557
19.765865814846
19.7835335420962
19.7956025176574
19.8207361288073
19.8351351804917
19.8674448565804
19.9046899393889
19.9291114837506
19.9411575762175
19.9397346941754
19.9268974176063
19.9401827614767
19.9948303309612
20.0736447524912
20.1843121557945
20.3289623275516
20.4589762039509
20.5553924900936
20.6343507850431
20.6959931936213
20.7370105748469
20.7936627990447
20.8772327343922
20.9790111565109
21.093842299795
21.212658043514
21.3085020770948
21.3651851839021
21.3961463922946
21.4030130669134
21.3818456404711
21.3555152451289
21.3359824587283
21.3129127823287
999.99
999.99
999.99
999.99
999.99
999.99
999.99
999.99
999.99
999.99
999.99
19.1484349266683
19.4890502472799
19.5863584689251
19.7007995912113
19.7935509560514
19.8589446991446
19.885129396221
19.9076662962811
19.9441798764795
19.9569760058113
19.9913997551968
20.0212871983052
20.0324079593734
20.0295693173885
19.9967422661366
19.9564891302364
19.9540665488269
19.9983502869856
20.0691208449734
20.1888639449213
20.3401203509795
20.4715359378876
20.5707996142597
20.6552024874503
20.7242337207402
20.7737492048569
20.8399866455348
20.9284351734273
21.0280103794621
21.135497931293
21.241884587078
21.3251007630672
21.3715389649781
21.3942979046801
21.3926697616725
21.3667612462102
21.3358279504157
21.3125664254384
21.2891056721682
999.99
999.99
999.99
999.99
999.99
999.99
999.99
999.99
999.99
999.99
999.99
19.2620455601309
19.541206775264
19.6415473612336
19.7748347158123
19.8966823904718
20.0009520935757
20.0697472714077
20.1145889090174
20.1722732815281
20.1964460414548
20.217194395669
20.2188636829142
20.203988431508
20.1718469328808
20.0978765527201
20.0360204678153
20.0261224796995
20.0687698524479
20.1404742980695
20.2580199463676
20.400548443276
20.5193853709449
20.6104644540108
20.6908515494886
20.7700687505337
20.8322098937582
20.9082113952292
20.9983346786665
21.0902915577517
21.1829957799304
21.2701639961319
21.3363618944863
21.3704568605987
21.3842522317973
21.3753316481463
21.34733304046
21.3154104830297
21.2914598935323
21.2706427014435
999.99
999.99
999.99
999.99
999.99
999.99
999.99
999.99
999.99
999.99
999.99
19.4848149589473
19.6013784805226
19.6936362608778
19.8551614848496
20.0312807003843
20.2043300460771
20.3530804893586
20.4568720945502
20.5235810668314
20.5474468757639
20.5390772334585
20.4921988384902
20.4342069631241
20.3766963928708
20.2609419995464
20.1793619415807
20.1651285334296
20.1987757682518
20.2591322680044
20.363793334458
20.4852979046881
20.5808714660943
20.6602945645287
20.7379711559142
20.8289914878548
20.9052182400839
20.9901218924282
21.0805775902714
21.1639479347073
21.2405493251278
21.3072639804436
21.3551922378764
21.3748288137858
21.3772428467238
21.3603254303835
21.3312359229394
21.3000519480788
21.2777319125913
21.2617184978694
999.99
999.99
999.99
999.99
999.99
999.99
999.99
999.99
999.99
999.99
999.99
19.413082258624
19.6444007941567
19.742661791328
19.9342962496412
20.1699407507685
20.4226544108583
20.6649840497195
20.8336777730995
20.9215813283046
20.9610654899041
20.9397712468483
20.865818175849
20.7901667569037
20.7226588589812
20.5737110585374
20.47702249825
20.4462873578573
20.4485218988526
20.4731751290744
20.5359784652535
20.6083825551005
20.6645402437758
20.723886680541
20.7939579691446
20.8969477456818
20.9873173317418
21.0785696145151
21.1667537148984
21.2412820554267
21.302619777757
21.3505223979312
21.3811995418234
21.3868573542077
21.3770016728587
21.3516911045615
21.3212322076273
21.2912769592484
21.2706193294873
21.2585034844158
999.99
999.99
999.99
999.99
999.99
999.99
999.99
999.99
999.99
999.99
999.99
19.5082422859757
19.6742455092428
19.7816351157706
20.005290156635
20.2768554570345
20.5906714484012
20.9123799511078
21.1362987208714
21.2323286102268
21.2925019668577
21.2608874376114
21.162518345954
21.0655403216024
20.9833134069989
20.8451308958329
20.7744871273199
20.7550272117079
20.7532069459317
20.7651487617829
20.763032018464
20.7647485385784
20.7696403109391
20.7981584839379
20.8537707401981
20.9659903191369
21.0682097687879
21.1640514625746
21.2511936470301
21.3200170834196
21.3719277255984
21.407503461927
21.4249851043262
21.4181725928902
21.3961816201223
21.3610782249963
21.3254385209037
21.293742052241
21.2715564870473
21.2595178962226
999.99
999.99
999.99
999.99
999.99
999.99
999.99
999.99
999.99
999.99
999.99
19.6369537208823
19.7038838665872
19.8030755057768
20.0697729736389
20.370098735716
20.7336492290196
21.1290070423067
21.402041024762
21.5029998464826
21.5949184256342
21.5715028446215
21.4689574316099
21.3719157066663
21.3075556126465
21.2091862683926
21.188516417691
21.1927298032064
21.1891296923042
21.1722670208319
21.074299945214
20.9775339672052
20.9083485015094
20.888196647548
20.9169004439137
21.0335864327747
21.1415123162373
21.2397459734104
21.3275199322272
21.396214265008
21.4479164860841
21.480483273403
21.4900432800699
21.4733767047739
21.4393801710814
21.392274805137
21.3466664610975
21.3088519291176
21.2809171595346
21.2647289108183
999.99
999.99
999.99
999.99
999.99
999.99
999.99
999.99
999.99
999.99
999.99
19.7379317842436
19.7408122584457
19.8211770099316
20.0988799584022
20.4152244024244
20.7888149351279
21.2118962610526
21.5308234178433
21.636859558788
21.7442691898005
21.7595973244131
21.692280321112
21.6256507060729
21.6166581580775
21.5889871646015
21.6251067250005
21.6514363307628
21.6264049451466
21.5487629772597
21.3519347950793
21.1561716399649
21.0152281517068
20.9545992048425
20.9677731687297
21.085377849854
21.1952248348797
21.2945224835093
21.3842408252394
21.4585515938665
21.5187091419537
21.5565047171137
21.5645784735087
21.5426449369673
21.4976113730772
21.4360974644332
21.3768395059766
21.3283145083662
21.289968662836
21.2654054218384
999.99
999.99
999.99
999.99
999.99
999.99
999.99
999.99
999.99
999.99
999.99
19.6144544348412
19.7862426222179
19.8493874894949
20.0888856372246
20.3760598150777
20.7208569007343
21.1276824638203
21.4470618883134
21.6103698256668
21.7705281023542
21.8518091784973
21.8548112607127
21.8558213392704
21.9025576959313
21.9643388592483
22.0743884798192
22.1252722851247
22.0860211908687
21.9522922626226
21.6434076152672
21.3403208774202
21.1269779073785
21.0203215035066
21.0073422445499
21.124768720485
21.2350794242649
21.3346482232065
21.425368283274
21.5062738796283
21.5750819684026
21.6186721514072
21.6269557023093
21.6031655921008
21.550238191212
21.4771083789384
21.4058611514752
21.3468190148557
21.2967505006643
21.2612424050936
999.99
999.99
999.99
999.99
999.99
999.99
999.99
999.99
999.99
999.99
999.99
19.8021173758491
19.8170918127183
19.8633983867701
20.0712290861166
20.3206417090931
20.6293306518152
21.0006513616017
21.3145287941012
21.5190685396448
21.702772844163
21.809719888476
21.8447155028885
21.8746859282938
21.9628925038364
22.1218821453439
22.3213324985606
22.4315870148389
22.4225009185263
22.2676642604568
21.8738260580411
21.4894249154617
21.2161424777504
21.0651490826821
21.0265202910377
21.1443090401163
21.2572564758881
21.3600063868786
21.4545995568921
21.5421107388174
21.6170256026313
21.6636170619249
21.6707941347856
21.6445735570619
21.5865340213892
21.5061167881986
21.4261681635743
21.3584739572334
21.2990467460934
21.2531083643715
999.99
999.99
999.99
999.99
999.99
999.99
999.99
999.99
999.99
999.99
999.99
19.8700727243278
19.8579635761392
19.8968888123774
20.0634239268377
20.2795526385642
20.549256259539
20.8653114459659
21.1386719636687
21.3376067028334
21.5130255584645
21.6195336801857
21.6796068102217
21.7643490405166
21.9477500178297
22.2205082593343
22.5257192908631
22.7178136328428
22.7403624147041
22.5514661480457
22.081941127942
21.6239562846341
21.2870769173415
21.0910638988119
21.0270757814422
21.1454763903523
21.2625142224795
21.3705347384641
21.4698724841905
21.561541266855
21.636959789839
21.6815587107821
21.6848722678121
21.6565535143029
21.5980159037953
21.5172136346067
21.4345379663127
21.3630925239012
21.2978406067549
21.2431850461068
999.99
999.99
999.99
999.99
999.99
999.99
999.99
999.99
999.99
999.99
999.99
19.6069159941878
19.8881793905558
19.9290006243278
20.0548204619117
20.2468545574562
20.4863472103735
20.7414777347098
20.9604244384017
21.1365630254795
21.2652733131185
21.3355587947944
21.3998527939132
21.5322327302682
21.7951578780755
22.1833817178702
22.5906588938244
22.864979693294
22.9274251026966
22.7285227273681
22.2138469315123
21.7131657085454
21.3335552155677
21.1034598115501
21.0199869290859
21.1388525383623
21.259430782781
21.3730844497824
21.4752390671721
21.5659754191522
21.6328888447962
21.6695016578405
21.6664750925851
21.6360805267626
21.5810151036009
21.5066047574917
21.4275864985462
21.3573175226201
21.2905054807153
21.2303122816727
999.99
999.99
999.99
999.99
999.99
999.99
999.99
999.99
999.99
999.99
999.99
19.9998636658126
19.8866793026663
19.9332033161364
20.0293801277365
20.1879692723789
20.4044246128545
20.6157621916916
20.7831264700254
20.9368069582237
21.0369909417557
21.0724845471488
21.1393135709728
21.3136828102508
21.6434459519338
22.1262472730846
22.6095510669047
22.9390743665306
23.0348120979709
22.8339763666116
22.2888037047855
21.7693750059663
21.3693542123048
21.1172300975376
21.0215543786791
21.1426682916946
21.2649391179578
21.383347440339
21.4862393826545
21.5704046116697
21.6217446146664
21.6465700003202
21.6345305777526
21.6009101230711
21.5511900260593
21.4876683160726
21.4166737326309
21.3511644834334
21.2869053782602
21.2257055669457
999.99
999.99
999.99
999.99
999.99
999.99
999.99
999.99
999.99
999.99
999.99
19.8990945316782
19.8577678355746
19.911088152012
19.9905307260426
20.1266255450369
20.3206088531804
20.4900570281964
20.614946947311
20.7076747375518
20.7597614021921
20.7623859116699
20.8322933293719
21.0380081675152
21.4334862340881
21.9868013543456
22.5170518470995
22.8881415694116
23.0163557731051
22.8331858437099
22.3116091078274
21.81891780967
21.433053972079
21.184413941989
21.0863952485492
21.1934028741228
21.3065295319996
21.4167474008454
21.508355059859
21.5813072421084
21.6159293519342
21.6276335658465
21.6065520516747
21.5705921667409
21.5254213617274
21.4736881980768
21.4113720975943
21.3516146439954
21.2919136244142
21.2328146668938
999.99
999.99
999.99
999.99
999.99
999.99
999.99
999.99
999.99
999.99
999.99
19.8051298701299
19.8249282623313
19.872035835481
19.9245809902665
20.0362298509808
20.2006467094593
20.3341450170656
20.4170101690497
20.4545297540193
20.4721549856516
20.4677152618073
20.563159379549
20.8215392368354
21.2839840156007
21.8860383532454
22.4418228340205
22.8279772672433
22.964800728979
22.7953542614027
22.3212512701457
21.8703613529612
21.5139331185911
21.2839508257405
21.1949667807325
21.285958464765
21.3891103024612
21.4858421134263
21.560467687981
21.6118304121331
21.6223840852631
21.6161439704777
21.5860402346416
21.5490876642839
21.5107946409258
21.4713958914987
21.4189159414355
21.3675631065406
21.3138148950946
21.2595489264896
999.99
999.99
999.99
999.99
999.99
999.99
999.99
999.99
999.99
999.99
999.99
19.9576574581052
19.7704304134626
19.7924187977583
19.8379499450736
19.9321796434731
20.0813632078612
20.2045533944674
20.2808945047729
20.3099583992482
20.3186412681777
20.3226110336921
20.4369164977982
20.7083945176852
21.16624711541
21.7478129619548
22.2704194821581
22.6335769905036
22.7759137565301
22.6469150703341
22.2678808451635
21.8986156135271
21.5976863967
21.4035987478507
21.336074657891
21.4118891983032
21.5059520175626
21.5946842365237
21.6511037176499
21.6723743137305
21.6496302920102
21.6180186050118
21.5729728044381
21.5321576561046
21.5000358783607
21.4735255747207
21.4336534414011
21.3921283702027
21.3465927105035
21.2999033898485
999.99
999.99
999.99
999.99
999.99
999.99
999.99
999.99
999.99
999.99
999.99
19.8448118818851
19.7185498256722
19.7193214399263
19.7390345224057
19.8126097428024
19.9490670761419
20.0720889582331
20.1590470648405
20.1996714083284
20.2242283614869
20.2506706034666
20.3775858090094
20.6403010564142
21.0613228454808
21.5745477399797
22.0275366255008
22.3465191179131
22.4814647956505
22.3951516107477
22.1344809434848
21.8667293423689
21.6417894951879
21.5080918529946
21.4831467753596
21.554766520362
21.6584395748157
21.7594503390532
21.8104679173884
21.8064404891233
21.7549517568828
21.6888953612498
21.6103373546614
21.5485908941748
21.5087727121138
21.4823103331785
21.4497175639654
21.4175625035431
21.3823136932912
21.345511083453
999.99
999.99
999.99
999.99
999.99
999.99
999.99
999.99
999.99
999.99
999.99
19.6221608946609
19.6746636821842
19.6538511808007
19.6605593051817
19.7233719947513
19.8539892395408
19.9796924335297
20.0787157391782
20.1346996509168
20.1698265937999
20.2025779060529
20.3191855107227
20.5436903922713
20.892325574295
21.3140261420899
21.7012858664543
21.9927807339609
22.1458346534654
22.1362153212148
22.0115248239086
21.8449829259153
21.6908487634272
21.6081784571627
21.6126354312003
21.6749383047564
21.789735297451
21.9067407637812
21.9628816545847
21.9406145825494
21.8694596040903
21.774788203714
21.6618212830663
21.5721190059072
21.5208544389555
21.4889822855799
21.4593444074537
21.4376408579882
21.4153423704468
21.3897633426202
999.99
999.99
999.99
999.99
999.99
999.99
999.99
999.99
999.99
999.99
999.99
19.9164911685295
19.6445117273455
19.5962127237318
19.606183661436
19.6641169448002
19.7954291781488
19.9350407898785
20.0557156041705
20.1372899017841
20.1890810345174
20.2226256111316
20.3164306220704
20.486646299164
20.746711287162
21.0651914039749
21.3841774114852
21.6443683977436
21.8110591324804
21.862706768969
21.8388491225048
21.7424661981898
21.627976082221
21.5718253730905
21.6044424851309
21.6796822361005
21.822020791887
21.9796306686917
22.0712645120728
22.0472072872813
21.9716509042136
21.862230558747
21.7227491114393
21.6012515144374
21.5366722844517
21.4918664354431
21.4585219653087
21.4428035262115
21.4338661026378
21.4210060091742
999.99
999.99
999.99
999.99
999.99
999.99
999.99
999.99
999.99
999.99
999.99
19.6584242197988
19.6309626322398
19.5688374466188
19.5776026597979
19.632094193865
19.7611367343667
19.9100248891235
20.0518770152375
20.1616990797412
20.2360671578194
20.2805152302566
20.3538954418712
20.4663674248877
20.6324662850395
20.8471785828159
21.0846698438147
21.304036745352
21.4758776245456
21.5785759121327
21.6308307240615
21.5968706940392
21.5166734348033
21.4799255985817
21.5266110912745
21.6074325709753
21.7632054755365
21.9599680391805
22.0949309824858
22.0954457247924
22.0457922074866
21.9508981027521
21.8033115770892
21.6570223118726
21.5746068271442
21.50789473572
21.4601045941256
21.438234176646
21.4365583013988
21.4330467485688
999.99
999.99
999.99
999.99
999.99
999.99
999.99
999.99
999.99
999.99
999.99
19.5448936301794
19.5968351122347
19.5349246841992
19.5238372461217
19.5691751030303
19.6820179522599
19.8248936878605
19.9755245350951
20.1050418038142
20.2046784018412
20.2751750467823
20.3527506743661
20.4387418367774
20.5480190189348
20.6937822726173
20.8668609666767
21.0387982687231
21.1939006492271
21.3146213521154
21.3985352597535
21.4011180353885
21.3549059045145
21.3378414644659
21.3929326382779
21.4769379844691
21.6382369233603
21.8568763085292
22.0316153007771
22.0716635723295
22.0693327629502
22.0074173960964
21.8677291125023
21.706517548386
21.6095624735863
21.5218955588614
21.4599719635907
21.4349167391556
21.4423981256108
21.4494229194215
999.99
999.99
999.99
999.99
999.99
999.99
999.99
999.99
999.99
999.99
999.99
19.6740707875168
19.5391189200664
19.4762210783689
19.4512032272069
19.4840261294464
19.5703729847846
19.6956865531519
19.8451014477049
19.9886742611474
20.1182275825144
20.2282490365386
20.3323303565229
20.416653408493
20.4995999215157
20.604616004325
20.7325251996312
20.8623117419954
20.9966792514481
21.1178022105524
21.2033654263227
21.2194016629819
21.1915226474714
21.1747006659515
21.2165697046457
21.287384937446
21.424463448917
21.6250599751852
21.8170087510824
21.8921437422299
21.9389146210831
21.9323936163316
21.8405613724885
21.7002917810628
21.6173581967875
21.5341904352458
21.4718864864569
21.4493584723064
21.4664413843675
21.4828656247573
999.99
999.99
999.99
999.99
999.99
999.99
999.99
999.99
999.99
999.99
999.99
19.727183522633
19.3715841712911
19.3456729422662
19.3439387456553
19.3622436354667
19.4180377819503
19.5204946675811
19.6622889637735
19.8149529941526
19.9763101913805
20.1359856472487
20.2829910971004
20.3912553423768
20.4770923832763
20.5631977168573
20.6529117093417
20.7373241017516
20.8341884360232
20.9297382000663
20.9946111107843
21.0131568038061
21.0003530100548
20.991056059185
21.0279990240879
21.0945520435048
21.2129446203195
21.3915239741478
21.5849867482164
21.6899749261674
21.7772511963547
21.8163814323151
21.7770827746443
21.6729438440573
21.6130486737375
21.5463619608667
21.495386762584
21.4785566789293
21.5036836881581
21.5271111276629
999.99
999.99
999.99
999.99
999.99
999.99
999.99
999.99
999.99
999.99
999.99
19.7333327350157
19.1875896697427
19.1919875391244
19.2049384608481
19.2089029976097
19.236135097033
19.3115027384272
19.4392541920563
19.5951136643515
19.7807698176401
19.9852670046689
20.1770924058223
20.3217178222403
20.4282234392493
20.5162541790294
20.581386803063
20.6303056124551
20.6913748243452
20.7611037835299
20.8079200228202
20.8350141998271
20.8485971603223
20.859794459962
20.8973768021303
20.9593675026523
21.0585424584637
21.2063463186713
21.3814385793049
21.5004066227875
21.6086019676599
21.6765906906919
21.6796962335153
21.6192261395073
21.5911000808214
21.5549297651676
21.5290373095791
21.5281406178484
21.5617263007357
21.5897796946455
999.99
999.99
999.99
999.99
999.99
999.99
999.99
999.99
999.99
999.99
999.99
18.3565358345358
18.9908246763504
19.0124641574665
19.0292481158263
19.0227260926652
19.0318281656827
19.084569049002
19.1953449846264
19.3500102425335
19.5510198629789
19.7845662041996
20.0164138416439
20.2013943396842
20.3395316494857
20.4431581120393
20.5035088165179
20.5292780277136
20.5615392059867
20.6045733912597
20.6327011821103
20.6619824191313
20.6990217295251
20.7334307670548
20.783025457582
20.8536287587719
20.9510896255051
21.0774750006799
21.2299339482488
21.3437557047626
21.4460089782537
21.5133426048345
21.5339138874639
21.5099551791267
21.519517299031
21.5289727549039
21.5463513386006
21.5803910649021
21.6319715845369
21.6691354121014
999.99
999.99
999.99
999.99
999.99
999.99
999.99
999.99
999.99
999.99
999.99
18.2839124109856
18.8482264790141
18.8818802466302
18.9090566316894
18.8976103038562
18.8960535692388
18.931585023077
19.0251757323345
19.1723712530957
19.3748483149625
19.6177858792404
19.8686821056384
20.0794151298041
20.241514538024
20.3608968565536
20.4264896083597
20.4471217020043
20.4671133070677
20.4952688898154
20.5127072571905
20.5416432118001
20.5892890681911
20.636878561714
20.6960069362707
20.7768322411755
20.8788482185561
20.9955232483037
21.1317536917351
21.2388471123279
21.330631460162
21.392807094113
21.4246152155907
21.4296119481753
21.4686380397985
21.5136432992088
21.5641035298691
21.6230520111446
21.6862626273022
21.7279270990268
999.99
999.99
999.99
999.99
999.99
999.99
999.99
999.99
999.99
999.99
999.99
18.5367231699775
18.7454233296978
18.7995955642236
18.8462779224319
18.8378681788343
18.8304162348114
18.8502595075386
18.9235679417946
19.0534099340751
19.2405679194359
19.4756556213309
19.7303247103871
19.9558483153057
20.1370231012136
20.2744207618324
20.351851494312
20.3769159357209
20.3953087775824
20.4168211910966
20.4290153337067
20.4579459044991
20.5118294898733
20.5707840364153
20.6416798993807
20.7377110233793
20.856628945799
20.9830081136915
21.114163361385
21.2187377187661
21.3009766958665
21.3482801558997
21.3716705348395
21.3863190547862
21.4358188363338
21.4975991061214
21.56877456915
21.6450893886732
21.716571697263
21.7612226387546
999.99
999.99
999.99
999.99
999.99
999.99
999.99
999.99
999.99
999.99
999.99
18.7657155024612
18.7682381936438
18.8155580096086
18.8460940676303
18.8467868414089
18.83799530556
18.8439907612377
18.8952679939893
19.0031542799222
19.1660549854423
19.382968983236
19.6291981929398
19.8576665305921
20.0504984571864
20.2024645585103
20.2920050123522
20.3268183994543
20.3507028459488
20.3701345660595
20.3807302634374
20.4103033690226
20.4659768390606
20.5275588358608
20.6038102524378
20.7077852047591
20.836659568388
20.9725238543363
21.1053212918526
21.2099569268407
21.2870416670159
21.3249072230444
21.3367864885773
21.3515822298792
21.4031410586716
21.4719723440876
21.5553304695732
21.6456351605216
21.7262733903067
21.7764539739268
999.99
999.99
999.99
999.99
999.99
999.99
999.99
999.99
999.99
999.99
999.99
18.9203556755543
18.8117184593317
18.8643313010671
18.8955487619275
18.9108139239778
18.9053726312295
18.9034471602462
18.936115104422
19.0217268929668
19.1580118615751
19.3526498150981
19.582345699182
19.8045380484694
20.0015545812303
20.1619270350091
20.2610369677676
20.3063404967572
20.3363065958902
20.3538756975281
20.3631037614439
20.3901414078921
20.440926858603
20.4988144046645
20.5734298929819
20.6769874599977
20.8093602249835
20.9519219018095
21.0885755061871
21.1978273757572
21.2765163381309
21.3099477271564
21.3121518089151
21.3207969202039
21.3654956135491
21.4321312814141
21.5193888946421
21.618755389547
21.7099844896873
21.7704702023239
999.99
999.99
999.99
999.99
999.99
999.99
999.99
999.99
999.99
999.99
999.99
18.8112980795176
18.8701626413905
18.9357834007009
18.9957957255783
19.0284671766586
19.0274369295182
19.0175709146859
19.0343705636193
19.0962297732513
19.2045301256199
19.3749415003354
19.5825978401476
19.788725298826
19.9823733351219
20.1460358806033
20.2519841385764
20.3089798117321
20.3476927289219
20.366469141755
20.3751749518078
20.3987079347582
20.4409906538194
20.4900471225063
20.5566199772619
20.6533254798886
20.781340597233
20.9235790659366
21.0629272565817
21.1790441044833
21.263997746684
21.3007265012669
21.3018922634488
21.30408165375
21.3361141107548
21.3911719391989
21.4714959482705
21.5702404384941
21.6688744148999
21.7403020311816
999.99
999.99
999.99
999.99
999.99
999.99
999.99
999.99
999.99
999.99
999.99
18.6449654484114
18.8953496440643
18.9895928911655
19.0855669739586
19.1367550631411
19.1420867290191
19.128253694854
19.1343632209213
19.1763241266355
19.2600026882316
19.4096500454822
19.5957361616028
19.7833110458787
19.9702949102601
20.1348366149982
20.2441999129909
20.3102074231561
20.3553000431674
20.374391128155
20.3813978245438
20.4022441342337
20.4370261968173
20.479231673641
20.5387825858599
20.6287965122337
20.7493393021008
20.8875917194684
21.0253703666551
21.1436024648838
21.229410830416
21.2669340919184
21.2666297837871
21.2638301437551
21.2854847283641
21.3323213487146
21.4084516573708
21.5091580369804
21.6162559426688
21.7015012113945
999.99
999.99
999.99
999.99
999.99
999.99
999.99
999.99
999.99
999.99
999.99
18.5029371531811
18.8893103498242
19.0051913572091
19.1397729943818
19.2040612153534
19.218992523928
19.2106332094362
19.2169102240005
19.249769734163
19.3181357383813
19.4516138581513
19.6151374464177
19.7823834665701
19.959391979546
20.1216009248046
20.2306369206331
20.3028804598261
20.350212674665
20.3666075374697
20.3690374646349
20.3865679550159
20.414702973265
20.4526016184944
20.5085038144938
20.5946526054
20.7078074845485
20.8414742169306
20.977489925508
21.0966384800034
21.1824489218725
21.2227101648096
21.2237703568922
21.2183778236587
21.2321425958123
21.2717679308863
21.3423350001335
21.4424011401409
21.5547157543516
21.6521380983274
999.99
999.99
999.99
999.99
999.99
999.99
999.99
999.99
999.99
999.99
999.99
18.5252813852814
18.8799846924731
19.0096485024893
19.1672980722389
19.2380372863601
19.2646234187185
19.2665500336739
19.2804008700358
19.3097687605809
19.366779381792
19.4845644796017
19.6269139582183
19.7755826460202
19.9438777418132
20.1051134591883
20.2144684322948
20.2905720745528
20.3361918445701
20.3464512356681
20.3406474341923
20.3528419327049
20.3750988019614
20.4111705644663
20.4676604506129
20.5543079577612
20.6624919185765
20.7928405584359
20.9280623055785
21.0475787001761
21.1336769925184
21.1795200110393
21.1856731869763
21.1809664424282
21.1899652671111
21.2228895720052
21.2851395035372
21.379525007983
21.4901581459226
21.5929690507508
999.99
999.99
999.99
999.99
999.99
999.99
999.99
999.99
999.99
999.99
999.99
18.3872499291907
18.8732536918035
19.011863079816
19.1760420824052
19.24934972092
19.2849993378139
19.293134911433
19.3132957861439
19.3413388613285
19.3907856234935
19.4972250829168
19.6263794434384
19.7628470362561
19.9253305886824
20.0860559103249
20.1948578979472
20.27050614699
20.3109485255996
20.3117358055408
20.2944039480046
20.2999815512717
20.3185535389167
20.3554671573709
20.4166721261695
20.5085041457101
20.6142998423673
20.742036223859
20.8774479339545
20.9986801887711
21.087405737046
21.1430538645347
21.1597088541733
21.159825819641
21.1675490333471
21.194488230257
21.2461942847849
21.3293863186424
21.4308132869558
21.5295694325095
999.99
999.99
999.99
999.99
999.99
999.99
999.99
999.99
999.99
999.99
999.99
18.4794090649317
18.9553708970655
19.011192741788
19.1677038338414
19.2357477296661
19.2722927102869
19.2864627412614
19.3132331917898
19.3457759300215
19.3967000038264
19.5014267022698
19.6243806825123
19.7560633910849
19.9144715108787
20.0714657314171
20.1760753948917
20.2461661118299
20.2757753020039
20.2624687190375
20.2315600258891
20.2287497911745
20.244283850618
20.2840765701591
20.3536244315813
20.4537273035308
20.5607423641881
20.6878702877616
20.825114935848
20.9502808845728
21.0458010719493
21.1149297105398
21.1469430989216
21.1567947082879
21.1670198000178
21.1893194542713
21.2304862047321
21.2989287302372
21.3850312329639
21.4728727662866
999.99
999.99
999.99
999.99
999.99
999.99
999.99
999.99
999.99
999.99
999.99
18.5746822451924
18.9761645141637
19.0209411141545
19.1549385881037
19.2107196490575
19.2441366881173
19.2610218835695
19.2923677146279
19.3326617053541
19.3929298971843
19.4999730204619
19.6224483114205
19.7541432094363
19.9087531333164
20.0578240460902
20.1570535252365
20.2193675083887
20.2368845513326
20.2096534002825
20.1673107277716
20.1557555612381
20.1686684503141
20.2118301729931
20.2903159603426
20.3981851661631
20.5081992065952
20.6349258704258
20.7731822330403
20.9019764150152
21.0063575277975
21.0900966686858
21.1401297771281
21.1632072414169
21.1796241871701
21.2002137566913
21.2327020264506
21.2849119992946
21.3541249492141
21.4280664320022
999.99
999.99
999.99
999.99
999.99
999.99
999.99
999.99
999.99
999.99
999.99
18.6044164190436
19.0008538002976
19.0454985924775
19.1584627439055
19.2021416399587
19.231915863176
19.248022868951
19.2812513298518
19.3302346269614
19.4029397683029
19.5140100840684
19.6405701536697
19.7733566773452
19.9222965061131
20.06020203334
20.1531460819337
20.2057816371199
20.2121355582752
20.1726651535515
20.1206782194116
20.0999067369601
20.1094478619258
20.155025843683
20.2416333153722
20.3555620304535
20.4677665047783
20.5927951760684
20.7287516250811
20.858014774261
20.9700058631642
21.0669697208785
21.1342094704462
21.1713248363231
21.1950272352898
21.2159767950974
21.2423008060216
21.2799987210314
21.3334082430364
21.3926390565897
999.99
999.99
999.99
999.99
999.99
999.99
999.99
999.99
999.99
999.99
999.99
18.9028315811173
19.0234984913457
19.064656814454
19.162091171609
19.2003484057206
19.2240562406916
19.2406944656227
19.276558006439
19.3369576990128
19.4270113080782
19.5496886801417
19.6835949373934
19.8186204719785
19.9603300097371
20.0847482132072
20.1680249904168
20.2097278086512
20.2054313465825
20.1553783915386
20.0945914906984
20.0645130961477
20.0696342372312
20.1166348722491
20.2093311957281
20.3270227808859
20.4398814205476
20.5614369611978
20.6914185124226
20.8181979964425
20.9358029643788
21.0437638230091
21.125996302274
21.1766486388761
21.2069366153347
21.2287699461595
21.2504595776365
21.2765641284389
21.3176691259234
21.3659278454549
999.99
999.99
999.99
999.99
999.99
999.99
999.99
999.99
999.99
999.99
999.99
18.805812550593
19.051244542832
19.0896719404401
19.1704010600438
19.2013215623464
19.2189238194505
19.2427531665568
19.2883737155558
19.3661510371565
19.4790236615885
19.6168028383097
19.7547256915365
19.8874992301901
20.0170140043446
20.1244532033244
20.1950448136393
20.2262840465407
20.2128813591571
20.1558111355675
20.0904000423863
20.0542177924628
20.0563618395512
20.105396218308
20.2031365232094
20.3207320441239
20.4307691971314
20.5451193292142
20.6644059597018
20.7832593981032
20.9025285017644
21.0184619882603
21.1130131972193
21.1761344207813
21.2127540663336
21.2362254021913
21.2549515699146
21.2723893542146
21.3047454052253
21.3463170427935
999.99
999.99
999.99
999.99
999.99
999.99
999.99
999.99
999.99
999.99
999.99
18.8077009216103
18.9806583281897
19.1071607254926
19.1877412851904
19.2183771655953
19.236801936743
19.2736432755576
19.3336099048841
19.4300620486069
19.5624475334239
19.7114207956481
19.8489909378199
19.9742504971333
20.0871702468184
20.1759620020457
20.2333916084967
20.2556053413456
20.2357146558863
20.1757933494038
20.1092688244623
20.0693810405811
20.0694335669005
20.1215705441827
20.2229529596994
20.3378380776639
20.4422753520806
20.5463531345023
20.6505386383006
20.7567697907752
20.87306454545
20.9937683834761
21.097496743796
21.1709436843162
21.2133505847413
21.2389938714241
21.255200850184
21.2660584032611
21.2918247236726
21.3280062423324
999.99
999.99
999.99
999.99
999.99
999.99
999.99
999.99
999.99
999.99
999.99
18.9549995189995
19.0076218854336
19.1177675555642
19.2087335193562
19.2463478592646
19.2753435303481
19.331558846501
19.411932127201
19.5284425887025
19.6752310779742
19.831610688887
19.966360004006
20.0810845958252
20.1755319949022
20.2448695609241
20.2848242706953
20.2941522000878
20.265015997609
20.2013367160229
20.133364191449
20.0922489088085
20.0924889087482
20.149797801564
20.255210931964
20.3688868983841
20.4679354417405
20.562093651193
20.651075598222
20.7434111836003
20.853058911036
20.9750538823148
21.0837564316292
21.1637411711359
21.2102813216185
21.2372696005717
21.2515280595435
21.259050951992
21.2794435146564
21.3093409659704
999.99
999.99
999.99
999.99
999.99
999.99
999.99
999.99
999.99
999.99
999.99
18.6885269016697
19.0857629845124
19.1651802165414
19.2468231267954
19.2981974570489
19.3438584741039
19.4148634943282
19.5109880469224
19.6388952278811
19.790269616596
19.9470939976683
20.0770154113472
20.1821494594473
20.2602446040407
20.3103043892789
20.3296588177214
20.3240986265413
20.2835891332048
20.2166503261166
20.1500082372814
20.1133058643987
20.1191949061753
20.1851335303147
20.2950110008207
20.4086826127486
20.5036833970218
20.5885923118297
20.6639100711723
20.7435195052737
20.8445742763824
20.9642741370325
21.0746497744305
21.1580275642313
21.2072696248435
21.2352795026498
21.2484652582356
21.2557322347399
21.2739716960357
21.3010194753204
999.99
999.99
999.99
999.99
999.99
999.99
999.99
999.99
999.99
999.99
999.99
18.8065868004753
19.1884434864939
19.2371288392601
19.2932812414783
19.3532658449564
19.4172450145755
19.4991835379398
19.6070818268841
19.7432202295779
19.8929918944143
20.0406525203681
20.1617503682855
20.2553183852341
20.3157048438163
20.3459639732825
20.3469355106532
20.3285525003799
20.2798293615096
20.2147465451153
20.1563349472961
20.1309916017061
20.148579264019
20.2264390788013
20.3413137758136
20.4554377481294
20.5477994609268
20.6243186633402
20.687346959969
20.7553357341257
20.8468020395654
20.9608850558426
21.0706100242243
21.1558159850451
21.2079433678011
21.2375099262745
21.2512823548014
21.2601571939015
21.2771068163473
21.3014356995567
999.99
999.99
999.99
999.99
999.99
999.99
999.99
999.99
999.99
999.99
999.99
19.358185528757
19.2791655375856
19.3001518471594
19.342629212791
19.4127693076777
19.4972030111591
19.5844855364453
19.6966515807725
19.834367250801
19.9739732112257
20.1025878474541
20.2125461569979
20.2945080296994
20.3383676844972
20.3518797264378
20.3397924789049
20.3120090151879
20.2599983996983
20.202938157018
20.1574779966742
20.1477065186633
20.1809642272199
20.2707314687609
20.3873080445363
20.5005517300619
20.5909684567058
20.6604680439034
20.7141149336511
20.7743339682781
20.8585351136961
20.9654822567832
21.0726456292623
21.1581807840234
21.2126201816298
21.243280515426
21.258481468838
21.2702998191666
21.286698566156
21.3079888174756
999.99
999.99
999.99
999.99
999.99
999.99
999.99
999.99
999.99
999.99
999.99
19.7471516123572
19.380335948306
19.3726470163455
19.3847667533665
19.4601997553751
19.565564719519
19.6521205292098
19.7616448378876
19.8934189950981
20.0180593947429
20.1221666842052
20.2209841953351
20.2937100759659
20.3268671833557
20.3304082525739
20.3110236594476
20.2781697748093
20.2281379422055
20.1841918877455
20.1557520471293
20.1648418738384
20.2158395567944
20.3151433226762
20.4295115244189
20.5386536162649
20.6258881767373
20.6898681759798
20.7379668281126
20.7947903873834
20.8757701042226
20.9769212433423
21.0811693767434
21.1665441892521
21.2228617841236
21.2540214432522
21.2708885240981
21.2862125784006
21.3027260727159
21.3215519702859
999.99
999.99
999.99
999.99
999.99
999.99
999.99
999.99
999.99
999.99
999.99
19.6130669998475
19.4583150359874
19.44245676609
19.4253796972913
19.5026852254474
19.6178517410461
19.696623200938
19.7932045600733
19.9093888251353
20.0139731221423
20.0924555603126
20.1779410330147
20.2427358359691
20.2704260873021
20.2712656521103
20.2539731063145
20.224955098465
20.1862967223977
20.161974768986
20.1553798735106
20.1852197021565
20.2549602622381
20.3605356088913
20.4701791375738
20.5723679765406
20.654762051521
20.7132988039559
20.7587716185408
20.8158478801032
20.8973111867934
20.9957592421873
21.098798027418
21.1847945576301
21.2424394571861
21.2743330609094
21.2919381422521
21.3084673778435
21.3243230800375
21.3409960911776
999.99
999.99
999.99
999.99
999.99
999.99
999.99
999.99
999.99
999.99
999.99
19.7069413296731
19.4928583789524
19.4744124483101
19.4423095485018
19.5100602859159
19.6170383229073
19.6913699637956
19.7751381521074
19.8772965386014
19.966778632702
20.0278960066086
20.0984310114438
20.154449994643
20.1789202048211
20.1813582136065
20.173388906103
20.1551302220667
20.1361080756233
20.1363378338313
20.1553614967408
20.2056081914925
20.2933856967485
20.4021606676233
20.5056286434667
20.598672084872
20.6751196276781
20.7285329865303
20.7740810373347
20.8342451158045
20.9196231301983
21.019365576857
21.1233838198062
21.2109031184585
21.2705340276688
21.3040516116399
21.3213973496693
21.3358514337012
21.3480925480375
21.3593008394078
999.99
999.99
999.99
999.99
999.99
999.99
999.99
999.99
999.99
999.99
999.99
19.7662479917811
19.4812140016942
19.4843698394355
19.4707773093278
19.5328361494627
19.6277879352016
19.691862675895
19.7540954115908
19.8315877011258
19.8997112181534
19.9440045490002
20.0009639531308
20.051031858557
20.0779285142971
20.0872435476289
20.0913472835057
20.0854804455439
20.0870155887838
20.1098735048953
20.1523107670285
20.2208700171075
20.3251429452273
20.4348287547102
20.531627604023
20.6146498602363
20.6838780174293
20.7326508715145
20.7820269497792
20.8492613571708
20.9422705533758
21.0475900821509
21.1543352295572
21.2418867889956
21.3014846929424
21.3355361150365
21.3503565826803
21.3593391244142
21.3665197095803
21.3712534393532
999.99
999.99
999.99
999.99
999.99
999.99
999.99
999.99
999.99
999.99
999.99
19.7411908046786
19.4666284439675
19.5015340715465
19.5132000462596
19.5725447107382
19.6522232401833
19.7044577248555
19.7405285499412
19.7867692719065
19.8303653756316
19.8609177387243
19.9029017611992
19.9472974628904
19.9786325743944
19.995535300634
20.0104485572996
20.0178786620477
20.0398289073271
20.082880657105
20.1466456348358
20.2305714287538
20.3478565018829
20.4569280836344
20.549000695156
20.6250300521431
20.6891221346647
20.7365978279077
20.7935338351519
20.8698233878617
20.9706590697136
21.08351613562
21.1933472310321
21.2794328375723
21.3374358622683
21.3700691271822
21.3788159044381
21.378280225131
21.3778339783955
21.3747859911208
999.99
999.99
999.99
999.99
999.99
999.99
999.99
999.99
999.99
999.99
999.99
19.4189053250273
19.459967259447
19.5176718749017
19.561321249093
19.6218902401089
19.6836434008097
19.7246283867913
19.7385887988817
19.7583701031057
19.7813640363173
19.8043929107822
19.8318019755751
19.8663276564522
19.8966498447416
19.9155442485862
19.9340461526354
19.951266738139
19.9914710050591
20.0510709763277
20.1326532757018
20.2329145549713
20.3630565260047
20.4728155432393
20.5646978246135
20.6395218102981
20.7015250728208
20.75004379658
20.8165449111041
20.9020948367055
21.0081196650185
21.1256362421266
21.2357986264678
21.3172930545837
21.3703501994332
21.3991539220042
21.3997807534298
21.3879746798236
21.3788746923973
21.3684917209138
999.99
999.99
999.99
999.99
999.99
999.99
999.99
999.99
999.99
999.99
999.99
19.2394868965078
19.4664947551721
19.5411358706988
19.6118822205793
19.6733167832705
19.7380200115872
19.7885190942306
19.8064077240641
19.8285598635268
19.8605226949957
19.8853261963016
19.9039959313434
19.92769716105
19.949640688517
19.9600865143302
19.9521874859215
19.9528575125038
19.9863313008985
20.0410545568377
20.1197945771785
20.2361959698609
20.3769813102695
20.4892334384321
20.5825723235782
20.6587491455668
20.7214350153293
20.7735751118753
20.8490289658168
20.94251719159
21.050953290237
21.1679972227307
21.274225134236
21.3480083198429
21.3926745234566
21.4141762461663
21.4057665076074
21.3834807215705
21.3667244710386
21.3514876474008
999.99
999.99
999.99
999.99
999.99
999.99
999.99
999.99
999.99
999.99
999.99
19.2022844958628
19.4719889545061
19.5649063283924
19.6638160929932
19.7309359132289
19.8118910618769
19.8772601156898
19.9092942313728
19.9472439709836
19.9972192775702
20.0274082182201
20.04184822547
20.0536008271036
20.0587418748768
20.0520727996147
20.0055943092321
19.9801808978869
19.9975568283442
20.0419694442272
20.111368325871
20.2421737767963
20.3902358470117
20.5063685168701
20.6035893319818
20.685832813885
20.7529964961069
20.8125514031143
20.896269667265
20.9945953583702
21.1004090229442
21.2105871353817
21.3076735389736
21.3704708462384
21.403634909957
21.4152326468454
21.3980211632301
21.3673242720217
21.3450110218106
21.3281294316197
999.99
999.99
999.99
999.99
999.99
999.99
999.99
999.99
999.99
999.99
999.99
19.3847806520489
19.5181657094563
19.5992028360705
19.7101924516305
19.8025653496351
19.9239138646634
20.0356958655665
20.1191843834422
20.1869428137954
20.2452212622711
20.269844066881
20.2607159444224
20.2348078074782
20.2063885585634
20.1757686709921
20.0839159131223
20.0303198892354
20.0313131471784
20.0661358611392
20.1247577858759
20.2678573070025
20.4193919295344
20.5393455182336
20.6413013794732
20.7335769911278
20.8085935153184
20.8776122223167
20.9662278932722
21.0645578341343
21.1612420189953
21.2578685489439
21.3406125720319
21.3904067225083
21.4105331100284
21.4114097442143
21.3863433674364
21.3499339278821
21.3238544930962
21.3069058196513
999.99
999.99
999.99
999.99
999.99
999.99
999.99
999.99
999.99
999.99
999.99
19.35965232883
19.5664427023378
19.6233441020946
19.7372703507482
19.8534525593581
20.0198190064233
20.184409636333
20.3317066541548
20.4401792680049
20.5165837545652
20.5400832371616
20.5168623475931
20.4571315610542
20.3980264016212
20.3488388374714
20.2186454445294
20.1358923688086
20.119541243613
20.1428809487637
20.1796768272281
20.3244452142709
20.4715256607877
20.5901717692519
20.6925573792935
20.7951011867391
20.8774769340164
20.9547931638214
21.0448926099797
21.1404096158546
21.225670992673
21.3060141719904
21.3723307027655
21.4081087729393
21.4136649763391
21.403787826325
21.37314502495
21.3339859070184
21.3060223834965
21.2904728932464
999.99
999.99
999.99
999.99
999.99
999.99
999.99
999.99
999.99
999.99
999.99
19.6026934149861
19.6008692963415
19.6475116692707
19.7675796318874
19.9125660259685
20.1337257108416
20.359956862219
20.5756277421687
20.7361781316439
20.8368777364992
20.8701119259464
20.8574500594402
20.7916945683962
20.7213541688991
20.6778752835203
20.52348535043
20.4047645902649
20.3515257988522
20.3378345042531
20.3177786418582
20.4297337663503
20.5485662263148
20.6527986697626
20.7487411033343
20.8598975239047
20.9502350555202
21.0358703631798
21.1256098842897
21.2173225319302
21.2921267981021
21.3579062710436
21.4086089458192
21.4310484766081
21.4223429559883
21.4012654916794
21.3654584814664
21.3242033856937
21.2945672452348
21.2798565625004
999.99
999.99
999.99
999.99
999.99
999.99
999.99
999.99
999.99
999.99
999.99
19.5409414201749
19.6329240243012
19.6801229553398
19.814962189979
19.992587657765
20.2409198075521
20.4857895533361
20.7312023562668
20.9102811340442
21.0016402360978
21.0392639223621
21.0526989085639
20.9963829964744
20.9262469627473
20.8995337571933
20.7753134156152
20.6533465200706
20.5885228465329
20.5570918364139
20.4979211673068
20.5545462020962
20.6345526939744
20.7185617385752
20.8077063979846
20.9274433728893
21.0251869197875
21.1175682448618
21.2057988357415
21.2926339424375
21.3588609815212
21.4148364473754
21.4532326870363
21.4645417428816
21.4436862889174
21.4122916727051
21.3703774725439
21.325927064746
21.2929426061149
21.2772553051082
999.99
999.99
999.99
999.99
999.99
999.99
999.99
999.99
999.99
999.99
999.99
19.4967850614993
19.696721189107
19.7382902214528
19.8966510285534
20.1150456436237
20.3999917025903
20.6582367830116
20.9187297563375
21.0953199037873
21.165852387703
21.1868483405306
21.2170794588647
21.1697965822578
21.1143609766223
21.117465676657
21.0489770968639
20.9505128509289
20.8969601357924
20.8546210007842
20.7531710122483
20.7446387322568
20.7669556054882
20.8115561161516
20.8791191953847
20.9976381138587
21.094166538567
21.1901195884138
21.276298042172
21.3612021473928
21.4252574975257
21.4787542957706
21.5108092661877
21.5147113321507
21.4831437836317
21.4400390720453
21.3885588831626
21.3372196262041
21.2970792334407
21.2771138209342
999.99
999.99
999.99
999.99
999.99
999.99
999.99
999.99
999.99
999.99
999.99
19.5751982023654
19.7679785668853
19.8260726258215
19.9944619964003
20.2189873419348
20.5056405770391
20.7240541726737
20.9367938533059
21.0958013638338
21.1747279028712
21.2004952263411
21.2858028593987
21.2997952835136
21.2950999455724
21.3504036728202
21.3643831152532
21.3072261612796
21.2696089580799
21.2103311953228
21.0486446424019
20.9555284247801
20.9036099784372
20.8956916128602
20.9332492088544
21.0459269155792
21.1396591610145
21.2390931492164
21.325491963022
21.411604078926
21.4800587387167
21.5373378622111
21.568297481751
21.5696570132771
21.5314124121509
21.4775211385925
21.4157409938337
21.3556388999028
21.305406792586
21.2779916502013
999.99
999.99
999.99
999.99
999.99
999.99
999.99
999.99
999.99
999.99
999.99
19.6547060869186
19.8501004443148
19.9279925117722
20.1031662567578
20.3347051131315
20.623478343352
20.8054388330722
20.9601390925021
21.0999229250123
21.185124254351
21.2151900734452
21.3521945430448
21.434112868774
21.4802322741766
21.5866437413744
21.6757378284965
21.6578676377099
21.6316594849264
21.5490345346717
21.3283156917094
21.1538018240961
21.0283653183628
20.9681092629825
20.9792808298609
21.0829659317498
21.1749938860324
21.2784387007212
21.3649342099785
21.4503982342395
21.5237003934692
21.5831209226569
21.611917916878
21.612334245692
21.5716762172233
21.5105741871975
21.4408401044439
21.3746418942288
21.3157007885736
21.2802535225741
999.99
999.99
999.99
999.99
999.99
999.99
999.99
999.99
999.99
999.99
999.99
19.9569237203628
19.9216090404836
20.0236189290513
20.2095730282058
20.4378927082997
20.7150448794511
20.853757598468
20.942282961256
21.0397278560513
21.1197932047305
21.1333195344127
21.2743046982997
21.3816249427447
21.4601214622418
21.5922424750447
21.750314894544
21.7993663699543
21.8237749129115
21.7555145055922
21.520455023942
21.3011956164015
21.1239979862484
21.0216619874508
21.010344321377
21.1054059849315
21.1970983445892
21.3064563420392
21.3950571018576
21.4798243989106
21.5561636921923
21.6140401519295
21.6384996044647
21.6371079531704
21.5962731135267
21.5319724332919
21.4579966058809
21.3894867087237
21.3250678128108
21.2825925719534
999.99
999.99
999.99
999.99
999.99
999.99
999.99
999.99
999.99
999.99
999.99
20.0430821234699
19.9630346603067
20.0840138540926
20.2753959083425
20.4950620131582
20.7640226142325
20.8881140729027
20.9242523477332
20.9763652836175
21.0404693474263
21.0279336581163
21.1354115718415
21.2506773665555
21.3731971438625
21.5602044698053
21.7841676360343
21.927174839653
22.0209718733026
21.9733701595688
21.7157788180986
21.4639371326506
21.2290512647303
21.0776177588153
21.0357809789174
21.1199534089838
21.2087937473316
21.3246161395493
21.4163178301274
21.4998456333677
21.5749442628039
21.6273311625014
21.6442532864241
21.6388565130736
21.5991567196654
21.5360877405612
21.4624558886565
21.3953394986221
21.3292621985797
21.2807151250662
999.99
999.99
999.99
999.99
999.99
999.99
999.99
999.99
999.99
999.99
999.99
19.8181970710925
19.9677760138021
20.0953328294711
20.2744868195081
20.4689235256573
20.7014605924511
20.8067323364998
20.8005908766107
20.8197851029685
20.8671922952582
20.8539499464065
20.9435968881942
21.0838570330684
21.2546385259917
21.512055584135
21.7983358607572
22.0166931817861
22.1463220543003
22.1055222400661
21.8167375815463
21.5278367797893
21.2541837150509
21.0787956682346
21.0233754439102
21.1078877689965
21.2054071573794
21.3294338310869
21.4257588612878
21.5069933520786
21.576653919124
21.6191125441572
21.6243768751418
21.6126751409652
21.5756376342875
21.5194642627696
21.4522298129015
21.3921848884363
21.3301035476952
21.2788031949298
999.99
999.99
999.99
999.99
999.99
999.99
999.99
999.99
999.99
999.99
999.99
19.7897646042544
19.9308208598486
20.0439479673467
20.2025796322439
20.3736042282827
20.5739744161534
20.6933090099005
20.6898261960205
20.697526162414
20.725631753129
20.7167169021658
20.7803239703418
20.9266499203682
21.1304284521879
21.447913535879
21.7833575002324
22.0599987685388
22.2187525181851
22.1943866024695
21.8961718252139
21.5906920240874
21.3001080064225
21.1161164041977
21.054188621384
21.1408330552921
21.240071950634
21.3660601198192
21.4619366573773
21.5307818199801
21.5832878850205
21.6105377502937
21.5997728010295
21.5764435590663
21.5412968393782
21.4936765494722
21.4353899623492
21.3850196465201
21.3305193400438
21.2804531951854
999.99
999.99
999.99
999.99
999.99
999.99
999.99
999.99
999.99
999.99
999.99
19.735417989418
19.8778723701608
19.977032608079
20.1023785825047
20.2437258193415
20.404547116883
20.5232518627295
20.5323669660463
20.5275028060019
20.5322213977729
20.5206456131693
20.5523388316807
20.6902745997412
20.927629655288
21.3035506693825
21.7001056284945
22.0490785605017
22.2524873446827
22.2639886539629
21.9853491080849
21.6829587844337
21.3919002514769
21.2074277257529
21.1381376282475
21.2244350076427
21.3191118753694
21.4465541035585
21.5441666424726
21.6007832058833
21.6286430246767
21.6383488809567
21.604520309723
21.5616137505278
21.5210854736494
21.4786244858809
21.4259064400401
21.3826387146505
21.3359267960596
21.2897344045703
999.99
999.99
999.99
999.99
999.99
999.99
999.99
999.99
999.99
999.99
999.99
19.8952718356621
19.8209793583246
19.8913277717162
19.9779609321464
20.0883999399174
20.2122808040046
20.3230740391408
20.346021368035
20.3390064827019
20.322293663941
20.3092763203253
20.3347334516437
20.4844755585494
20.754386032788
21.1901673937128
21.6505829501562
22.0585103261768
22.2947449712674
22.346671220546
22.0965599077481
21.7987088309597
21.5074228554679
21.3252530990112
21.2446353566539
21.3273434272806
21.419447617374
21.5539299093451
21.6546139056617
21.7054964299874
21.7088053181074
21.6995538163441
21.6406541274699
21.5740889732353
21.5208103919522
21.4787337833421
21.4283940739267
21.3888499842767
21.3504663147241
21.3106521643377
999.99
999.99
999.99
999.99
999.99
999.99
999.99
999.99
999.99
999.99
999.99
20.0316998808393
19.7808646949069
19.8096062882589
19.8581003111584
19.9380953534826
20.0340884800915
20.1396004848818
20.1879374320853
20.2010487423309
20.1924449752246
20.1902459352916
20.227114188096
20.3836055827676
20.6512901981166
21.0876250306609
21.5635005517104
21.9789131844723
22.2286698131254
22.3294293224644
22.1456467039006
21.8884441460714
21.6288687831727
21.4574482546433
21.3703183957422
21.4443703676831
21.5356811741412
21.6868548601754
21.8072787587381
21.8603834789772
21.8434386487802
21.8120600536073
21.716170820004
21.6146612177985
21.5405811686028
21.4918127432093
21.439574961639
21.4055759222094
21.3767190333799
21.3454321982714
999.99
999.99
999.99
999.99
999.99
999.99
999.99
999.99
999.99
999.99
999.99
19.7529182768451
19.7444003606522
19.7470968376337
19.7594058934316
19.8176813493488
19.9042276892113
20.0136749882138
20.0902845374975
20.1299720919192
20.1399305802937
20.1439235723261
20.1856104943093
20.327415886553
20.5708897364726
20.9694018108411
21.4298502902793
21.8358667996951
22.1142906646855
22.2739519020964
22.1842706453281
21.9954098746308
21.7806078635121
21.6175279433338
21.5288377570811
21.5963705258901
21.6923899752036
21.8749747904754
22.034311023153
22.0997789474571
22.066537142569
22.0088744962508
21.8627923651551
21.7045974695947
21.5917978072157
21.5203395135871
21.4559660708657
21.4230903349517
21.403655580725
21.3821752756421
999.99
999.99
999.99
999.99
999.99
999.99
999.99
999.99
999.99
999.99
999.99
19.7372929460525
19.7269923279746
19.7093235451407
19.7009527234332
19.748627595011
19.8354483106809
19.9456513396343
20.0436786927646
20.1050823395914
20.1288756611888
20.1305797237369
20.1651952902064
20.2762832680856
20.4753668176854
20.8084708994573
21.2219308041201
21.6043172743823
21.9043224956484
22.1145270434508
22.1245117787324
22.0151348338039
21.8494753600816
21.6962285869034
21.6107993118721
21.6726400150738
21.7868482285968
22.0152800003105
22.2339465277274
22.3420813603826
22.3154983808908
22.2452376342909
22.0569551698203
21.8414842313035
21.6749152107903
21.5695774419941
21.4811299781455
21.4403341216327
21.4260123204315
21.4147381869332
999.99
999.99
999.99
999.99
999.99
999.99
999.99
999.99
999.99
999.99
999.99
19.8410932403511
19.717832355455
19.6742759038468
19.6589853210693
19.7003301380394
19.7885204736424
19.904074984544
20.0181055613832
20.1021378576808
20.1458673727365
20.1594272749138
20.1982691465269
20.2868371039875
20.4362330243415
20.6943383322666
21.0346983712978
21.3679562094578
21.6623448320237
21.8974266059659
21.9751355840559
21.926896138907
21.7959912343322
21.6507181075363
21.5692264084717
21.6286183960903
21.7659183653633
22.0352588788077
22.3142450696279
22.4792387342787
22.4865240530917
22.4238173008164
22.2240039941629
21.9697033546039
21.7571125472624
21.616604717493
21.5038183514791
21.4498691850572
21.4376204671168
21.4349908687713
999.99
999.99
999.99
999.99
999.99
999.99
999.99
999.99
999.99
999.99
999.99
19.9265074940545
19.7157773232829
19.6583791714872
19.6303048418977
19.6676741717249
19.7535136681566
19.8751591274095
20.0063973482614
20.1162054984154
20.1902695294126
20.2349862353357
20.2880734759889
20.3590521531274
20.4627536583065
20.6401259467853
20.8843948312175
21.1430510661161
21.4063260220017
21.6377716618083
21.7629399290307
21.7777654734426
21.6959639357043
21.5654096881137
21.4984887937672
21.5528306401929
21.6944597022032
21.9784127786851
22.3056574445304
22.5132307050909
22.5593314597715
22.5212822694193
22.3288236214376
22.0558208176574
21.8170946887774
21.6516221015971
21.5176388203573
21.4513911632334
21.4363094028723
21.438813113985
999.99
999.99
999.99
999.99
999.99
999.99
999.99
999.99
999.99
999.99
999.99
19.8838986630868
19.6916026301924
19.6504582055216
19.6267251480835
19.6521228725067
19.7302800962698
19.8546337702024
19.9669481179286
20.0719318583211
20.1963414648801
20.2870238771499
20.3601539346327
20.4590641965206
20.55505258921
20.6725993640441
20.8165679962323
21.0082549089301
21.2166859699807
21.4138231515196
21.5316934412102
21.5882496868225
21.5421387791759
21.4295108283579
21.3756705746237
21.4003685639831
21.5029214819922
21.7354201359141
22.0892697355712
22.2916877572372
22.4602520876185
22.5033955380447
22.3725795406025
22.1052790158843
21.9083070450448
21.6718769597745
21.5205689800623
21.4525989311491
21.4231324579741
21.4079116971661
999.99
999.99
999.99
999.99
999.99
999.99
999.99
999.99
999.99
999.99
999.99
19.8663246753247
19.6775753144037
19.6585032329038
19.6480603144704
19.6354355794816
19.7063489840258
19.7978589611717
19.874029554308
19.985506505375
20.1866688223265
20.3179579749392
20.4438417433807
20.5971009435074
20.6751444243105
20.7245238613291
20.7783760481715
20.9095467595607
21.0524839412934
21.2176630435116
21.3301971235353
21.4117416992754
21.3780577063981
21.282169628737
21.2315268355191
21.2257610688625
21.2822061699414
21.4580892422724
21.7382671848962
21.9310089205162
22.1303324945887
22.2295846553152
22.1769862119696
22.0133795343439
21.8730108664622
21.6703982250937
21.5442867597328
21.4714040082845
21.4251794428949
21.3922388428168
999.99
999.99
999.99
999.99
999.99
999.99
999.99
999.99
999.99
999.99
999.99
19.6620330214372
19.6933821289048
19.5913643377528
19.5032491817126
19.7267670734221
19.8213491108195
19.5926447350558
19.810920204199
20.0983840520687
19.7381675775508
19.9807445015947
20.9687975323167
20.9039057473692
20.7612322176469
21.0197715733744
20.7638256381636
21.1267608891302
20.558221940661
21.1087811162898
21.2776072706491
21.2093418279359
21.2029047065981
21.1670729293935
21.1631067016607
20.8623730033033
20.9415360926337
20.6246360921309
20.6384816658371
20.9548889010565
22.516479768768
21.2382994112354
23.4551378610059
22.2401120607267
21.5096372686547
21.6665429908845
21.5837042852618
21.2763113916668
21.4713614844312
21.3563414181637
999.99
999.99
999.99
999.99
999.99
999.99
999.99
999.99
999.99
999.99
999.99
999.99
999.99
999.99
999.99
999.99
999.99
999.99
999.99
999.99
999.99
999.99
999.99
999.99
999.99
999.99
999.99
999.99
999.99
999.99
999.99
999.99
999.99
999.99
999.99
999.99
999.99
999.99
999.99
999.99
999.99
999.99
999.99
999.99
999.99
999.99
999.99
999.99
999.99
999.99
999.99
999.99
999.99
999.99
999.99
999.99
999.99
999.99
999.99
999.99
