999.99
999.99
999.99
999.99
999.99
999.99
999.99
999.99
999.99
999.99
999.99
999.99
999.99
999.99
999.99
999.99
999.99
999.99
999.99
999.99
999.99
999.99
999.99
999.99
999.99
999.99
999.99
999.99
999.99
999.99
999.99
999.99
999.99
999.99
999.99
999.99
999.99
999.99
999.99
999.99
999.99
999.99
999.99
999.99
999.99
999.99
999.99
999.99
999.99
999.99
999.99
20.4835284050058
20.3704170676401
19.9942449582937
20.5418312291657
20.7399125048393
20.7192997085506
20.8639877973362
21.1546292441589
20.4004646766319
20.3962243992941
20.5381363460388
20.2011170088138
19.8865563600163
19.5510033670034
20.5045584281508
20.7939081632653
21.1517764051666
21.2169394794133
21.0074498393592
20.5414207731873
20.9205846267554
21.4617006048539
22.0353031208049
22.2599829823035
22.5256871049972
23.0445081728183
22.8528550965101
23.0462568140338
22.9332609117557
23.2740006385407
22.8281035340966
23.1112188032641
23.0630408850409
23.2642023168469
23.1042903684263
23.0240974503623
23.4566749350147
23.0104260273215
22.5951874846021
999.99
999.99
999.99
999.99
999.99
999.99
999.99
999.99
999.99
999.99
999.99
20.4549504276212
20.3703002303037
20.4202652327905
20.4767690436805
20.5233429534529
20.6175980620273
20.6136637897126
20.6062287688137
20.5814240774897
20.5059286980145
20.403103158585
20.3338992596012
20.3554054234986
20.4118516976568
20.584594313432
20.7702825186539
20.973009198373
21.0740970087187
21.1764274209183
21.3002255590382
21.481848709356
21.7451839139535
22.0478698177206
22.3697834367206
22.6180286730521
22.813530603967
22.9395557592142
23.0564489742971
23.0952672870963
23.1415500351341
23.1558523195734
23.1928619201472
23.2028911820391
23.2191908668259
23.2444783277299
23.2079848272431
23.1144075897733
23.025175325705
22.9319836126589
999.99
999.99
999.99
999.99
999.99
999.99
999.99
999.99
999.99
999.99
999.99
20.2284714768391
20.3807693213308
20.4707326588399
20.5375706287283
20.6052847455528
20.6950963810757
20.7301133284945
20.7449242597054
20.7299416571046
20.6760588749952
20.5815780988622
20.5050493661647
20.4985521194946
20.5593619413528
20.6920785780312
20.860789342653
21.0471890924604
21.1947793817558
21.342325508561
21.5175640804796
21.7325990573597
21.9820296457966
22.239220580165
22.4954466000144
22.6917292190154
22.8545592895633
22.9728477154408
23.0782672103145
23.1193456824706
23.171771006019
23.2023558715759
23.2477985973516
23.2784901896697
23.32027753964
23.3417657782256
23.3240842313039
23.2464940703199
23.1357863645903
23.0264369223223
999.99
999.99
999.99
999.99
999.99
999.99
999.99
999.99
999.99
999.99
999.99
20.2914682539683
20.3854750037652
20.4864547901098
20.5615165902597
20.6212134461844
20.6729970606225
20.722245868167
20.7560605511387
20.7497777624595
20.7233752320082
20.6782332684402
20.634064204266
20.6303733838535
20.7015191557614
20.8199486534809
20.9627121232219
21.1217284190758
21.3029700648831
21.48067122044
21.6887186708418
21.9207370000211
22.1682684547375
22.3869641307839
22.5959168722781
22.7619550328451
22.903122912601
23.0118781585022
23.1003244196255
23.1558280013998
23.20506748038
23.2420205435889
23.2805558216135
23.3301637747202
23.3785218116617
23.3955077043191
23.3829753898863
23.3284108334502
23.2293864251702
23.1196976518502
999.99
999.99
999.99
999.99
999.99
999.99
999.99
999.99
999.99
999.99
999.99
20.3094259971542
20.3627767315324
20.4886429608084
20.5777601520686
20.6387483440236
20.689892695046
20.739340311396
20.7748736358696
20.7784642837735
20.7662886215666
20.736774743065
20.7095993948833
20.7194697059743
20.8016357324632
20.9205719722354
21.0606625125293
21.2176668051479
21.3998953907913
21.5796628811935
21.7958502574522
22.0353269545443
22.2778882971115
22.4868243469854
22.6832811957531
22.8298667691737
22.9485876777317
23.0460049351682
23.12266305729
23.1656260040002
23.2078847909069
23.2435957111047
23.2806036988193
23.3363304047691
23.3971554838861
23.4286572626628
23.4287162437422
23.3889775336776
23.3067661314147
23.2138648654174
999.99
999.99
999.99
999.99
999.99
999.99
999.99
999.99
999.99
999.99
999.99
20.2316225118281
20.3641298604267
20.5013810884059
20.584438114816
20.642405719984
20.6886985878134
20.7316601694315
20.7590438271093
20.7648453351769
20.7668923179939
20.757522254339
20.7550299765694
20.7912501436747
20.8934459316215
21.0188131549133
21.1585682742755
21.3101595212453
21.4814697183254
21.6505949625741
21.8584755696886
22.0930191145435
22.3295779516258
22.536745369695
22.7317539988717
22.8747533200946
22.9846869025721
23.0764604273054
23.1426760189732
23.1722130009047
23.2032329907014
23.2314416756046
23.26021058492
23.316139688309
23.3849778103048
23.4281272714683
23.4412730061283
23.4215085827701
23.3620807889481
23.2933954211087
999.99
999.99
999.99
999.99
999.99
999.99
999.99
999.99
999.99
999.99
999.99
20.1159492837786
20.4045617601099
20.5257580329671
20.5962240390535
20.6513495953949
20.6921715298052
20.7277796954957
20.7466365125788
20.7543073774815
20.7704345385253
20.7827829539021
20.8058198941249
20.8687704781955
20.9864744993432
21.115928791778
21.2543015017259
21.3985159386189
21.5531671750527
21.7073648312947
21.8986781321992
22.1194137339896
22.3483183625506
22.5581600913848
22.7575491255821
22.9070673061344
23.0186174936775
23.1074033443888
23.1628326929037
23.1776366469701
23.1926788088953
23.2073414114459
23.2237483684901
23.2759118506722
23.3499247818602
23.4039846628109
23.4296167600557
23.4302645725167
23.3948477826811
23.3506990954306
999.99
999.99
999.99
999.99
999.99
999.99
999.99
999.99
999.99
999.99
999.99
20.3626819765601
20.4431922924565
20.5492188621257
20.6163544834111
20.6685506276538
20.70570722992
20.7361487049426
20.7494835413111
20.7595783347019
20.785485548915
20.8147252781969
20.8591130339828
20.942745228768
21.0692148470678
21.2026569511091
21.3410134593163
21.4788139010572
21.6169800913969
21.755954656278
21.9268529069561
22.1292717849502
22.3503999660523
22.5661195900202
22.7740855232989
22.9371117501209
23.0580380008314
23.1450422130142
23.189390868108
23.189144273931
23.1842301330142
23.1793218015619
23.1804389923074
23.2241435723812
23.2993946769666
23.363550972062
23.4039709437883
23.4257001976642
23.4154407570085
23.3929352848193
999.99
999.99
999.99
999.99
999.99
999.99
999.99
999.99
999.99
999.99
999.99
20.6536334826613
20.4894678734614
20.5779688676121
20.6419402503388
20.6893644567006
20.7239528970994
20.7497387877099
20.7599104216615
20.7717183995194
20.8031210780218
20.8431180840345
20.9057312340519
21.0055608572709
21.1397090438621
21.281377235775
21.4231893284225
21.5559222122835
21.6800940698629
21.8044503544593
21.9532290051668
22.1363443191445
22.3494431923588
22.5703185724833
22.7863908648726
22.9644920801168
23.0981065916748
23.1858866334579
23.2218824620061
23.2096283432345
23.1848190881635
23.1584087331918
23.1416287840422
23.1726875751748
23.244171385424
23.3152841853041
23.3698351460398
23.4117481489716
23.4242975868237
23.4182944110025
999.99
999.99
999.99
999.99
999.99
999.99
999.99
999.99
999.99
999.99
999.99
20.5102112564168
20.5630607416316
20.6250696372766
20.6813395281671
20.7254783303628
20.7581336482701
20.7806003541809
20.7872369189706
20.7992735307884
20.8322274185942
20.8772835931905
20.9495884224016
21.0612786747745
21.1995038781018
21.3477250031338
21.4933217128434
21.6230878067749
21.7353835305271
21.8488935558311
21.9810612500387
22.1483022088592
22.3553375984491
22.5803431946331
22.8011004674991
22.9902570596826
23.1347463264702
23.2242489744565
23.2551867498266
23.2356167741699
23.1946755508567
23.1491328127283
23.1146098740392
23.1313670042149
23.1956627618325
23.2726185798954
23.3423070764266
23.4039486204312
23.4374566683393
23.4455795116743
999.99
999.99
999.99
999.99
999.99
999.99
999.99
999.99
999.99
999.99
999.99
20.4496104337839
20.6337471706253
20.6786343593613
20.7249127240202
20.7686437501094
20.8015723319259
20.8231156233842
20.8313333296855
20.8457341301969
20.8775143046272
20.9233254012708
20.9997160718449
21.1144029671841
21.2506136369048
21.4018801601053
21.5479950781688
21.6744891257558
21.7790554321919
21.8875684226411
22.0119754697142
22.1721989228089
22.3762734331974
22.6050597591245
22.826650705773
23.0192568258293
23.167974716173
23.2581882515564
23.2858475610629
23.2634494936172
23.212179504982
23.1529438114704
23.1037516261569
23.1069468452516
23.1617487199391
23.2426896844488
23.3255171807223
23.4040983845063
23.4556147596857
23.4761413442271
999.99
999.99
999.99
999.99
999.99
999.99
999.99
999.99
999.99
999.99
999.99
20.522
20.6465177174206
20.7018135391628
20.7627394468827
20.8104215014057
20.8481503566926
20.8745069584283
20.8893953009914
20.9083902224465
20.9394295451716
20.9842057712394
21.0590448683056
21.1683570020545
21.2970270430677
21.4451449603013
21.5855832188365
21.7055954262622
21.8041545858952
21.9104276682157
22.0325633101244
22.1919490686853
22.3960885917435
22.62774602416
22.8466074368292
23.0367231924116
23.1852415455242
23.2757633438203
23.3034227027249
23.2840327753657
23.2309700057551
23.1653390666422
23.1068528913423
23.0986485971905
23.1438483528256
23.2258532495715
23.3185184836227
23.4108142109102
23.4767024223757
23.5065506869052
999.99
999.99
999.99
999.99
999.99
999.99
999.99
999.99
999.99
999.99
999.99
20.8459080601938
20.651883138223
20.7192604950253
20.7915898650114
20.8470818849484
20.8936116838739
20.9297282827335
20.9560014968291
20.9827824228411
21.0173346550535
21.0628829827678
21.1338264021539
21.2324684978658
21.3478583040851
21.4844910749043
21.612259609926
21.721189084451
21.8133107434635
21.9189141057832
22.0415758845781
22.2021330977144
22.4064655440641
22.6378985995114
22.8495715870916
23.031444244072
23.1753412272499
23.265199814458
23.2954787976018
23.2845497219672
23.240075400884
23.1795032086516
23.122728275913
23.1119760653927
23.15267211748
23.2347244947321
23.3319994810198
23.430923219925
23.5027291326485
23.5362364588435
999.99
999.99
999.99
999.99
999.99
999.99
999.99
999.99
999.99
999.99
999.99
20.5266373315031
20.6458958281524
20.7357677037089
20.813255014829
20.8826449434792
20.9428018769571
20.9920343966529
21.0307429404578
21.0673364379166
21.108102722991
21.1557294425985
21.2207249626528
21.3047989861378
21.3993599657097
21.514306014159
21.6228697703187
21.7180578133066
21.804697378608
21.9135359640337
22.0421847836668
22.2059153918821
22.4108697116327
22.6396173064708
22.8404195367149
23.0088924994996
23.1436095615094
23.2293689422968
23.2622593876746
23.2627476187415
23.2350480778676
23.1914170895672
23.1497274922949
23.1471643653083
23.1901035027169
23.2719039536598
23.3673919261271
23.4630990893248
23.531617995833
23.562965335744
999.99
999.99
999.99
999.99
999.99
999.99
999.99
999.99
999.99
999.99
999.99
20.4591741481515
20.6412859804119
20.7445901087387
20.8240119733044
20.907302489951
20.9820004501077
21.0467517724916
21.1015928694056
21.150814254112
21.2011759144946
21.2530604266546
21.3118842402467
21.3767580059558
21.4467045989586
21.5348933007732
21.6211452360509
21.7017445906866
21.7847794521839
21.8972508431945
22.0325821367663
22.1995981948778
22.4050796521925
22.6303085718051
22.820740686784
22.9755651476783
23.0997347121974
23.1788348549568
23.2131083857644
23.2258015989492
23.2192300218849
23.199589030212
23.182178492667
23.1952925960778
23.2440744211868
23.3231941078823
23.4101492680473
23.4938964475749
23.551179551815
23.5748488821751
999.99
999.99
999.99
999.99
999.99
999.99
999.99
999.99
999.99
999.99
999.99
20.5798459281717
20.6254749957235
20.7438654975596
20.8338431729175
20.9251908029672
21.0101460397755
21.0882811746671
21.1571404021974
21.2186752569694
21.2799894084206
21.3371181783291
21.3891538421528
21.4363015695933
21.4837479057241
21.5466667631922
21.613552669508
21.6830300107362
21.7641066674665
21.8790060972822
22.0179182780047
22.1844351106704
22.3888111912722
22.6091231435173
22.790640576412
22.93451300888
23.0493967119991
23.1197076432582
23.1530887393324
23.1758651120126
23.1905649748957
23.1964879092595
23.2077897415491
23.2411811813611
23.2989594821248
23.374045378105
23.4506335088418
23.5185389819145
23.5601795304573
23.572525857551
999.99
999.99
999.99
999.99
999.99
999.99
999.99
999.99
999.99
999.99
999.99
20.6857287157287
20.6524896897545
20.7731033389168
20.8571090063279
20.9468230006014
21.0332341369103
21.1156390958258
21.1916406682477
21.2611375635359
21.3312762867226
21.392850799794
21.4404930884331
21.4751791617824
21.507327840861
21.5522783754249
21.6068033463768
21.6709797718026
21.7532794226885
21.8699003627411
22.009951194242
22.1748031197244
22.3764044563286
22.5906350894931
22.7654824925002
22.9015988809913
23.0067062640249
23.0673178216184
23.0979320208265
23.1276766725807
23.1604926490868
23.1908552327724
23.2307778052388
23.285494892415
23.352736659473
23.4237373114564
23.4903847417862
23.5414865521442
23.5662118478964
23.5665426700649
999.99
999.99
999.99
999.99
999.99
999.99
999.99
999.99
999.99
999.99
999.99
20.7253318626785
20.7133902619639
20.8229855611016
20.8927369617315
20.9739968278236
21.0538470002041
21.1318047519817
21.2074646135823
21.281514964706
21.3581848219899
21.4234543933203
21.4693472421015
21.4980206339379
21.5221008049166
21.5564277935097
21.6050783628379
21.6689744342673
21.754695779689
21.8728290878361
22.0133671619276
22.1776958663201
22.3771343584657
22.5857673353546
22.7559678757068
22.88710379032
22.9824541156567
23.0330695633447
23.0590784199949
23.0924195055315
23.1373919553417
23.1866319535317
23.2485052476408
23.3196760610358
23.3926772473459
23.4590227185155
23.5172427353609
23.5549394896407
23.5666760484419
23.5585386632571
999.99
999.99
999.99
999.99
999.99
999.99
999.99
999.99
999.99
999.99
999.99
20.7730013675832
20.7979765867214
20.8803012546638
20.9345992818807
21.0000959668763
21.0662426008229
21.1349049153945
21.2074446523694
21.2847968130323
21.3685674418088
21.4399374218522
21.48830522453
21.5173746681308
21.5411526087797
21.5715106473355
21.6183410799161
21.6843498169068
21.7737255573193
21.8920373424318
22.0315111449307
22.1954956889834
22.3919360477086
22.5941102594835
22.7596560021412
22.8872909741919
22.9744716579983
23.0170144491217
23.0375313935318
23.0706997244078
23.120554447376
23.1789134271763
23.2518424113442
23.3332727475036
23.4101762332936
23.4740895896077
23.5292887026026
23.5614321766368
23.5664413332408
23.5536111114637
999.99
999.99
999.99
999.99
999.99
999.99
999.99
999.99
999.99
999.99
999.99
20.8722568391733
20.849887631313
20.9254657128699
20.9763167830004
21.0239302640998
21.0739264604217
21.1304478929987
21.1972510685283
21.2766647773973
21.3671173008036
21.4451703776333
21.5001615159902
21.535594216465
21.5641580515371
21.5948588577006
21.643634937239
21.7132928373766
21.8077558765501
21.9286381617911
22.0691897221413
22.2325766028951
22.4239300180984
22.6155489923332
22.7717217941941
22.8924447960501
22.970516224942
23.0052966246289
23.0194297092002
23.0484726262217
23.096302174574
23.1559558267433
23.2324215352101
23.3207614921593
23.4038291480164
23.4712352694732
23.5304897046671
23.5649612627727
23.5696715066872
23.5557106257558
999.99
999.99
999.99
999.99
999.99
999.99
999.99
999.99
999.99
999.99
999.99
20.9683924435998
20.9147817878389
20.9758420957543
21.0078173693759
21.0420810314728
21.0796116099089
21.1267928033988
21.1895213736368
21.2704392934529
21.3651410526489
21.4473614646093
21.5089590353323
21.5506239296687
21.5850491328215
21.6182414761291
21.6712362131204
21.7460404157587
21.8485451145844
21.975412119445
22.1203372233126
22.2843454922412
22.4682096764962
22.64445199867
22.7852486919717
22.8939016496406
22.9613112379062
22.990385801677
23.0004290167794
23.0256891201593
23.0692714743131
23.1269346923451
23.2022657503282
23.2949191359542
23.3862513982433
23.4625728575337
23.530031393812
23.5724816880549
23.5821168876326
23.5694834456769
999.99
999.99
999.99
999.99
999.99
999.99
999.99
999.99
999.99
999.99
999.99
20.7424611093513
20.9384597076295
20.9959125107052
21.0155106678787
21.0443836355458
21.0762012159813
21.121925125875
21.1856646207071
21.2691355614375
21.3649450940317
21.4468664210675
21.5100160249517
21.5531442822893
21.5900899733046
21.6263434843179
21.6860824693995
21.7693448792474
21.8842767924274
22.0226977664939
22.1760105195013
22.3399973363957
22.5135793078138
22.6697155003615
22.788459722461
22.8788262396696
22.9357289154777
22.9606864798427
22.9688796553891
22.9921137574893
23.032099409255
23.0863638969352
23.1591620109038
23.2563253289946
23.3584048716506
23.4476079137269
23.5257481915166
23.5793514535566
23.5967221760234
23.5875401355154
999.99
999.99
999.99
999.99
999.99
999.99
999.99
999.99
999.99
999.99
999.99
21.1681624658733
20.9376104061327
20.98951441407
21.0000364332182
21.0273295679369
21.058403032467
21.1101946863987
21.1813396705304
21.2693054270423
21.3651176326035
21.4431677587811
21.5012012109668
21.5388203545031
21.5738502977799
21.6122782495632
21.6808267869939
21.776709722872
21.9087219170795
22.0632135795949
22.2271017450228
22.3889186947558
22.5484757386991
22.6803075751831
22.7721645713173
22.8408078405224
22.8881975396976
22.911499716795
22.9213931599989
22.9448189418231
22.9820657178749
23.0323864120803
23.1026878605977
23.2043847403291
23.3196591109583
23.4250435547109
23.5167737353559
23.5839002019156
23.611029125572
23.6068357463415
999.99
999.99
999.99
999.99
999.99
999.99
999.99
999.99
999.99
999.99
999.99
21.0268984971668
20.9141489330377
20.970880985203
20.9685188321563
21.0002864954855
21.0372409938308
21.10138625969
21.1851353771382
21.2790114054955
21.3710843822945
21.4387184052786
21.4832102174236
21.5066469518346
21.5329635630344
21.5717482358706
21.6499353198124
21.76017260788
21.9111844447327
22.0837651754097
22.2581881521597
22.4168171525348
22.5619893873609
22.6703119963799
22.7359200948982
22.7842990922505
22.8237686873192
22.8471406112655
22.8614140370474
22.8876896852728
22.9234403045889
22.9706487602435
23.0394920444009
23.1438180947125
23.2699523547189
23.3904141313248
23.4961171566228
23.5773403257771
23.617205760199
23.6221039437105
999.99
999.99
999.99
999.99
999.99
999.99
999.99
999.99
999.99
999.99
999.99
20.9856250861024
20.8897217406734
20.9397721828593
20.9291221590144
20.9704162125157
21.0199177308415
21.1017140665832
21.2020154971799
21.3030023281281
21.3890192498819
21.4411869720909
21.4666378578109
21.4702663746354
21.4821664450806
21.5184807303552
21.6041949702929
21.7263838197646
21.8931502620645
22.080534777158
22.2617393714708
22.4156010022495
22.5469972742256
22.6351031848306
22.6799264029899
22.7133146411854
22.7490264196195
22.7762709875232
22.7984745165771
22.8310802114994
22.8692368964495
22.9149582765689
22.9818030499493
23.0857785927005
23.2176318498809
23.3477889808736
23.4651902346981
23.5600697347954
23.613826798082
23.6302668846112
999.99
999.99
999.99
999.99
999.99
999.99
999.99
999.99
999.99
999.99
999.99
21.1590903459684
20.8410270090009
20.8873074309298
20.8867289857098
20.940284624173
21.005344217978
21.1062273028945
21.2229769938777
21.3314234559754
21.411124849477
21.4479661190099
21.4544719239288
21.4390061318424
21.4343058578256
21.4660543599017
21.5555337750158
21.6854841528019
21.862365781973
22.0599529370895
22.2439967094714
22.3916469211364
22.5098142609932
22.5817080643837
22.612332948907
22.6366571553839
22.6722922998842
22.7056358961093
22.736552015199
22.7755774418149
22.8167216605826
22.8609166897634
22.9253456745427
23.0270989201697
23.1594380466178
23.2941694453599
23.4204444554159
23.5267122109846
23.5935973941734
23.6237518591537
999.99
999.99
999.99
999.99
999.99
999.99
999.99
999.99
999.99
999.99
999.99
20.8421885404569
20.7908135099473
20.8411471922638
20.8527222536659
20.9188080997759
21.0002439472515
21.117726039501
21.2481839271681
21.3633965131186
21.4401434676669
21.4662400399924
21.4596087465329
21.4318154337602
21.4145017157887
21.4398153435694
21.5279415887805
21.658498269243
21.8354042313723
22.0325932301277
22.2119156635705
22.3505601042903
22.4557424737731
22.516325286015
22.5409375887014
22.5640937801147
22.6025201989874
22.6433180405348
22.6817084381294
22.7253568860907
22.7679420864842
22.8094335945082
22.8694364976796
22.9664064443834
23.0939957690072
23.2281747718365
23.3616145195549
23.4790018950346
23.5595425247598
23.6055892502754
999.99
999.99
999.99
999.99
999.99
999.99
999.99
999.99
999.99
999.99
999.99
20.829750959068
20.7339183179169
20.8004250556496
20.8289820398684
20.9089938695225
21.0082126592529
21.139421324735
21.278710546928
21.3972645829002
21.4718040392724
21.4910524682417
21.4800197307617
21.4504081373375
21.4294500941775
21.451327521429
21.5353566008209
21.6589739078953
21.8248963132677
22.0090119296352
22.1738133516589
22.2994018449543
22.3914283366789
22.4447603726544
22.4708100927885
22.4993860764298
22.542835120825
22.5913828178972
22.6357321928574
22.6831704157862
22.7275301637393
22.767483183038
22.822929253079
22.9141544580673
23.0323474899786
23.1607076639164
23.2967507296975
23.4225712835942
23.5148632763822
23.5763586925314
999.99
999.99
999.99
999.99
999.99
999.99
999.99
999.99
999.99
999.99
999.99
20.688749961034
20.686783014911
20.7684101264096
20.8161549359881
20.9089147727281
21.0229369639116
21.1618293972089
21.3026120688136
21.4195440440228
21.4922125410816
21.5102813904299
21.504682300637
21.4856466955307
21.4728606627429
21.4971452650105
21.576572677014
21.688975985749
21.835728748237
21.9957256992825
22.1377445033243
22.2459823509427
22.3237560157071
22.3718386461583
22.4051127932291
22.4435262153454
22.4944750172869
22.5513592778343
22.6015399713666
22.6521067996561
22.6997473588408
22.7411532645426
22.7943338702331
22.8817638260662
22.9902545603116
23.1108070121571
23.2447245982346
23.3740767714953
23.4717780754081
23.5432511698555
999.99
999.99
999.99
999.99
999.99
999.99
999.99
999.99
999.99
999.99
999.99
20.6043924838228
20.659619532973
20.7581982124333
20.8121217993574
20.9135073260697
21.0357197857895
21.1750623172116
21.3098541573706
21.4219026839679
21.493769589534
21.5174846160158
21.5246820789142
21.526379486498
21.5334215340543
21.5680083016406
21.6455452709246
21.7477835443883
21.8724867802485
22.0017461881949
22.1159323205079
22.204611208243
22.2681849292608
22.3133102525584
22.3566272086359
22.4067407530946
22.4651156243463
22.5286293839983
22.5828994841677
22.6352790476874
22.6849748198507
22.7294302765783
22.7828464171055
22.8682516130142
22.9684350367964
23.0826160538654
23.2121390570527
23.3408290942275
23.4394153739767
23.5164892141565
999.99
999.99
999.99
999.99
999.99
999.99
999.99
999.99
999.99
999.99
999.99
20.7721366401697
20.6486600679434
20.7575461714768
20.8162527720906
20.9200065477781
21.0428138057663
21.1764766691585
21.3031461055339
21.4111954780189
21.4882473232206
21.525967803784
21.5539797804493
21.5829640570255
21.6179069024983
21.6673138309164
21.7452550796902
21.8370583248741
21.9374000520446
22.0312162135495
22.1145046959913
22.1825302956454
22.2350091338391
22.2808306876685
22.3355075524772
22.3964782247523
22.4589641595983
22.5230053207261
22.5766729541601
22.6285553220085
22.6795651551278
22.7301628097735
22.7883624418454
22.8753196365795
22.9713887058821
23.0819915852656
23.2059060374805
23.3310249187639
23.427222765189
23.5052236749764
999.99
999.99
999.99
999.99
999.99
999.99
999.99
999.99
999.99
999.99
999.99
20.7670920428777
20.6481679054607
20.7561775756951
20.8186735649475
20.9198121798525
21.037533120505
21.1636134185585
21.2830627075685
21.390293749192
21.4764281496609
21.5346104455239
21.5875367112617
21.6458042936557
21.710567504004
21.7780372937131
21.8573421420876
21.9389810619755
22.0157442690289
22.075969328075
22.1299555766585
22.1803811466046
22.22686469014
22.2757695065155
22.3396796565181
22.4069695447274
22.468060432431
22.5256910000988
22.5754237299485
22.6257721276616
22.6793795751798
22.7404738832361
22.8095650840777
22.9028325009233
23.0009514342272
23.1122515865298
23.2300675249801
23.3481114523237
23.4378726382965
23.5111949930944
999.99
999.99
999.99
999.99
999.99
999.99
999.99
999.99
999.99
999.99
999.99
20.7584187972307
20.6529004074881
20.7618759089228
20.8152749846363
20.9100149477263
21.0177628810497
21.1339014658345
21.2477845487851
21.3580204275979
21.4561748888742
21.5393734851313
21.6191753931384
21.7052195134355
21.7960277215861
21.8804311408455
21.9603091768571
22.0326609103509
22.0898612088359
22.124285416641
22.1572757543483
22.1971474599079
22.2437309208705
22.2974630050977
22.3664759117332
22.4324195956242
22.4849081988771
22.5289894102436
22.5706926999155
22.6181746804116
22.6762106085499
22.7510773803558
22.8366786623141
22.9415508819666
23.0485536376053
23.1655821990158
23.2808493174709
23.3911902347622
23.4728855524587
23.5378664823682
999.99
999.99
999.99
999.99
999.99
999.99
999.99
999.99
999.99
999.99
999.99
20.5749802982538
20.6552448693872
20.7560287044101
20.8020255296982
20.8878721049444
20.982906443941
21.0895824574283
21.2015593885256
21.3202459789278
21.4364861639187
21.5495997135478
21.6578531254003
21.7686416462994
21.8799022899178
21.9769922470215
22.0564229171022
22.1205445852425
22.1627693586346
22.1800116481662
22.2001961641301
22.2343063674699
22.2838991766149
22.3419645081755
22.4086859703461
22.4638936066449
22.4995263183398
22.5223925735259
22.5506488487187
22.5951585301692
22.6595348756357
22.7500746688222
22.8557351433767
22.9756213551095
23.0951031184675
23.2205541375301
23.3374605868537
23.4431626023575
23.5203338235569
23.578163402224
999.99
999.99
999.99
999.99
999.99
999.99
999.99
999.99
999.99
999.99
999.99
20.7345161369795
20.6464099587544
20.7390148662398
20.782815962574
20.8587976556819
20.939859965245
21.0379780342425
21.1517156972971
21.2808933266172
21.4178212826753
21.5619270111611
21.6974947369785
21.8272170743075
21.9512052260047
22.0544822691405
22.1309391205765
22.1876178514231
22.2202230188605
22.2297157375801
22.2445336447872
22.2759021212067
22.3275523852913
22.3848531693423
22.4404074727013
22.4761468077317
22.4888523683011
22.4867110294084
22.5011493661996
22.5459362455959
22.6221934026487
22.7326987300383
22.8627234317427
23.0004230908971
23.1339151771786
23.267480575162
23.3872590018992
23.4903699489178
23.5655465434263
23.6179776443505
999.99
999.99
999.99
999.99
999.99
999.99
999.99
999.99
999.99
999.99
999.99
20.7840996996201
20.6118170442883
20.7155712782516
20.75884670519
20.825621720799
20.8940212256798
20.9847946778964
21.099243388157
21.236678860898
21.3898624181398
21.5591316539493
21.7145058402453
21.8567459798553
21.9858722045832
22.0900025452659
22.1608110177552
22.2126403232825
22.2409119595326
22.2504247474808
22.265561806358
22.296360775684
22.3460665875008
22.3958681708998
22.4335601051072
22.4451882097407
22.4342725222745
22.4104014607896
22.4162693294687
22.4676736405429
22.5626173419663
22.696522264901
22.8532122175135
23.0098137718349
23.1562838527636
23.2961224805198
23.4203311588288
23.5230303176205
23.5983972465435
23.6483483939871
999.99
999.99
999.99
999.99
999.99
999.99
999.99
999.99
999.99
999.99
999.99
20.6244152978265
20.5911967309905
20.6941675003536
20.7350989352192
20.7942592931968
20.8510829488717
20.9323138336372
21.0435502701564
21.1844763851
21.3472051740463
21.532668962127
21.7025010743114
21.8525713527677
21.9816724543163
22.0830576575161
22.1485047850267
22.1971150814759
22.2241361109432
22.2367253959503
22.2547953742067
22.2842206104206
22.3273078490119
22.365936119214
22.3846146173609
22.3721359800702
22.3397538665042
22.2994944126337
22.3008087099289
22.3631026639637
22.4807293327867
22.6406943602593
22.824836994189
23.0003472019334
23.1571885762789
23.3002600129876
23.4277729440592
23.5309968764866
23.6087735121625
23.6597506335171
999.99
999.99
999.99
999.99
999.99
999.99
999.99
999.99
999.99
999.99
999.99
20.5594210324822
20.5767538404794
20.6726736450511
20.7120845114746
20.764394387346
20.8110660887028
20.8834354537457
20.989816062334
21.1311191788
21.2991935219202
21.4934450411007
21.670528933737
21.8233581602267
21.9491650403784
22.045589871439
22.1066542214517
22.1542644539817
22.1811003878899
22.1962786617347
22.2156034455641
22.241232450846
22.2740201833337
22.3003467054407
22.3026385872478
22.2715406626247
22.2228716319201
22.1725126999818
22.1736844328897
22.2483119391351
22.3874551041066
22.572100255034
22.7805713682848
22.9708634796351
23.1329213992886
23.2746055496829
23.4010483787853
23.503979859825
23.5859401117888
23.6423981883954
999.99
999.99
999.99
999.99
999.99
999.99
999.99
999.99
999.99
999.99
999.99
20.4344299616373
20.5566781022208
20.6572765906132
20.6935445714925
20.7382191811986
20.7770383502661
20.8418978836789
20.9412532275504
21.0772260480864
21.2419529265599
21.4323187642811
21.6050198365365
21.7531421404666
21.8721320439965
21.9636358101335
22.0238966849684
22.0753668077967
22.1063100656196
22.1264324280053
22.1474800064903
22.1696486924367
22.190730990642
22.2041254717111
22.1945839267749
22.1523632001672
22.095888174894
22.0464022706063
22.056027894513
22.1441951682002
22.3026853565677
22.5074270523096
22.7323511238262
22.9294685629917
23.0900949965948
23.2243249620184
23.3430535974085
23.440969106466
23.5241520652906
23.586745832602
999.99
999.99
999.99
999.99
999.99
999.99
999.99
999.99
999.99
999.99
999.99
20.5866673881674
20.5495457764611
20.6403435286276
20.6736953251038
20.7116275170435
20.7459405917642
20.8057122961486
20.8976763848113
21.0253539499021
21.1799448641119
21.3557383306499
21.5148856405672
21.6526035681647
21.7619430767603
21.8480964881294
21.9100897167985
21.9674588373918
22.0043161079268
22.0310727500677
22.0569683628193
22.0798473320833
22.093941817032
22.1005289318959
22.0866922790893
22.0417297854518
21.984886688086
21.9444372131877
21.9657521778835
22.0653850886532
22.2362496625583
22.452903477185
22.6834082803695
22.8789059957711
23.0315238182453
23.1535840323709
23.2585613494542
23.3463037993049
23.4263060422914
23.4931026725174
999.99
999.99
999.99
999.99
999.99
999.99
999.99
999.99
999.99
999.99
999.99
20.7079845015612
20.5843205166295
20.6368456556735
20.6539383657694
20.6876297193621
20.7208545856425
20.7781903725173
20.8654805221266
20.9851926424364
21.1253226183749
21.2793876434695
21.4201071493569
21.5424530928258
21.6390252186347
21.7205545731847
21.7880239566993
21.8522648260205
21.897529826436
21.9337880491658
21.9678773991683
21.9958067292972
22.0096814186246
22.0163291199059
22.0045305455241
21.9632773054044
21.9100448935155
21.8820281075282
21.9145155107488
22.0216353968374
22.1962794190909
22.4155191442382
22.6399502268115
22.8243583087305
22.9621785979425
23.0672641255162
23.1526434772426
23.2254785164652
23.2983697888416
23.3656350397853
999.99
999.99
999.99
999.99
999.99
999.99
999.99
999.99
999.99
999.99
999.99
20.5460548516524
20.6187297253139
20.6475113152421
20.6423663107286
20.6715567340631
20.7051885017695
20.7628925050742
20.8477767560969
20.9597920981888
21.0836238476941
21.2119780355893
21.3282980313534
21.430402210157
21.5120899979238
21.5888931516313
21.6633694703481
21.7369267381907
21.794857316401
21.845622788661
21.892514108994
21.9309611683233
21.9512823490064
21.9622256432746
21.9548555088505
21.9210815604282
21.8754861556073
21.8622126642365
21.9069733306158
22.0199052480185
22.1924023660544
22.4043682071195
22.6117288708937
22.7753859107132
22.8916568645752
22.9747883679155
23.0367925627726
23.0913455851836
23.1531838912375
23.2166445453669
999.99
999.99
999.99
999.99
999.99
999.99
999.99
999.99
999.99
999.99
999.99
20.8326926406926
20.6452473432074
20.6646505499206
20.6423421171315
20.6686016034887
20.7037901142569
20.7631351733093
20.8457301019848
20.9485398863887
21.0532797011133
21.151649946134
21.2388365107307
21.3169724492136
21.3817582193651
21.4525546284963
21.5342341517166
21.6183420899622
21.6925814608779
21.7626113639303
21.8271692190905
21.880382025372
21.9117543898075
21.9290458006566
21.925574816051
21.8992601876512
21.864002625001
21.867414345904
21.9258563123118
22.0465729014599
22.2171271702403
22.4175918058729
22.6021428934442
22.7405147374753
22.831482881817
22.8892667382181
22.9255513638807
22.9591990909191
23.0053379563225
23.0588069621679
999.99
999.99
999.99
999.99
999.99
999.99
999.99
999.99
999.99
999.99
999.99
20.8935006636801
20.6814808934596
20.6851069747041
20.6468056692667
20.6727968601951
20.7101261836202
20.7709101401149
20.8528743548054
20.9505963936454
21.0402087239691
21.1135814429974
21.1750141584473
21.2308418847241
21.2780440746821
21.3396768221106
21.4231953502867
21.5136100670847
21.6013455897351
21.6896877432135
21.7737008247318
21.8449217131447
21.8916755465536
21.9183077774017
21.9187479213881
21.8979822849407
21.869713116987
21.8838512025823
21.9512047611888
22.0780950273614
22.2456622389671
22.4353980761482
22.5994106544456
22.7148425650579
22.782691182082
22.8175097914174
22.830029173066
22.8439595462091
22.8734111093105
22.912952672501
999.99
999.99
999.99
999.99
999.99
999.99
999.99
999.99
999.99
999.99
999.99
20.9827760607569
20.698385969218
20.7193823528881
20.6668893080263
20.6907292434214
20.7273939248681
20.7867967807171
20.867344785513
20.9641311978253
21.044945669964
21.101336310554
21.1438003276864
21.181877693115
21.2130112006677
21.2648267161812
21.3456037267394
21.4373691782588
21.5337465023435
21.6358438643907
21.7353230884253
21.8228017160917
21.8852582403548
21.921356419179
21.9259582853335
21.9090083185021
21.8842108603795
21.9018506136098
21.9727661951065
22.1016827012209
22.2660482073122
22.4471031432104
22.5962626488438
22.6938208923213
22.7440664282218
22.76034303456
22.7547304977138
22.7530428810782
22.7681361089508
22.7934356664076
999.99
999.99
999.99
999.99
999.99
999.99
999.99
999.99
999.99
999.99
999.99
21.0844932173904
20.6664269044103
20.7107892344168
20.6805810656396
20.6995124852159
20.7301876483622
20.7824684328817
20.8537232479083
20.9402317452152
21.0094948801866
21.0525462183099
21.080067658182
21.1075803592413
21.1328873995438
21.1824340566763
21.2628602453605
21.3569833373362
21.4579793551416
21.5667285140585
21.6744619710723
21.7741330312959
21.8537540528953
21.9080592529737
21.9299843347844
21.9300532325693
21.9214362080979
21.948868245378
22.0243051543529
22.1523507730056
22.3104687124479
22.4789726845572
22.6125083498372
22.6934840507843
22.7292415564438
22.7306146129662
22.7121019156516
22.6992320418842
22.7024943430428
22.7147061283363
999.99
999.99
999.99
999.99
999.99
999.99
999.99
999.99
999.99
999.99
999.99
20.9058339467347
20.6314586853208
20.6874439745697
20.6785279334617
20.6967265262467
20.7214412552202
20.7648010364967
20.8236117816037
20.8946533442338
20.9478097399695
20.9790412512609
20.9941515548476
21.0144748068171
21.0390093726339
21.0920824500173
21.1739283323321
21.2704273962013
21.3733603282495
21.4836061288257
21.5936790203974
21.7021983004748
21.8004005605321
21.8801945272429
21.9313188629899
21.9602908107134
21.9779925034195
22.0208301665415
22.1010986816712
22.2244342213762
22.372634310363
22.5263350930872
22.6449123462238
22.7128981550873
22.7397259636484
22.7325358120083
22.7065710943703
22.6858969288143
22.6788401518996
22.6777541573425
999.99
999.99
999.99
999.99
999.99
999.99
999.99
999.99
999.99
999.99
999.99
20.2649332523844
20.5984429852532
20.6494827548315
20.6599404592814
20.6787342313314
20.6984513546468
20.7318751950646
20.7784154581582
20.8329665666052
20.8679917252311
20.8892890268767
20.8959744107181
20.9110564430715
20.9380786490651
21.0003410152174
21.086730093066
21.1862315518926
21.2908615061503
21.4006492215937
21.5098482408126
21.6253563502367
21.7443919705165
21.8553491239349
21.9439117709955
22.0110330727243
22.0625610618627
22.1244336557826
22.2101195509849
22.3264124952944
22.4607912822052
22.5971377679634
22.7012247601926
22.758609933028
22.7807187062703
22.7705312546725
22.7413826734483
22.714761649961
22.6975335263704
22.6815277141309
999.99
999.99
999.99
999.99
999.99
999.99
999.99
999.99
999.99
999.99
999.99
20.3320097138634
20.5457958376303
20.6006560971869
20.6342276892274
20.6541640900031
20.6692023811421
20.6917232888299
20.7227651712345
20.7549691326365
20.7661066867165
20.7736389400948
20.7728686787597
20.785087984848
20.8191422230803
20.8976436121909
20.9955360526627
21.1011823742331
21.2104168502439
21.3219468417964
21.4306442969667
21.5529964782559
21.6952539568346
21.8410012872444
21.9715917061721
22.0838390756317
22.1774705421187
22.265444687822
22.3600714637371
22.4701623242573
22.5879059841313
22.701986257349
22.7875523061871
22.8334994881458
22.8515728589549
22.8416784898703
22.8127508417401
22.7816721121137
22.7531883609763
22.720336037036
999.99
999.99
999.99
999.99
999.99
999.99
999.99
999.99
999.99
999.99
999.99
20.4193088023088
20.4983063315498
20.5386256301177
20.5882780763158
20.6150550111059
20.6297165809199
20.6449020046102
20.661559114392
20.6689388546356
20.6524921618883
20.6424064956195
20.6315052141726
20.6400321072091
20.6808964825866
20.7772520768448
20.8908306308253
21.006822444791
21.1252930285111
21.2434953183053
21.3565386525202
21.4904533312538
21.6602385812088
21.8450675489523
22.0228743876261
22.1867140155992
22.329232975469
22.4507731062917
22.5587620087854
22.6646806084727
22.7634981764337
22.8507931716729
22.9130742223335
22.9457871440471
22.9588601672273
22.9509000817775
22.9226782884334
22.8861390804866
22.8428429083562
22.7890901943329
999.99
999.99
999.99
999.99
999.99
999.99
999.99
999.99
999.99
999.99
999.99
20.4378337330498
20.4725662322337
20.514870881211
20.56009741833
20.5990694899149
20.6227685254188
20.641815983168
20.65922849894
20.6623271731779
20.6315946178976
20.6063093600656
20.5840789541434
20.5802802446459
20.6118190250352
20.711866318901
20.8332249098263
20.9558952942318
21.0880100352066
21.2230344641852
21.3511572062178
21.5041591852046
21.6989363775535
21.9076946594225
22.1116902407731
22.304263861925
22.4725384330137
22.6124856739568
22.7291480265713
22.8313297810399
22.915980756244
22.9854133223739
23.0339234946539
23.0614451253159
23.0762476368316
23.0757714410272
23.0504766451212
23.0087126605373
22.9492635145187
22.8733780981663
999.99
999.99
999.99
999.99
999.99
999.99
999.99
999.99
999.99
999.99
999.99
20.4263694033415
20.4362721890617
20.4944935549931
20.5395830073142
20.5881033968207
20.6233309181009
20.6500599887188
20.6728971658272
20.6808372436386
20.6482244816628
20.6134999338961
20.5856278716027
20.5745917936947
20.5969528670598
20.6968924836606
20.8243491950774
20.9522523401756
21.0982447982785
21.2540718463869
21.4033464669579
21.5794287264213
21.7960048598921
22.0165822582648
22.2292162307609
22.4301767830916
22.6035100792159
22.7478751273451
22.8684964961364
22.9674700873356
23.0420893311398
23.101096739042
23.1420768815334
23.1686068989775
23.1887536302638
23.1981490653339
23.1782506415608
23.1355014510541
23.0645835724734
22.972021747703
999.99
999.99
999.99
999.99
999.99
999.99
999.99
999.99
999.99
999.99
999.99
20.3721778947598
20.39340294296
20.4737364823493
20.5250837470641
20.5821267030994
20.6282412827515
20.664127647429
20.6925376598854
20.7090678569669
20.6847279585864
20.6499403439874
20.6223185686539
20.6127959893945
20.6311218554029
20.728727580998
20.8574362292056
20.9875254321573
21.1428922678546
21.3163081874621
21.4872556787292
21.6879548242297
21.9235546994565
22.1492308264031
22.3620661588602
22.558521073034
22.7222625755749
22.8598680364206
22.9768818760118
23.0671647757576
23.1306648158787
23.1818387356814
23.2174481502625
23.2459871944009
23.2749554794643
23.2970166600118
23.2863675110005
23.2488814383463
23.1747141003974
23.0763294896749
999.99
999.99
999.99
999.99
999.99
999.99
999.99
999.99
999.99
999.99
999.99
20.3403223725558
20.352676981552
20.4481193739579
20.5149969867716
20.5797735285277
20.6355454655934
20.6823779338003
20.7205265145431
20.7511107710401
20.7446314976156
20.7212231719592
20.6992025623724
20.6945185157874
20.7113005643279
20.803070120474
20.9256667381993
21.0537626407671
21.212324746266
21.3946626167097
21.5806747993544
21.8013782633141
22.0499922601224
22.2764882236924
22.4878977532458
22.6750755747889
22.8217517884764
22.9448002328994
23.0518937253645
23.1280341362321
23.1804950565151
23.2267302597168
23.2608848479968
23.2943731550139
23.3349135700633
23.3700241578915
23.3702819599104
23.3414905014841
23.27199051025
23.1784668451899
999.99
999.99
999.99
999.99
999.99
999.99
999.99
999.99
999.99
999.99
999.99
20.2870080948862
20.307050508448
20.4250611230258
20.5165649710847
20.5845471839751
20.6473625461558
20.7022841003739
20.7474678805872
20.7890208296846
20.8027053489546
20.7959387916343
20.7867890738653
20.7944787303304
20.8189561163465
20.908402377093
21.0244831625108
21.1484742057321
21.3043339980713
21.4868954079518
21.6791055723158
21.9093876654637
22.1619422609731
22.3837621774875
22.5889049508552
22.7621342510139
22.8882796361625
22.9918659948454
23.0846508272142
23.144066859937
23.1860143232544
23.2291085406834
23.2634379430609
23.3025242775685
23.3560959180362
23.4045076461781
23.4174400532848
23.4017000453461
23.3461347130894
23.2676080711613
999.99
999.99
999.99
999.99
999.99
999.99
999.99
999.99
999.99
999.99
999.99
20.0786566762699
20.2837665108198
20.4102596767288
20.5116025032968
20.5790266641849
20.642567903934
20.6974544709494
20.7373352025274
20.7738060180943
20.8008370728677
20.8136783187374
20.8243185978839
20.8592231230668
20.9117026575696
21.0102282157497
21.1249701850173
21.2459081727928
21.3915891946523
21.5609700466299
21.7472074461476
21.9737185098344
22.2242013566185
22.4454172998544
22.651806215261
22.8212815400663
22.9408970126002
23.0336767414111
23.1133393250977
23.1561083004339
23.1849314586489
23.2190007907782
23.2469638895154
23.2865135128407
23.3488656828393
23.4077864558564
23.4334429528268
23.4328946463219
23.3965986204625
23.338471844546
999.99
999.99
999.99
999.99
999.99
999.99
999.99
999.99
999.99
999.99
999.99
19.8705758279661
20.3121397823748
20.420064824845
20.5173197897914
20.5829130540242
20.6444526848618
20.698062326605
20.7316376783566
20.7609704779691
20.7985572414421
20.8308245654733
20.8596970434208
20.9214154001675
21.0031970785509
21.1101092447411
21.2227922948029
21.3411425822337
21.4725026006112
21.6211341261095
21.7931982853665
22.0066611983674
22.2489456915356
22.4727367776645
22.6870729375365
22.8629442789812
22.9883689637124
23.0789238729682
23.1467629203681
23.17286485803
23.1853407067406
23.2041017866387
23.2204097902598
23.2565156213373
23.3230356383248
23.3902580420721
23.4277267433569
23.440946122874
23.4233228928249
23.38479270957
999.99
999.99
999.99
999.99
999.99
999.99
999.99
999.99
999.99
999.99
999.99
20.1712477152477
20.3616351496076
20.4537695637253
20.5436374916799
20.6042679816669
20.6613581943668
20.7118614315473
20.7387810630227
20.7599097376421
20.8010352314054
20.8446914027343
20.8873184873223
20.9703371023489
21.0771202794796
21.1938303785485
21.3096070305019
21.4290781663817
21.5477602161965
21.6752232630111
21.8283721486109
22.0215873788299
22.2485960952522
22.4737183390133
22.6973860920817
22.8856736442593
23.025363572441
23.122571783565
23.1842928846601
23.1982738493175
23.1954334020029
23.1959900816624
23.1963508871977
23.2230973194315
23.287292488205
23.358643506544
23.4064976224625
23.4328510805912
23.4331353599513
23.4115840166928
999.99
999.99
999.99
999.99
999.99
999.99
999.99
999.99
999.99
999.99
999.99
20.5176108605551
20.4319751412703
20.508737940172
20.5874237070583
20.6411599615998
20.6918794506606
20.7367930473127
20.7548349646068
20.7662272698569
20.80386078956
20.8496531582319
20.900978927366
21.0017690828308
21.1290395463253
21.2578765866432
21.3833615044663
21.5080518306041
21.6175034338625
21.7291975557886
21.8654584358824
22.0380192008217
22.2486263748296
22.4737469772644
22.7027191386041
22.90187151487
23.0567506247761
23.1634095763902
23.2219364417943
23.2278936015572
23.2106563790866
23.1907524347116
23.1711702774404
23.1834303019265
23.2396918306894
23.3117714800165
23.3692344765082
23.4103049988401
23.4284881904161
23.4219654185851
999.99
999.99
999.99
999.99
999.99
999.99
999.99
999.99
999.99
999.99
999.99
20.598136587377
20.5365707541797
20.5881272850543
20.6388020267618
20.6886430588275
20.7334033411932
20.7741214532932
20.7868856990879
20.7934953146064
20.8250137557469
20.868943307729
20.9219764155067
21.0318413666788
21.1706956087157
21.3099366995307
21.4453719581529
21.5764737702994
21.6800453611091
21.7809148897762
21.903524139531
22.0589368230465
22.2548151140778
22.478912682457
22.7097808296913
22.9166896560234
23.0839046705833
23.200575581585
23.2588278799997
23.2613222867153
23.2331248727585
23.1948378847134
23.1554783163774
23.1515296526037
23.195990824987
23.2659473466848
23.3330666230791
23.3906401928122
23.4259865856079
23.4340420206987
999.99
999.99
999.99
999.99
999.99
999.99
999.99
999.99
999.99
999.99
999.99
20.5334885099783
20.6292807279837
20.6674481975752
20.6975309070384
20.7454507750448
20.7858575176761
20.8237913035301
20.8362591603987
20.8462083364002
20.8741182576231
20.9150329385701
20.9663989096041
21.0746468801183
21.210821329176
21.3532344545786
21.4940468604203
21.62877987677
21.7292437194501
21.8261553246636
21.9412358938372
22.0873824608791
22.2738168744643
22.4979378176758
22.7288942760709
22.9389636488196
23.1111815570849
23.2336234501201
23.2924161286631
23.294136490848
23.2590185994528
23.2073262835974
23.1519200997796
23.1321969446035
23.1633213143502
23.2297251966706
23.3055405953682
23.3793026262042
23.4309229456575
23.45320391053
999.99
999.99
999.99
999.99
999.99
999.99
999.99
999.99
999.99
999.99
999.99
20.7604397718683
20.6522222569922
20.704667084499
20.7495530716842
20.7996963043149
20.8397522192596
20.8764739379405
20.893042692473
20.9097981820207
20.9364587053773
20.975173814412
21.025799408213
21.1248880309346
21.2491626181083
21.3885099800455
21.5283779315087
21.6599425379246
21.7578642377342
21.8544723047954
21.965881907317
22.107442767768
22.2894941818027
22.5141994083982
22.7432001108738
22.9518108587682
23.1241786680982
23.2488743866982
23.3095615414376
23.3142183040071
23.2783210523063
23.2206176917696
23.1553639968149
23.1224755291399
23.1411045608202
23.2032451722868
23.2859433306998
23.373874067666
23.4403762983858
23.4762931675146
999.99
999.99
999.99
999.99
999.99
999.99
999.99
999.99
999.99
999.99
999.99
20.8972128083557
20.6459890065445
20.7127640398884
20.781897758057
20.8397713193113
20.8851358698172
20.9253977459882
20.9510121341749
20.9790502917556
21.0120056966406
21.0551052924457
21.1079225047167
21.1958261104244
21.302343675443
21.4280353516665
21.5558442396747
21.6749057854949
21.7670875275546
21.8643295356052
21.9765139407937
22.1182147135225
22.3008645224789
22.5264202335597
22.7502189676355
22.9513211867907
23.1174740408328
23.2384895625351
23.2993078797749
23.3091858681045
23.2792739482989
23.2258840621138
23.1627872271789
23.1266796565543
23.1400119135904
23.2003283960688
23.2872172143917
23.3830598176042
23.4580955460576
23.5019152720255
999.99
999.99
999.99
999.99
999.99
999.99
999.99
999.99
999.99
999.99
999.99
20.3799924095778
20.6158298717129
20.7040007120926
20.7957795822219
20.8645981173744
20.9201729240406
20.9682183068917
21.0069724640777
21.0506704742194
21.0965762948611
21.1487598538439
21.2052461930917
21.2792274999821
21.3628804517325
21.4657828788472
21.5731459647768
21.6744249652858
21.7607591938361
21.8603155281606
21.9770920348621
22.1216326253031
22.306710924336
22.531326804879
22.7469863550098
22.9358746716582
23.090897476739
23.2038510058262
23.2639325890888
23.2812130533706
23.2642306247058
23.2269066111734
23.1797694604318
23.1525272522882
23.1696239161342
23.2313859444483
23.3188607158358
23.4139890313074
23.4891964604869
23.5336626324803
999.99
999.99
999.99
999.99
999.99
999.99
999.99
999.99
999.99
999.99
999.99
20.2079035635935
20.5971023956852
20.6977339476253
20.8027255485806
20.8799380730068
20.9457933735508
21.0021947534948
21.0551396809474
21.1158813142875
21.1796248771807
21.2439836157817
21.3065834250916
21.3665202748473
21.4245591870152
21.4991481888228
21.581589635628
21.6629692151142
21.7440157700955
21.8467637987115
21.9697025173442
22.1182573328302
22.3056620201652
22.5279746256263
22.7353374658104
22.9104244405955
23.0519531374772
23.1534842144238
23.2105866724618
23.2346445085213
23.2343399467956
23.2204313561307
23.1996461749071
23.1908670313628
23.218745617809
23.2834968075472
23.3665283757157
23.4511905099663
23.5180769137967
23.5555119351421
999.99
999.99
999.99
999.99
999.99
999.99
999.99
999.99
999.99
999.99
999.99
20.1368677248677
20.5773034684009
20.6907455718554
20.8082947248972
20.8895798791939
20.9632185128205
21.0276279824319
21.0947322937067
21.1701775968048
21.2501775300516
21.3260792772625
21.3937011533056
21.4405295746767
21.4759396660793
21.525028165862
21.5843537974618
21.6486433891201
21.726654431686
21.8323305543944
21.9591393385505
22.1089285752612
22.2956092249184
22.5123648295886
22.7107327635878
22.8733433729882
23.0031842329651
23.093939044569
23.1471852242389
23.1774353766502
23.1949916224802
23.2065723840074
23.2156373981911
23.23056109825
23.2724521949986
23.3394746830472
23.4153039491148
23.4853550578079
23.5391523628177
23.5652585125282
999.99
999.99
999.99
999.99
999.99
999.99
999.99
999.99
999.99
999.99
999.99
20.5692019514877
20.5968603810284
20.7105771337457
20.8273182856203
20.9046485968809
20.9781718750023
21.0451188984184
21.1190633514187
21.2037340880066
21.2954248268131
21.3805916349991
21.4513001868031
21.4908303399315
21.5114441428609
21.5423223579828
21.5855811375042
21.640532580459
21.7191335541549
21.8291860374119
21.9596130188574
22.1101453042391
22.2942463864862
22.502981496849
22.6909628241159
22.8418522007624
22.9597111228039
23.0391813302637
23.0867363731819
23.1206909676677
23.1547389463731
23.1905800030546
23.2287774523148
23.2690102536157
23.3265669314482
23.3946984285076
23.4625178665632
23.5176779062879
23.5569765174569
23.5702492441355
999.99
999.99
999.99
999.99
999.99
999.99
999.99
999.99
999.99
999.99
999.99
20.6872513537566
20.6585819975457
20.7601627269422
20.8617775729192
20.9300297449585
20.9965481894894
21.0591711717996
21.1330545300344
21.2213360971762
21.3186981105845
21.4086572916019
21.4811307309176
21.5167272020044
21.5299926070488
21.5520731447074
21.5887847816087
21.6424596643723
21.7259185774359
21.8414388227629
21.974364757735
22.1247931789882
22.3057109968656
22.5065062823409
22.68569140078
22.8284448116325
22.9370133347653
23.0064891466622
23.0472067942743
23.0814546877033
23.1260152610787
23.1787543468734
23.2381919560201
23.2987658917618
23.3685352143422
23.436754820143
23.4983671427345
23.5426655349795
23.5708516197435
23.5750670995738
999.99
999.99
999.99
999.99
999.99
999.99
999.99
999.99
999.99
999.99
999.99
20.4729214611688
20.7567439613376
20.8320981104947
20.9059712013515
20.9615447324454
21.0171719402433
21.0716284333295
21.1408265388767
21.2279777557329
21.3276072756917
21.4211774605923
21.4963308136993
21.5340939544065
21.5487741496196
21.5699831712392
21.6053660106249
21.6612209765148
21.7476575911147
21.8653198304921
21.9978137232997
22.1475575214967
22.3244742089486
22.519066517222
22.6918583281657
22.8301064005216
22.9320219680984
22.9937302703008
23.0261244485552
23.0563935946584
23.1034840973143
23.162556062693
23.2320914222484
23.3057137152068
23.3835354017118
23.4524541006293
23.5130184642697
23.5538054273252
23.5764494478738
23.5760371880812
999.99
999.99
999.99
999.99
999.99
999.99
999.99
999.99
999.99
999.99
999.99
20.6528153611778
20.8185465072145
20.8888897683254
20.9513717161796
20.9934914505037
21.037106724006
21.082527852832
21.1445109254724
21.2276807935952
21.3268218996402
21.4223176684154
21.4995654603027
21.5442546556603
21.5669175929422
21.5927273472606
21.6307916046277
21.6910554803867
21.7794312780448
21.8984097707025
22.0304885325973
22.1797545248443
22.3528865806859
22.5408506539602
22.7055692786783
22.8389965792654
22.9349570213098
22.9898881931349
23.0135078672653
23.0371574778614
23.0800344750857
23.1360842295529
23.2064007414782
23.2875330651355
23.3719632199144
23.4452948702274
23.5120510669744
23.5582505204948
23.5818316446509
23.581387879359
999.99
999.99
999.99
999.99
999.99
999.99
999.99
999.99
999.99
999.99
999.99
20.9098116589824
20.8718916751789
20.9294561534992
20.9861426668289
21.0181214109745
21.0525546080483
21.0913940314792
21.1466106242139
21.2253245455504
21.3224795379057
21.4172153773407
21.4943628900828
21.5469034631606
21.5792320339925
21.611372282654
21.6540865277658
21.7200844918822
21.8102638908669
21.9313848934676
22.0658764654878
22.2182120825994
22.3893916328401
22.5713469691908
22.7263237335438
22.8511369610101
22.9377887650127
22.9845452324821
22.9991571569084
23.0146842390763
23.051019073874
23.1008641459372
23.1688509140651
23.2544432533411
23.3470566296809
23.4289884356745
23.5062216849631
23.562157613472
23.591053508813
23.5928595915646
999.99
999.99
999.99
999.99
999.99
999.99
999.99
999.99
999.99
999.99
999.99
20.9234524035779
20.8971553176859
20.9523941544558
20.9974520514466
21.0253584997156
21.0561957211189
21.0941654211778
21.1487690340874
21.2261886208211
21.3213559151374
21.413029221343
21.4864365090574
21.5408096502935
21.5781430076333
21.6143822288161
21.6610887721884
21.7331735475304
21.8281201530849
21.9549557951307
22.0967205452729
22.2557130602136
22.4260962118909
22.6007189422803
22.7428588022773
22.8534054594607
22.9274578021932
22.96555726275
22.9729035328845
22.9824932458254
23.0131343723989
23.0568805536848
23.1225238584404
23.2118401473759
23.3135302195662
23.4078445991851
23.4982732469168
23.5657591506048
23.6024332339677
23.6075071754546
999.99
999.99
999.99
999.99
999.99
999.99
999.99
999.99
999.99
999.99
999.99
20.88075371267
20.8946499029224
20.9455318310217
20.9860667509634
21.0119911222998
21.0440449784616
21.0863162487151
21.146777508931
21.2272652833388
21.3220941430566
21.4093536822843
21.4745792544901
21.5240863886853
21.5596083008589
21.5958173866624
21.6444506074919
21.7242790687348
21.828166375649
21.9659413875352
22.1201409715378
22.2885899222764
22.4567935800172
22.6197658137519
22.7437466733651
22.8333075137102
22.8909759165627
22.9204791534579
22.9237738352431
22.9302820637166
22.9581363274303
22.9972925372832
23.0611858129743
23.1536582818193
23.2660601374233
23.374612563628
23.4798042854669
23.5603905697868
23.6068586194636
23.6161419915525
999.99
999.99
999.99
999.99
999.99
999.99
999.99
999.99
999.99
999.99
999.99
20.7556855178632
20.8698484533539
20.9258951461776
20.9583864092258
20.9861783263972
21.0231590593333
21.0752894276322
21.1476960048898
21.2356018884488
21.3295347256175
21.4086203230714
21.4589940671034
21.4944276609788
21.5190247438406
21.550103358464
21.5999416851602
21.689156826519
21.8075652567567
21.9619479218306
22.1326669594139
22.3115858532644
22.477389597289
22.6251066831621
22.7280822272903
22.7938765440407
22.8345763142505
22.857033160137
22.8611371125437
22.8686145670516
22.8975943888542
22.9350265807127
22.9974768096106
23.0910105938174
23.2129238099448
23.334181131356
23.4521454480561
23.5458884998932
23.6042217635335
23.6202644011671
999.99
999.99
999.99
999.99
999.99
999.99
999.99
999.99
999.99
999.99
999.99
20.6742358595076
20.83955278702
20.8879756892207
20.9180779927418
20.9523750183005
20.9989010962453
21.0661502945379
21.1551004472064
21.2531458113479
21.3458718343991
21.4142649814233
21.4465103798778
21.462442937365
21.4698185305988
21.4915066237648
21.5412981727586
21.6387196192018
21.7726679188862
21.9447697622584
22.1320070648318
22.3194641468369
22.481764079891
22.6125370333714
22.6944816949773
22.737287587557
22.7627213226421
22.7806709785199
22.7897317986435
22.8020195692394
22.8359804846474
22.8748885245245
22.9358760967284
23.0273750497308
23.1552095248942
23.2844412725738
23.41174485519
23.517811562978
23.5901657663652
23.6157583373513
999.99
999.99
999.99
999.99
999.99
999.99
999.99
999.99
999.99
999.99
999.99
20.9586349273388
20.8048446965517
20.8482451553357
20.8742192555614
20.9186075686146
20.9769372301545
21.0610368606872
21.1679021619359
21.2775821739452
21.3692388664076
21.4278851599412
21.4434872882292
21.4395745541736
21.4272251908338
21.4365750091484
21.4847670257458
21.5881805326013
21.7364142243742
21.9249997047669
22.1256734639898
22.3155253690313
22.4696229289571
22.5798738375532
22.6405407406429
22.6649488832845
22.6808188813102
22.699527842382
22.718041880427
22.7382124272209
22.7771486250445
22.8172024892402
22.8743135946061
22.9603142442926
23.0888306771354
23.2210274790031
23.3549493512058
23.4725468738421
23.5598666963084
23.598234671649
999.99
999.99
999.99
999.99
999.99
999.99
999.99
999.99
999.99
999.99
999.99
20.8173542794798
20.765736683553
20.8116146314863
20.8350233226575
20.8914515718486
20.9638132216822
21.0646153233547
21.1870546745356
21.3067313714628
21.3980322905819
21.4494897983371
21.4534861297924
21.4366213744493
21.4099836418715
21.4099333677348
21.4570035378936
21.5635961410742
21.7194475614764
21.9153235815557
22.11829497313
22.2998453423835
22.4388149712717
22.5270319551352
22.5706312329427
22.5862364368423
22.6014620826161
22.6270220908216
22.6572727154364
22.6842702191438
22.7246574796326
22.7624573540495
22.8112496166269
22.8878685000139
23.0130404098902
23.1436937662512
23.2816338991039
23.4109549362468
23.5140685207261
23.5683181683448
999.99
999.99
999.99
999.99
999.99
999.99
999.99
999.99
999.99
999.99
999.99
20.829803740072
20.7124208602863
20.7717584845488
20.8012757459124
20.8730596398617
20.9609825523541
21.0793040312064
21.2144660527599
21.3408976517684
21.4306916725416
21.4777447460475
21.4763247888488
21.4561090373226
21.4254052250918
21.4234472674205
21.471333507302
21.576825343554
21.7308912350745
21.9211425584949
22.1120072013595
22.2740892192005
22.3936696384613
22.4622065929177
22.4953064413573
22.5124130424618
22.5349910934639
22.5702696347004
22.611678960685
22.6450488233575
22.6853302235067
22.7211958592422
22.7625004387609
22.8294870993821
22.9477077472304
23.0729165923741
23.2104604456538
23.3481550721417
23.4647874426911
23.5341813851165
999.99
999.99
999.99
999.99
999.99
999.99
999.99
999.99
999.99
999.99
999.99
20.7269247896252
20.6496210310224
20.7213838186236
20.777169269675
20.8637710040508
20.9666449232434
21.0983441103412
21.2403476530951
21.3687526537785
21.456779535971
21.5024952753967
21.5044606862184
21.4921296175895
21.4701138674309
21.4757007463344
21.5275402236991
21.6284694113593
21.7715722251484
21.9427355096798
22.1074156221823
22.240167570119
22.3360842389208
22.387695757368
22.4160992282634
22.4427781657062
22.4785898174886
22.5256088002775
22.5769112937063
22.6166373336927
22.6569318222839
22.6930071595209
22.7307932643401
22.791634574816
22.9026359846026
23.0205258878951
23.1544831096001
23.2952535207445
23.4193086479931
23.49904239243
999.99
999.99
999.99
999.99
999.99
999.99
999.99
999.99
999.99
999.99
999.99
20.5015389434414
20.5958377057061
20.6832880538667
20.7649241067023
20.864444907248
20.9793886689909
21.1174554024412
21.2591851920097
21.3852644932725
21.4710599567267
21.518948107417
21.5318953225073
21.5360820584528
21.5339692066965
21.5563542338105
21.6157749098028
21.7118938827478
21.838901880439
21.9808756986128
22.1095852244295
22.2083272141143
22.2793220551317
22.3191413895249
22.3499475437702
22.3924993949208
22.4445023133918
22.5032350661699
22.5613626451018
22.6055462958036
22.6447571982885
22.6824183820552
22.7203574605159
22.7789568592713
22.8834287443555
22.9947018160755
23.1226272147565
23.2614593734055
23.3860821948142
23.4711271023103
999.99
999.99
999.99
999.99
999.99
999.99
999.99
999.99
999.99
999.99
999.99
20.3446399585703
20.5665412832771
20.6634309898842
20.7580216170023
20.8640527456104
20.985572916435
21.1235634050222
21.2602279298282
21.3827837798084
21.4706169111295
21.5254173350616
21.5562017534133
21.584183306276
21.6111474585121
21.6578496068647
21.7294715122595
21.8218790953276
21.9292120322428
22.0354777213811
22.123112150406
22.1880055640929
22.2379212254632
22.2746382189481
22.3143687656214
22.3740913798881
22.4396227774101
22.5042207022098
22.5614509350991
22.6062012349438
22.6439449172005
22.6852595647318
22.7287302137714
22.7917494377041
22.8935419212601
23.0018301776752
23.1238995965643
23.2580132423502
23.3776885933166
23.4628658685759
999.99
999.99
999.99
999.99
999.99
999.99
999.99
999.99
999.99
999.99
999.99
20.2546553975125
20.5494357857733
20.645576733297
20.7543652159981
20.8614799362758
20.9822924285437
21.1145022622566
21.2435835630889
21.3629828513726
21.4554707450233
21.5232854563844
21.5779186806675
21.6337761544542
21.6934950975579
21.7668772146677
21.850581873985
21.937970202775
22.0241574554976
22.0950665782651
22.1445812236112
22.1825027014539
22.2203021139206
22.2617219242477
22.3122315666376
22.384651143686
22.4553456359692
22.5153934334479
22.5637844545695
22.6066693716241
22.6451521820851
22.6949392479072
22.7523323862321
22.8277354318316
22.9320662565928
23.0418004040917
23.1594530659735
23.2855909804353
23.3950085045967
23.474531989792
999.99
999.99
999.99
999.99
999.99
999.99
999.99
999.99
999.99
999.99
999.99
20.5574795373681
20.5476597952349
20.6471403488159
20.755098596656
20.8576113265172
20.9718021404517
21.092507745991
21.2120045088823
21.3294057664383
21.4292119279031
21.5126208902795
21.5941267985592
21.6779722164597
21.7683569107352
21.8654059396267
21.959988091665
22.0416648559058
22.1085467276063
22.1490493691383
22.1699549499889
22.1910948136999
22.2250135242617
22.2754650966912
22.3362889751617
22.4132589970914
22.4794399062074
22.5270528450084
22.5611910863718
22.5993959597297
22.6412212212306
22.7025050261812
22.7785384483088
22.8715852754284
22.9836306958377
23.0984267285787
23.2154753102084
23.334348031114
23.4323713261006
23.504438281791
999.99
999.99
999.99
999.99
999.99
999.99
999.99
999.99
999.99
999.99
999.99
20.3716688370347
20.55909124533
20.6531872195798
20.7475975597542
20.8437193587498
20.9470159586856
21.0530748776039
21.1631891627601
21.280456894133
21.3907518052853
21.495548288118
21.6074616441126
21.71863445361
21.8354141212408
21.9512070237992
22.05313847373
22.1290849674514
22.1810316622293
22.200741280436
22.2055443369513
22.220191024546
22.2567327579192
22.3175470619459
22.3844916325735
22.4549511794204
22.5057820197008
22.5318402488427
22.5452462964165
22.575225589076
22.6220394699048
22.6963798492284
22.7935816751292
22.9070859600467
23.0301546451738
23.1530536655367
23.2732309288356
23.3886526355688
23.4795738609671
23.5469398516488
999.99
999.99
999.99
999.99
999.99
999.99
999.99
999.99
999.99
999.99
999.99
20.479358943676
20.5686255676176
20.6562368907351
20.7327889553506
20.819347534466
20.9075927307411
20.9984367884652
21.1018131949305
21.2213950085933
21.3447534772906
21.4741512723015
21.6156374636548
21.7504580570136
21.8866774468144
22.0141999465915
22.1191271574764
22.1903981719065
22.2327838156406
22.2426656434652
22.2424606587606
22.2567005699589
22.29656200515
22.3624073483728
22.4260602315257
22.478970270324
22.5066142084951
22.5067812188011
22.4996265050892
22.5234688865897
22.5806568221993
22.672095220246
22.7935880898115
22.9294105928243
23.0660111428463
23.1971209326977
23.3223423124919
23.4369519195468
23.5244646854864
23.5891559362911
999.99
999.99
999.99
999.99
999.99
999.99
999.99
999.99
999.99
999.99
999.99
20.5781619891824
20.5357843795375
20.6367253337957
20.7185547543525
20.796999641905
20.8708583814769
20.94790799976
21.0452884096615
21.1655773510391
21.2978419325907
21.4491788707605
21.6143325160619
21.766040462028
21.9136572393601
22.0456305931192
22.1465060435212
22.2116044076614
22.2486845926939
22.2559792756706
22.2576526358237
22.2752193061976
22.3168622954626
22.3796425374281
22.4323557637898
22.4617104099776
22.4633100496068
22.4392090688858
22.417328060338
22.4404669908977
22.514619356925
22.6286241681622
22.7765827005799
22.9345964731809
23.0846152770595
23.221428443861
23.3503658398276
23.4650367624558
23.5521169947197
23.6163288358883
999.99
999.99
999.99
999.99
999.99
999.99
999.99
999.99
999.99
999.99
999.99
20.5229244561091
20.5222530412857
20.6234152670654
20.700494493314
20.7718802052765
20.8348003872184
20.9009094899894
20.9931489471533
21.1139247631783
21.2532807334661
21.4191422558039
21.5992041105712
21.7605779293596
21.9108000195591
22.0400814294681
22.1340604434779
22.1937181919613
22.2288316296326
22.2381162797305
22.2452371206994
22.266196271933
22.3055140154672
22.3588114356386
22.3973373480136
22.4022505045795
22.3798799926677
22.3374829675189
22.3078600127358
22.3345604689133
22.4292030422023
22.5681861258224
22.7419231649588
22.9198772899947
23.0811012914435
23.2199094280609
23.3499530284356
23.4649344276321
23.5545268159987
23.6215685991045
999.99
999.99
999.99
999.99
999.99
999.99
999.99
999.99
999.99
999.99
999.99
20.2643996230527
20.5095150125177
20.6032094626644
20.6777807674986
20.7422025966148
20.7946213185006
20.851405904683
20.9383324485292
21.0584190383101
21.2031578870728
21.3810257145278
21.5699843793258
21.7365362661457
21.8845441821583
22.0078232557723
22.0927619349196
22.1481995026604
22.1828942728642
22.1961240155648
22.2077265110131
22.2294024245483
22.2623838768055
22.3021550949648
22.325023985074
22.3100733386102
22.2694388452131
22.2157234986492
22.1857359924691
22.2209777983651
22.335840100552
22.4995546116948
22.6964975378445
22.8904140736809
23.0587009890236
23.1958342109364
23.3221865428456
23.4343891031922
23.525999347227
23.5968648444085
999.99
999.99
999.99
999.99
999.99
999.99
999.99
999.99
999.99
999.99
999.99
20.3250134680135
20.4873457748156
20.584536973894
20.6609023556317
20.7156291208913
20.7583585319078
20.8087177248617
20.8908861705029
21.0085998078348
21.1537155638336
21.3341439784115
21.51968442952
21.6830237412351
21.8222201148544
21.9365228322431
22.0130165116177
22.0680277320908
22.1049672532157
22.1240814416777
22.1394800990485
22.1606321887646
22.1852451087618
22.2102548994286
22.2197384633543
22.1939306039768
22.1452347732962
22.0917498378681
22.0727125381929
22.1225220067463
22.2559006156188
22.4403175610905
22.6532366021578
22.8542545759224
23.0223021009268
23.1516729026159
23.2680994778791
23.3717858627168
23.4612883850632
23.5338354410164
999.99
999.99
999.99
999.99
999.99
999.99
999.99
999.99
999.99
999.99
999.99
20.3624865814273
20.4859854224071
20.5730175790166
20.6459087113343
20.691047577616
20.7274921033791
20.774663048906
20.8525198545489
20.965589940049
21.1056081523442
21.278309801971
21.4507078034214
21.603092067767
21.7292024930991
21.8333197557217
21.9030813095002
21.9584340868583
21.9994209709278
22.0257137674774
22.0463099874051
22.0706626946213
22.0923737735572
22.1084256983486
22.1115544831705
22.0836126842406
22.0337914018327
21.987680372016
21.9838103594333
22.0479643588464
22.1941976885978
22.3922734287514
22.6116392298863
22.8111368210763
22.9719205800016
23.0888725695913
23.1896053152334
23.2790983008606
23.3613898396489
23.4324273147929
999.99
999.99
999.99
999.99
999.99
999.99
999.99
999.99
999.99
999.99
999.99
20.3641883929724
20.5350919166431
20.5829606757133
20.6277984015614
20.6635092372702
20.6951714011696
20.7410329382355
20.8164747246825
20.9260126075058
21.0595597841203
21.218310944773
21.3724755388971
21.5094074875564
21.6191203384703
21.7119143431804
21.7791326361716
21.8377146893025
21.884741256905
21.9213665948973
21.9511529007024
21.982614431201
22.0068721811123
22.0214117664053
22.0242867741208
22.000179453875
21.9546294048828
21.9198269961106
21.9320673937946
22.0079215626633
22.1597424767132
22.3613868076923
22.5767966529268
22.7652294698061
22.9126206853167
23.0138345778666
23.0958087085916
23.1674452500588
23.2383704449868
23.3036321836538
999.99
999.99
999.99
999.99
999.99
999.99
999.99
999.99
999.99
999.99
999.99
20.4583299545982
20.5801142164918
20.6036584648052
20.618812069121
20.6444419179746
20.6713083203916
20.7168961206139
20.7912610328556
20.8966602826385
21.0207947105245
21.1618545689603
21.2935774560776
21.4101147457381
21.5021919279814
21.5835522518583
21.6499770623936
21.7141475155039
21.7704969043161
21.821118346086
21.8649953156104
21.9085832532339
21.9411692366532
21.9601613162703
21.9657801880868
21.9479967057637
21.9098030853741
21.8882297740617
21.9165608390298
22.0034578031945
22.1571391314163
22.355352892966
22.5581289216986
22.727462795615
22.8551665701806
22.9365919964029
22.9963283893046
23.0473038355598
23.1029151938646
23.1582608739142
999.99
999.99
999.99
999.99
999.99
999.99
999.99
999.99
999.99
999.99
999.99
20.7905639655221
20.6136555196444
20.6275235747661
20.6220710818341
20.6398277989237
20.664344457411
20.7118525702112
20.7869191659472
20.8876090681429
20.9991682162994
21.1162558570299
21.2190150212166
21.3085377920905
21.3795836503452
21.4478561260134
21.5145407065874
21.5868275639488
21.6565015860627
21.7254746411465
21.7886208289552
21.8491394837387
21.8948939753252
21.9229446395731
21.9336076811091
21.9217712723612
21.8917928469081
21.883015172041
21.9250956933221
22.0208699406744
22.1752506618439
22.3660098636325
22.5512978569461
22.6974801997905
22.8021337537593
22.8610807195325
22.8967940937726
22.9265433954866
22.9650152252212
23.0076319890419
999.99
999.99
999.99
999.99
999.99
999.99
999.99
999.99
999.99
999.99
999.99
20.9220846560847
20.6592113229699
20.65873938106
20.6323484671383
20.6458774385729
20.6711117748046
20.7216523163689
20.7985739391164
20.8964254170361
20.9982548195558
21.0925677970158
21.1685784557612
21.2312192874073
21.2827359636612
21.336323137303
21.4011802728087
21.4777128968812
21.5587664436943
21.6437817353425
21.7269525514176
21.8065118281229
21.8690309709177
21.909215312359
21.9257599328879
21.9169273202883
21.890771487533
21.888696721368
21.9372992379035
22.037921824946
22.1922197204874
22.3765457992488
22.5473966026001
22.6750135305522
22.759721923719
22.7990736680091
22.8128787138604
22.8233014769028
22.8444150887257
22.8729059285981
999.99
999.99
999.99
999.99
999.99
999.99
999.99
999.99
999.99
999.99
999.99
20.8003301523615
20.6792318249239
20.6985161736817
20.6597221610631
20.6689406443972
20.6920321018421
20.7425148332718
20.8184107164762
20.9145764918768
21.0120337629489
21.0907233623187
21.1457745197949
21.1876255191946
21.2226645215949
21.2610047140782
21.3214453317982
21.3993517566734
21.4868295346939
21.58271657649
21.6822872264775
21.7775284508453
21.8553799131424
21.9080751925091
21.9310244184697
21.9248667946899
21.9016315729306
21.9007577044793
21.9497044318908
22.0509049320442
22.2022995433492
22.3796091951458
22.5405934643036
22.6548232411401
22.7245701223739
22.749626121371
22.7475403031436
22.7436797271564
22.7513052845374
22.7674584180977
999.99
999.99
999.99
999.99
999.99
999.99
999.99
999.99
999.99
999.99
999.99
20.8575837083293
20.6844106367917
20.7207714890173
20.6982880253606
20.7073273396182
20.7134900810943
20.7651446484262
20.8679633546334
20.9674711427157
21.0632897111617
21.1269475116441
21.1774932561252
21.1830095756315
21.1940023051031
21.2182570972576
21.2716418820037
21.3401068169399
21.4311839539473
21.5307435193334
21.6428956539559
21.7499742603523
21.8474995734414
21.9155337999085
21.9450994517198
21.9381934631559
21.9114783223025
21.9032192230103
21.9459258816618
22.0465876663151
22.2083660562311
22.392406293716
22.5524155172981
22.6650552867745
22.7181719222703
22.7202824022806
22.7015995557071
22.6867783422169
22.6786885093832
22.6906517414865
999.99
999.99
999.99
999.99
999.99
999.99
999.99
999.99
999.99
999.99
999.99
20.816582010582
20.7245083382342
20.7820272902149
20.778130856927
20.7870748370059
20.7523145775807
20.7676595194353
20.8776178251672
20.9999805791514
21.090508114161
21.1549125330545
21.2090621519915
21.1890424695255
21.1721894394082
21.197740885002
21.2447331262987
21.301364859746
21.3943045437189
21.4921589595722
21.6081056274308
21.7201117709352
21.8303296890981
21.9111077558529
21.9523519788722
21.9500978145671
21.9197837466619
21.9072357302308
21.9333953556967
22.0115400292261
22.1774703514548
22.3621446212006
22.5202835436911
22.6415352431499
22.7003918191626
22.6871399798938
22.6634277059843
22.6431917546448
22.6293780126736
22.6386021578104
999.99
999.99
999.99
999.99
999.99
999.99
999.99
999.99
999.99
999.99
999.99
20.7230342331562
20.7196811922108
21.2407480001609
20.5278709644981
20.4952558738203
20.9557847263074
20.8054451835427
20.9432050821807
20.7925852150173
21.5421942504521
21.5429224231698
21.3190829977224
21.1477720158278
21.2046721470554
21.0934331116038
21.2981674233625
21.3179786918463
21.3220105736308
21.3306715034868
21.5273384785301
21.733299191517
21.9399928101322
21.9163211407253
22.046001794953
22.0483578090512
21.9610156719007
21.880506222001
21.6860143596241
21.8386879413012
22.1245062722798
22.4239422447471
22.8928224957389
22.7930087937614
22.7255318641869
22.8028034802983
22.5369095434183
22.6252817322051
22.5622805305419
22.5921220467492
999.99
999.99
999.99
999.99
999.99
999.99
999.99
999.99
999.99
999.99
999.99
999.99
999.99
999.99
999.99
999.99
999.99
999.99
999.99
999.99
999.99
999.99
999.99
999.99
999.99
999.99
999.99
999.99
999.99
999.99
999.99
999.99
999.99
999.99
999.99
999.99
999.99
999.99
999.99
999.99
999.99
999.99
999.99
999.99
999.99
999.99
999.99
999.99
999.99
999.99
999.99
999.99
999.99
999.99
999.99
999.99
999.99
999.99
999.99
999.99
