999.99
999.99
999.99
999.99
999.99
999.99
999.99
999.99
999.99
999.99
999.99
999.99
999.99
999.99
999.99
999.99
999.99
999.99
999.99
999.99
999.99
999.99
999.99
999.99
999.99
999.99
999.99
999.99
999.99
999.99
999.99
999.99
999.99
999.99
999.99
999.99
999.99
999.99
999.99
999.99
999.99
999.99
999.99
999.99
999.99
999.99
999.99
999.99
999.99
999.99
999.99
22.0791381233942
21.5280851320573
20.0851585055801
20.3813166206616
20.9137108935715
20.6063951511129
20.8248228979692
20.9525547309833
21.1190030116999
21.7997526886586
22.0473852663016
22.1520236813129
22.3422004841848
22.3610976430976
22.524916445021
22.2789514683922
22.7753475169817
23.1902261439683
23.4277377256889
23.5551507961647
23.5716114806603
23.5925097214052
23.8598241096882
23.9330386308749
23.982107732376
23.9591884449271
24.1642378740114
24.0723954427299
23.7480117099316
23.832548395855
23.7316139191819
23.9570947202236
24.0221755651756
24.018562343193
23.9639488832241
24.1539310828544
24.2031151686099
24.2914917869587
24.3605103096671
999.99
999.99
999.99
999.99
999.99
999.99
999.99
999.99
999.99
999.99
999.99
21.9528148609037
21.3161663491755
21.0695537767722
20.86689838713
20.8178317540093
20.9506927850907
21.1319756530642
21.3520247741862
21.5990570004998
21.8440258263565
22.0645197737065
22.2644268174159
22.4014636662695
22.4909778128415
22.6074436482281
22.7568202600714
22.9181602457279
23.0935463822683
23.289896908145
23.4479853552964
23.5839211218192
23.695163015454
23.7935827153942
23.8939758808728
23.9910145951313
24.0383112893541
24.0531975547679
24.0566099238022
24.0310143716535
24.0108948375797
24.0203906548679
24.0467478377443
24.0693749738554
24.1194055452484
24.1669931914586
24.2163499311268
24.2754628457785
24.3488649222231
24.417193472383
999.99
999.99
999.99
999.99
999.99
999.99
999.99
999.99
999.99
999.99
999.99
21.8711712370092
21.3817893811853
21.1694777047944
21.0170800501005
21.0302080163158
21.1770655898839
21.3789929782564
21.6165741955798
21.8635381292266
22.0845609137923
22.276976889216
22.4320256830995
22.5377833458554
22.6118957092009
22.7070788831337
22.8240938140429
22.9647060964917
23.1189329908248
23.2881191522191
23.4335305959948
23.566580962489
23.6853709080156
23.7992907348139
23.9059855857208
24.0062470638075
24.0737095399725
24.1094357701468
24.1258962529332
24.1253527721683
24.1248594128389
24.1358803058828
24.1616276383989
24.1852145399949
24.2206675109777
24.2493836760758
24.2833048317775
24.3242476005262
24.3760525457743
24.4325650983745
999.99
999.99
999.99
999.99
999.99
999.99
999.99
999.99
999.99
999.99
999.99
21.8288672438672
21.4201592317762
21.2485382739236
21.1625121689797
21.2311263488403
21.3827465720272
21.6015653847933
21.8490148313358
22.0796760903047
22.2810211318883
22.4438197899835
22.5684968029483
22.657418545173
22.7304720810012
22.8099734080718
22.9044567262993
23.016022446341
23.1460369064744
23.2849285223605
23.4228890266944
23.5564259241481
23.6836647608469
23.8121159564599
23.9336798217382
24.0368728305186
24.116269123172
24.1755149175525
24.2089809298373
24.2257008305038
24.2418469601031
24.263931973607
24.2870823459309
24.3122097268876
24.3353789035562
24.3568939475632
24.3819502882175
24.4111541189818
24.4429490459719
24.487806722696
999.99
999.99
999.99
999.99
999.99
999.99
999.99
999.99
999.99
999.99
999.99
21.6728242303573
21.4273789045363
21.3150047111245
21.2938915469813
21.3969991996246
21.5728849721854
21.8001976817573
22.0400228293179
22.2602294884548
22.4449316750797
22.5899316647879
22.6983106247033
22.7697516512059
22.8232970507611
22.8840240021975
22.9591690899947
23.0495823872292
23.1597368846266
23.2850478169235
23.4184580787601
23.5540917210036
23.6894484671101
23.8313061306384
23.9672938354455
24.0832290217952
24.1738837927776
24.2441952359835
24.2894573378584
24.3184779073777
24.3466712991055
24.3796530068389
24.4105101761293
24.4386143580434
24.4607587675045
24.4779027737377
24.4948511759037
24.514189258257
24.533409224896
24.5638001824007
999.99
999.99
999.99
999.99
999.99
999.99
999.99
999.99
999.99
999.99
999.99
21.5691816044969
21.445077019292
21.3875695952054
21.4252112674862
21.556843487285
21.7472207306635
21.9714218591892
22.1954339467869
22.4000050111026
22.5679763368197
22.6989361111993
22.7962426840524
22.8560101929841
22.8965751533198
22.9423682028984
23.0009853725696
23.0743530033717
23.1686528870279
23.2831888869568
23.4149440058605
23.5554372913043
23.7005199934356
23.8562398828933
24.0063007695927
24.1342474123857
24.2352800891007
24.3151598279433
24.3703239626918
24.4104695811059
24.4495592444491
24.4920568806727
24.530433242499
24.5633384453354
24.5875817839976
24.6040652864963
24.6177490278823
24.6316425813938
24.6419142216497
24.6599375809182
999.99
999.99
999.99
999.99
999.99
999.99
999.99
999.99
999.99
999.99
999.99
21.3455260268187
21.4734130259602
21.4681934921138
21.5577593729382
21.7095976265367
21.9043297568806
22.1167404782998
22.3199936078056
22.5059946485044
22.659280597617
22.7802561958347
22.870229732502
22.9232610495897
22.9560492116824
22.9895885189287
23.0337379359637
23.0933119569464
23.1750934286606
23.2809927190645
23.4122813175613
23.558336418569
23.7127344093938
23.8807897622239
24.0436466719665
24.1828230816713
24.294026314069
24.3835031749378
24.4482680869499
24.4986730530897
24.547854725416
24.5982458749271
24.6430645709198
24.6807891426338
24.7082674936753
24.7255433611017
24.7388977371694
24.7501706010788
24.7547583831171
24.7638159762786
999.99
999.99
999.99
999.99
999.99
999.99
999.99
999.99
999.99
999.99
999.99
21.3342544810977
21.4909785218796
21.5434372964689
21.6794160555224
21.8434937763663
22.0348256113
22.2305955448126
22.4130581959518
22.5808853110092
22.7229151153022
22.8380015535037
22.923840577317
22.973426624511
23.0015740985356
23.0249847702374
23.056616514481
23.105653398076
23.1792072585138
23.2796184466842
23.4115600057387
23.5632045072809
23.7257464050957
23.9029098892326
24.0758482649823
24.2249637133735
24.3460980714533
24.4454087693234
24.5203063121646
24.5807169786512
24.6388649597772
24.6954026132062
24.7449809160182
24.7868058233771
24.8176397182461
24.8365632685435
24.851231410313
24.8617761333524
24.8627177634865
24.8650558528764
999.99
999.99
999.99
999.99
999.99
999.99
999.99
999.99
999.99
999.99
999.99
21.371369091613
21.517945696672
21.6179789448833
21.7880241902163
21.958610029493
22.1419792300684
22.3190929779172
22.4824497867425
22.6327617126044
22.7642181471628
22.8732084990022
22.9546340767692
23.0013065877179
23.0275918317147
23.0456859203393
23.0711027251529
23.1159626233501
23.1876830160194
23.2867362116705
23.4194748110528
23.574286487618
23.7417869859083
23.9234236346699
24.1024690701297
24.2599543020832
24.3907364565336
24.5001474134261
24.5853188011233
24.6549901194232
24.7199260105284
24.7803163361002
24.8319695950721
24.8760017691894
24.9092155491151
24.9296261867126
24.9457379258319
24.9562682652073
24.9553263376754
24.9533122560365
999.99
999.99
999.99
999.99
999.99
999.99
999.99
999.99
999.99
999.99
999.99
21.2152644362993
21.56094850085
21.6983964197906
21.8816924335486
22.0514765967595
22.2215593498061
22.378468519791
22.5238450125481
22.6576199192808
22.780063583212
22.8852788546044
22.9653148272738
23.0144444563261
23.0458949240127
23.0668841898094
23.0937432817395
23.1399988609275
23.2124052310695
23.3105473112799
23.4406458033437
23.5929153994503
23.7595691447511
23.9403601776583
24.1207236622271
24.2841263464444
24.4237250072007
24.5430846851081
24.638156480051
24.7163626328674
24.7869543046065
24.8500533817335
24.9024780433102
24.9478642764006
24.9824845857729
25.0036306224861
25.0206477094242
25.0311914390742
25.0292397625868
25.0255144135578
999.99
999.99
999.99
999.99
999.99
999.99
999.99
999.99
999.99
999.99
999.99
21.2872016962629
21.6001531467821
21.768372146145
21.9590562383667
22.1211803552072
22.2750101832647
22.4131340813975
22.543077947287
22.6633127429685
22.7800738920514
22.8852249066272
22.9679742834574
23.024710804204
23.0663001058331
23.0955912174034
23.1291076204058
23.179858873107
23.2534085483233
23.3496963194402
23.4738980376724
23.6178881915239
23.778007513711
23.9533002065909
24.1308377902565
24.2968866024539
24.4436668037765
24.5716419660789
24.6751818894509
24.761118726835
24.8373970460338
24.903651963982
24.9576957560023
25.0053791436148
25.0416508777635
25.0636488018732
25.0812631375045
25.0916777172076
25.0891607258195
25.0855503658539
999.99
999.99
999.99
999.99
999.99
999.99
999.99
999.99
999.99
999.99
999.99
21.4315317460317
21.6439481593746
21.826548490545
22.0193898079157
22.1689951226499
22.3046640754036
22.4245890263327
22.5405033156793
22.6492951187202
22.7628152775203
22.8714272801634
22.9615173489964
23.0307379298109
23.0874279667218
23.1307112559485
23.1763488784244
23.2357645270036
23.3125489495263
23.4074327043379
23.5245935220558
23.6571520650441
23.8065482004877
23.972130677053
24.1422753737375
24.305802084891
24.4552980604936
24.5878906016735
24.6969339126809
24.7894844336183
24.8717832377644
24.9424975800289
24.9999803338884
25.0512081236004
25.0896912847024
25.1130796818779
25.1313040131514
25.1415979995467
25.1392247005685
25.1369748240134
999.99
999.99
999.99
999.99
999.99
999.99
999.99
999.99
999.99
999.99
999.99
21.4316311658863
21.721705161145
21.8926637939286
22.0737924284673
22.2067175284515
22.3223382271086
22.423609986493
22.5250615406681
22.6234037792248
22.7348255059233
22.8488728134148
22.9501660559477
23.0366676786865
23.1139644394417
23.1778136740617
23.2416467442626
23.313426258005
23.3946546944937
23.4871793236065
23.5952010433961
23.7132694874207
23.848322401167
24.0003448049758
24.1592776580043
24.3150523809256
24.4617736915706
24.5942247662142
24.7058413555487
24.8037795520613
24.8925634358846
24.9698271043377
25.0333973161246
25.0897329938831
25.1312792251936
25.1572589396091
25.1767025008974
25.1871030537887
25.1859482871088
25.1865195167189
999.99
999.99
999.99
999.99
999.99
999.99
999.99
999.99
999.99
999.99
999.99
21.4822758596417
21.8047660278816
21.9597229843804
22.1277732686886
22.2404863234916
22.3348407823892
22.4175077963827
22.5043096495682
22.593583479009
22.7049292410469
22.8276091502126
22.9443522226899
23.0526800190899
23.1543688051168
23.2423321486266
23.3262187230419
23.4111478298181
23.4963269888356
23.585015242665
23.6826863569638
23.7854195353858
23.9042277381566
24.0407074448591
24.1860120486053
24.3289935052192
24.4674015238348
24.5949283606723
24.7057696625476
24.8071285120634
24.9027459860699
24.987702705023
25.0589455437743
25.1210468390189
25.1660895298943
25.1953494634708
25.2169441846153
25.2284399392213
25.2297017396864
25.2339785732856
999.99
999.99
999.99
999.99
999.99
999.99
999.99
999.99
999.99
999.99
999.99
21.6066379398766
21.8985939626028
22.0379789467615
22.1815987046077
22.2740829934997
22.3494652526095
22.4166539900606
22.4914280244357
22.5744365568895
22.6875518675057
22.8192026955746
22.9512741180606
23.0809860670697
23.206225079629
23.317626069205
23.4209815615893
23.5192386561956
23.6089060358423
23.6938238571462
23.7817336747154
23.8705547600088
23.972837054355
24.0929916669611
24.223760176438
24.3511762476883
24.4774170740215
24.596781803627
24.7043400288708
24.8068016985252
24.9083144260193
25.0007606618155
25.0793896994624
25.1461782731042
25.1944342823116
25.2268671739113
25.2507508138589
25.2646940364788
25.2698779872502
25.2778044045648
999.99
999.99
999.99
999.99
999.99
999.99
999.99
999.99
999.99
999.99
999.99
21.6859198229181
22.006861714809
22.1233600785897
22.2395110574653
22.3151466069519
22.3755446960376
22.4312238045465
22.4966512035467
22.5752352853839
22.6891088172994
22.8272413646274
22.9711403398963
23.1186796540104
23.2644113592556
23.3976954296333
23.5189932019923
23.6304453283689
23.7257581534696
23.8082744480238
23.8874985911343
23.9645170114609
24.0508140407968
24.1541332802815
24.2690363962889
24.3798526663706
24.4921398098017
24.6022504449849
24.7058550311081
24.8086269061255
24.9146974760791
25.0133535777833
25.0976723738848
25.1669658901506
25.2167468952944
25.2509753726924
25.2760482214765
25.2923709508304
25.3013993380112
25.3120171863365
999.99
999.99
999.99
999.99
999.99
999.99
999.99
999.99
999.99
999.99
999.99
22.1177005772006
22.1161022529407
22.2141250860055
22.3093553675341
22.3719540334195
22.4222030672067
22.4706612559346
22.5289953699506
22.6042951353126
22.7162664313221
22.8558774731952
23.0055028145331
23.1648734308861
23.3254584846557
23.4769111772498
23.6127618441307
23.7352552956868
23.8351159935626
23.9151492675185
23.9853436055453
24.0513778798868
24.1222039939769
24.2095484889162
24.3094175161729
24.4063084013426
24.5071444697396
24.6106230210414
24.7118179279206
24.8149782210479
24.9237510265983
25.0258698540265
25.1128327980637
25.1821833781923
25.2319832644802
25.2667989807718
25.2926946383994
25.3117219606304
25.3246403702111
25.337214471263
999.99
999.99
999.99
999.99
999.99
999.99
999.99
999.99
999.99
999.99
999.99
22.2398984720274
22.2154033946098
22.3060314194877
22.3851775923697
22.4388706537779
22.4843405172388
22.5303965298044
22.5850204275253
22.658637762792
22.766996770302
22.9043687938499
23.054351601918
23.2191405637366
23.3875699182447
23.551393958343
23.6966946640267
23.8269420889646
23.9298360975087
24.008410332609
24.0705152429381
24.1270721707066
24.1833717099517
24.2565423980666
24.3425777629623
24.4288047320874
24.5217121916681
24.6222509443451
24.7225457929834
24.8261300178584
24.9356972999616
25.0375499828
25.1230883656502
25.1895647989757
25.2374908524864
25.2708094022931
25.2972116929628
25.319293478517
25.3361891342508
25.3504727127053
999.99
999.99
999.99
999.99
999.99
999.99
999.99
999.99
999.99
999.99
999.99
22.2141379449045
22.3208252663861
22.401595210635
22.4624229471339
22.5105416228789
22.5551345815547
22.6034294801394
22.6581744012349
22.7321195595457
22.8358777487971
22.9681060673609
23.1140306287953
23.2786626363144
23.448902284344
23.6191521702708
23.7693359274551
23.9034148616519
24.0074135819224
24.0849343311355
24.1400696708234
24.1879183663146
24.2310774898291
24.2911847098374
24.3643275286852
24.443446494567
24.5327320445738
24.6341172103661
24.735607537356
24.840371592668
24.9493935349902
25.0488517200758
25.1311621382526
25.1946825489526
25.2411339513844
25.2726326508302
25.2987355501938
25.3225822837769
25.3416766664139
25.3560057402725
999.99
999.99
999.99
999.99
999.99
999.99
999.99
999.99
999.99
999.99
999.99
22.2885276533378
22.4308479001141
22.4937797743796
22.5475757071616
22.5923792942828
22.6371923167685
22.6877852226087
22.7426399178069
22.8152840827388
22.9113354172299
23.0354238017661
23.1748023107719
23.3355477112388
23.5040788703374
23.6773005832206
23.8293392633124
23.9636370186243
24.0668669659408
24.1436542081254
24.1937622757832
24.234704087465
24.2682665987702
24.3179719830527
24.3794937533879
24.4530825753322
24.5409786896608
24.6446483798838
24.748479231445
24.8557040554126
24.9643650715256
25.0607321820213
25.1398883207479
25.2016750079645
25.2476220650453
25.277668357611
25.3035763961795
25.3270918006533
25.3458438263598
25.3583289699544
999.99
999.99
999.99
999.99
999.99
999.99
999.99
999.99
999.99
999.99
999.99
22.4587779537536
22.546647955162
22.5968738104536
22.6405783738523
22.6829165175807
22.7271825877491
22.7776810323967
22.83117210713
22.8998134126384
22.9863247996031
23.1000237485698
23.2317139253011
23.3858988115407
23.5500590848374
23.7231243145844
23.8754551976939
24.0080474698939
24.1102911002911
24.1874629242456
24.2353606355924
24.2722295726323
24.3004846823637
24.3427752181325
24.3947767061757
24.4631013041757
24.5496964012288
24.6551563729802
24.7614135364396
24.8715414610562
24.9808426752999
25.0744023203034
25.1507625718355
25.2117690418048
25.2579948491425
25.2874876217385
25.3141336614621
25.3367960512039
25.3541446132002
25.3645911675427
999.99
999.99
999.99
999.99
999.99
999.99
999.99
999.99
999.99
999.99
999.99
22.6684739002771
22.6521853152424
22.6956168127252
22.7307714970015
22.7724558146576
22.8157997217022
22.8656400452187
22.9177725628074
22.9812537011355
23.0581753773662
23.1608648662541
23.2841317385315
23.4299725496357
23.5881238175349
23.758564965853
23.9111747965254
24.04249300883
24.1453551969565
24.2249659728903
24.2740560638554
24.3097614228524
24.3359671273974
24.3726768769681
24.4163910189709
24.4783307019959
24.5616265897441
24.6665659833564
24.7742466640495
24.8869474946579
24.9980250951687
25.0908317769244
25.1664293512862
25.2285515528378
25.2758798480789
25.3057402841771
25.332376123242
25.3529002434285
25.3670701312659
25.3753028104332
999.99
999.99
999.99
999.99
999.99
999.99
999.99
999.99
999.99
999.99
999.99
22.9232939926895
22.7504317762728
22.7900851272466
22.8166194978167
22.860320786776
22.9031190674101
22.9517047583397
23.0011761287057
23.0572611521031
23.1237248912151
23.2144079149993
23.3281068826094
23.4651884699378
23.6177829003893
23.7845213971686
23.9380484550097
24.0698127286443
24.1746829028054
24.257037297618
24.3095407289715
24.3462833389894
24.3726978522749
24.4056957093242
24.443483739584
24.4991518640193
24.5779557039651
24.6806725034798
24.788808389355
24.9030116965507
25.0158312912017
25.1094051560959
25.185397579985
25.249851259632
25.2994768848062
25.3313422676769
25.3574835517665
25.3754580543621
25.3851196662721
25.3900855868551
999.99
999.99
999.99
999.99
999.99
999.99
999.99
999.99
999.99
999.99
999.99
22.8703172365768
22.8256027699219
22.8717086704282
22.8975256514466
22.9462115616721
22.9893099837881
23.0348510179103
23.0790839762563
23.1253994591905
23.1805838642875
23.2583838438193
23.3621193654508
23.4905583944787
23.6379087140849
23.8002386710979
23.9550670544878
24.0882350896226
24.1955112853922
24.2801451197959
24.3367256077188
24.375744326953
24.403836782692
24.4354407622333
24.4702250306
24.5208852471796
24.5951164882017
24.6954149299962
24.8045265457106
24.9207537733358
25.0358177809541
25.1310490711636
25.2070618467871
25.2719442817624
25.3219213007808
25.3554539225204
25.3812138083486
25.3975453245124
25.4031724787574
25.4052908674762
999.99
999.99
999.99
999.99
999.99
999.99
999.99
999.99
999.99
999.99
999.99
22.9580441196434
22.878455562738
22.9314550450367
22.9637590387914
23.018728955871
23.0630251559792
23.1064953380414
23.1461398454658
23.1847373240029
23.2314273649386
23.2989003644086
23.3935900081271
23.5132689642548
23.6539027435168
23.8089828013455
23.9624894709846
24.0957755383683
24.2051009528797
24.2909214388665
24.3512385926228
24.3928196954325
24.4226378192156
24.4535923974599
24.4882992576034
24.5368953549941
24.608525924734
24.7083218024184
24.8201466451393
24.9389249331919
25.0562307724063
25.1529971225901
25.2280880064196
25.2909614954
25.3389027911181
25.3728432534551
25.3982498478061
25.4140942814748
25.4174837288096
25.4181886290923
999.99
999.99
999.99
999.99
999.99
999.99
999.99
999.99
999.99
999.99
999.99
22.93773884942
22.9070086206629
22.9688645712958
23.0145686166218
23.0747134303768
23.1201530791546
23.1626407218426
23.1990780890732
23.2336799963384
23.2762917008331
23.3386037969541
23.4269396272089
23.5394948341152
23.6729184226777
23.8176243615206
23.964850344987
24.0949960745735
24.2034623278037
24.2882279396453
24.3519981851326
24.3968639516117
24.4286713988466
24.460410585687
24.497837762371
24.5474639058781
24.6183969392977
24.7187609030018
24.833513324731
24.9536070117119
25.0712139063695
25.1689983630377
25.2435112623417
25.3039230811718
25.3498880391625
25.3839938471907
25.408746601807
25.4240142409514
25.4258588329152
25.4246182863056
999.99
999.99
999.99
999.99
999.99
999.99
999.99
999.99
999.99
999.99
999.99
22.9033397036568
22.9256543844887
22.9978836998249
23.0508128380336
23.1130912726334
23.1585572055407
23.2000976567359
23.2347033354095
23.2687322849293
23.3120285966806
23.3750533517917
23.4608797787854
23.5687085127311
23.6946739494296
23.8264282988491
23.9619456319894
24.0845703456506
24.1883776076303
24.2702894361072
24.3376800422945
24.3875622956976
24.4235436485633
24.4594267909129
24.5029022730105
24.5567752419003
24.6293630935591
24.7312074825735
24.8482806117334
24.9680499555716
25.0832253799505
25.1796540031837
25.2522650098476
25.3084253381333
25.3518202686725
25.3854614610535
25.410120865471
25.4248251277078
25.42627742339
25.4222366062657
999.99
999.99
999.99
999.99
999.99
999.99
999.99
999.99
999.99
999.99
999.99
22.8862888818499
22.9447492411636
23.0175779245396
23.0738273587912
23.1341023804891
23.1776826992782
23.2185176819303
23.2540814164314
23.2924317310111
23.3422748755637
23.4116563925004
23.4987164992255
23.6017949264177
23.7176996077811
23.8329708745192
23.9514643806333
24.0615373517448
24.1587308381294
24.2384175157837
24.3107375203209
24.3681796611786
24.4121370761191
24.4553845118274
24.5068512120817
24.5672485807027
24.6429463802773
24.7452572134513
24.8627852379297
24.9810026169993
25.0913670910331
25.1841294384469
25.2546333069899
25.3061059252046
25.3456512734473
25.3778183730693
25.4028717735175
25.4167337563014
25.4187852279557
25.413212663172
999.99
999.99
999.99
999.99
999.99
999.99
999.99
999.99
999.99
999.99
999.99
22.8841903127844
22.967601994824
23.0334554000546
23.0876779351437
23.1434655213827
23.1850575412489
23.2270083114108
23.2672010128013
23.3137996119214
23.3736282547687
23.4511951506048
23.5389608851347
23.633830306814
23.7354588659021
23.8307315450627
23.9286463177171
24.024586139525
24.1164454915158
24.1971499680743
24.2783538169644
24.348066547935
24.4053608547033
24.4599516364334
24.5216445763948
24.5895240425372
24.668081488735
24.767254017558
24.8802674820694
24.9923621771027
25.0939675916732
25.1799057863171
25.2479660183813
25.2960922883938
25.3330252531836
25.3638924647155
25.3896187578147
25.402926653149
25.4063610638511
25.4005917893131
999.99
999.99
999.99
999.99
999.99
999.99
999.99
999.99
999.99
999.99
999.99
22.95799991704
22.9823057931349
23.047945834979
23.0997012227575
23.1495572384633
23.1896427590724
23.2337688613857
23.2803593103734
23.3364106998788
23.4066103506611
23.490349072491
23.5750633061204
23.6575926655384
23.741189624524
23.8148443511833
23.8923452280415
23.9767308691897
24.0665348911756
24.1534404295499
24.2481720989487
24.3350033499354
24.4101025847484
24.4799288525058
24.5530193789657
24.6277945884087
24.7070061095763
24.7988476636362
24.9015056362557
25.0025122311269
25.092063888365
25.1698644270279
25.2352027207077
25.2821147935918
25.3184715849291
25.3491118754534
25.3746223398491
25.3869010518069
25.3903873942974
25.3839754096974
999.99
999.99
999.99
999.99
999.99
999.99
999.99
999.99
999.99
999.99
999.99
23.0021924697447
22.9941102635594
23.058174526728
23.107519559311
23.1527961648461
23.1937591700298
23.2416565040215
23.2951936039955
23.3593315817367
23.4363577078634
23.5199862974205
23.5962170689312
23.6623538553667
23.7254121436579
23.7790419832679
23.8406345182557
23.9181677292359
24.0111748166812
24.1104487584134
24.2224236962812
24.3295014010515
24.4253273607795
24.5124728555105
24.5966997979208
24.6773582804022
24.7557873664081
24.8382223439706
24.9270308536502
25.0144508713791
25.0904404252312
25.1585296128325
25.2192501172106
25.264685832937
25.3003760395044
25.3311936047316
25.3563151070419
25.3681773721834
25.3718275389756
25.3650892482241
999.99
999.99
999.99
999.99
999.99
999.99
999.99
999.99
999.99
999.99
999.99
22.9595432900433
23.0084149757734
23.0639560564398
23.1128895919445
23.1555206947342
23.1997565290042
23.2526849762047
23.3134413413369
23.3838452222388
23.4626190467981
23.5388771760218
23.6007190326998
23.6458208337745
23.685994388251
23.7214170761442
23.7717897919627
23.8474202966077
23.9494603533971
24.0668787004201
24.1997857227868
24.3298053691874
24.4484636121505
24.5538474466003
24.6489730800243
24.734476856113
24.810490297374
24.8812961504223
24.9530442203893
25.023893623726
25.0846100850998
25.1416918924097
25.1965277220971
25.2409188244402
25.2766833350098
25.3091593249703
25.3349640668733
25.3485906225048
25.3536042384311
25.3480665950383
999.99
999.99
999.99
999.99
999.99
999.99
999.99
999.99
999.99
999.99
999.99
22.9398372651352
23.0165157714784
23.0673935319873
23.1163298528859
23.1601250598607
23.2108401925977
23.2699018818394
23.33706625552
23.4097466224204
23.4827809337006
23.543479598829
23.5847190822875
23.6057429328196
23.6229001792503
23.6433498794595
23.6879273042574
23.7672206528917
23.8825175286876
24.0217325290086
24.178033162156
24.3322863068178
24.4738281447288
24.5973857834699
24.7033672140344
24.7928315542119
24.8655832403042
24.9252608238097
24.9798126894481
25.0326804065285
25.0778894277205
25.1241592529917
25.1719295463172
25.2148879795184
25.2519559618387
25.2875544019428
25.3145269197523
25.3315562823571
25.3388374962211
25.3340057645231
999.99
999.99
999.99
999.99
999.99
999.99
999.99
999.99
999.99
999.99
999.99
22.889162893243
23.0150780435591
23.0649257634971
23.1152306153335
23.1625026606558
23.2215419158751
23.2872256415345
23.3594163466107
23.4302727254361
23.4917287933573
23.5324260719823
23.5508335986481
23.5487593358353
23.5457552147871
23.5555802896857
23.5983356550695
23.6843223956251
23.8137058460535
23.9750126453106
24.154159172257
24.332005358644
24.494429482801
24.6350779450234
24.7517850444635
24.8459488692296
24.9165267737938
24.9684588561241
25.0086591460046
25.0449470786379
25.0754160919751
25.1108355959429
25.1503812740335
25.1908392524269
25.2286052245151
25.2677578576169
25.2966754075057
25.3174474149207
25.3273229519216
25.322932980597
999.99
999.99
999.99
999.99
999.99
999.99
999.99
999.99
999.99
999.99
999.99
22.9791293949952
23.0069986923933
23.056902954972
23.1089928665603
23.1610542141385
23.2288108830105
23.300909322127
23.3758732772923
23.4411351973171
23.4871359125199
23.5055492153143
23.5016817663092
23.4798594907526
23.4612519074796
23.4644009229883
23.5079897478528
23.6008096002473
23.7429931708771
23.9240162176645
24.1239765972108
24.3231682327795
24.5042153264084
24.6598010400444
24.7868336413836
24.8871840673062
24.9588533421638
25.0073247359354
25.037991880574
25.0614875837191
25.0783027912037
25.1020888819353
25.1332449627629
25.1707666930279
25.2083337293171
25.2514206085606
25.2839594494376
25.3090213005071
25.3220430895841
25.3188011617543
999.99
999.99
999.99
999.99
999.99
999.99
999.99
999.99
999.99
999.99
999.99
22.9986710692935
23.0043656450027
23.048420602665
23.1019064107882
23.1599405691129
23.2358950245237
23.3131458058194
23.3887577056016
23.4453904500869
23.4740621971081
23.4703073228442
23.4450391143328
23.4056537735342
23.3747497736201
23.3727926568621
23.4166511594858
23.5148189267178
23.6666918130782
23.8623780518227
24.079285850388
24.2969476744058
24.4946354421789
24.6644451656171
24.8035449870561
24.9134116822382
24.9903075098775
25.0392102663601
25.0642763265444
25.0783091076526
25.0829815614139
25.0960794100123
25.1213089937113
25.1583344146217
25.1961066368388
25.2431163684455
25.2799421132465
25.3083803066484
25.3235146599919
25.3222844420429
999.99
999.99
999.99
999.99
999.99
999.99
999.99
999.99
999.99
999.99
999.99
22.9393570774947
22.9996779846891
23.0398480491865
23.09290332457
23.159470812632
23.2436259377458
23.3247340777288
23.3976577342241
23.4426155832497
23.4530573080459
23.4290492994372
23.3856635054689
23.3336713736923
23.2957504228632
23.2911275295401
23.334495560674
23.4348870362543
23.590915685286
23.7934625100816
24.0205273863937
24.2515034841348
24.4619786321576
24.6437367236609
24.7945595383526
24.915300003322
24.9997867973019
25.0529124605007
25.0776466118072
25.088324817624
25.0866389609263
25.0942050333467
25.1186783726246
25.1584891915626
25.1974117861389
25.2465093265452
25.2856241058057
25.3137633771457
25.3279196373836
25.3271917901179
999.99
999.99
999.99
999.99
999.99
999.99
999.99
999.99
999.99
999.99
999.99
22.9440290808964
22.9756706086237
23.0232170781277
23.0815518518995
23.1572423928512
23.2479644012139
23.3307592906871
23.3979726121795
23.4302481707951
23.4242113995469
23.3844620403356
23.3286781730814
23.2705051563074
23.2304171742037
23.2252444826728
23.266692130492
23.3647429818645
23.5178573303026
23.7188013953651
23.9482351176723
24.1866349570642
24.4066635957108
24.5992072791402
24.7613851397632
24.8934831710626
24.9871472220072
25.0462573042789
25.0739234128588
25.0867311566428
25.0849080437387
25.09138289768
25.119722149988
25.1651878661092
25.2055297371016
25.2543448222975
25.2944718264364
25.3196024100533
25.3306039030661
25.3299645497573
999.99
999.99
999.99
999.99
999.99
999.99
999.99
999.99
999.99
999.99
999.99
22.9630323468634
22.9387444946704
22.9992194362374
23.0701980033723
23.1543634157271
23.2476921775786
23.3275041966725
23.3843732154651
23.4031770703419
23.3832133407252
23.3325064826673
23.2701707607392
23.211600003541
23.173437827653
23.1692207996462
23.2083440084055
23.300736474211
23.4460203179926
23.6388810232338
23.8643118377447
24.104308020068
24.3309717747269
24.5325860302011
24.7048312713434
24.8470341625954
24.9493280789519
25.0143372851839
25.0472801908097
25.0667983683338
25.0709351714043
25.0826367066184
25.1193798762473
25.1723671574864
25.2147931356986
25.2618906156359
25.3010568297296
25.3218194875357
25.3292000305753
25.3285511703665
999.99
999.99
999.99
999.99
999.99
999.99
999.99
999.99
999.99
999.99
999.99
22.9097842712843
22.8895757436992
22.9640830757945
23.0471373447726
23.1400897745735
23.2344283646151
23.3082649556306
23.3529433883957
23.3583930339966
23.3267720647202
23.2699209029013
23.2066463694232
23.1521206970227
23.1193025596847
23.1182601433321
23.1551463982691
23.2398090546101
23.3734548397483
23.5530472485709
23.7686209808334
24.0052795377323
24.2363204465878
24.4474097950247
24.6305467704371
24.7827309569153
24.8927649149471
24.9628733715845
25.0010442394941
25.0279414435908
25.0411529378606
25.0617788149006
25.1083582315923
25.1678910670809
25.2126478822923
25.2572440393111
25.2946038975573
25.3116125188448
25.3174678782755
25.3180072474693
999.99
999.99
999.99
999.99
999.99
999.99
999.99
999.99
999.99
999.99
999.99
22.7248986178359
22.8081061749983
22.904583075145
23.0021959511545
23.1029869223205
23.1969740172276
23.2641430647809
23.2971100893475
23.2921129535024
23.2531426166103
23.1961351635489
23.1385527774644
23.0937394660158
23.0702056650069
23.0754212785655
23.1118815261101
23.1881036452694
23.3070924165134
23.4693439786178
23.66965834236
23.8972283227092
24.1288371596893
24.3479321884264
24.5413604322605
24.7025863533265
24.8198249938925
24.8950971722782
24.9397439907399
24.9746579689272
24.9987144033052
25.0294400534964
25.0840244729706
25.1462448487708
25.1926243514281
25.2346551041091
25.2703234837017
25.285999002054
25.2933444602084
25.2958996471528
999.99
999.99
999.99
999.99
999.99
999.99
999.99
999.99
999.99
999.99
999.99
22.6204365079365
22.7104788644899
22.8259042554672
22.9388342681221
23.0429064796531
23.1329876507009
23.192480296067
23.2160061293677
23.2046811735174
23.1639703916959
23.1123726997228
23.065367551127
23.0332981421519
23.020488603503
23.0329142773163
23.0701363033909
23.1381907392118
23.2414506740763
23.3845113700739
23.5665312560895
23.7810779146359
24.0106692003795
24.2370396019187
24.4419986674133
24.6143304124785
24.7417658228088
24.8243534279496
24.8766184151248
24.918648335906
24.9513032731195
24.988103852618
25.0450923899825
25.1057192332419
25.152340972222
25.1933643534858
25.2302056667203
25.249480266826
25.2619935371042
25.2684172800539
999.99
999.99
999.99
999.99
999.99
999.99
999.99
999.99
999.99
999.99
999.99
22.4373571428571
22.6153084668983
22.7401734146134
22.8597621827178
22.9614021699658
23.0448085206751
23.0963972511657
23.1134238765273
23.0998999717098
23.0630310987358
23.0211479948246
22.9876173482266
22.9687899683545
22.9669425756875
22.9861092067823
23.0245795308036
23.0858780810916
23.1755516375891
23.300425571447
23.4638944622451
23.6632580386
23.8877227249257
24.118597925159
24.3352061382365
24.520953337955
24.6621562339171
24.7554420049575
24.8173790454068
24.8652095302291
24.9025986328753
24.9420994842669
24.9975359791913
25.0538289103868
25.1003924158043
25.1428729067064
25.1822013944093
25.2076530864376
25.2272294893907
25.2387188521579
999.99
999.99
999.99
999.99
999.99
999.99
999.99
999.99
999.99
999.99
999.99
22.2962896159203
22.53305031104
22.6543626629916
22.7651220520989
22.8599684019703
22.936413180998
22.9829510032544
22.999211174327
22.9892543718144
22.9613449131246
22.9323983559477
22.9136916853057
22.9074762152107
22.9156217384316
22.9410760005993
22.9808850738076
23.0367934589566
23.1147313195147
23.2222731175703
23.3659619916852
23.5471270594795
23.7617096817694
23.9928583002737
24.2199124180072
24.4209787048397
24.5805004016404
24.6893010807099
24.7636040663787
24.8168345913463
24.856168285416
24.8943613576495
24.9451118597543
24.9963896013032
25.0437610211476
25.0901773788846
25.1340303032958
25.1672930741321
25.1939719774738
25.2101562272427
999.99
999.99
999.99
999.99
999.99
999.99
999.99
999.99
999.99
999.99
999.99
22.3216466808453
22.4654518391682
22.5728610467482
22.673405193502
22.7579700854237
22.8260795566295
22.8689051232082
22.8877439548295
22.885105938328
22.8695337189704
22.8552462096472
22.8515734111233
22.8567524989051
22.8732701185339
22.9034298247596
22.9438816341507
22.9951249319691
23.0630251175984
23.1541159508971
23.2771636156823
23.4373476332289
23.6368533342504
23.8618219108691
24.095296238658
24.3115186378281
24.492217318306
24.620487724491
24.7105746473328
24.7709906499755
24.8119949237509
24.8474979146742
24.8934806612748
24.9416918742252
24.9916829766723
25.0439589763465
25.09380784093
25.1352039817602
25.167570767113
25.1868212296531
999.99
999.99
999.99
999.99
999.99
999.99
999.99
999.99
999.99
999.99
999.99
22.4023585003846
22.3915638342221
22.4645150023252
22.5291085345266
22.5932882144987
22.6475091073161
22.6869163983636
22.7144321470326
22.7274181043808
22.7331740379659
22.7433514851719
22.7627030779459
22.7851836613649
22.8150731071404
22.8541964242753
22.8992158098
22.9521701539865
23.0186855350706
23.1020607739744
23.2115959982007
23.354543750526
23.5371102508409
23.7493748751172
23.9802804439309
24.2026208723157
24.3962613637205
24.5376504575618
24.6372189254818
24.7002488172785
24.7394185707991
24.7698755010587
24.8107117522905
24.8579682473274
24.9112873614512
24.9700731930206
25.0273552414565
25.0773857524024
25.1159461006883
25.1403247323998
999.99
999.99
999.99
999.99
999.99
999.99
999.99
999.99
999.99
999.99
999.99
22.3104309395599
22.3047174312121
22.3275262150397
22.3406668917373
22.3791581645545
22.4182114738371
22.4562481611241
22.4984217619004
22.5345232398825
22.5684656130215
22.6100283216891
22.6576338136245
22.7004784683899
22.7461804030978
22.7971493793445
22.8502264354593
22.9111968827696
22.9857638042734
23.0718533249455
23.1763350378019
23.3070718497455
23.4720696361846
23.6663508035148
23.885236234322
24.1028263127978
24.2983732295137
24.4444718306315
24.5462960080352
24.6074461052268
24.6421524955934
24.6675215082714
24.7039067257409
24.7509260697876
24.8066662614987
24.8704017492824
24.9332416138662
24.9900466630546
25.0346982149928
25.0666753622088
999.99
999.99
999.99
999.99
999.99
999.99
999.99
999.99
999.99
999.99
999.99
22.3947906265241
22.1712905701783
22.1411034172393
22.1077649845768
22.119304780516
22.1442004331498
22.1859067535819
22.2497668060542
22.3168962603691
22.3849777212363
22.4636594575964
22.5432986073846
22.6093857900833
22.672996894386
22.7387652428959
22.8038343170735
22.8781743844605
22.9678626253134
23.0647197504053
23.1708273046617
23.2940874000238
23.4423936538305
23.6152666326527
23.8142939626442
24.0168371663313
24.2026420137261
24.3441635687688
24.4410788619455
24.4959607760928
24.524372478508
24.5438757704444
24.5749233321997
24.6209682575682
24.6778129982714
24.744100539529
24.8111712205982
24.8739629200798
24.924677796877
24.9652807763743
999.99
999.99
999.99
999.99
999.99
999.99
999.99
999.99
999.99
999.99
999.99
22.3518575124063
22.0185546351533
21.9206650021556
21.8343383033843
21.8206705866979
21.8351638031619
21.8869840494797
21.9794845776926
22.0835638820888
22.1903910906952
22.3099516133199
22.4242814135702
22.5157986574395
22.5990443520374
22.6807511190391
22.7597958639871
22.8504038230884
22.9597518334699
23.0738857139371
23.1895571641298
23.312874109225
23.449058517395
23.6007495842004
23.774931292871
23.9531214089392
24.1167237489506
24.2424796629698
24.326510535738
24.3704561722458
24.3905045001882
24.4039536357824
24.4293334310686
24.4722308605913
24.5269011729011
24.592006843101
24.6606410859335
24.7276093245352
24.7843621136375
24.8348547064151
999.99
999.99
999.99
999.99
999.99
999.99
999.99
999.99
999.99
999.99
999.99
22.0011087061087
21.8373875496575
21.6684700732575
21.5169314470539
21.4808122513471
21.4908908681586
21.5615349750661
21.6916803573294
21.8407954101587
21.9919998833398
22.1556841224309
22.3059802471773
22.4242900403229
22.528188739876
22.6270266688883
22.722151739938
22.8318980054844
22.9640332053195
23.1004919252857
23.2325882622609
23.3630587277668
23.4926033270404
23.6261769795851
23.7734632879664
23.9200590020557
24.0510401085499
24.1511137368777
24.2142764473713
24.2428290820292
24.2527054543618
24.2601160895526
24.2790041195911
24.3159229609156
24.3635050431603
24.4219132602816
24.4869212153082
24.5541067337587
24.6151635626911
24.6757112698607
999.99
999.99
999.99
999.99
999.99
999.99
999.99
999.99
999.99
999.99
999.99
22.0608087645997
21.6892721318042
21.4794092767958
21.2948549683099
21.2556366583935
21.2772900923206
21.3760589351836
21.5439781958734
21.7321817731494
21.9166413151968
22.1066969163545
22.274563001498
22.4031775650422
22.5123593808843
22.6153232559275
22.7171949208092
22.8361234214908
22.9808658563334
23.1313668563438
23.2747968788894
23.4110596591419
23.5371998499359
23.6588107560302
23.7874550134777
23.9114396523188
24.0180844583496
24.0999102174531
24.1506698578779
24.1713023681085
24.1767109440541
24.1828355407132
24.198228672206
24.2285388311051
24.2669056020755
24.314815058195
24.3701498010924
24.4307591174543
24.4893530456917
24.5525426544912
999.99
999.99
999.99
999.99
999.99
999.99
999.99
999.99
999.99
999.99
999.99
22.0764121369661
21.5678874343408
21.3467828257193
21.1574658527817
21.1320891659881
21.1776448583328
21.3100566736541
21.5118441170812
21.7301634177032
21.9360957660145
22.1371261813449
22.3083935478508
22.4371737458192
22.5426889572386
22.641680957866
22.7439400729391
22.8639489477741
23.0102013943785
23.1641815126503
23.3124088239609
23.4516904367437
23.5764807436797
23.6920621392126
23.8108898455549
23.9213567924139
24.012634555088
24.0835003874886
24.1294564561949
24.1483490297956
24.1545774003261
24.1632454574227
24.1788153645685
24.2041057121619
24.234480110557
24.2719382437322
24.3160820777867
24.3665201694141
24.4179690515455
24.4764412524475
999.99
999.99
999.99
999.99
999.99
999.99
999.99
999.99
999.99
999.99
999.99
22.0509469592222
21.503409494251
21.2827747259313
21.1065017123483
21.1089035906488
21.1865087982047
21.3517596717478
21.5787379910055
21.8142624285463
22.0282474470687
22.2260642656584
22.3892198776281
22.5103966117723
22.6060960659725
22.695510473694
22.7924348641417
22.9069877899365
23.0452235343285
23.1933329432463
23.3403809593221
23.4804507381162
23.605649243644
23.7218480166872
23.8400367617251
23.9466539978474
24.0320415441744
24.0993721831864
24.1463041698431
24.1685802774183
24.1798047672343
24.1946600816206
24.2145187848594
24.2378749312927
24.2623875750771
24.2909189415992
24.3237487788132
24.3616422328196
24.4025080002802
24.4509168098104
999.99
999.99
999.99
999.99
999.99
999.99
999.99
999.99
999.99
999.99
999.99
21.9314248625294
21.4651373041515
21.2770691840978
21.1390610183521
21.1779812582839
21.2899652388977
21.4820409633511
21.7226372309362
21.9629313801094
22.1735397990202
22.3581978023728
22.505341192188
22.613310777819
22.6943032446087
22.7698020375971
22.8561230302373
22.9597641844642
23.0827229090909
23.2177136040089
23.3577884192621
23.4961357276042
23.6230252679347
23.7457905429339
23.8716578582828
23.9842691432339
24.0738000063686
24.1456556924305
24.1985096703729
24.228293111026
24.2478215452632
24.2716713648139
24.29870267279
24.3243063440323
24.3468523644247
24.3696506222443
24.3926516990553
24.418043382685
24.4461723003333
24.4807741367402
999.99
999.99
999.99
999.99
999.99
999.99
999.99
999.99
999.99
999.99
999.99
21.7460428123947
21.458291282661
21.324374930633
21.2509774158241
21.3313403549589
21.4753185736294
21.6847804400548
21.9246117014593
22.1554525791299
22.3510746365383
22.5152943979701
22.6414863723681
22.732437225911
22.795247574156
22.8528868369884
22.9227810059393
23.0101782513786
23.1131665063457
23.230658189486
23.3606341922266
23.4965559604742
23.6267390418149
23.7600552101791
23.8997249985221
24.0262353035918
24.1281967610507
24.2114345083568
24.2754108271834
24.3163556853446
24.3465369871028
24.3810064474122
24.4174410826486
24.4488289000293
24.4743198349273
24.4967874484336
24.5146073131327
24.5306599953811
24.5467142055752
24.5665122488626
999.99
999.99
999.99
999.99
999.99
999.99
999.99
999.99
999.99
999.99
999.99
21.6981322751323
21.4537581142998
21.3707343995495
21.3636791981216
21.4790547720872
21.6451967974606
21.8601905468597
22.0888255659472
22.3032648943418
22.4825726237882
22.6308676541087
22.7427986749325
22.8231695140769
22.8748443952865
22.9193287117627
22.9745636999697
23.0479679321102
23.1345336907955
23.2372806292586
23.3596622271683
23.4959714107701
23.631636533446
23.7768986810491
23.9310229661245
24.0714587581969
24.1851855247682
24.2781772549668
24.3506260745232
24.4003016942305
24.4392091916182
24.4823546532617
24.5274036573842
24.5656396622632
24.5962418612111
24.6218054189963
24.6391589261146
24.6511109056934
24.6597197773963
24.6692616918641
999.99
999.99
999.99
999.99
999.99
999.99
999.99
999.99
999.99
999.99
999.99
21.5167999272633
21.4680418656293
21.4351458751719
21.47941814786
21.621763436341
21.8001775289232
22.0106045389456
22.2215083896771
22.4160605274014
22.5789211102792
22.7154906347888
22.8180369207067
22.8911432429023
22.9359259121758
22.9707554940729
23.012114281533
23.072532206017
23.1463906673441
23.2382861407788
23.3552837756012
23.4940197099777
23.6368025379863
23.7939623019113
23.961579483472
24.1155852500065
24.2408038573004
24.3432846382321
24.4235062402171
24.4809750148072
24.5275864485686
24.5780241119468
24.6297860820608
24.6740670095929
24.7096220781946
24.7384637757175
24.7565483872913
24.7669399800024
24.7708054000287
24.7738974451743
999.99
999.99
999.99
999.99
999.99
999.99
999.99
999.99
999.99
999.99
999.99
21.3772106782107
21.4725668285571
21.4982530895457
21.5917350683341
21.751909420751
21.9335419592145
22.1325210063317
22.3232572316811
22.4988575134433
22.6483466607834
22.7782327813449
22.8760117038901
22.9448000465026
22.9850793741673
23.011901581506
23.039933639704
23.0879664841882
23.1522653248658
23.2375463539772
23.3520604328271
23.4945613450984
23.6451942575564
23.8124233963191
23.9905212854482
24.1552216774814
24.2905530567617
24.4018112188589
24.4901075038979
24.5553279065031
24.6095915391082
24.6662358236316
24.722761121918
24.771077043076
24.81016668384
24.8413817478568
24.8603031412592
24.8706667803195
24.8721080472853
24.8720834915059
999.99
999.99
999.99
999.99
999.99
999.99
999.99
999.99
999.99
999.99
999.99
21.5346287916497
21.4734451653411
21.5486798315567
21.6925688831477
21.8633674284774
22.0419433493158
22.2260184980988
22.3964295066408
22.5540616084714
22.6917286883259
22.8169985525183
22.912084332245
22.978276044969
23.0172243702766
23.0397450174743
23.0589323327889
23.0988254416676
23.1591326028635
23.2422747749444
23.3571576041796
23.5028108330058
23.6593492334584
23.8321338715972
24.0159736169778
24.1870927086929
24.3305414748749
24.449620247763
24.5466548079553
24.6199659295473
24.681877174043
24.7434278596189
24.8034227883908
24.853720384003
24.8945541579925
24.9265504576455
24.946210080689
24.9569668378257
24.9574241860819
24.9562376095365
999.99
999.99
999.99
999.99
999.99
999.99
999.99
999.99
999.99
999.99
999.99
21.2547301704619
21.4902289762926
21.6055467433716
21.7803373831373
21.9552517866624
22.1263556244841
22.293108717561
22.444733469766
22.585831618474
22.7137579984557
22.8352162447941
22.9297791206105
22.9962224458675
23.0384840112263
23.0623141407493
23.0804375673812
23.1179085881845
23.1784893115261
23.2617671376271
23.3768172193443
23.5218999461015
23.6802142848248
23.8536500002447
24.0387144069279
24.2126700274717
24.362303511641
24.488157211176
24.5936371308789
24.6745852016751
24.7439266864893
24.8097046403117
24.8718868155107
24.9227517554619
24.9641025709856
24.9950897690777
25.0144211369829
25.0255702801512
25.0257380539919
25.0240545500806
999.99
999.99
999.99
999.99
999.99
999.99
999.99
999.99
999.99
999.99
999.99
21.0226225422348
21.5166193501357
21.6657252750804
21.8582303637694
22.0300840595209
22.1893194409166
22.3375117838347
22.4726086930851
22.598891113015
22.7185680525481
22.8377648258563
22.9347656989554
23.0058852297979
23.056744689225
23.0882659192851
23.1125592434535
23.1528111487765
23.2151370315387
23.298430253271
23.4117128405385
23.5512442767948
23.7056095195057
23.8751792378212
24.0570403275034
24.229796260878
24.3833998683149
24.5150454789798
24.6278380066568
24.7158910576838
24.7929149307194
24.863521825671
24.9282041058645
24.9804982498964
25.0232810896976
25.0535368657095
25.0725335522589
25.0838992559976
25.0835832234234
25.0810449416855
999.99
999.99
999.99
999.99
999.99
999.99
999.99
999.99
999.99
999.99
999.99
21.189058584853
21.5512428043269
21.717444967989
21.9244301513431
22.0868795459966
22.2301764231241
22.3585349601497
22.4781203590753
22.5908567578871
22.7045549132572
22.8241671048344
22.9281551854822
23.0098420165237
23.075285010716
23.1203955623981
23.1576141205416
23.2060151361588
23.2718257373864
23.3547495170398
23.464818326534
23.5952811600241
23.7408915762928
23.9027770563606
24.0773736057046
24.2444600232359
24.3979853517174
24.5319988540893
24.6486862954002
24.7423162620805
24.8265429607754
24.9025922597167
24.9713430887291
25.0269120592171
25.0722323686993
25.1030500320931
25.1225883061335
25.1347570173703
25.1349332501724
25.1323767990605
999.99
999.99
999.99
999.99
999.99
999.99
999.99
999.99
999.99
999.99
999.99
21.2624420983401
21.630570413169
21.7870127533516
21.9866233913921
22.1346757983579
22.2590634212231
22.3661059774093
22.469490090812
22.5675829905866
22.675072370472
22.7956378938258
22.9092998907408
23.0058295255433
23.0923058165287
23.1582512547957
23.2161283174287
23.2790796579617
23.3520381218318
23.4346324824811
23.539652312668
23.6579206768353
23.7902859306259
23.9403036280656
24.1037216381527
24.261165966275
24.4097746439786
24.5421816143958
24.6592558581251
24.756906968951
24.8479724412312
24.9308086623261
25.0054352321838
25.0664454840592
25.1156966018155
25.1484910218171
25.1695960336952
25.1835751373743
25.1851954114567
25.183350427472
999.99
999.99
999.99
999.99
999.99
999.99
999.99
999.99
999.99
999.99
999.99
21.3948136299112
21.7333703127591
21.8759388308502
22.0536946396653
22.1826634665404
22.2856972267107
22.3704662525879
22.4575281227427
22.5413467013188
22.6434150115047
22.7657452320762
22.8914214810779
23.0060131227054
23.1170662168063
23.2082976389654
23.2914825026714
23.3719036053203
23.4526486787206
23.5340593728003
23.6315378383131
23.7352830706575
23.8518255314197
23.9879353741838
24.1382867049261
24.2832109500841
24.4220842357126
24.5486919753806
24.6625108163012
24.7615453668315
24.8587324731926
24.9497878383091
25.0312550692226
25.0985987464952
25.1526634669074
25.1883974010195
25.2116303431626
25.2285737845228
25.2334367118711
25.2339164536101
999.99
999.99
999.99
999.99
999.99
999.99
999.99
999.99
999.99
999.99
999.99
21.6090704774642
21.8379893062757
21.9679066187626
22.1244570313903
22.232554684461
22.3146399626657
22.3787388895433
22.4504332766863
22.5222496432963
22.620422662267
22.7456694993313
22.8840543430026
23.0172128979188
23.1526623608082
23.2694916693802
23.3775384028782
23.4755059981926
23.5645756879617
23.6450595717626
23.7347562123679
23.8243944857773
23.9243629834346
24.044741301506
24.1800451217481
24.3096380049265
24.4354755633427
24.5534859517166
24.6620445573616
24.7610359263669
24.8631331109143
24.9618631234655
25.0501385021715
25.1232597601853
25.1813449893865
25.2203290793697
25.2458991638989
25.2659227978598
25.2749968350779
25.279162533977
999.99
999.99
999.99
999.99
999.99
999.99
999.99
999.99
999.99
999.99
999.99
21.7248643578644
21.9507517941682
22.0604362847031
22.1966415472898
22.2862739750725
22.3515464551226
22.4004126208883
22.4604294156806
22.52440354799
22.6200976411049
22.7479642355756
22.8959110770958
23.0436867536848
23.1992618697192
23.3388849948917
23.4684634605392
23.5825393522486
23.6809888094312
23.761875328191
23.8442476738444
23.9212928957598
24.0053985096227
24.10831088902
24.2268447622756
24.3397673430523
24.4511825456233
24.5596255109175
24.6634876859721
24.7622171383301
24.8682547464636
24.9734183339653
25.0667487626068
25.1427595550047
25.2025402438012
25.2431610720294
25.2695526693814
25.2920309531591
25.3058321542383
25.3138508141015
999.99
999.99
999.99
999.99
999.99
999.99
999.99
999.99
999.99
999.99
999.99
21.8718449117021
22.0609195212327
22.154245372976
22.2778542930634
22.3527648972262
22.4066836990242
22.4464956119276
22.4989064967847
22.5581366589353
22.6503823487181
22.7768877234505
22.9273750136386
23.0820446756476
23.2499800215875
23.4074382070302
23.5543467817856
23.6823663507176
23.790723188387
23.87362787205
23.9493648652469
24.0150228328217
24.084138143831
24.1686914915757
24.2698000344729
24.3666267135414
24.4649097058515
24.5654835127157
24.6670681433804
24.7663214452503
24.8755346676366
24.9851080222786
25.0806529286055
25.1566321998972
25.2163670016897
25.257198994145
25.2838455811275
25.3086626870027
25.326708399238
25.337687147639
999.99
999.99
999.99
999.99
999.99
999.99
999.99
999.99
999.99
999.99
999.99
21.9417663577873
22.1634856804622
22.2513715888522
22.3646875253253
22.4287972665778
22.4766155756684
22.5133245760824
22.5628449570696
22.6210995678182
22.7103459490381
22.832771522267
22.980777398492
23.1360627632248
23.3080756400172
23.4758539955332
23.6337583795895
23.7704366678164
23.88532345104
23.9695419312917
24.0384933910306
24.0933513866899
24.1489372600228
24.2161789147758
24.3014207545869
24.3858223192616
24.4756644115125
24.5720729785702
24.6744414526992
24.7747552813873
24.8849531638509
24.9949786849065
25.0893783226069
25.1624956410094
25.2210154860649
25.2613429228217
25.2882413746169
25.3148154430906
25.3363623668897
25.3494404619562
999.99
999.99
999.99
999.99
999.99
999.99
999.99
999.99
999.99
999.99
999.99
21.9537691935114
22.2760127925842
22.355471500749
22.45016000698
22.5074378104738
22.5537157643614
22.5921892510571
22.6427123638254
22.7023293693289
22.7882940740969
22.9049991699494
23.0469789387675
23.198907180878
23.3695473310306
23.5419030940324
23.7044935779457
23.8452333878436
23.9632628252782
24.0482249183603
24.1112307179269
24.1571953400446
24.201088363741
24.2525969600998
24.322896807023
24.3979955485903
24.4838539417416
24.5798850019679
24.685727834265
24.7885441014184
24.8978169496029
25.0049389164946
25.0961328870225
25.1657990066519
25.2230581275452
25.2635159736955
25.2905014579309
25.3168987692274
25.3390695244008
25.3520564009754
999.99
999.99
999.99
999.99
999.99
999.99
999.99
999.99
999.99
999.99
999.99
22.1755533449646
22.4035037710894
22.4653144166349
22.5399722228879
22.5929988065383
22.6392341474329
22.6813687696638
22.7343207970785
22.7952566896266
22.8753519460234
22.9830104049273
23.114950207868
23.260136847856
23.4255360225745
23.5993234756324
23.763921185519
23.9063524400668
24.0248344005309
24.1099678869706
24.1679537742569
24.2070039405034
24.2420933286112
24.2816084928636
24.3396296857528
24.4079563057688
24.4917649998146
24.5886884519863
24.6983521309903
24.8036798599675
24.9114957491061
25.0149783926539
25.1027059425514
25.1697093992508
25.2268717259082
25.2682719663668
25.2956530759005
25.3210175609421
25.3421030706963
25.3527722851411
999.99
999.99
999.99
999.99
999.99
999.99
999.99
999.99
999.99
999.99
999.99
22.5325628761482
22.5297185127331
22.578940522815
22.6357623844753
22.6863576564155
22.7323281381366
22.7755608186487
22.8281781590117
22.8872316845937
22.9582329929593
23.0533047050602
23.1736189081577
23.3106230612761
23.4683548914035
23.6408676798126
23.8064903968371
23.9496044922509
24.0676583730948
24.154000888248
24.2100154284963
24.2457247561354
24.2762357787492
24.3086601935948
24.3575050810571
24.4205334938849
24.502367686983
24.5992427023204
24.7107868865164
24.8181913202481
24.9246102950997
25.0245619688305
25.1096893721258
25.1762469506681
25.234229370132
25.2774990583506
25.3062404502057
25.330206261319
25.347947851758
25.3556048526587
999.99
999.99
999.99
999.99
999.99
999.99
999.99
999.99
999.99
999.99
999.99
22.7566619672752
22.6428435058707
22.6850557948732
22.7240821860765
22.7744752812881
22.8208352536817
22.8642070098671
22.9147910334753
22.9696292634968
23.0309454680631
23.1135354271341
23.2227491021125
23.3523618473757
23.5033789543351
23.6730972306265
23.8385786368601
23.9822420472212
24.0998523330548
24.1875022922774
24.2439160837618
24.2794293483875
24.3086587739817
24.3376198005353
24.380408517468
24.4395371100352
24.5190518114264
24.614470954008
24.7260503396815
24.8346726682173
24.9395916361585
25.0368990990804
25.1207145041897
25.1883356691012
25.2477950762069
25.2937228201243
25.3239704577321
25.3462795047619
25.3601605638506
25.3652332103688
999.99
999.99
999.99
999.99
999.99
999.99
999.99
999.99
999.99
999.99
999.99
22.8237442719882
22.7335536513394
22.7709312824599
22.8010696798333
22.8544304892201
22.9030007993229
22.9468287583531
22.9938996526915
23.0425972099813
23.0930640977205
23.1629564679226
23.2604501176651
23.383088050618
23.5283109027209
23.6954390008812
23.8608039325473
24.0063680682169
24.1248895339618
24.2151322726049
24.2745301568947
24.313229303103
24.3441437752055
24.3728368611699
24.411918686687
24.4665652853164
24.5413837122511
24.6331235873076
24.7423648538385
24.8515218666385
24.9565059937004
25.0536056493604
25.1375566666606
25.2073879351967
25.2681038620028
25.3161477891562
25.3474009803024
25.3682308371024
25.3784216089671
25.3812142227733
999.99
999.99
999.99
999.99
999.99
999.99
999.99
999.99
999.99
999.99
999.99
22.8284160101094
22.7909603044589
22.8331666643243
22.8703994842522
22.9282872608132
22.9800684128318
23.0244084772437
23.0664514936845
23.1082289738332
23.148751305021
23.2063690585443
23.2919818930932
23.4075529309836
23.5463461295336
23.7091855880189
23.8737495743873
24.0210899634259
24.1408796986249
24.2340257404481
24.2973263273076
24.3399975744838
24.3739025725689
24.4041284760906
24.4415529499649
24.4922377287901
24.5624256016491
24.6502806034582
24.7574325956871
24.8682140650226
24.9758185933119
25.0746276792414
25.1592411008361
25.2297575855237
25.2893028089919
25.3373490406705
25.3690821274447
25.3895686731057
25.3977025648045
25.3991332740768
999.99
999.99
999.99
999.99
999.99
999.99
999.99
999.99
999.99
999.99
999.99
22.8073957930056
22.8267500838054
22.8736269628235
22.9235945070938
22.9860811490434
23.0419272045707
23.0878497032794
23.1261188423207
23.1622517793016
23.1970455806554
23.2465340212934
23.3231601601319
23.4324672684744
23.5646098836703
23.7196294846765
23.8794119795479
24.025292598079
24.1448805683676
24.2400218963204
24.3072648795799
24.3544350828155
24.3918127456064
24.4241920386852
24.460999951058
24.5098326881987
24.5773665772804
24.6634197637419
24.7702818424604
24.8849174738927
24.9967445510744
25.0981244391363
25.1832634323725
25.2534305841612
25.3095538890293
25.3555608621929
25.3868907253172
25.4071801151773
25.41364623528
25.4147915638482
999.99
999.99
999.99
999.99
999.99
999.99
999.99
999.99
999.99
999.99
999.99
22.7505051510626
22.8508747981357
22.9036725616262
22.9611740602628
23.0269725907933
23.0864279552385
23.1353846742413
23.1726869521966
23.2061205480872
23.2399837574886
23.2873840957684
23.3594556130155
23.4639766079685
23.5898559002254
23.734551804878
23.8845623740628
24.0238026347229
24.1405448870346
24.2357519944801
24.3064216425573
24.35852183902
24.3998624483803
24.4345230340974
24.4719001988412
24.5207362481238
24.5875006524901
24.6736366135823
24.7813546320628
24.8997576208074
25.0148175626247
25.1180671798161
25.2032906327426
25.2722441488614
25.3249506592455
25.3690591426138
25.4001589032465
25.4209870079015
25.4280182344836
25.4290211502984
999.99
999.99
999.99
999.99
999.99
999.99
999.99
999.99
999.99
999.99
999.99
22.7710344258915
22.8707937741336
22.931900986289
22.9912351589323
23.0562998061531
23.1157500909986
23.1662498525685
23.2038900499791
23.2384014431462
23.2762679369303
23.3272020083201
23.4000488584923
23.5020302428566
23.6202410979119
23.7519019352469
23.8884632769158
24.0158868549011
24.1259221078842
24.2203196664196
24.2947670051422
24.3526058564634
24.3994686985173
24.4386670658267
24.4785840268542
24.5292746578551
24.5969208874637
24.6844263463063
24.7929061424894
24.9137523145227
25.0303981240351
25.1339131614563
25.2184190013813
25.2853065722525
25.3343442688883
25.3759227534626
25.406403722457
25.4269709601983
25.4347642674229
25.4344766827713
999.99
999.99
999.99
999.99
999.99
999.99
999.99
999.99
999.99
999.99
999.99
22.8845488684757
22.8981437814387
22.9589748451832
23.0163105872758
23.0761543924568
23.131547145302
23.1817605194711
23.2216711816301
23.2610100910147
23.3081109174291
23.367681634923
23.4455154692208
23.5445630727571
23.6523160253405
23.7667402010763
23.8850805646496
23.9960433373469
24.0974182444173
24.1911248920209
24.2709018381298
24.3365057728451
24.3914413855469
24.4380179987484
24.4827289235679
24.5375052417589
24.6080211425903
24.6972328533398
24.8051943302546
24.9263002471974
25.0413630725104
25.1421263171767
25.2247508723136
25.2891763693373
25.3347150845264
25.3739670117253
25.4037158371409
25.4232866994739
25.4313264549152
25.4292815146373
999.99
999.99
999.99
999.99
999.99
999.99
999.99
999.99
999.99
999.99
999.99
22.9496686644108
22.937602822421
22.9918489253417
23.0381491408446
23.0912013312632
23.1406738939473
23.1898387754083
23.2339107135909
23.2802359715623
23.3386564664947
23.4084801776021
23.4918053274648
23.5848775306903
23.6792108080949
23.7734722251096
23.8707011373546
23.9638308320759
24.0579241322976
24.1528966842582
24.2413453614935
24.3196106395483
24.3869536992865
24.4448622008879
24.4976504552544
24.5583647237478
24.6311460667374
24.7198135350116
24.822605691195
24.9382753537753
25.0462394655431
25.1404064771263
25.2192437460063
25.2820961684112
25.3262073561364
25.3644974616153
25.3941808359621
25.4131384327523
25.4215561397683
25.418263166159
999.99
999.99
999.99
999.99
999.99
999.99
999.99
999.99
999.99
999.99
999.99
22.9508232432169
22.9701595325681
23.0261353482742
23.0620403330146
23.1090695335395
23.153336999639
23.2016303095732
23.2501640696274
23.3041345437893
23.3724030441786
23.4495560251729
23.5344843824473
23.6170318482626
23.6939246113473
23.7670590267621
23.8439576121018
23.9220328902618
24.0125863392069
24.1125384715313
24.2133867845698
24.3079176214456
24.3912076295257
24.4637842952264
24.5278081411614
24.5949346670676
24.669027705448
24.7547152711948
24.8483777737528
24.95301594361
25.0498447461843
25.1349974083761
25.2082808939516
25.2693518529499
25.3135341248288
25.3516112908746
25.3810894239706
25.3994553580993
25.4083282217791
25.4037557525224
999.99
999.99
999.99
999.99
999.99
999.99
999.99
999.99
999.99
999.99
999.99
23.0798407586735
22.9931255145529
23.0506585494192
23.086288527796
23.1279218536331
23.1684848987207
23.2168298077748
23.2698024941581
23.3311430340451
23.4068174141723
23.485654555946
23.5652567915009
23.6329528251903
23.6892199965703
23.7408189397167
23.8005646550322
23.8693098056604
23.9597864787245
24.0683193456798
24.1846120332966
24.2979205516147
24.3993896125576
24.489771310545
24.5677068199486
24.6424077403643
24.7172069930324
24.7981138344923
24.8800856004733
24.9699714814661
25.0532759842124
25.1278872964817
25.1941233724415
25.2522682469963
25.2962894425402
25.3336220482656
25.3627995763415
25.380618809622
25.3896561630655
25.3845532498196
999.99
999.99
999.99
999.99
999.99
999.99
999.99
999.99
999.99
999.99
999.99
23.0934762591906
23.0131204302645
23.0648748605421
23.1043971925435
23.1440772297314
23.1853899565632
23.2365998499922
23.2952396175573
23.3622955568955
23.4405078881436
23.5138985238789
23.5804671473547
23.6279496526251
23.6615884882027
23.6924742219489
23.7372089432135
23.8010633276156
23.8958201819558
24.0163241082867
24.1509209955684
24.2865775332976
24.4091640238425
24.5191514966179
24.6123765446326
24.6951727877075
24.7696438632788
24.8440892589305
24.9127113040325
24.9858390821699
25.0535836724433
25.1163081358792
25.1738861228355
25.2280666334059
25.2711481064685
25.3082588738276
25.3379247437337
25.3566217011473
25.3667757899672
25.3631545974794
999.99
999.99
999.99
999.99
999.99
999.99
999.99
999.99
999.99
999.99
999.99
22.9528866900296
23.0250627337305
23.0741612386075
23.1147310413312
23.1562945122985
23.2024911834109
23.2590317625286
23.3230567396532
23.3932576420664
23.4677480126377
23.528722745949
23.5757572112658
23.6006066025954
23.6120410367279
23.6251084203298
23.6589094394178
23.7226083931507
23.8246835031587
23.9593513490001
24.1140457426215
24.2739143318221
24.4191789474039
24.5494528714331
24.6589680446058
24.7505216051987
24.82428159654
24.8916309135149
24.9471468245413
25.0027021442363
25.0539746991728
25.1047385916032
25.1532567559767
25.2026025870484
25.2442558424774
25.2816300678949
25.3124898988982
25.3334032303653
25.3459921929978
25.3453845406413
999.99
999.99
999.99
999.99
999.99
999.99
999.99
999.99
999.99
999.99
999.99
22.9133243770038
23.0208033527558
23.069783287845
23.1140322780454
23.1598232199458
23.2138791454378
23.2780663803871
23.3474416931408
23.418727967382
23.4844083734257
23.5285658126646
23.5527894004434
23.5551450413034
23.5462938527935
23.5450980472135
23.5715583009004
23.6376075982067
23.7472355608225
23.8958187055608
24.0701477334509
24.2531153199711
24.4209483481493
24.571671668327
24.6981130261146
24.799795116682
24.8751105416529
24.9375417899004
24.9829299479772
25.0227892417625
25.0585661789802
25.0972548119714
25.1361654213693
25.1790936868572
25.2188938171717
25.2567924079735
25.2898100425208
25.3138724229177
25.3300849556706
25.3326696241143
999.99
999.99
999.99
999.99
999.99
999.99
999.99
999.99
999.99
999.99
999.99
22.9762179636082
23.0000873563366
23.0488661478515
23.1026900077505
23.154366226994
23.2175998509005
23.290154813168
23.3639874426344
23.4337447533445
23.4869058583041
23.511972028793
23.512682400642
23.4948226147723
23.4694915494849
23.4573294622633
23.478554270102
23.547498080066
23.6632408308086
23.8238830988408
24.0162003940375
24.2206898203883
24.4099249134542
24.5802308172904
24.7231286225256
24.8360963753072
24.9158875675617
24.9761880676626
25.0148198249212
25.0418057638842
25.063571846607
25.0896707827597
25.1196375651335
25.1566039183995
25.1954791792181
25.2348290680994
25.2714032889868
25.2990956130009
25.3189671872298
25.3243423855911
999.99
999.99
999.99
999.99
999.99
999.99
999.99
999.99
999.99
999.99
999.99
23.0074739916169
22.9888427908202
23.0307025745703
23.0849215585201
23.1435743804323
23.2161664253359
23.2962643973279
23.372184596115
23.4372716347543
23.4757210228443
23.4814903486781
23.4608002534082
23.425730915064
23.3880536521555
23.3687573296064
23.3862727146306
23.4567635185584
23.5767956925328
23.7464629566489
23.9529253252956
24.1756700743141
24.3845939055135
24.573078841349
24.7315567807854
24.8566989372057
24.9443342447322
25.0058649175874
25.0411117741051
25.0591878925246
25.0699736299099
25.08471565729
25.1073492224873
25.1409601729809
25.1806576407412
25.2221698405656
25.2618530394179
25.2923477688836
25.314061879765
25.320690926694
999.99
999.99
999.99
999.99
999.99
999.99
999.99
999.99
999.99
999.99
999.99
22.8341775327525
22.9718737149153
23.0085528985853
23.0653658041087
23.1318891471882
23.2131674560056
23.2995113320743
23.374547424471
23.4325711821318
23.4560291554245
23.4440516219343
23.4050359071233
23.3567701304909
23.3111452845129
23.287824473637
23.303391353683
23.3740126589821
23.4950613203453
23.6683615651249
23.8829823353708
24.1177016075447
24.3422649912818
24.5465386243687
24.7194803816092
24.8566040812858
24.9544136725001
25.0191395801077
25.0538294227721
25.0669941366201
25.0722279417187
25.0795729811684
25.0997477676867
25.1344690688496
25.1780707129791
25.2216673065623
25.2633569637196
25.2947479748926
25.3156709151142
25.3214290176649
999.99
999.99
999.99
999.99
999.99
999.99
999.99
999.99
999.99
999.99
999.99
22.911802269537
22.9387713656683
22.9813043330444
23.043870198052
23.1184592462136
23.2072467263517
23.2977171332107
23.3694445870931
23.4188782042835
23.4289715537591
23.4024349035348
23.350038484069
23.2940062837527
23.2453296267801
23.2212985167309
23.2361571907028
23.304873761714
23.4225613607034
23.5931635272395
23.8080598373831
24.0469895692378
24.2811161635015
24.4973838179231
24.6821483089501
24.8302032870271
24.9391925209464
25.0100812492597
25.0475301292936
25.0614227097635
25.0680251128439
25.0736040772711
25.0953425052461
25.134853229822
25.1836034177461
25.2277595079629
25.269374984548
25.2994261337112
25.3170302884904
25.3203548884534
999.99
999.99
999.99
999.99
999.99
999.99
999.99
999.99
999.99
999.99
999.99
22.8259018759019
22.8931231284857
22.9471231277962
23.024443148074
23.1062167713645
23.199310360401
23.2886677306591
23.3520895777256
23.3901925301883
23.3884189528865
23.3507202557702
23.2905194556479
23.2327383541819
23.1857829373319
23.1640591061754
23.1793958731808
23.2449456747022
23.3567225483408
23.5204906225236
23.7298020844072
23.9668425602285
24.2051138653479
24.428766295535
24.6220100102348
24.7786483527035
24.8974028742419
24.9750033952955
25.017356141877
25.0369668806808
25.0514897992153
25.062658206297
25.0915115254078
25.1396408005896
25.1930822125266
25.2355917298759
25.2736926285966
25.2994197405482
25.311308099856
25.3122546471543
999.99
999.99
999.99
999.99
999.99
999.99
999.99
999.99
999.99
999.99
999.99
22.813415817374
22.8402582214057
22.9071374021785
22.997710772106
23.0830024409898
23.1763587926443
23.2606412602019
23.3131096333575
23.3401605296435
23.330366594343
23.2865300894875
23.2249378352502
23.1707215473668
23.1292900319108
23.1130337768576
23.1305131367643
23.1921537439918
23.2962585960092
23.4495723008802
23.6474971041467
23.877008767907
24.1150761462211
24.3433923521954
24.5444201887711
24.709848918543
24.8376020199285
24.922222324506
24.9702590011044
24.998190202959
25.023279034477
25.044032563189
25.081333332186
25.1378224061976
25.1930407732519
25.2323127925053
25.2657243186973
25.2879597236643
25.2960299873007
25.297284003014
999.99
999.99
999.99
999.99
999.99
999.99
999.99
999.99
999.99
999.99
999.99
22.6246505489607
22.7626216982909
22.8501820047163
22.9515170500996
23.040437387667
23.132947865363
23.211580128779
23.2544330063469
23.2725958116807
23.2577664333321
23.2130338912403
23.1551883087264
23.1087534006479
23.0757026532703
23.0671277578891
23.0878196103466
23.1457964361478
23.241008177937
23.3806303644903
23.5622147288695
23.7784656802925
24.0108123333766
24.2400546659199
24.4481754777261
24.6233614347366
24.7604530468875
24.8531858754117
24.9087233725664
24.9464367692238
24.9823799266698
25.013816141904
25.0589713576877
25.1208530330498
25.1748483486368
25.2103733219368
25.2400775636355
25.2611106882164
25.2691996754524
25.2738613221998
999.99
999.99
999.99
999.99
999.99
999.99
999.99
999.99
999.99
999.99
999.99
22.4196142024191
22.6741574722821
22.7795821931042
22.8877032641092
22.9777327369573
23.0668910843622
23.1386320088408
23.1733181856528
23.1846377575092
23.1678978314577
23.1267247312602
23.0772897616677
23.0424941316761
23.0203213731363
23.0211024341827
23.0462437045467
23.101565733389
23.1874360452118
23.3120666007461
23.4744039064931
23.6733636291526
23.8953748512381
24.1225725941117
24.3371975951334
24.5245864995062
24.6736275535115
24.7786323986126
24.844904307353
24.8939558304109
24.9389840756356
24.9795303883801
25.0280145074585
25.0906369314054
25.1405167583421
25.1730124900292
25.2005737871021
25.2239333279888
25.2355720941581
25.2455340438526
999.99
999.99
999.99
999.99
999.99
999.99
999.99
999.99
999.99
999.99
999.99
22.4621879270555
22.5794606735937
22.6939557268279
22.8115590461643
22.8990308773415
22.9824480301431
23.046760354141
23.075043907727
23.0815108924372
23.0653883270844
23.0310711069708
22.9930195791558
22.9714156121856
22.9611030023252
22.9715267125679
23.0012499853943
23.0546428826469
23.1321752588302
23.2421357407236
23.3853606398708
23.5657305636407
23.775364126417
23.9986569541534
24.2201087693031
24.4215804485459
24.5857701309535
24.7055778837172
24.7845817466505
24.8438616424219
24.8940394359792
24.9391459072705
24.9869413898092
25.04626726036
25.0914668481664
25.1236683782856
25.1526450880962
25.1818823432279
25.2006396071952
25.2171665889129
999.99
999.99
999.99
999.99
999.99
999.99
999.99
999.99
999.99
999.99
999.99
22.3635405540388
22.4986366803847
22.6097318472128
22.7214019677458
22.8044227461608
22.8825276541623
22.9426003566241
22.9702909078132
22.976736639309
22.9648251810516
22.9403225085915
22.914956491673
22.9058045268816
22.9062416984874
22.9252928505228
22.9587689910125
23.0100280685266
23.0792503778452
23.1743876678194
23.2973620086526
23.4566986015228
23.6506227210522
23.8673017451193
24.0944594229174
24.3113506822839
24.4946410897239
24.6334963141902
24.7281390275625
24.7970656472473
24.8491478647286
24.8937471659914
24.9365050637679
24.9898779905281
25.0321022531671
25.0678573022597
25.102572533997
25.1411979126778
25.1692373797185
25.1920515127797
999.99
999.99
999.99
999.99
999.99
999.99
999.99
999.99
999.99
999.99
999.99
22.1886975328195
22.4364175611566
22.5341677346406
22.633789185696
22.7133289497048
22.7868392046297
22.8440815856712
22.8739092256858
22.8816988814604
22.874530610829
22.8609169668264
22.8483650659413
22.8509033087591
22.8612555207787
22.8875995836996
22.9234982525236
22.9723212526365
23.0335494894108
23.1143672014574
23.2171786005105
23.35390516044
23.5286841264894
23.7341609586625
23.9622396161207
24.1919672839307
24.3952965496947
24.5554684775158
24.6683657573096
24.7479294085853
24.8018539111346
24.8445205923204
24.8822964506214
24.9309859189459
24.9743310968574
25.0172603165057
25.060047871423
25.1078866295368
25.1440778534252
25.1707577452427
999.99
999.99
999.99
999.99
999.99
999.99
999.99
999.99
999.99
999.99
999.99
22.2980579764796
22.3915275900052
22.4717038931663
22.5644501731287
22.6348047663709
22.7163037662908
22.7718192675331
22.8006401109579
22.8090593982124
22.8098603899315
22.8014281516368
22.7945621928795
22.8146905296107
22.8349170501283
22.8627060843229
22.8908600119275
22.9399893517702
22.9931537725166
23.0614607144429
23.1473671094566
23.2577921710659
23.4030738851492
23.5882757076174
23.8174217439073
24.0657940595066
24.2958455868685
24.4858445604048
24.6236913977311
24.7119479465476
24.7569614681663
24.7916714647172
24.8234986658019
24.8676910849688
24.9129410235811
24.9695782085196
25.0260446314816
25.0819925972397
25.124139190498
25.1553477386307
999.99
999.99
999.99
999.99
999.99
999.99
999.99
999.99
999.99
999.99
999.99
22.2717931697932
22.3635837097291
22.4285385784401
22.5130208971748
22.5740847315444
22.6543729313443
22.7041154995329
22.7266326710744
22.733324603131
22.7382522509623
22.740727250791
22.739428607518
22.7770967634694
22.805749252532
22.8362295602985
22.8599156683825
22.9141775747788
22.9611426086798
23.0239874559271
23.0985593251915
23.1859622930309
23.2980428235271
23.4579703395917
23.6814553071595
23.9389399291713
24.1931522170194
24.4130467175823
24.5768061701522
24.6736373676557
24.7095077643238
24.7353309546877
24.7610496526399
24.8053694874626
24.8567303355962
24.9298493702407
25.0026716269394
25.0657919483
25.1113957701803
25.1416355670486
999.99
999.99
999.99
999.99
999.99
999.99
999.99
999.99
999.99
999.99
999.99
22.2423803356277
22.3929810348382
22.3286132429321
22.5280472972633
22.4755012242887
22.6168640059128
22.6189075272386
22.953517288364
22.8024005912786
22.5753458829208
22.6562687167008
22.7262992769909
22.903972859506
22.7484815552237
22.9045926361675
22.8482874187369
22.8228008155221
22.8628499479614
23.0242163546867
23.0943394120398
23.0880196213001
23.1129389414302
23.1130219818896
23.3463074397534
23.7141166920575
24.2294038543725
24.5799337526585
24.5770025591907
24.661144519695
24.71048655545
24.7368409329733
24.6170472050855
24.6227307117969
24.7722586240705
24.901875605231
24.9947073623241
25.1003342333238
25.0957934932534
25.1103919508676
999.99
999.99
999.99
999.99
999.99
999.99
999.99
999.99
999.99
999.99
999.99
999.99
999.99
999.99
999.99
999.99
999.99
999.99
999.99
999.99
999.99
999.99
999.99
999.99
999.99
999.99
999.99
999.99
999.99
999.99
999.99
999.99
999.99
999.99
999.99
999.99
999.99
999.99
999.99
999.99
999.99
999.99
999.99
999.99
999.99
999.99
999.99
999.99
999.99
999.99
999.99
999.99
999.99
999.99
999.99
999.99
999.99
999.99
999.99
999.99
